# G_AEGIS
2960.0	0.0
2980.0	0.0
3000.0	1.18434e-07
3020.0	1.0958e-11
3040.0	1.96643e-11
3060.0	2.77064e-11
3080.0	3.53413e-11
3100.0	4.26904e-11
3120.0	4.98173e-11
3140.0	5.67668e-11
3160.0	6.53243e-11
3180.0	4.85319e-05
3200.0	0.000114691
3220.0	0.000166955
3240.0	0.000229218
3260.0	0.00029739
3280.0	0.000373716
3300.0	0.000518087
3320.0	0.000670158
3340.0	0.000726702
3360.0	0.000789072
3380.0	0.000849895
3400.0	0.000908206
3420.0	0.000982483
3440.0	0.00105325
3460.0	0.00112419
3480.0	0.00121408
3500.0	0.00132999
3520.0	0.00144062
3540.0	0.00159919
3560.0	0.00192637
3580.0	0.00178265
3600.0	0.00160675
3620.0	0.00135167
3640.0	0.000866773
3660.0	0.000848176
3680.0	0.000827154
3700.0	0.000820047
3720.0	0.000798175
3740.0	0.000791524
3760.0	0.000806011
3780.0	0.000807381
3800.0	0.000832991
3820.0	0.000885372
3840.0	0.000946051
3860.0	0.00106235
3880.0	0.00121074
3900.0	0.00142125
3920.0	0.00176567
3940.0	0.00228782
3960.0	0.00310543
3980.0	0.0044164
4000.0	0.00666231
4020.0	0.0112374
4040.0	0.0205611
4060.0	0.0392236
4080.0	0.0762934
4100.0	0.140901
4120.0	0.238393
4140.0	0.365287
4160.0	0.500753
4180.0	0.620962
4200.0	0.707361
4220.0	0.753987
4240.0	0.774652
4260.0	0.784685
4280.0	0.796045
4300.0	0.80918
4320.0	0.81944
4340.0	0.825148
4360.0	0.827489
4380.0	0.831429
4400.0	0.840039
4420.0	0.853657
4440.0	0.868881
4460.0	0.881726
4480.0	0.890751
4500.0	0.897548
4520.0	0.904564
4540.0	0.91366
4560.0	0.925482
4580.0	0.939556
4600.0	0.951867
4620.0	0.958717
4640.0	0.959779
4660.0	0.956069
4680.0	0.950919
4700.0	0.947863
4720.0	0.948201
4740.0	0.953506
4760.0	0.963071
4780.0	0.974402
4800.0	0.984947
4820.0	0.992617
4840.0	0.996588
4860.0	0.997797
4880.0	0.998812
4900.0	1.0
4920.0	0.999787
4940.0	0.995616
4960.0	0.98433
4980.0	0.967555
5000.0	0.950172
5020.0	0.936984
5040.0	0.931095
5060.0	0.929802
5080.0	0.928467
5100.0	0.923473
5120.0	0.914317
5140.0	0.903752
5160.0	0.894973
5180.0	0.89143
5200.0	0.895161
5220.0	0.906919
5240.0	0.923287
5260.0	0.937873
5280.0	0.941774
5300.0	0.934744
5320.0	0.922076
5340.0	0.911451
5360.0	0.910192
5380.0	0.915483
5400.0	0.91837
5420.0	0.908588
5440.0	0.880413
5460.0	0.836557
5480.0	0.786995
5500.0	0.741379
5520.0	0.704859
5540.0	0.672638
5560.0	0.634598
5580.0	0.582208
5600.0	0.512143
5620.0	0.427816
5640.0	0.336849
5660.0	0.248866
5680.0	0.172602
5700.0	0.112744
5720.0	0.0701278
5740.0	0.0423639
5760.0	0.0249752
5780.0	0.0144027
5800.0	0.00831834
5820.0	0.00493151
5840.0	0.00303845
5860.0	0.00196575
5880.0	0.00143481
5900.0	0.00122165
5920.0	0.00113539
5940.0	0.00112291
5960.0	0.00106863
5980.0	0.000993691
6000.0	0.00084591
6020.0	0.000688703
6040.0	0.000521311
6060.0	0.000385457
6080.0	0.000301862
6100.0	0.000249609
6120.0	0.000238895
6140.0	0.000238582
6160.0	0.000238269
6180.0	0.000237895
6200.0	0.000237242
6220.0	0.000267224
6240.0	0.000296992
6260.0	0.000346945
6280.0	0.000376198
6300.0	0.000384965
6320.0	0.000373476
6340.0	0.000321892
6360.0	0.000290876
6380.0	0.000270028
6400.0	0.000269246
6420.0	0.000268461
6440.0	0.000267675
6460.0	0.000266893
6480.0	0.000266106
6500.0	0.000265318
6520.0	0.00026439
6540.0	0.000282976
6560.0	0.00031115
6580.0	0.000339119
6600.0	0.000366883
6620.0	0.000384821
6640.0	0.000383451
6660.0	0.000362976
6680.0	0.000361676
6700.0	0.000360376
6720.0	0.000359085
6740.0	0.000357738
6760.0	0.0003564
6780.0	0.000355055
6800.0	0.000353716
6820.0	0.000370924
6840.0	0.000371008
6860.0	0.000379512
6880.0	0.000370157
6900.0	0.000382722
6920.0	0.000404212
6940.0	0.00041713
6960.0	0.000439137
6980.0	0.000443347
7000.0	0.000451305
7020.0	0.000450015
7040.0	0.000475644
7060.0	0.000492163
7080.0	0.000499659
7100.0	0.000533786
7120.0	0.000558687
7140.0	0.000555762
7160.0	0.000559388
7180.0	0.000561028
7200.0	0.000574925
7220.0	0.000597157
7240.0	0.000619683
7260.0	0.000625542
7280.0	0.000647728
7300.0	0.000661538
7320.0	0.000676886
7340.0	0.000708926
7360.0	0.000721853
7380.0	0.000734136
7400.0	0.00076263
7420.0	0.000782591
7440.0	0.000794138
7460.0	0.000821616
7480.0	0.000840877
7500.0	0.000875915
7520.0	0.000918408
7540.0	0.000960363
7560.0	0.000993929
7580.0	0.00101138
7600.0	0.000690411
7620.0	0.000788576
7640.0	0.000784675
7660.0	0.00100048
7680.0	0.00117867
7700.0	0.00118064
7720.0	0.00116588
7740.0	0.0
7760.0	0.0
