# Ks_AEGIS
19465.0	0.0
19535.0	0.0
19605.0	0.0109268
19675.0	0.0278784
19745.0	0.101205
19815.0	0.270329
19885.0	0.535269
19955.0	0.719707
20025.0	0.302841
20095.0	0.302575
20165.0	0.351437
20235.0	0.581329
20305.0	0.844242
20375.0	0.910565
20445.0	0.882505
20515.0	0.704222
20585.0	0.642179
20655.0	0.673179
20725.0	0.741488
20795.0	0.877089
20865.0	0.910734
20935.0	0.946724
21005.0	0.977045
21075.0	0.981669
21145.0	0.975662
21215.0	0.978822
21285.0	0.982289
21355.0	1.0
21425.0	0.999707
21495.0	0.988977
21565.0	0.979823
21635.0	0.972586
21705.0	0.98311
21775.0	0.974463
21845.0	0.964276
21915.0	0.958949
21985.0	0.921635
22055.0	0.907564
22125.0	0.969427
22195.0	0.963127
22265.0	0.965778
22335.0	0.950104
22405.0	0.940418
22475.0	0.93123
22545.0	0.92034
22615.0	0.912092
22685.0	0.9198
22755.0	0.90383
22825.0	0.906699
22895.0	0.858915
22965.0	0.797748
23035.0	0.725759
23105.0	0.580727
23175.0	0.305787
23245.0	0.132434
23315.0	0.0651929
23385.0	0.0
23455.0	0.0
