# I_AEGIS
5450.0	0.0
5475.0	0.0
5500.0	0.000200319
5525.0	0.000183094
5550.0	0.000163263
5575.0	0.000162668
5600.0	0.000162145
5625.0	0.000169831
5650.0	0.000187807
5675.0	0.000196523
5700.0	0.000199945
5725.0	0.000195203
5750.0	0.000172206
5775.0	0.000158322
5800.0	0.000157804
5825.0	0.000157438
5850.0	0.000157096
5875.0	0.000156753
5900.0	0.000156409
5925.0	0.000156065
5950.0	0.000155729
5975.0	0.000155409
6000.0	0.000155119
6025.0	0.000154942
6050.0	0.000154783
6075.0	0.000154623
6100.0	0.00015445
6125.0	0.000154209
6150.0	0.000154116
6175.0	0.00017214
6200.0	0.000189465
6225.0	0.000198396
6250.0	0.000221394
6275.0	0.00024487
6300.0	0.000265237
6325.0	0.000297111
6350.0	0.000329581
6375.0	0.000379446
6400.0	0.000435773
6425.0	0.000510945
6450.0	0.000618857
6475.0	0.000755039
6500.0	0.00091949
6525.0	0.00114237
6550.0	0.00141708
6575.0	0.00179267
6600.0	0.00229855
6625.0	0.00296584
6650.0	0.00386871
6675.0	0.00512211
6700.0	0.00688894
6725.0	0.00935635
6750.0	0.0128185
6775.0	0.0177894
6800.0	0.0249357
6825.0	0.0351176
6850.0	0.0492316
6875.0	0.0700536
6900.0	0.10341
6925.0	0.153353
6950.0	0.224255
6975.0	0.319608
7000.0	0.433266
7025.0	0.56015
7050.0	0.69088
7075.0	0.811567
7100.0	0.910015
7125.0	0.978764
7150.0	1.0
7175.0	0.975
7200.0	0.980322
7225.0	0.989512
7250.0	0.983247
7275.0	0.975167
7300.0	0.969424
7325.0	0.978074
7350.0	0.982209
7375.0	0.975547
7400.0	0.969105
7425.0	0.962685
7450.0	0.956156
7475.0	0.94915
7500.0	0.94138
7525.0	0.932788
7550.0	0.922954
7575.0	0.882456
7600.0	0.647549
7625.0	0.633914
7650.0	0.68784
7675.0	0.839849
7700.0	0.872954
7725.0	0.869417
7750.0	0.866577
7775.0	0.864786
7800.0	0.863931
7825.0	0.862701
7850.0	0.86067
7875.0	0.857405
7900.0	0.851817
7925.0	0.842155
7950.0	0.829666
7975.0	0.81598
8000.0	0.801996
8025.0	0.787978
8050.0	0.774619
8075.0	0.762786
8100.0	0.750256
8125.0	0.724907
8150.0	0.704149
8175.0	0.692542
8200.0	0.677714
8225.0	0.659237
8250.0	0.636654
8275.0	0.608713
8300.0	0.577741
8325.0	0.555085
8350.0	0.535051
8375.0	0.516252
8400.0	0.49858
8425.0	0.480555
8450.0	0.45727
8475.0	0.423106
8500.0	0.37372
8525.0	0.309701
8550.0	0.239013
8575.0	0.173107
8600.0	0.116397
8625.0	0.0742422
8650.0	0.0472811
8675.0	0.0299185
8700.0	0.0198752
8725.0	0.0115989
8750.0	0.0069901
8775.0	0.00518743
8800.0	0.00418602
8825.0	0.00267633
8850.0	0.00201801
8875.0	0.0
8900.0	0.0
