# H_AEGIS
14410.0	0.0
14460.0	0.0
14510.0	0.00182861
14560.0	0.00318317
14610.0	0.0059356
14660.0	0.0131665
14710.0	0.0324387
14760.0	0.1023
14810.0	0.21529
14860.0	0.40683
14910.0	0.610122
14960.0	0.810061
15010.0	0.898018
15060.0	0.910184
15110.0	0.941362
15160.0	0.961932
15210.0	0.961677
15260.0	0.977237
15310.0	0.976907
15360.0	0.973248
15410.0	0.981413
15460.0	0.983912
15510.0	0.986417
15560.0	0.986713
15610.0	0.985479
15660.0	0.985626
15710.0	0.95242
15760.0	0.944883
15810.0	0.952921
15860.0	0.980824
15910.0	0.998983
15960.0	1.0
16010.0	0.954956
16060.0	0.92411
16110.0	0.935381
16160.0	0.966991
16210.0	0.97879
16260.0	0.985619
16310.0	0.98128
16360.0	0.97869
16410.0	0.965479
16460.0	0.969742
16510.0	0.961507
16560.0	0.9748
16610.0	0.980663
16660.0	0.956198
16710.0	0.969871
16760.0	0.982077
16810.0	0.973232
16860.0	0.987826
16910.0	0.986341
16960.0	0.987829
17010.0	0.985514
17060.0	0.97503
17110.0	0.969269
17160.0	0.969703
17210.0	0.967584
17260.0	0.945273
17310.0	0.945024
17360.0	0.93391
17410.0	0.946508
17460.0	0.918262
17510.0	0.912607
17560.0	0.925589
17610.0	0.948839
17660.0	0.850262
17710.0	0.727682
17760.0	0.465154
17810.0	0.242777
17860.0	0.110931
17910.0	0.0537077
17960.0	0.0232733
18010.0	0.0108761
18060.0	0.00670554
18110.0	0.0
18160.0	0.0
