# Z_AEGIS
6470.0	0.0
6495.0	0.0
6520.0	0.000282946
6545.0	0.000282014
6570.0	0.000280772
6595.0	0.000280649
6620.0	0.000295052
6645.0	0.00030893
6670.0	0.00033467
6695.0	0.000334514
6720.0	0.000348376
6745.0	0.000349801
6770.0	0.00034816
6795.0	0.000346519
6820.0	0.000343784
6845.0	0.000345644
6870.0	0.000369192
6895.0	0.000401398
6920.0	0.000417582
6945.0	0.000428468
6970.0	0.000446398
6995.0	0.000447853
7020.0	0.000446313
7045.0	0.000456033
7070.0	0.00048924
7095.0	0.000524226
7120.0	0.000564942
7145.0	0.000586134
7170.0	0.000583269
7195.0	0.000576496
7220.0	0.000601205
7245.0	0.000634334
7270.0	0.000661941
7295.0	0.000689851
7320.0	0.000730797
7345.0	0.000766145
7370.0	0.000795137
7395.0	0.000857214
7420.0	0.000897912
7445.0	0.000943582
7470.0	0.00097896
7495.0	0.00100275
7520.0	0.00104687
7545.0	0.00111016
7570.0	0.00116869
7595.0	0.000943366
7620.0	0.000944459
7645.0	0.00108126
7670.0	0.00147229
7695.0	0.00170182
7720.0	0.00186099
7745.0	0.00200654
7770.0	0.00221961
7795.0	0.00249142
7820.0	0.00284102
7845.0	0.00329998
7870.0	0.00387167
7895.0	0.00461865
7920.0	0.00560575
7945.0	0.00693396
7970.0	0.00875465
7995.0	0.0112834
8020.0	0.0148584
8045.0	0.0200837
8070.0	0.0278667
8095.0	0.0398001
8120.0	0.057147
8145.0	0.0840304
8170.0	0.127045
8195.0	0.191894
8220.0	0.284446
8245.0	0.406082
8270.0	0.554987
8295.0	0.707682
8320.0	0.840983
8345.0	0.938729
8370.0	0.984629
8395.0	1.0
8420.0	0.989262
8445.0	0.970846
8470.0	0.952191
8495.0	0.946939
8520.0	0.93936
8545.0	0.932719
8570.0	0.921513
8595.0	0.906573
8620.0	0.89556
8645.0	0.878765
8670.0	0.860469
8695.0	0.840158
8720.0	0.821239
8745.0	0.802204
8770.0	0.782856
8795.0	0.763695
8820.0	0.747659
8845.0	0.735069
8870.0	0.7199
8895.0	0.703767
8920.0	0.686923
8945.0	0.665895
8970.0	0.62493
8995.0	0.578068
9020.0	0.57365
9045.0	0.590089
9070.0	0.571624
9095.0	0.542313
9120.0	0.532647
9145.0	0.511744
9170.0	0.504463
9195.0	0.504318
9220.0	0.503233
9245.0	0.489074
9270.0	0.473385
9295.0	0.43061
9320.0	0.354835
9345.0	0.289327
9370.0	0.269844
9395.0	0.314264
9420.0	0.32752
9445.0	0.289012
9470.0	0.288344
9495.0	0.290961
9520.0	0.292378
9545.0	0.279302
9570.0	0.274437
9595.0	0.265669
9620.0	0.280449
9645.0	0.277684
9670.0	0.274307
9695.0	0.280819
9720.0	0.273459
9745.0	0.254077
9770.0	0.243067
9795.0	0.233864
9820.0	0.227637
9845.0	0.21693
9870.0	0.206522
9895.0	0.194387
9920.0	0.180897
9945.0	0.16699
9970.0	0.153269
9995.0	0.139496
10020.0	0.125809
10045.0	0.112256
10070.0	0.0984149
10095.0	0.0838301
10120.0	0.069628
10145.0	0.0553324
10170.0	0.0410357
10195.0	0.0303187
10220.0	0.0
10245.0	0.0
