# R_AEGIS
3640.0	0.0
3660.0	0.0
3680.0	0.000788777
3700.0	0.000828122
3720.0	0.000904734
3740.0	0.0009841
3760.0	0.00105595
3780.0	0.00107121
3800.0	0.00103751
3820.0	0.000986515
3840.0	0.000945102
3860.0	0.000966522
3880.0	0.00104709
3900.0	0.00114048
3920.0	0.00117304
3940.0	0.00110957
3960.0	0.000944926
3980.0	0.000744242
4000.0	0.000567592
4020.0	0.00046155
4040.0	0.0004406
4060.0	0.000492412
4080.0	0.000585646
4100.0	0.000675472
4120.0	0.000728593
4140.0	0.000700756
4160.0	0.000593974
4180.0	0.000476271
4200.0	0.000373401
4220.0	0.000298099
4240.0	0.00026619
4260.0	0.000241778
4280.0	0.000225114
4300.0	0.000215188
4320.0	0.000200326
4340.0	0.000189984
4360.0	0.000174639
4380.0	0.000163886
4400.0	0.000148063
4420.0	0.000139477
4440.0	0.000139535
4460.0	0.000140838
4480.0	0.000139587
4500.0	0.000125502
4520.0	0.000124006
4540.0	0.000124811
4560.0	0.000125402
4580.0	0.000124646
4600.0	0.000117289
4620.0	0.000116449
4640.0	0.000116906
4660.0	0.000117358
4680.0	0.000115125
4700.0	9.94436e-05
4720.0	9.57522e-05
4740.0	8.93201e-05
4760.0	9.64209e-05
4780.0	9.67408e-05
4800.0	9.02382e-05
4820.0	9.73971e-05
4840.0	0.000101848
4860.0	0.000120133
4880.0	0.000131594
4900.0	0.000133399
4920.0	0.000133776
4940.0	0.000134144
4960.0	0.000134515
4980.0	0.000134887
5000.0	0.000135246
5020.0	0.000138358
5040.0	0.000156996
5060.0	0.00017144
5080.0	0.000191612
5100.0	0.000206169
5120.0	0.000230749
5140.0	0.000275391
5160.0	0.000331616
5180.0	0.000390901
5200.0	0.000463306
5220.0	0.00056614
5240.0	0.000698121
5260.0	0.000886618
5280.0	0.00115532
5300.0	0.0015268
5320.0	0.00202777
5340.0	0.00271156
5360.0	0.00364521
5380.0	0.00496557
5400.0	0.00688292
5420.0	0.00968029
5440.0	0.0139046
5460.0	0.0202887
5480.0	0.0298461
5500.0	0.0438746
5520.0	0.0639213
5540.0	0.0917768
5560.0	0.129089
5580.0	0.177184
5600.0	0.236878
5620.0	0.308179
5640.0	0.3903
5660.0	0.480294
5680.0	0.573378
5700.0	0.66256
5720.0	0.739875
5740.0	0.799249
5760.0	0.836843
5780.0	0.853356
5800.0	0.853298
5820.0	0.843912
5840.0	0.832222
5860.0	0.823576
5880.0	0.821082
5900.0	0.824233
5920.0	0.830807
5940.0	0.838317
5960.0	0.845056
5980.0	0.85112
6000.0	0.85798
6020.0	0.867595
6040.0	0.880516
6060.0	0.896563
6080.0	0.914391
6100.0	0.932335
6120.0	0.94821
6140.0	0.961006
6160.0	0.970494
6180.0	0.977181
6200.0	0.981677
6220.0	0.985449
6240.0	0.989676
6260.0	0.993902
6280.0	0.99741
6300.0	0.999497
6320.0	1.0
6340.0	0.998885
6360.0	0.996667
6380.0	0.992857
6400.0	0.987173
6420.0	0.980078
6440.0	0.971847
6460.0	0.963199
6480.0	0.95436
6500.0	0.944773
6520.0	0.933094
6540.0	0.917907
6560.0	0.898161
6580.0	0.873361
6600.0	0.843393
6620.0	0.809429
6640.0	0.773363
6660.0	0.737983
6680.0	0.706812
6700.0	0.68317
6720.0	0.669679
6740.0	0.667745
6760.0	0.677989
6780.0	0.698129
6800.0	0.720181
6820.0	0.727736
6840.0	0.693343
6860.0	0.615123
6880.0	0.501173
6900.0	0.377688
6920.0	0.25604
6940.0	0.155938
6960.0	0.0871514
6980.0	0.0469793
7000.0	0.025853
7020.0	0.0151528
7040.0	0.00945321
7060.0	0.00618287
7080.0	0.00419468
7100.0	0.0029378
7120.0	0.00212815
7140.0	0.00158524
7160.0	0.00120341
7180.0	0.00093959
7200.0	0.000793328
7220.0	0.000693194
7240.0	0.000601278
7260.0	0.000535249
7280.0	0.00047711
7300.0	0.000441232
7320.0	0.000427008
7340.0	0.000419908
7360.0	0.000403545
7380.0	0.000392696
7400.0	0.000389329
7420.0	0.000388078
7440.0	0.00039412
7460.0	0.000405291
7480.0	0.000405018
7500.0	0.000402709
7520.0	0.000400407
7540.0	0.000398104
7560.0	0.000395666
7580.0	0.000377854
7600.0	0.000291369
7620.0	0.000299512
7640.0	0.00031094
7660.0	0.000377619
7680.0	0.000442736
7700.0	0.000450084
7720.0	0.000449305
7740.0	0.00045897
7760.0	0.000465619
7780.0	0.000478752
7800.0	0.000502038
7820.0	0.000514718
7840.0	0.000521597
7860.0	0.000537557
7880.0	0.000548699
7900.0	0.000554883
7920.0	0.000566979
7940.0	0.000564165
7960.0	0.000561222
7980.0	0.00057397
8000.0	0.000589818
8020.0	0.000609516
8040.0	0.000622756
8060.0	0.000625487
8080.0	0.000632964
8100.0	0.000645968
8120.0	0.000633324
8140.0	0.000632872
8160.0	0.000650111
8180.0	0.00065212
8200.0	0.0
8220.0	0.0
