# U_AEGIS
2960.0	0.0
2980.0	0.0
3000.0	8.19693e-08
3020.0	1.87767e-11
3040.0	3.36953e-11
3060.0	4.74755e-11
3080.0	6.05581e-11
3100.0	7.3151e-11
3120.0	8.53631e-11
3140.0	9.72712e-11
3160.0	1.11935e-10
3180.0	6.86978e-05
3200.0	0.000205505
3220.0	0.000401238
3240.0	0.000832675
3260.0	0.0020256
3280.0	0.00574384
3300.0	0.0174018
3320.0	0.0442867
3340.0	0.0825578
3360.0	0.132382
3380.0	0.187304
3400.0	0.240497
3420.0	0.285419
3440.0	0.324193
3460.0	0.36267
3480.0	0.404515
3500.0	0.450992
3520.0	0.494453
3540.0	0.533851
3560.0	0.562178
3580.0	0.583317
3600.0	0.602471
3620.0	0.619667
3640.0	0.631993
3660.0	0.638646
3680.0	0.634382
3700.0	0.621075
3720.0	0.605781
3740.0	0.598126
3760.0	0.607987
3780.0	0.640044
3800.0	0.690028
3820.0	0.752245
3840.0	0.811894
3860.0	0.856798
3880.0	0.882172
3900.0	0.891964
3920.0	0.899035
3940.0	0.913199
3960.0	0.939187
3980.0	0.971378
4000.0	0.993692
4020.0	1.0
4040.0	0.98356
4060.0	0.936029
4080.0	0.84984
4100.0	0.727127
4120.0	0.577775
4140.0	0.423078
4160.0	0.284678
4180.0	0.177522
4200.0	0.105265
4220.0	0.0613614
4240.0	0.0366119
4260.0	0.0228824
4280.0	0.0149668
4300.0	0.0102779
4320.0	0.00740053
4340.0	0.00549179
4360.0	0.00431976
4380.0	0.00351555
4400.0	0.00292577
4420.0	0.00252454
4440.0	0.00220073
4460.0	0.00193736
4480.0	0.00166883
4500.0	0.00142912
4520.0	0.0011841
4540.0	0.000949955
4560.0	0.000763379
4580.0	0.000609955
4600.0	0.000542662
4620.0	0.000474544
4640.0	0.000458756
4660.0	0.000460531
4680.0	0.000462307
4700.0	0.000464135
4720.0	0.000483646
4740.0	0.000521262
4760.0	0.000559123
4780.0	0.000615324
4800.0	0.000671911
4820.0	0.000728752
4840.0	0.000840796
4860.0	0.00100858
4880.0	0.0012878
4900.0	0.00180878
4920.0	0.00262814
4940.0	0.0040273
4960.0	0.00604837
4980.0	0.00886433
5000.0	0.0122009
5020.0	0.0156198
5040.0	0.0185402
5060.0	0.0202476
5080.0	0.0202832
5100.0	0.018733
5120.0	0.0160416
5140.0	0.0128292
5160.0	0.0097004
5180.0	0.00699801
5200.0	0.00485762
5220.0	0.00333948
5240.0	0.00238952
5260.0	0.00187663
5280.0	0.0017243
5300.0	0.00176195
5320.0	0.00195123
5340.0	0.00215913
5360.0	0.0023093
5380.0	0.00236379
5400.0	0.00230388
5420.0	0.00216723
5440.0	0.00208791
5460.0	0.00204677
5480.0	0.00215708
5500.0	0.00251263
5520.0	0.00301797
5540.0	0.00365356
5560.0	0.0
5580.0	0.0
