# J_AEGIS
11430.0	0.0
11470.0	0.0
11510.0	0.00587242
11550.0	0.011038
11590.0	0.0248437
11630.0	0.0527621
11670.0	0.112697
11710.0	0.260837
11750.0	0.507214
11790.0	0.728686
11830.0	0.808165
11870.0	0.879322
11910.0	0.877196
11950.0	0.910564
11990.0	0.913336
12030.0	0.92869
12070.0	0.923426
12110.0	0.925614
12150.0	0.925944
12190.0	0.945987
12230.0	0.952904
12270.0	0.968316
12310.0	0.985416
12350.0	0.993482
12390.0	0.999429
12430.0	1.0
12470.0	0.996952
12510.0	0.994797
12550.0	0.987207
12590.0	0.971718
12630.0	0.930237
12670.0	0.923654
12710.0	0.87063
12750.0	0.936887
12790.0	0.964505
12830.0	0.985059
12870.0	0.987489
12910.0	0.982908
12950.0	0.976374
12990.0	0.963924
13030.0	0.94915
13070.0	0.929293
13110.0	0.916005
13150.0	0.911037
13190.0	0.909086
13230.0	0.842026
13270.0	0.745375
13310.0	0.547874
13350.0	0.324963
13390.0	0.191709
13430.0	0.0814612
13470.0	0.0373791
13510.0	0.0
13550.0	0.0
