# Units:
#  "lambda" is in Angstroms
#  "pass" is the contribution to the detector signal per photon
#
# Bandpass Name(s): z
#
# Instrument: CTIO/DECam
#
# Determined by: William Wester
#
# Date of determination: 2014 Apr 18
#
# Notes: response function including total system throughput
# (presumably, filter+QE+telescope optics) and atmosphere as obtained
# from Eli Rykoff (Stanford).
#
# J. Moustakas, 2014-Jun-08, Siena



7840.0  0
7850.0  1e-05
7860.0  1e-05
7870.0  0.00023
7880.0  0.00044
7890.0  0.00031
7900.0  0.00019
7910.0  0.00017
7920.0  0.00015
7930.0  0.00014
7940.0  0.00014
7950.0  0.00011
7960.0  9e-05
7970.0  0.00012
7980.0  0.00015
7990.0  0.00049
8000.0  0.00027
8010.0  0.00058
8020.0  0.00089
8030.0  0.00096
8040.0  0.00103
8050.0  9e-05
8060.0  3e-05
8070.0  0.0011
8080.0  0.00215
8090.0  0.00196
8100.0  0.00176
8110.0  0.00394
8120.0  0.0011
8130.0  0.00051
8140.0  0.00126
8150.0  0.00064
8160.0  0.0007
8170.0  0.00255
8180.0  0.00233
8190.0  0.00211
8200.0  0.00182
8210.0  0.00154
8220.0  0.00161
8230.0  0.00165
8240.0  0.00254
8250.0  0.00345
8260.0  0.00429
8270.0  0.00513
8280.0  0.00324
8290.0  0.00865
8300.0  0.00297
8310.0  0.00628
8320.0  0.0137
8330.0  0.02118
8340.0  0.00545
8350.0  0.00808
8360.0  0.01148
8370.0  0.0149
8380.0  0.00892
8390.0  0.01277
8400.0  0.01917
8410.0  0.01921
8420.0  0.02189
8430.0  0.03835
8440.0  0.04119
8450.0  0.0931
8460.0  0.08916
8470.0  0.18452
8480.0  0.18072
8490.0  0.32249
8500.0  0.31836
8510.0  0.45016
8520.0  0.44725
8530.0  0.51399
8540.0  0.51523
8550.0  0.54188
8560.0  0.53868
8570.0  0.54054
8580.0  0.53823
8590.0  0.53664
8600.0  0.54157
8610.0  0.53759
8620.0  0.54322
8630.0  0.54812
8640.0  0.55013
8650.0  0.55215
8660.0  0.54998
8670.0  0.55687
8680.0  0.55502
8690.0  0.55316
8700.0  0.55403
8710.0  0.55564
8720.0  0.55634
8730.0  0.55705
8740.0  0.55524
8750.0  0.55344
8760.0  0.55501
8770.0  0.55657
8780.0  0.55799
8790.0  0.56016
8800.0  0.56091
8810.0  0.56167
8820.0  0.56199
8830.0  0.56232
8840.0  0.56243
8850.0  0.56178
8860.0  0.56176
8870.0  0.56327
8880.0  0.56439
8890.0  0.56521
8900.0  0.56307
8910.0  0.56093
8920.0  0.55883
8930.0  0.55369
8940.0  0.55083
8950.0  0.53436
8960.0  0.53175
8970.0  0.5231
8980.0  0.51974
8990.0  0.50833
9000.0  0.51134
9010.0  0.50552
9020.0  0.50986
9030.0  0.53168
9040.0  0.54416
9050.0  0.53921
9060.0  0.53698
9070.0  0.52312
9080.0  0.51629
9090.0  0.50678
9100.0  0.51222
9110.0  0.51562
9120.0  0.51417
9130.0  0.49889
9140.0  0.50725
9150.0  0.5119
9160.0  0.513
9170.0  0.51638
9180.0  0.51954
9190.0  0.53104
9200.0  0.5395
9210.0  0.53659
9220.0  0.5357
9230.0  0.53254
9240.0  0.52401
9250.0  0.5215
9260.0  0.51788
9270.0  0.50763
9280.0  0.49472
9290.0  0.47685
9300.0  0.45444
9310.0  0.43012
9320.0  0.39789
9330.0  0.37175
9340.0  0.34324
9350.0  0.33745
9360.0  0.34371
9370.0  0.33682
9380.0  0.36013
9390.0  0.4181
9400.0  0.42076
9410.0  0.40767
9420.0  0.38561
9430.0  0.34999
9440.0  0.34712
9450.0  0.35877
9460.0  0.36065
9470.0  0.37013
9480.0  0.37624
9490.0  0.37539
9500.0  0.37887
9510.0  0.39206
9520.0  0.3789
9530.0  0.38937
9540.0  0.40001
9550.0  0.39142
9560.0  0.38994
9570.0  0.4161
9580.0  0.4179
9590.0  0.41328
9600.0  0.41207
9610.0  0.40768
9620.0  0.40874
9630.0  0.42122
9640.0  0.42052
9650.0  0.41666
9660.0  0.41941
9670.0  0.42794
9680.0  0.44209
9690.0  0.44739
9700.0  0.44704
9710.0  0.44607
9720.0  0.44323
9730.0  0.43791
9740.0  0.43137
9750.0  0.42733
9760.0  0.43028
9770.0  0.42734
9780.0  0.42217
9790.0  0.41938
9800.0  0.42755
9810.0  0.42161
9820.0  0.41523
9830.0  0.41286
9840.0  0.41211
9850.0  0.40962
9860.0  0.40693
9870.0  0.40199
9880.0  0.39782
9890.0  0.3931
9900.0  0.39219
9910.0  0.3875
9920.0  0.38065
9930.0  0.37328
9940.0  0.3566
9950.0  0.33988
9960.0  0.30378
9970.0  0.26768
9980.0  0.2205
9990.0  0.17368
10000.0  0.1845
10010.0  0.09094
10020.0  0.06517
10030.0  0.03981
10040.0  0.02803
10050.0  0.01621
10060.0  0.01095
10070.0  0.0057
10080.0  0.00483
10090.0  0.00396
10100.0  0.00673
10110.0  0.0018
10120.0  0.00155
10130.0  0.0013
10140.0  0.00113
10150.0  0.00096
10160.0  0.00074
10170.0  0.00052
10180.0  0.00076
10190.0  0.001
10200.0  0.00066
10210.0  0.00064
10220.0  0.00078
10230.0  0.00091
10240.0  0.00076
10250.0  0.00062
10260.0  0.00144
10270.0  0.00226
10280.0  0.00134
10290.0  0.00041
10300.0  0.0004
10310.0  0.00039
10320.0  0.00039
10330.0  0.00038
10340.0  0.00037
10350.0  0.00036
10360.0  0.00035
10370.0  0.00034
10380.0  0.00033
10390.0  0.00032
10400.0  0.00031
10410.0  0.0003
10420.0  0.00028
10430.0  0.00027
10440.0  0.00026
10450.0  0.00025
10460.0  0.00024
10470.0  0.00023
10480.0  0.00021
10490.0  0.0002
10500.0  0.0002
