# Units:
#  "lambda" is in Angstroms
#  "pass" is the contribution to the detector signal per photon
#
# Bandpass Name(s): Y
#
# Instrument: CTIO/DECam
#
# Determined by: William Wester
#
# Date of determination: 2014 Apr 18
#
# Notes: response function including total system throughput
# (presumably, filter+QE+telescope optics) and atmosphere as obtained
# from Eli Rykoff (Stanford).
#
# J. Moustakas, 2014-Jun-08, Siena



9000.0  0.0005
9010.0  0.00051
9020.0  0.00056
9030.0  0.00063
9040.0  0.0007
9050.0  0.00075
9060.0  0.00079
9070.0  0.00082
9080.0  0.00085
9090.0  0.0009
9100.0  0.00102
9110.0  0.00101
9120.0  0.00119
9130.0  0.00133
9140.0  0.00112
9150.0  0.0009
9160.0  0.00107
9170.0  0.00124
9180.0  0.00149
9190.0  0.00177
9200.0  0.00189
9210.0  0.00195
9220.0  0.00224
9230.0  0.00252
9240.0  0.00255
9250.0  0.00261
9260.0  0.00279
9270.0  0.00293
9280.0  0.0031
9290.0  0.00324
9300.0  0.00335
9310.0  0.00333
9320.0  0.00344
9330.0  0.00356
9340.0  0.00372
9350.0  0.00409
9360.0  0.00476
9370.0  0.00525
9380.0  0.00944
9390.0  0.00929
9400.0  0.01103
9410.0  0.01236
9420.0  0.01536
9430.0  0.01734
9440.0  0.02477
9450.0  0.03344
9460.0  0.0333
9470.0  0.06935
9480.0  0.07089
9490.0  0.13766
9500.0  0.14899
9510.0  0.2222
9520.0  0.26819
9530.0  0.33029
9540.0  0.36356
9550.0  0.37944
9560.0  0.38361
9570.0  0.41531
9580.0  0.4173
9590.0  0.41288
9600.0  0.40587
9610.0  0.40753
9620.0  0.4084
9630.0  0.42067
9640.0  0.41972
9650.0  0.41561
9660.0  0.41618
9670.0  0.42413
9680.0  0.4376
9690.0  0.44231
9700.0  0.44141
9710.0  0.4399
9720.0  0.43655
9730.0  0.43076
9740.0  0.42379
9750.0  0.41928
9760.0  0.423
9770.0  0.4161
9780.0  0.41249
9790.0  0.41121
9800.0  0.41448
9810.0  0.41454
9820.0  0.40885
9830.0  0.40709
9840.0  0.40643
9850.0  0.40406
9860.0  0.40309
9870.0  0.39992
9880.0  0.39117
9890.0  0.38946
9900.0  0.38625
9910.0  0.38061
9920.0  0.37537
9930.0  0.36961
9940.0  0.36596
9950.0  0.36229
9960.0  0.35647
9970.0  0.35065
9980.0  0.34471
9990.0  0.33923
10000.0  0.33297
10010.0  0.32628
10020.0  0.31937
10030.0  0.3142
10040.0  0.30791
10050.0  0.30161
10060.0  0.29538
10070.0  0.28914
10080.0  0.27709
10090.0  0.27331
10100.0  0.27238
10110.0  0.26145
10120.0  0.25548
10130.0  0.24949
10140.0  0.243
10150.0  0.23683
10160.0  0.23037
10170.0  0.22392
10180.0  0.21715
10190.0  0.21009
10200.0  0.20362
10210.0  0.19741
10220.0  0.19065
10230.0  0.18392
10240.0  0.17709
10250.0  0.17098
10260.0  0.16531
10270.0  0.15941
10280.0  0.15414
10290.0  0.14907
10300.0  0.14292
10310.0  0.13695
10320.0  0.13104
10330.0  0.12514
10340.0  0.11845
10350.0  0.11176
10360.0  0.10478
10370.0  0.09781
10380.0  0.09443
10390.0  0.09105
10400.0  0.08775
10410.0  0.08444
10420.0  0.08211
10430.0  0.07978
10440.0  0.07729
10450.0  0.0747
10460.0  0.07237
10470.0  0.07004
10480.0  0.06782
10490.0  0.06569
10500.0  0.06331
10510.0  0.06084
10520.0  0.05644
10530.0  0.05408
10540.0  0.05155
10550.0  0.0491
10560.0  0.04659
10570.0  0.04414
10580.0  0.04159
10590.0  0.03915
10600.0  0.03675
10610.0  0.03426
10620.0  0.03178
10630.0  0.02934
10640.0  0.02687
10650.0  0.0244
10660.0  0.02197
10670.0  0.01954
10680.0  0.01707
10690.0  0.01464
10700.0  0.01224
10710.0  0.0098
10720.0  0.00737
10730.0  0.00436
10740.0  0.00114
10750.0  0.00017
10760.0  0.00093
10770.0  0.00015
10780.0  0.00011
10790.0  8e-05
10800.0  0.00024
10810.0  0.00022
10820.0  0.00044
10830.0  0.00066
10840.0  3e-05
10850.0  0
10860.0  0.00029
10870.0  9e-05
10880.0  5e-05
10890.0  1e-05
10900.0  0.00029
10910.0  0.00073
10920.0  0.00104
10930.0  0.00134
10940.0  0.00071
10950.0  9e-05
10960.0  0.00011
10970.0  2e-05
10980.0  4e-05
10990.0  7e-05
11000.0  0
