# Units:
#  "lambda" is in Angstroms
#  "pass" is the contribution to the detector signal per photon
#
# Bandpass Name(s): u
#
# Instrument: CTIO/DECam
#
# Determined by: William Wester
#
# Date of determination: 2014 Apr 18
#
# Notes: response function including total system throughput
# (presumably, filter+QE+telescope optics) and atmosphere as obtained
# from Eli Rykoff (Stanford).
#
# J. Moustakas, 2014-Jun-08, Siena



3200.0  0
3210.0  0
3220.0  0
3230.0  0
3240.0  0
3250.0  0
3260.0  0
3270.0  0
3280.0  0
3290.0  0
3300.0  0
3310.0  0
3320.0  0
3330.0  0
3340.0  0.00139
3350.0  0.00275
3360.0  0.00346
3370.0  0.00395
3380.0  0.00455
3390.0  0.00468
3400.0  0.00471
3410.0  0.00566
3420.0  0.00635
3430.0  0.00723
3440.0  0.00809
3450.0  0.00904
3460.0  0.00997
3470.0  0.00978
3480.0  0.01148
3490.0  0.01179
3500.0  0.01283
3510.0  0.01389
3520.0  0.01431
3530.0  0.01606
3540.0  0.01846
3550.0  0.01908
3560.0  0.02236
3570.0  0.02272
3580.0  0.02554
3590.0  0.02754
3600.0  0.02964
3610.0  0.03094
3620.0  0.03505
3630.0  0.03718
3640.0  0.03933
3650.0  0.0415
3660.0  0.04778
3670.0  0.0483
3680.0  0.05411
3690.0  0.0549
3700.0  0.05972
3710.0  0.06152
3720.0  0.06438
3730.0  0.06741
3740.0  0.07102
3750.0  0.07466
3760.0  0.07834
3770.0  0.08188
3780.0  0.08514
3790.0  0.08844
3800.0  0.09331
3810.0  0.09493
3820.0  0.0975
3830.0  0.09989
3840.0  0.10447
3850.0  0.10755
3860.0  0.11066
3870.0  0.1143
3880.0  0.11822
3890.0  0.11963
3900.0  0.12105
3910.0  0.12479
3920.0  0.12931
3930.0  0.13032
3940.0  0.13457
3950.0  0.13817
3960.0  0.14129
3970.0  0.14048
3980.0  0.12003
3990.0  0.09108
4000.0  0.0504
4010.0  0.01881
4020.0  0.00771
4030.0  0.00309
4040.0  0.00137
4050.0  0.00126
4060.0  0.00106
4070.0  0.00037
4080.0  0.00021
4090.0  0.0002
4100.0  0.00018
4110.0  0.00013
4120.0  0.0001
4130.0  0.0001
4140.0  9e-05
4150.0  9e-05
