


2353495.00  0
2359047.00  1.06672e-05
2364625.25  1.09481e-05
2370230.00  1.78205e-05
2375861.25  2.20854e-05
2380952.50  1.6997e-05
2386634.75  2.00882e-05
2392344.50  1.78354e-05
2398081.50  2.48018e-05
2403846.25  2.02195e-05
2409058.00  2.90304e-05
2414875.50  2.68066e-05
2420721.50  2.43596e-05
2426595.50  1.88767e-05
2431906.50  1.76382e-05
2437835.25  2.13477e-05
2443792.75  1.94125e-05
2449779.50  2.90556e-05
2455795.75  2.26419e-05
2461235.50  1.94196e-05
2467308.25  1.75409e-05
2473410.75  3.21152e-05
2479543.75  3.29023e-05
2485707.25  2.35863e-05
2491280.50  2.85716e-05
2497502.50  3.23714e-05
2503755.50  2.80453e-05
2510040.25  2.28846e-05
2515723.25  2.68107e-05
2522068.00  3.34908e-05
2528445.00  2.71901e-05
2534854.25  4.73286e-05
2541296.00  6.24035e-05
2547121.75  6.82538e-05
2553626.00  8.33785e-05
2560164.00  8.76706e-05
2566735.00  9.14109e-05
2573340.25  0.000124022
2579314.00  0.000151134
2585984.00  0.000160232
2592688.50  0.000167145
2599428.00  0.000198031
2605523.75  0.000217856
2612330.25  0.000262737
2619172.25  0.000315368
2626050.50  0.000370733
2632964.75  0.000440834
2639218.75  0.000544113
2646202.75  0.000649076
2653223.75  0.000815058
2660282.00  0.00099694
2666666.75  0.00121844
2673796.75  0.00150466
2680965.00  0.00189204
2688172.00  0.0023261
2695417.75  0.00287569
2701972.50  0.00351946
2709293.00  0.00410051
2716653.00  0.00470749
2724053.50  0.00539829
2731494.00  0.00612664
2738225.50  0.00696638
2745744.00  0.00806743
2753304.00  0.00921162
2760905.50  0.0103678
2767783.00  0.0117658
2775465.00  0.0133669
2783189.50  0.0148493
2790957.25  0.0163475
2798768.50  0.018031
2805836.00  0.0201175
2813731.00  0.0217207
2821670.50  0.0241842
2829654.75  0.0272329
2837684.50  0.029706
2844950.25  0.0353734
2853067.00  0.0457753
2861230.25  0.0506044
2869440.50  0.0648625
2876870.00  0.0779406
2885170.25  0.0953328
2893518.50  0.113346
2901915.25  0.134274
2910361.00  0.155369
2918004.00  0.182165
2926543.75  0.221778
2935133.50  0.277181
2943774.00  0.346468
2952465.25  0.428555
2960331.50  0.515267
2969121.00  0.59962
2977963.00  0.658022
2986857.75  0.69638
2994908.75  0.727921
3003905.00  0.75849
3012955.75  0.78023
3022061.00  0.793407
3031221.50  0.816375
3039513.75  0.818985
3048780.50  0.809448
3058104.00  0.802174
3067484.75  0.800827
3076923.00  0.808476
3085467.50  0.794693
3095017.00  0.821469
3104626.00  0.844239
3114294.50  0.855596
3123048.00  0.857
3132832.00  0.86876
3142677.50  0.878092
3152585.00  0.862241
3162555.25  0.852015
3171582.50  0.841033
3181673.50  0.816864
3191829.00  0.810014
3202049.25  0.816434
3211303.75  0.858095
3221649.50  0.90237
3232062.00  0.95404
3242542.25  0.966997
3253090.50  0.977939
3262642.75  0.942152
3273322.50  0.92906
3284072.25  0.898819
3294893.00  0.883169
3305785.00  0.891205
3315650.00  0.910209
3326680.00  0.916368
3337783.75  0.940421
3348961.75  0.947918
3359086.25  0.949605
3370407.75  0.946751
3381806.00  0.940718
3393281.25  0.924541
3404835.00  0.919909
3415300.50  0.918414
3427004.75  0.921547
3438789.50  0.944201
3450655.50  0.947508
3462604.00  0.927094
3473428.25  0.894418
3485535.00  0.887256
3497726.50  0.863474
3510003.50  0.86593
3521126.75  0.899964
3533569.00  0.946075
3546099.25  0.991678
3558719.00  0.994516
3571428.50  1
3582945.25  0.978955
3595828.75  0.925763
3608805.50  0.897838
3621876.00  0.885388
3635041.75  0.880782
3646973.00  0.895418
3660322.00  0.898948
3673769.25  0.924744
3687315.50  0.92656
3699593.00  0.934793
3713331.00  0.943059
3727171.00  0.954119
3741115.00  0.938019
3755163.25  0.919153
3767897.50  0.907194
3782148.25  0.899889
3796507.25  0.893656
3810975.50  0.886555
3825554.75  0.883324
3838771.50  0.897956
3853564.50  0.875143
3868472.00  0.851017
3883495.00  0.825451
3897116.00  0.813572
3912363.00  0.798551
3927729.75  0.797586
3943217.75  0.770366
3958828.25  0.741337
3972983.75  0.678786
3988831.25  0.627756
4004805.75  0.546337
4020908.75  0.479892
4037141.75  0.407101
4051864.00  0.35832
4068348.25  0.297112
4084967.25  0.257289
4101722.75  0.223847
4116920.50  0.192122
4133939.50  0.157961
4151100.00  0.130245
4168403.50  0.0633129
4185851.75  0.029485
4201680.50  0.0172637
4219409.50  0.0112996
4237288.00  0.00795224
4255319.00  0.00563864
4271679.00  0.00426043
4290004.50  0.00335003
4308487.50  0.00260738
4327131.00  0.00201211
4345936.50  0.00161833
4363001.50  0.0013036
4382121.00  0.00107652
4401408.50  0.000939752
4420866.50  0.000842642
4440497.50  0.000736296
4458315.00  0.000634948
4478280.50  0.000549678
4498425.50  0.000459993
4518753.00  0.000398744
4537205.00  0.000352887
4557885.00  0.000328835
4578754.50  0.000316223
4599816.00  0.000308875
4621072.00  0.000293996
4640371.00  0.000274864
4662004.50  0.000260248
4683840.50  0.000237549
4705882.50  0.000214812
4728132.50  0.000187255
4748338.00  0
4770992.50  0
4793864.00  0
4816955.50  0
4837929.50  0
4861448.50  0
4885198.00  0
4909180.00  0
4933399.00  0
4955401.50  0
4980079.50  0
