

1666666.75  0
1669449.12  0.000599511
1672240.75  0.000426387
1674761.25  0.000245817
1677570.88  3.80643e-05
1680389.88  -0.000169085
1683218.25  -0.000270255
1685772.12  -0.000312874
1688618.75  -0.000335653
1691475.00  -8.77976e-05
1694340.88  0.00015929
1697216.62  0.000410564
1699813.00  0.000666658
1702707.25  0.000921583
1705611.50  0.000934944
1708525.50  0.000926123
1711449.62  0.00094235
1714089.75  0.00100663
1717033.00  0.00107052
1719986.25  0.00130355
1722949.75  0.00158794
1725625.50  0.00176502
1728608.50  0.00148297
1731601.75  0.00120166
1734605.38  0.000893737
1737619.50  0.000569329
1740341.12  0.000257616
1743375.25  0.000243888
1746419.75  0.000230428
1749475.25  0.000282736
1752541.25  0.000411473
1755309.75  0.000539852
1758396.25  0.000452452
1761493.75  0.000337756
1764602.12  0.000236144
1767409.00  0.000162528
1770538.25  8.92378e-05
1773678.62  0.000438329
1776830.12  0.000938076
1779992.88  0.00137557
1782849.00  0.00149585
1786033.25  0.00161524
1789228.75  0.00125159
1792435.88  0.000545891
1795654.50  -0.000151119
1798561.25  -0.000151454
1801801.75  -0.000151759
1805054.25  0.000257571
1808318.25  0.00120082
1811266.12  0.00214084
1814552.75  0.00237936
1817851.25  0.00250239
1821161.88  0.00242369
1824484.62  0.00183096
1827485.38  0.00124143
1830831.25  0.00119934
1834189.25  0.00138436
1837559.75  0.00159221
1840942.62  0.0019548
1843997.75  0.00231626
1847404.38  0.0027109
1850823.62  0.00312907
1854255.50  0.00354777
1857355.12  0.00415881
1860811.25  0.00477106
1864280.38  0.00505399
1867762.38  0.00485246
1871257.50  0.00465164
1874414.25  0.00438032
1877934.25  0.00409064
1881467.50  0.00395991
1885014.12  0.00429224
1888574.12  0.00462124
1891789.62  0.00491524
1895375.25  0.00518686
1898974.62  0.00541881
1902587.50  0.00529293
1905851.00  0.00516847
1909490.25  0.0049404
1913143.25  0.00461837
1916810.38  0.00429753
1920491.62  0.00472325
1923816.88  0.0051904
1927525.12  0.0057529
1931247.62  0.00648102
1934984.50  0.00720428
1938360.12  0.00764557
1942124.75  0.00801219
1945903.88  0.00844078
1949697.75  0.0090972
1953506.50  0.00974901
1956947.25  0.0107965
1960784.25  0.0120505
1964636.50  0.0132641
1968503.88  0.0139907
1972386.62  0.0147163
1975894.12  0.0156529
1979806.00  0.0167991
1983733.38  0.0179386
1987676.38  0.0198383
1991238.62  0.021818
1995211.50  0.0239598
1999200.25  0.0264402
2003205.12  0.0289298
2007226.00  0.0324856
2010858.62  0.0363603
2014910.25  0.0405766
2018978.38  0.046247
2023062.88  0.0519133
2027164.00  0.0583557
2030869.25  0.0652787
2035002.00  0.0723319
2039151.75  0.0833294
2043318.25  0.0942814
2047082.88  0.10683
2051282.12  0.121114
2055498.50  0.135356
2059732.25  0.155328
2063983.50  0.175889
2067824.62  0.200024
2072109.38  0.231451
2076412.00  0.262746
2080732.38  0.296134
2085070.88  0.330307
2088991.00  0.363672
2093364.00  0.393876
2097755.50  0.424136
2102165.25  0.458486
2106150.00  0.495723
2110595.25  0.532885
2115059.25  0.579373
2119542.25  0.625659
2124044.25  0.665931
2128112.50  0.698743
2132651.00  0.731088
2137208.75  0.74018
2141786.25  0.745443
2146383.25  0.751397
2150537.50  0.759454
2155172.50  0.76713
2159827.25  0.776017
2164502.25  0.785393
2168727.00  0.794359
2173440.50  0.799915
2178174.75  0.805439
2182929.50  0.807396
2187705.00  0.806692
2192021.00  0.805984
2196836.50  0.817389
2201673.25  0.828737
2206531.25  0.834257
2210922.00  0.831204
2215821.00  0.827973
2220741.75  0.820405
2225684.50  0.811995
2230649.00  0.804826
2235136.25  0.802175
2240143.50  0.799176
2245173.00  0.815774
2250225.00  0.841548
2255300.00  0.865658
2259887.00  0.878072
2265005.75  0.890397
2270147.50  0.88923
2275313.00  0.876528
2279981.75  0.864072
2285192.00  0.858725
2290426.00  0.853899
2295684.00  0.860178
2300966.50  0.884865
2305741.25  0.909639
2311070.00  0.925405
2316423.50  0.938924
2321801.75  0.949877
2327205.00  0.951816
2332089.50  0.953959
2337541.00  0.953055
2343017.75  0.950662
2348520.50  0.948928
2353495.00  0.954791
2359047.00  0.960558
2364625.25  0.957966
2370230.00  0.947073
2375861.25  0.936384
2380952.50  0.934057
2386634.75  0.932318
2392344.50  0.936544
2398081.50  0.952324
2403846.25  0.967856
2409058.00  0.981458
2414875.50  0.994112
2420721.50  1
2426595.50  0.978658
2431906.50  0.957641
2437835.25  0.938694
2443792.75  0.921248
2449779.50  0.905137
2455795.75  0.913604
2461235.50  0.922244
2467308.25  0.935143
2473410.75  0.952959
2479543.75  0.970675
2485707.25  0.964077
2491280.50  0.954951
2497502.50  0.943612
2503755.50  0.928002
2510040.25  0.912459
2515723.25  0.912545
2522068.00  0.917746
2528445.00  0.922756
2534854.25  0.928185
2541296.00  0.933576
2547121.75  0.93553
2553626.00  0.934961
2560164.00  0.934532
2566735.00  0.942512
2573340.25  0.950438
2579314.00  0.958708
2585984.00  0.966829
2592688.50  0.974894
2599428.00  0.963758
2605523.75  0.949953
2612330.25  0.93448
2619172.25  0.915245
2626050.50  0.896099
2632964.75  0.899754
2639218.75  0.912533
2646202.75  0.927038
2653223.75  0.958905
2660282.00  0.982467
2666666.75  0.987493
2673796.75  0.973893
2680965.00  0.947831
2688172.00  0.911417
2695417.75  0.883057
2701972.50  0.871919
2709293.00  0.859879
2716653.00  0.873314
2724053.50  0.886239
2731494.00  0.88891
2738225.50  0.896165
2745744.00  0.892587
2753304.00  0.878786
2760905.50  0.856801
2767783.00  0.840453
2775465.00  0.831871
2783189.50  0.828176
2790957.25  0.809282
2798768.50  0.79434
2805836.00  0.776113
2813731.00  0.748156
2821670.50  0.71337
2829654.75  0.689677
2837684.50  0.639049
2844950.25  0.630093
2853067.00  0.670088
2861230.25  0.609787
2869440.50  0.613555
2876870.00  0.581929
2885170.25  0.535187
2893518.50  0.473105
2901915.25  0.413633
2910361.00  0.34681
2918004.00  0.290631
2926543.75  0.241002
2935133.50  0.195077
2943774.00  0.111617
2952465.25  0.0502341
2960331.50  0.0274876
2969121.00  0.0164515
2977963.00  0.0101811
2986857.75  0.00654928
2994908.75  0.00531423
3003905.00  0.00444417
3012955.75  0.00401078
3022061.00  0.00378804
3031221.50  0.00360857
3039513.75  0.00341848
3048780.50  0.00323091
3058104.00  0.00296242
3067484.75  0.00267035
3076923.00  0.00239506
3085467.50  0.00208081
3095017.00  0.00184875
3104626.00  0.00163797
3114294.50  0.00144705
3123048.00  0.0012688
3132832.00  0.00109291
3142677.50  0.000915268
3152585.00  0.00076259
3162555.25  0.000631963
3171582.50  0.000519703
3181673.50  0.000434744
3191829.00  0.000378602
3202049.25  0.000332207
3211303.75  0.000303736
3221649.50  0.000280365
3232062.00  0.000261197
3242542.25  0.000237863
3253090.50  0.000215269
3262642.75  0.00019146
3273322.50  0.000172447
3284072.25  0.000153555
3294893.00  0.000136422
3305785.00  0.000125468
3315650.00  0.000115541
3326680.00  0.00010719
3337783.75  0.000100811
3348961.75  9.44722e-05
3359086.25  8.73991e-05
3370407.75  8.01796e-05
3381806.00  7.25961e-05
3393281.25  6.61992e-05
3404835.00  6.15211e-05
3415300.50  5.72769e-05
3427004.75  5.4199e-05
3438789.50  5.17244e-05
3450655.50  4.874e-05
3462604.00  4.45827e-05
3473428.25  4.01116e-05
3485535.00  3.58211e-05
3497726.50  3.17913e-05
3510003.50  2.86902e-05
3521126.75  2.72627e-05
3533569.00  2.64461e-05
3546099.25  2.595e-05
3558719.00  2.47738e-05
3571428.50  2.34865e-05
3582945.25  2.10311e-05
3595828.75  1.81767e-05
3608805.50  1.60265e-05
3621876.00  1.45838e-05
3635041.75  1.3236e-05
3646973.00  1.28965e-05
3660322.00  1.25227e-05
3673769.25  1.24033e-05
3687315.50  1.21485e-05
3699593.00  1.18892e-05
3713331.00  0
