

3326680.000  0
3337783.750  1.22239e-05
3348961.750  1.31977e-05
3359086.250  1.2989e-05
3370407.750  1.7043e-05
3381806.000  1.71827e-05
3393281.250  2.8764e-05
3404835.000  3.36663e-05
3415300.500  2.39885e-05
3427004.750  3.32001e-05
3438789.500  6.29136e-05
3450655.500  7.04059e-05
3462604.000  8.6367e-05
3473428.250  0.000137744
3485535.000  0.000179433
3497726.500  0.000227134
3510003.500  0.00034436
3521126.750  0.000534448
3533569.000  0.000712832
3546099.250  0.000787925
3558719.000  0.00095914
3571428.500  0.00118989
3582945.250  0.00114449
3595828.750  0.000958118
3608805.500  0.00101462
3621876.000  0.00116411
3635041.750  0.00132479
3646973.000  0.0015344
3660322.000  0.00142435
3673769.250  0.00140852
3687315.500  0.001397
3699593.000  0.00155706
3713331.000  0.00151042
3727171.000  0.00164888
3741115.000  0.00176446
3755163.250  0.00213263
3767897.500  0.00294057
3782148.250  0.00340962
3796507.250  0.0041011
3810975.500  0.00472023
3825554.750  0.00615779
3838771.500  0.00751505
3853564.500  0.00916494
3868472.000  0.0116032
3883495.000  0.0145958
3897116.000  0.0182561
3912363.000  0.0237691
3927729.750  0.031803
3943217.750  0.0416798
3958828.250  0.0536278
3972983.750  0.0686661
3988831.250  0.0885948
4004805.750  0.112365
4020908.750  0.141976
4037141.750  0.182203
4051864.000  0.230033
4068348.250  0.291346
4084967.250  0.379935
4101722.750  0.486986
4116920.500  0.609242
4133939.500  0.708142
4151100.000  0.78997
4168403.500  0.863948
4185851.750  0.886104
4201680.500  0.901505
4219409.500  0.921253
4237288.000  0.943481
4255319.000  0.956486
4271679.000  0.975572
4290004.500  0.984136
4308487.500  1
4327131.000  0.992413
4345936.500  0.997912
4363001.500  0.967346
4382121.000  0.958755
4401408.500  0.968413
4420866.500  0.980677
4440497.500  0.978258
4458315.000  0.962894
4478280.500  0.959234
4498425.500  0.905899
4518753.000  0.887068
4537205.000  0.878301
4557885.000  0.861088
4578754.500  0.850037
4599816.000  0.87236
4621072.000  0.892754
4640371.000  0.892557
4662004.500  0.917324
4683840.500  0.895177
4705882.500  0.876966
4728132.500  0.839384
4748338.000  0.826251
4770992.500  0.786794
4793864.000  0.77579
4816955.500  0.754695
4837929.500  0.771656
4861448.500  0.788496
4885198.000  0.79715
4909180.000  0.794557
4933399.000  0.775415
4955401.500  0.768966
4980079.500  0.757037
5005005.000  0.754259
5030181.000  0.747381
5055611.500  0.731696
5078720.000  0.710629
5104645.000  0.718137
5130836.500  0.72636
5157297.500  0.70324
5181347.000  0.708053
5208333.500  0.706427
5235602.000  0.678903
5263158.000  0.677909
5291005.500  0.693513
5316321.000  0.725168
5344735.500  0.711093
5373455.000  0.714289
5402485.000  0.717541
5431830.500  0.697733
5458515.500  0.692242
5488474.000  0.66352
5518764.000  0.650882
5549389.500  0.660583
5577245.000  0.637443
5608525.000  0.653365
5640158.000  0.696485
5672149.500  0.700935
5704506.500  0.705788
5733945.000  0.696227
5767012.500  0.675138
5800464.000  0.653023
5834305.500  0.658232
5865102.500  0.648124
5899705.000  0.671615
5934718.000  0.693111
5970149.500  0.668919
6006006.000  0.667405
6038647.500  0.67202
6075334.000  0.663759
6112469.500  0.285591
6150061.500  0.15709
6188119.000  0.103807
6222775.500  0.0749027
6261741.000  0.0578976
6301197.000  0.0445219
6341154.000  0.0354937
6377551.000  0.0287846
6418485.000  0.0237274
6459948.500  0.0192817
6501950.500  0.0155897
6544502.500  0.012963
6583278.500  0.0117445
6626905.000  0.0100905
6671114.000  0.00855948
6715916.500  0.00791725
6761325.000  0.00706466
6802721.000  0.00619375
6849315.000  0.005465
6896551.500  0.00469525
6944444.500  0.00396114
6988120.000  0.00346743
7037297.500  0.00310452
7087172.000  0.00290052
7137758.500  0.00248146
7189072.500  0.00228713
7235890.000  0.00196942
7288629.500  0.00189191
7342144.000  0.00170422
7396449.500  0.001521
7451565.000  0.00142598
7501875.500  0.00130674
7558579.000  0.00109423
7616146.000  0.000996549
7674597.000  0.00095014
7727975.500  0.000842978
7788162.000  0.000710502
7849293.500  0.00067352
7911392.500  0.000606279
7974481.500  0.000592943
8032128.500  0.000536053
8097166.000  0.000498546
8163265.500  0.000453496
8230452.500  0.000445054
8298755.000  0.00040156
8361204.000  0.000395167
8431703.000  0.000357792
8503401.000  0.00030998
8576329.000  0.000274095
8643042.000  0.000232832
8718396.000  0.0002165
8795075.000  0.000199692
8873114.000  0.000195138
8952552.000  0.00015799
9025271.000  0.000148936
9107468.000  0.000139569
9191176.000  0.000140459
9276438.000  0
