

100025.0  0
100050.0  0
100075.0  0
100100.0  0
100150.0  0
100175.0  0
100200.0  0
100226.0  0
100251.0  0
100276.0  0
100301.0  0
100326.0  0
100351.0  0
100376.0  0
100402.0  0
100427.0  0
100452.0  0
100477.0  0
100528.0  0
100553.0  0
100578.0  0
100604.0  0
100629.0  0
100654.0  0
100680.0  0
100705.0  0
100730.0  0
100756.0  0
100781.0  0
100806.0  0
100832.0  0
100857.0  0
100883.0  0
100908.0  0
100934.0  0
100959.0  0
100985.0  0
101010.0  0
101036.0  0
101061.0  0
101087.0  0
101112.0  0
101138.0  0
101163.0  0
101189.0  0
101215.0  0
101240.0  0
101266.0  0
101291.0  0
101317.0  0
101343.0  0
101368.0  0
101394.0  0
101420.0  0
101446.0  0
101471.0  0
101497.0  0
101523.0  0
101549.0  0
101574.0  0
101600.0  0
101626.0  0
101652.0  0
101678.0  0
101704.0  0
101729.0  0
101755.0  0
101781.0  0
101807.0  0
101833.0  0
101859.0  0
101885.0  0
101911.0  0
101937.0  0
101963.0  0
101989.0  0
102015.0  0
102041.0  0
102067.0  0
102093.0  0
102119.0  0
102145.0  0
102171.0  0
102197.0  0
102223.0  0
102249.0  0
102276.0  0
102302.0  0
102328.0  0
102354.0  0
102380.0  0
102407.0  0
102433.0  0
102459.0  0
102485.0  0
102512.0  0
102538.0  0
102564.0  0
102590.0  0
102617.0  0
102643.0  0
102669.0  0
102696.0  0
102749.0  0
102775.0  0
102801.0  0
102854.0  0
102881.0  0
102907.0  0
102934.0  0
102960.0  0
102987.0  0
103013.0  0
103040.0  0
103066.0  0
103093.0  0
103119.0  0
103146.0  0
103173.0  0
103199.0  0
103226.0  0
103252.0  0
103279.0  0
103306.0  0
103332.0  0
103359.0  0
103386.0  0
103413.0  0
103439.0  0
103466.0  0
103493.0  0
103520.0  0
103546.0  0
103573.0  0
103600.0  0
103627.0  0
103654.0  0
103681.0  0
103708.0  0
103734.0  0
103761.0  0
103788.0  0
103815.0  0
103842.0  0
103869.0  0
103896.0  0
103923.0  0
103950.0  0
103977.0  0
104004.0  0
104031.0  0
104058.0  0
104085.0  0
104112.0  0
104140.0  0
104167.0  0
104194.0  0
104221.0  0
104248.0  0
104275.0  0
104302.0  0
104330.0  0
104357.0  0
104384.0  0
104411.0  0
104439.0  0
104466.0  0
104493.0  0
104521.0  0
104548.0  0
104575.0  0
104603.0  0
104630.0  0
104657.0  0
104685.0  0
104712.0  0
104739.0  0
104767.0  0
104794.0  0
104822.0  0
104849.0  0
104877.0  0
104904.0  0
104932.0  0
104959.0  0
104987.0  0
105014.0  0
105042.0  0
105070.0  0
105097.0  0
105125.0  0
105152.0  0
105180.0  0
105208.0  0
105235.0  0
105263.0  0
105291.0  0
105319.0  0
105346.0  0
105374.0  0
105402.0  0
105430.0  0
105457.0  0
105485.0  0
105513.0  0
105541.0  0
105569.0  0
105597.0  0
105625.0  0
105652.0  0
105680.0  0
105708.0  0
105736.0  0
105764.0  0
105792.0  0
105820.0  0
105848.0  0
105876.0  0
105904.0  0
105932.0  0
105960.0  0
105988.0  0
106016.0  0
106045.0  0
106073.0  0
106101.0  0
106129.0  0
106157.0  0
106185.0  0
106213.0  0
106242.0  0
106270.0  0
106298.0  0
106326.0  0
106355.0  0
106383.0  0
106411.0  0
106440.0  0
106468.0  0
106496.0  0
106525.0  0
106553.0  0
106581.0  0
106610.0  0
106638.0  0
106667.0  0
106695.0  0
106724.0  0
106752.0  0
106781.0  0
106809.0  0
106838.0  0
106866.0  0
106895.0  0
106923.0  0
106952.0  0
106980.0  0
107009.0  0
107038.0  0
107066.0  0
107095.0  0
107124.0  0
107152.0  0
107181.0  0
107210.0  0
107239.0  0
107267.0  0
107296.0  0
107325.0  0
107354.0  0
107383.0  0
107411.0  0
107440.0  0
107469.0  0
107498.0  0
107527.0  0
107556.0  0
107585.0  0
107614.0  0
107643.0  0
107672.0  0
107701.0  0
107730.0  0
107759.0  0
107788.0  0
107817.0  0
107846.0  0
107875.0  0
107904.0  0
107933.0  0
107962.0  0
107991.0  0
108021.0  0
108050.0  0
108079.0  0
108108.0  0
108137.0  0
108167.0  0
108196.0  0
108225.0  0
108254.0  0
108284.0  0
108313.0  0
108342.0  0
108372.0  0
108401.0  0
108430.0  0
108460.0  0
108489.0  0
108519.0  0
108548.0  0
108578.0  0
108607.0  0
108637.0  0
108666.0  0
108696.0  0
108725.0  0
108755.0  0
108784.0  0
108814.0  0
108844.0  0
108873.0  0
108903.0  0
108932.0  0
108962.0  0
108992.0  0
109022.0  0
109051.0  0
109081.0  0
109111.0  0
109141.0  0
109170.0  0
109200.0  0
109230.0  0
109260.0  0
109290.0  0
109319.0  0
109349.0  0
109379.0  0
109409.0  0
109439.0  0
109469.0  0
109499.0  0
109529.0  0
109559.0  0
109589.0  0
109619.0  0
109649.0  0
109679.0  0
109709.0  0
109739.0  0
109769.0  0
109800.0  0
109830.0  0
109860.0  0
109890.0  0
109920.0  0
109951.0  0
109981.0  0
110011.0  0
110041.0  0
110072.0  0
110102.0  0
110132.0  0
110162.0  0
110193.0  0
110223.0  0
110254.0  0
110284.0  0
110314.0  0
110345.0  0
110375.0  0
110406.0  0
110436.0  0
110467.0  0
110497.0  0
110528.0  0
110558.0  0
110589.0  0
110619.0  0
110650.0  0
110681.0  0
110711.0  0
110742.0  0
110773.0  0
110803.0  0
110834.0  0
110865.0  0
110895.0  0
110926.0  0
110957.0  0
110988.0  0
111019.0  0
111049.0  0
111080.0  0
111111.0  0
111142.0  0
111173.0  0
111204.0  0
111235.0  0
111266.0  0
111297.0  0
111328.0  0
111359.0  0
111390.0  0
111421.0  0
111452.0  0
111483.0  0
111514.0  0
111545.0  0
111576.0  0
111607.0  0
111638.0  0
111669.0  0
111701.0  0
111732.0  0
111763.0  0
111794.0  0
111826.0  0
111857.0  0
111888.0  0
111919.0  0
111951.0  0
111982.0  0
112013.0  0
112045.0  0
112076.0  0
112108.0  0
112139.0  0
112170.0  0
112202.0  0
112233.0  0
112265.0  0
112296.0  0
112328.0  0
112360.0  0
112391.0  0
112423.0  0
112454.0  0
112486.0  0
112518.0  0
112549.0  0
112581.0  0
112613.0  0
112644.0  0
112676.0  0
112708.0  0
112740.0  0
112771.0  0
112803.0  0
112835.0  0
112867.0  0
112899.0  0
112931.0  0
112962.0  0
112994.0  0
113026.0  0
113058.0  0
113090.0  0
113122.0  0
113154.0  0
113186.0  0
113218.0  0
113250.0  0
113282.0  0
113314.0  0
113347.0  0
113379.0  0
113411.0  0
113443.0  0
113475.0  0
113507.0  0
113540.0  0
113572.0  0
113604.0  0
113636.0  0
113669.0  0
113701.0  0
113733.0  0
113766.0  0
113798.0  0
113830.0  0
113863.0  0
113895.0  0
113928.0  0
113960.0  0
113993.0  0
114025.0  0
114058.0  0
114090.0  0
114123.0  0
114155.0  0
114188.0  0
114220.0  0
114253.0  0
114286.0  0
114318.0  0
114351.0  0
114384.0  0
114416.0  0
114449.0  0
114482.0  0
114515.0  0
114548.0  0
114580.0  0
114613.0  0
114646.0  0
114679.0  0
114712.0  0
114745.0  0
114778.0  0
114811.0  0
114844.0  0
114877.0  0
114910.0  0
114943.0  0
114976.0  0
115009.0  0
115042.0  0
115075.0  0
115108.0  0
115141.0  0
115174.0  0
115207.0  0
115241.0  0
115274.0  0
115307.0  0
115340.0  0
115374.0  0
115407.0  0
115440.0  0
115473.0  0
115507.0  0
115540.0  0
115574.0  0
115607.0  0
115640.0  0
115674.0  0
115707.0  0
115741.0  0
115774.0  0
115808.0  0
115841.0  0
115875.0  0
115908.0  0
115942.0  0
115976.0  0
116009.0  0
116043.0  0
116077.0  0
116110.0  0
116144.0  0
116178.0  0
116212.0  0
116245.0  0
116279.0  0
116313.0  0
116347.0  0
116381.0  0
116414.0  0
116448.0  0
116482.0  0
116516.0  0
116550.0  0
116584.0  0
116618.0  0
116652.0  0
116686.0  0
116720.0  0
116754.0  0
116788.0  0
116822.0  0
116857.0  0
116891.0  0
116925.0  0
116959.0  0
116993.0  0
117028.0  0
117062.0  0
117096.0  0
117130.0  0
117165.0  0
117199.0  0
117233.0  0
117268.0  0
117302.0  0
117336.0  0
117371.0  0
117405.0  0
117440.0  0
117474.0  0
117509.0  0
117543.0  0
117578.0  0
117612.0  0
117647.0  0
117682.0  0
117716.0  0
117751.0  0
117786.0  0
117820.0  0
117855.0  0
117890.0  0
117925.0  0
117959.0  0
117994.0  0
118029.0  0
118064.0  0
118099.0  0
118133.0  0
118168.0  0
118203.0  0
118238.0  0
118273.0  0
118308.0  0
118343.0  0
118378.0  0
118413.0  0
118448.0  0
118483.0  0
118519.0  0
118554.0  0
118589.0  0
118624.0  0
118659.0  0
118694.0  0
118730.0  0
118765.0  0
118800.0  0
118835.0  0
118871.0  0
118906.0  0
118941.0  0
118977.0  0
119012.0  0
119048.0  0
119083.0  0
119119.0  0
119154.0  0
119190.0  0
119225.0  0
119261.0  0
119296.0  0
119332.0  0
119367.0  0
119403.0  0
119439.0  0
119474.0  0
119510.0  0
119546.0  0
119581.0  0
119617.0  0
119653.0  0
119689.0  0
119725.0  0
119760.0  0
119796.0  0
119832.0  0
119868.0  0
119904.0  0
119940.0  0
119976.0  0
120012.0  0
120048.0  0
120084.0  0
120120.0  0
120156.0  0
120192.0  0
120228.0  0
120265.0  0
120301.0  0
120337.0  0
120373.0  0
120409.0  0
120446.0  0
120482.0  0
120518.0  0
120555.0  0
120591.0  0
120627.0  0
120664.0  0
120700.0  0
120736.0  0
120773.0  0
120809.0  0
120846.0  0
120882.0  0
120919.0  0
120956.0  0
120992.0  0
121029.0  0
121065.0  0
121102.0  0
121139.0  0
121175.0  0
121212.0  0
121249.0  0
121286.0  0
121322.0  0
121359.0  0
121396.0  0
121433.0  0
121470.0  0
121507.0  0
121544.0  0
121581.0  0
121618.0  0
121655.0  0
121692.0  0
121729.0  0
121766.0  0
121803.0  0
121840.0  0
121877.0  0
121914.0  0
121951.0  0
121988.0  0
122026.0  0
122063.0  0
122100.0  0
122137.0  0
122175.0  0
122212.0  0
122249.0  0
122287.0  0
122324.0  0
122362.0  0
122399.0  0
122436.0  0
122474.0  0
122511.0  0
122549.0  0
122587.0  0
122624.0  0
122662.0  0
122699.0  0
122737.0  0
122775.0  0
122812.0  0
122850.0  0
122888.0  0
122926.0  0
122963.0  0
123001.0  0
123039.0  0
123077.0  0
123115.0  0
123153.0  0
123191.0  0
123229.0  0
123267.0  0
123305.0  0
123343.0  0
123381.0  0
123419.0  0
123457.0  0
123495.0  0
123533.0  0
123571.0  0
123609.0  0
123648.0  0
123686.0  0
123724.0  0
123762.0  0
123801.0  0
123839.0  0
123877.0  0
123916.0  0
123954.0  0
123993.0  0
124031.0  0
124069.0  0
124108.0  0
124146.0  0
124185.0  0
124224.0  0
124262.0  0
124301.0  0
124339.0  0
124378.0  0
124417.0  0
124456.0  0
124494.0  0
124533.0  0
124572.0  0
124611.0  0
124649.0  0
124688.0  0
124727.0  0
124766.0  0
124805.0  0
124844.0  0
124883.0  0
124922.0  0
124961.0  0
125000.0  0
125039.0  0
125078.0  0
125117.0  0
125156.0  0
125196.0  0
125235.0  0
125274.0  0
125313.0  0
125353.0  0
125392.0  0
125431.0  0
125471.0  0
125510.0  0
125549.0  0
125589.0  0
125628.0  0
125668.0  0
125707.0  0
125747.0  0
125786.0  0
125826.0  0
125865.0  0
125905.0  0
125945.0  0
125984.0  0
126024.0  0
126064.0  0
126103.0  0
126143.0  0
126183.0  0
126223.0  0
126263.0  0
126302.0  0
126342.0  0
126382.0  0
126422.0  0
126462.0  0
126502.0  0
126542.0  0
126582.0  0
126622.0  0
126662.0  0
126703.0  0
126743.0  0
126783.0  0
126823.0  0
126863.0  0
126904.0  0
126944.0  0
126984.0  0
127024.0  0
127065.0  0
127105.0  0
127146.0  0
127186.0  0
127226.0  0
127267.0  0
127307.0  0
127348.0  0
127389.0  0
127429.0  0
127470.0  0
127510.0  0
127551.0  0
127592.0  0
127632.0  0
127673.0  0
127714.0  0
127755.0  0
127796.0  0
127836.0  0
127877.0  0
127918.0  0
127959.0  0
128000.0  0
128041.0  0
128082.0  0
128123.0  0
128164.0  0
128205.0  0
128246.0  0
128287.0  0
128329.0  0
128370.0  0
128411.0  0
128452.0  0
128493.0  0
128535.0  0
128576.0  0
128617.0  0
128659.0  0
128700.0  0
128742.0  0
128783.0  0
128824.0  0
128866.0  0
128908.0  0
128949.0  0
128991.0  0
129032.0  0
129074.0  0
129116.0  0
129157.0  0
129199.0  0
129241.0  0
129282.0  0
129324.0  0
129366.0  0
129408.0  0
129450.0  0
129492.0  0
129534.0  0
129576.0  0
129618.0  0
129660.0  0
129702.0  0
129744.0  0
129786.0  0
129828.0  0
129870.0  0
129912.0  0
129955.0  0
129997.0  0
130039.0  0
130081.0  0
130124.0  0
130166.0  0
130208.0  0
130251.0  0
130293.0  0
130336.0  0
130378.0  0
130421.0  0
130463.0  0
130506.0  0
130548.0  0
130591.0  0
130634.0  0
130676.0  0
130719.0  0
130762.0  0
130804.0  0
130847.0  0
130890.0  0
130933.0  0
130976.0  0
131019.0  0
131062.0  0
131105.0  0
131148.0  0
131191.0  0
131234.0  0
131277.0  0
131320.0  0
131363.0  0
131406.0  0
131449.0  0
131492.0  0
131536.0  0
131579.0  0
131622.0  0
131666.0  0
131709.0  0
131752.0  0
131796.0  0
131839.0  0
131883.0  0
131926.0  0
131970.0  0
132013.0  0
132057.0  0
132100.0  0
132144.0  0
132188.0  0
132231.0  0
132275.0  0
132319.0  0
132363.0  0
132406.0  0
132450.0  0
132494.0  0
132538.0  0
132582.0  0
132626.0  0
132670.0  0
132714.0  0
132758.0  0
132802.0  0
132846.0  0
132890.0  0
132935.0  0
132979.0  0
133023.0  0
133067.0  0
133111.0  0
133156.0  0
133200.0  0
133245.0  0
133289.0  0
133333.0  0
133378.0  0
133422.0  0
133467.0  0
133511.0  0
133556.0  0
133601.0  0
133645.0  0
133690.0  0
133735.0  0
133779.0  0
133824.0  0
133869.0  0
133914.0  0
133958.0  0
134003.0  0
134048.0  0
134093.0  0
134138.0  0
134183.0  0
134228.0  0
134273.0  0
134318.0  0
134363.0  0
134409.0  0
134454.0  0
134499.0  0
134544.0  0
134590.0  0
134635.0  0
134680.0  0
134725.0  0
134771.0  0
134816.0  0
134862.0  1.22942e-07
134907.0  1.22901e-07
134953.0  1.22859e-07
134998.0  1.22818e-07
135044.0  1.22776e-07
135089.0  1.22735e-07
135135.0  1.22694e-07
135181.0  1.22652e-07
135227.0  1.2261e-07
135272.0  1.22569e-07
135318.0  1.22528e-07
135364.0  1.22486e-07
135410.0  1.22444e-07
135455.0  1.22404e-07
135501.0  1.22362e-07
135547.0  1.22321e-07
135593.0  1.22279e-07
135639.0  1.22238e-07
135685.0  1.22196e-07
135731.0  1.22155e-07
135777.0  1.22113e-07
135823.0  1.22072e-07
135870.0  1.2203e-07
135916.0  1.21988e-07
135962.0  2.43894e-07
136008.0  2.43812e-07
136054.0  2.4373e-07
136101.0  2.43645e-07
136147.0  2.43563e-07
136193.0  2.43481e-07
136240.0  2.43397e-07
136286.0  2.43315e-07
136333.0  2.43231e-07
136379.0  2.43149e-07
136426.0  2.43065e-07
136472.0  2.42983e-07
136519.0  2.42899e-07
136565.0  3.64226e-07
136612.0  3.64101e-07
136659.0  3.63976e-07
136705.0  3.63853e-07
136752.0  3.63728e-07
136799.0  3.63603e-07
136846.0  3.63478e-07
136893.0  3.63354e-07
136939.0  3.63231e-07
136986.0  3.63107e-07
137033.0  3.62982e-07
137080.0  3.62858e-07
137127.0  3.62734e-07
137174.0  3.62609e-07
137221.0  4.83313e-07
137268.0  4.83148e-07
137315.0  4.82983e-07
137363.0  4.82814e-07
137410.0  4.82649e-07
137457.0  4.82484e-07
137504.0  4.82319e-07
137552.0  4.8215e-07
137599.0  4.81986e-07
137646.0  4.81821e-07
137694.0  4.81653e-07
137741.0  4.81489e-07
137788.0  4.81325e-07
137836.0  4.81157e-07
137883.0  4.80993e-07
137931.0  4.80826e-07
137979.0  4.80658e-07
138026.0  4.80495e-07
138074.0  6.00409e-07
138122.0  6.00201e-07
138169.0  5.99997e-07
138217.0  5.99788e-07
138265.0  5.9958e-07
138313.0  5.99372e-07
138360.0  5.99168e-07
138408.0  5.98961e-07
138456.0  5.98753e-07
138504.0  5.98545e-07
138552.0  5.98338e-07
138600.0  5.98131e-07
138648.0  5.97924e-07
138696.0  5.97717e-07
138744.0  5.9751e-07
138793.0  5.97299e-07
138841.0  5.97093e-07
138889.0  5.96886e-07
138937.0  5.9668e-07
138985.0  5.96474e-07
139034.0  5.96264e-07
139082.0  5.96058e-07
139130.0  5.95852e-07
139179.0  5.95643e-07
139227.0  5.95437e-07
139276.0  5.95228e-07
139324.0  5.95023e-07
139373.0  5.94814e-07
139421.0  5.94609e-07
139470.0  5.944e-07
139519.0  7.13029e-07
139567.0  7.12784e-07
139616.0  7.12534e-07
139665.0  7.12284e-07
139714.0  7.12034e-07
139762.0  7.11789e-07
139811.0  7.1154e-07
139860.0  7.11291e-07
139909.0  7.11042e-07
139958.0  7.10793e-07
140007.0  7.10544e-07
140056.0  7.10295e-07
140105.0  7.10047e-07
140154.0  7.09799e-07
140203.0  7.09551e-07
140252.0  7.09303e-07
140302.0  7.0905e-07
140351.0  7.08802e-07
140400.0  7.08555e-07
140449.0  7.08308e-07
140499.0  7.08056e-07
140548.0  7.07809e-07
140598.0  5.89631e-07
140647.0  5.89426e-07
140696.0  5.8922e-07
140746.0  5.89011e-07
140795.0  5.88806e-07
140845.0  5.88597e-07
140895.0  5.88388e-07
140944.0  5.88183e-07
140994.0  5.87975e-07
141044.0  5.87767e-07
141093.0  7.05075e-07
141143.0  5.87354e-07
141193.0  5.87146e-07
141243.0  5.86938e-07
141293.0  5.86731e-07
141343.0  5.86523e-07
141393.0  5.86316e-07
141443.0  5.86108e-07
141493.0  5.85901e-07
141543.0  5.85694e-07
141593.0  5.85488e-07
141643.0  5.85281e-07
141693.0  5.85074e-07
141743.0  5.84868e-07
141794.0  5.84658e-07
141844.0  5.84452e-07
141894.0  5.84246e-07
141945.0  5.84036e-07
141995.0  5.8383e-07
142045.0  5.83624e-07
142096.0  5.83415e-07
142146.0  5.8321e-07
142197.0  5.83001e-07
142248.0  5.82792e-07
142298.0  5.82587e-07
142349.0  5.82378e-07
142399.0  5.82174e-07
142450.0  5.81965e-07
142501.0  5.81757e-07
142552.0  5.81549e-07
142602.0  5.81345e-07
142653.0  5.81137e-07
142704.0  5.80929e-07
142755.0  5.80722e-07
142806.0  5.80514e-07
142857.0  5.80307e-07
142908.0  5.801e-07
142959.0  5.79893e-07
143010.0  5.79686e-07
143062.0  5.79476e-07
143113.0  5.79269e-07
143164.0  5.79063e-07
143215.0  5.78857e-07
143266.0  5.7865e-07
143318.0  5.78441e-07
143369.0  5.78235e-07
143421.0  5.78025e-07
143472.0  5.7782e-07
143524.0  5.7761e-07
143575.0  5.77405e-07
143627.0  5.77196e-07
143678.0  5.76991e-07
143730.0  5.76782e-07
143781.0  5.76578e-07
143833.0  5.76369e-07
143885.0  5.76161e-07
143937.0  5.75953e-07
143988.0  5.75749e-07
144040.0  5.75541e-07
144092.0  5.75333e-07
144144.0  5.75126e-07
144196.0  5.74918e-07
144248.0  4.59769e-07
144300.0  4.59603e-07
144352.0  4.59438e-07
144404.0  4.59272e-07
144456.0  4.59107e-07
144509.0  4.58939e-07
144561.0  4.58773e-07
144613.0  4.58609e-07
144665.0  4.58444e-07
144718.0  4.58276e-07
144770.0  4.58111e-07
144823.0  4.57944e-07
144875.0  4.57779e-07
144928.0  4.57612e-07
144980.0  4.57448e-07
145033.0  3.4296e-07
145085.0  3.42837e-07
145138.0  3.42712e-07
145191.0  3.42587e-07
145243.0  3.42464e-07
145296.0  3.4234e-07
145349.0  3.42215e-07
145402.0  3.4209e-07
145455.0  3.41965e-07
145507.0  3.41843e-07
145560.0  3.41719e-07
145613.0  3.41594e-07
145666.0  3.4147e-07
145719.0  3.41346e-07
145773.0  2.2748e-07
145826.0  2.27397e-07
145879.0  2.27314e-07
145932.0  2.27232e-07
145985.0  2.27149e-07
146039.0  2.27065e-07
146092.0  2.26983e-07
146145.0  2.269e-07
146199.0  2.26817e-07
146252.0  2.26735e-07
146306.0  2.26651e-07
146359.0  2.26569e-07
146413.0  2.26485e-07
146466.0  2.26403e-07
146520.0  2.2632e-07
146574.0  2.26236e-07
146628.0  2.26153e-07
146681.0  2.26071e-07
146735.0  2.25988e-07
146789.0  2.25905e-07
146843.0  2.25822e-07
146897.0  2.25739e-07
146951.0  1.12828e-07
147005.0  1.12787e-07
147059.0  1.12745e-07
147113.0  1.12704e-07
147167.0  1.12662e-07
147221.0  1.12621e-07
147275.0  1.1258e-07
147330.0  1.12538e-07
147384.0  1.12497e-07
147438.0  1.12455e-07
147493.0  1.12413e-07
147547.0  1.12372e-07
147601.0  1.12331e-07
147656.0  1.12289e-07
147710.0  1.12248e-07
147765.0  1.12206e-07
147820.0  1.12165e-07
147874.0  1.12124e-07
147929.0  1.12082e-07
147984.0  1.1204e-07
148038.0  1.12e-07
148093.0  1.11958e-07
148148.0  1.11916e-07
148203.0  1.11875e-07
148258.0  1.11833e-07
148313.0  1.11792e-07
148368.0  1.1175e-07
148423.0  1.11709e-07
148478.0  1.11668e-07
148533.0  1.11626e-07
148588.0  1.11585e-07
148644.0  1.11543e-07
148699.0  1.11502e-07
148754.0  1.1146e-07
148810.0  1.11419e-07
148865.0  1.11377e-07
148920.0  1.11336e-07
148976.0  1.11294e-07
149031.0  1.11253e-07
149087.0  1.11211e-07
149142.0  1.1117e-07
149198.0  0
149254.0  0
149309.0  0
149365.0  0
149421.0  0
149477.0  0
149533.0  0
149589.0  0
149645.0  0
149701.0  0
149757.0  0
149813.0  0
149869.0  0
149925.0  0
149981.0  0
150038.0  0
150094.0  0
150150.0  0
150207.0  0
150263.0  0
150319.0  0
150376.0  0
150432.0  0
150489.0  0
150546.0  0
150602.0  0
150659.0  0
150716.0  0
150773.0  0
150830.0  0
150886.0  0
150943.0  0
151000.0  0
151057.0  0
151114.0  0
151172.0  0
151229.0  0
151286.0  0
151343.0  0
151400.0  0
151458.0  0
151515.0  0
151573.0  0
151630.0  0
151688.0  0
151745.0  0
151803.0  0
151860.0  0
151918.0  0
151976.0  0
152033.0  0
152091.0  0
152149.0  0
152207.0  0
152265.0  0
152323.0  0
152381.0  0
152439.0  0
152497.0  0
152555.0  0
152614.0  0
152672.0  0
152730.0  0
152788.0  0
152847.0  0
152905.0  0
152964.0  0
153022.0  0
153081.0  0
153139.0  0
153198.0  0
153257.0  0
153315.0  0
153374.0  0
153433.0  0
153492.0  0
153551.0  0
153610.0  0
153669.0  0
153728.0  0
153787.0  0
153846.0  0
153905.0  0
153965.0  0
154024.0  0
154083.0  0
154143.0  0
154202.0  0
154261.0  0
154321.0  0
154381.0  0
154440.0  0
154500.0  0
154560.0  0
154619.0  0
154679.0  0
154739.0  0
154799.0  0
154859.0  0
154919.0  0
154979.0  0
155039.0  0
155099.0  0
155159.0  0
155219.0  0
155280.0  0
155340.0  0
155400.0  0
155461.0  0
155521.0  0
155581.0  0
155642.0  0
155703.0  0
155763.0  0
155824.0  0
155885.0  0
155945.0  0
156006.0  0
156067.0  0
156128.0  0
156189.0  0
156250.0  0
156311.0  0
156372.0  0
156433.0  0
156495.0  0
156556.0  0
156617.0  0
156678.0  0
156740.0  0
156801.0  0
156863.0  0
156924.0  0
156986.0  0
157048.0  0
157109.0  0
157171.0  0
157233.0  0
157295.0  0
157356.0  0
157418.0  0
157480.0  0
157542.0  0
157604.0  0
157667.0  0
157729.0  0
157791.0  0
157853.0  0
157916.0  0
157978.0  0
158040.0  0
158103.0  0
158165.0  0
158228.0  0
158290.0  0
158353.0  0
158416.0  0
158479.0  0
158541.0  0
158604.0  0
158667.0  0
158730.0  0
158793.0  0
158856.0  0
158919.0  0
158983.0  0
159046.0  0
159109.0  0
159172.0  0
159236.0  0
159299.0  0
159363.0  0
159426.0  0
159490.0  0
159553.0  0
159617.0  0
159681.0  0
159744.0  0
159808.0  0
159872.0  0
159936.0  0
160000.0  0
160064.0  0
160128.0  0
160192.0  0
160256.0  0
160321.0  0
160385.0  0
160449.0  0
160514.0  0
160578.0  0
160643.0  0
160707.0  0
160772.0  0
160836.0  0
160901.0  0
160966.0  0
161031.0  0
161095.0  0
161160.0  0
161225.0  0
161290.0  0
161355.0  0
161420.0  0
161486.0  0
161551.0  0
161616.0  0
161681.0  0
161747.0  0
161812.0  0
161878.0  0
161943.0  0
162009.0  0
162075.0  0
162140.0  0
162206.0  0
162272.0  0
162338.0  0
162404.0  0
162470.0  0
162536.0  0
162602.0  0
162668.0  0
162734.0  0
162800.0  0
162866.0  0
162933.0  0
162999.0  0
163066.0  0
163132.0  0
163199.0  0
163265.0  0
163332.0  0
163399.0  0
163465.0  0
163532.0  0
163599.0  0
163666.0  0
163733.0  0
163800.0  0
163867.0  0
163934.0  0
164002.0  0
164069.0  0
164136.0  0
164204.0  0
164271.0  0
164339.0  0
164406.0  0
164474.0  0
164541.0  0
164609.0  0
164677.0  0
164745.0  0
164813.0  0
164880.0  0
164948.0  0
165016.0  0
165085.0  0
165153.0  0
165221.0  0
165289.0  0
165358.0  0
165426.0  0
165494.0  0
165563.0  0
165631.0  0
165700.0  0
165769.0  0
165837.0  0
165906.0  0
165975.0  0
166044.0  0
166113.0  0
166182.0  0
166251.0  0
166320.0  0
166389.0  0
166459.0  0
166528.0  0
166597.0  0
166667.0  0
166736.0  0
166806.0  0
166875.0  0
166945.0  0
167015.0  0
167084.0  0
167154.0  0
167224.0  0
167294.0  0
167364.0  0
167434.0  0
167504.0  0
167574.0  0
167645.0  0
167715.0  0
167785.0  0
167856.0  0
167926.0  0
167997.0  0
168067.0  0
168138.0  0
168209.0  0
168279.0  0
168350.0  0
168421.0  0
168492.0  0
168563.0  0
168634.0  0
168705.0  0
168776.0  0
168848.0  0
168919.0  0
168990.0  0
169062.0  0
169133.0  0
169205.0  0
169276.0  0
169348.0  0
169420.0  0
169492.0  0
169563.0  0
169635.0  0
169707.0  0
169779.0  0
169851.0  0
169924.0  0
169996.0  0
170068.0  0
170140.0  0
170213.0  0
170285.0  0
170358.0  0
170430.0  0
170503.0  0
170576.0  0
170648.0  0
170721.0  0
170794.0  0
170867.0  0
170940.0  0
171013.0  0
171086.0  0
171160.0  0
171233.0  0
171306.0  0
171380.0  0
171453.0  0
171527.0  0
171600.0  0
171674.0  0
171748.0  0
171821.0  0
171895.0  0
171969.0  0
172043.0  0
172117.0  0
172191.0  0
172265.0  0
172340.0  0
172414.0  0
172488.0  0
172563.0  0
172637.0  0
172712.0  0
172786.0  0
172861.0  0
172936.0  0
173010.0  0
173085.0  0
173160.0  0
173235.0  0
173310.0  0
173385.0  0
173461.0  0
173536.0  0
173611.0  0
173687.0  0
173762.0  0
173837.0  0
173913.0  0
173989.0  0
174064.0  0
174140.0  0
174216.0  0
174292.0  0
174368.0  0
174444.0  0
174520.0  0
174596.0  0
174672.0  0
174749.0  0
174825.0  0
174902.0  0
174978.0  0
175055.0  0
175131.0  0
175208.0  0
175285.0  0
175362.0  0
175439.0  0
175516.0  0
175593.0  0
175670.0  0
175747.0  0
175824.0  0
175901.0  0
175979.0  0
176056.0  0
176134.0  0
176211.0  0
176289.0  0
176367.0  0
176445.0  0
176523.0  0
176600.0  0
176678.0  0
176757.0  0
176835.0  0
176913.0  0
176991.0  0
177069.0  0
177148.0  0
177226.0  0
177305.0  0
177384.0  0
177462.0  0
177541.0  0
177620.0  0
177699.0  0
177778.0  0
177857.0  0
177936.0  0
178015.0  0
178094.0  0
178174.0  0
178253.0  0
178333.0  0
178412.0  0
178492.0  0
178571.0  0
178651.0  0
178731.0  0
178811.0  0
178891.0  0
178971.0  0
179051.0  0
179131.0  0
179211.0  0
179292.0  0
179372.0  0
179453.0  0
179533.0  0
179614.0  0
179695.0  0
179775.0  0
179856.0  0
179937.0  0
180018.0  0
180099.0  0
180180.0  0
180261.0  0
180343.0  0
180424.0  0
180505.0  0
180587.0  0
180668.0  0
180750.0  0
180832.0  0
180914.0  0
180995.0  0
181077.0  0
181159.0  0
181242.0  0
181324.0  0
181406.0  0
181488.0  0
181571.0  0
181653.0  0
181736.0  0
181818.0  0
181901.0  0
181984.0  0
182066.0  0
182149.0  0
182232.0  0
182315.0  0
182399.0  0
182482.0  0
182565.0  0
182648.0  0
182732.0  0
182815.0  0
182899.0  0
182983.0  0
183066.0  0
183150.0  0
183234.0  0
183318.0  0
183402.0  0
183486.0  0
183570.0  0
183655.0  0
183739.0  0
183824.0  0
183908.0  0
183993.0  0
184077.0  0
184162.0  0
184247.0  0
184332.0  0
184417.0  0
184502.0  0
184587.0  0
184672.0  0
184757.0  0
184843.0  0
184928.0  0
185014.0  0
185099.0  0
185185.0  0
185271.0  0
185357.0  0
185443.0  0
185529.0  0
185615.0  0
185701.0  0
185787.0  0
185874.0  0
185960.0  0
186047.0  0
186133.0  0
186220.0  0
186306.0  0
186393.0  0
186480.0  0
186567.0  0
186654.0  0
186741.0  0
186829.0  0
186916.0  0
187003.0  0
187091.0  0
187178.0  0
187266.0  0
187354.0  0
187441.0  0
187529.0  0
187617.0  0
187705.0  0
187793.0  0
187882.0  0
187970.0  0
188058.0  0
188147.0  0
188235.0  0
188324.0  0
188413.0  0
188501.0  0
188590.0  0
188679.0  0
188768.0  0
188857.0  0
188947.0  0
189036.0  0
189125.0  0
189215.0  0
189304.0  0
189394.0  0
189484.0  0
189573.0  0
189663.0  0
189753.0  0
189843.0  0
189934.0  0
190024.0  0
190114.0  0
190204.0  0
190295.0  0
190386.0  0
190476.0  0
190567.0  0
190658.0  0
190749.0  0
190840.0  0
190931.0  0
191022.0  0
191113.0  0
191205.0  0
191296.0  0
191388.0  0
191479.0  0
191571.0  0
191663.0  0
191755.0  0
191847.0  0
191939.0  0
192031.0  0
192123.0  0
192215.0  0
192308.0  0
192400.0  0
192493.0  0
192585.0  0
192678.0  0
192771.0  0
192864.0  0
192957.0  0
193050.0  0
193143.0  0
193237.0  0
193330.0  0
193424.0  0
193517.0  0
193611.0  0
193705.0  0
193798.0  0
193892.0  0
193986.0  0
194081.0  0
194175.0  0
194269.0  0
194363.0  0
194458.0  0
194553.0  0
194647.0  0
194742.0  0
194837.0  0
194932.0  0
195027.0  0
195122.0  0
195217.0  0
195313.0  0
195408.0  0
195503.0  0
195599.0  0
195695.0  0
195791.0  0
195886.0  0
195982.0  0
196078.0  0
196175.0  0
196271.0  0
196367.0  0
196464.0  0
196560.0  0
196657.0  0
196754.0  0
196850.0  0
196947.0  0
197044.0  0
197141.0  0
197239.0  0
197336.0  0
197433.0  0
197531.0  0
197628.0  0
197726.0  0
197824.0  0
197922.0  0
198020.0  0
198118.0  0
198216.0  0
198314.0  0
198413.0  0
198511.0  0
198610.0  0
198708.0  0
198807.0  0
198906.0  0
199005.0  0
199104.0  0
199203.0  0
199302.0  0
199402.0  0
199501.0  0
199601.0  0
199700.0  0
199800.0  0
199900.0  0
200000.0  0
200100.0  0
200200.0  0
200300.0  0
200401.0  0
200501.0  0
200602.0  0
200702.0  0
200803.0  0
200904.0  0
201005.0  0
201106.0  0
201207.0  0
201308.0  0
201410.0  0
201511.0  0
201613.0  0
201715.0  0
201816.0  0
201918.0  0
202020.0  0
202122.0  0
202224.0  0
202327.0  0
202429.0  0
202532.0  0
202634.0  0
202737.0  0
202840.0  0
202943.0  0
203046.0  0
203149.0  0
203252.0  0
203355.0  0
203459.0  0
203562.0  0
203666.0  0
203770.0  0
203874.0  0
203978.0  0
204082.0  0
204186.0  0
204290.0  0
204394.0  0
204499.0  0
204604.0  0
204708.0  0
204813.0  0
204918.0  0
205023.0  0
205128.0  0
205233.0  0
205339.0  0
205444.0  0
205550.0  0
205656.0  0
205761.0  0
205867.0  0
205973.0  0
206079.0  0
206186.0  0
206292.0  0
206398.0  0
206505.0  0
206612.0  0
206718.0  0
206825.0  0
206932.0  0
207039.0  0
207147.0  0
207254.0  0
207361.0  0
207469.0  0
207577.0  0
207684.0  0
207792.0  0
207900.0  0
208008.0  0
208117.0  0
208225.0  0
208333.0  0
208442.0  0
208551.0  0
208659.0  0
208768.0  0
208877.0  0
208986.0  0
209096.0  0
209205.0  0
209314.0  0
209424.0  0
209534.0  0
209644.0  0
209754.0  0
209864.0  0
209974.0  0
210084.0  0
210194.0  0
210305.0  0
210416.0  0
210526.0  0
210637.0  0
210748.0  0
210859.0  0
210970.0  0
211082.0  0
211193.0  0
211305.0  0
211416.0  0
211528.0  0
211640.0  0
211752.0  0
211864.0  0
211977.0  0
212089.0  0
212202.0  0
212314.0  0
212427.0  0
212540.0  0
212653.0  0
212766.0  0
212879.0  0
212993.0  0
213106.0  0
213220.0  0
213333.0  0
213447.0  0
213561.0  0
213675.0  0
213789.0  0
213904.0  0
214018.0  0
214133.0  0
214247.0  0
214362.0  0
214477.0  0
214592.0  0
214707.0  0
214823.0  0
214938.0  0
215054.0  0
215169.0  0
215285.0  0
215401.0  0
215517.0  0
215633.0  0
215750.0  0
215866.0  0
215983.0  0
216099.0  0
216216.0  0
216333.0  0
216450.0  0
216567.0  0
216685.0  0
216802.0  0
216920.0  0
217037.0  0
217155.0  0
217273.0  0
217391.0  0
217510.0  0
217628.0  0
217746.0  0
217865.0  0
217984.0  0
218103.0  0
218221.0  0
218341.0  0
218460.0  0
218579.0  0
218699.0  0
218818.0  0
218938.0  0
219058.0  0
219178.0  0
219298.0  0
219419.0  0
219539.0  0
219660.0  0
219780.0  0
219901.0  0
220022.0  0
220143.0  0
220264.0  0
220386.0  0
220507.0  0
220629.0  0
220751.0  0
220872.0  0
220994.0  0
221117.0  0
221239.0  0
221361.0  0
221484.0  0
221607.0  0
221729.0  0
221852.0  0
221976.0  0
222099.0  0
222222.0  0
222346.0  0
222469.0  0
222593.0  0
222717.0  0
222841.0  0
222965.0  0
223090.0  0
223214.0  0
223339.0  0
223464.0  0
223589.0  0
223714.0  0
223839.0  0
223964.0  0
224090.0  0
224215.0  0
224341.0  0
224467.0  0
224593.0  0
224719.0  0
224845.0  0
224972.0  0
225098.0  0
225225.0  0
225352.0  0
225479.0  0
225606.0  0
225734.0  0
225861.0  0
225989.0  0
226116.0  0
226244.0  0
226372.0  0
226501.0  0
226629.0  0
226757.0  0
226886.0  0
227015.0  0
227144.0  0
227402.0  0
227531.0  0
227661.0  0
227790.0  0
227920.0  0
228050.0  0
228180.0  0
228311.0  0
228441.0  0
228571.0  0
228702.0  0
228833.0  0
228964.0  0
229095.0  0
229226.0  0
229358.0  0
229753.0  0
229885.0  0
230150.0  0
230282.0  0
230415.0  0
230548.0  0
230681.0  0
230814.0  0
230947.0  0
231080.0  0
231214.0  0
231348.0  0
231481.0  0
231616.0  0
231750.0  0
231884.0  0
232019.0  0
232153.0  0
232288.0  0
232423.0  0
232558.0  0
232693.0  0
232829.0  0
232964.0  0
233100.0  0
233236.0  0
233372.0  0
233508.0  0
233645.0  0
233781.0  0
233918.0  0
234055.0  0
234192.0  0
234329.0  0
234467.0  0
234604.0  0
234742.0  0
234880.0  0
235018.0  0
235156.0  0
235294.0  0
235433.0  0
235571.0  0
235710.0  0
235849.0  0
235988.0  0
236128.0  0
236267.0  0
236407.0  0
236546.0  0
236686.0  0
236827.0  0
236967.0  0
237107.0  0
237248.0  0
237389.0  0
237530.0  0
237671.0  0
237812.0  0
237954.0  0
238095.0  0
238237.0  0
238379.0  0
238521.0  0
238663.0  0
238806.0  0
238949.0  0
239091.0  0
239234.0  0
239378.0  0
239521.0  0
239664.0  0
239808.0  0
239952.0  0
240096.0  0
240240.0  0
240385.0  0
240529.0  0
240674.0  0
240819.0  0
240964.0  0
241109.0  0
241255.0  0
241400.0  0
241546.0  0
241692.0  0
241838.0  0
241984.0  0
242131.0  0
242277.0  0
242424.0  0
242571.0  0
242718.0  0
242866.0  0
243013.0  0
243161.0  0
243309.0  0
243457.0  0
243605.0  0
243754.0  0
243902.0  0
244051.0  0
244200.0  0
244349.0  0
244499.0  0
244648.0  0
244798.0  0
244948.0  0
245098.0  0
245248.0  0
245399.0  0
245549.0  0
245700.0  0
245851.0  0
246002.0  0
246154.0  0
246305.0  0
246457.0  0
246609.0  0
246761.0  0
246914.0  0
247066.0  0
247219.0  0
247372.0  0
247525.0  0
247678.0  0
247831.0  0
247985.0  0
248139.0  0
248293.0  0
248447.0  0
248602.0  0
248756.0  0
248911.0  0
249066.0  0
249221.0  0
249377.0  0
249532.0  0
249688.0  0
249844.0  0
250000.0  0
250156.0  0
250313.0  0
250470.0  0
250627.0  0
250784.0  0
250941.0  0
251099.0  0
251256.0  0
251414.0  0
251572.0  0
251731.0  0
251889.0  0
252048.0  0
252207.0  0
252366.0  0
252525.0  0
252685.0  0
252845.0  0
253004.0  0
253165.0  0
253325.0  0
253485.0  0
253646.0  0
253807.0  0
253968.0  0
254130.0  0
254291.0  0
254453.0  0
254615.0  0
254777.0  0
254939.0  0
255102.0  0
255265.0  0
255428.0  0
255591.0  0
255754.0  0
255918.0  0
256082.0  6.47456e-08
256246.0  6.47042e-08
256410.0  6.46628e-08
256575.0  6.46212e-08
256739.0  6.45799e-08
256904.0  6.45385e-08
257069.0  6.4497e-08
257235.0  6.44554e-08
257400.0  6.44141e-08
257566.0  6.43726e-08
257732.0  6.43311e-08
257898.0  6.42897e-08
258065.0  6.42481e-08
258231.0  6.42068e-08
258398.0  6.41653e-08
258565.0  6.41239e-08
258732.0  6.40825e-08
258900.0  0
259067.0  0
259235.0  0
259403.0  0
259572.0  0
259740.0  0
259909.0  0
260078.0  0
260247.0  0
260417.0  0
260586.0  0
260756.0  0
260926.0  0
261097.0  0
261267.0  0
261438.0  0
261609.0  0
261780.0  0
261952.0  0
262123.0  0
262295.0  0
262467.0  0
262640.0  0
262812.0  0
262985.0  0
263158.0  0
263331.0  0
263505.0  0
263678.0  0
263852.0  0
264026.0  0
264201.0  0
264375.0  0
264550.0  0
264725.0  0
264901.0  0
265076.0  0
265252.0  0
265428.0  0
265604.0  0
265781.0  0
265957.0  0
266134.0  0
266312.0  0
266489.0  0
266667.0  0
266845.0  0
267023.0  0
267201.0  0
267380.0  0
267559.0  0
267738.0  0
267917.0  0
268097.0  0
268276.0  0
268456.0  0
268637.0  0
268817.0  0
268998.0  0
269179.0  0
269360.0  0
269542.0  0
269724.0  0
269906.0  0
270088.0  0
270270.0  0
270453.0  0
270636.0  0
270819.0  0
271003.0  0
271186.0  0
271370.0  0
271555.0  0
271739.0  0
271924.0  0
272109.0  0
272294.0  0
272480.0  0
272665.0  0
272851.0  0
273038.0  0
273224.0  0
273411.0  0
273598.0  0
273785.0  0
273973.0  0
274160.0  0
274348.0  0
274537.0  0
274725.0  0
274914.0  0
275103.0  0
275292.0  0
275482.0  0
275672.0  0
275862.0  0
276052.0  0
276243.0  0
276434.0  0
276625.0  0
276817.0  0
277008.0  0
277200.0  0
277393.0  0
277585.0  0
277778.0  0
277971.0  0
278164.0  0
278358.0  0
278552.0  0
278746.0  0
278940.0  0
279135.0  0
279330.0  0
279525.0  0
279720.0  0
279916.0  0
280112.0  0
280308.0  0
280505.0  0
280702.0  0
280899.0  0
281096.0  0
281294.0  0
281492.0  0
281690.0  0
281889.0  0
282087.0  0
282287.0  0
282486.0  0
282686.0  0
282885.0  0
283086.0  0
283286.0  0
283487.0  0
283688.0  0
283889.0  0
284091.0  0
284293.0  0
284495.0  0
284698.0  0
284900.0  0
285103.0  0
285307.0  0
285510.0  0
285714.0  0
285919.0  0
286123.0  0
286328.0  0
286533.0  0
286738.0  0
286944.0  0
287150.0  0
287356.0  0
287563.0  0
287770.0  0
287977.0  0
288184.0  0
288392.0  0
288600.0  0
288809.0  0
289017.0  0
289226.0  0
289436.0  0
289645.0  0
289855.0  0
290065.0  0
290276.0  0
290487.0  0
290698.0  0
290909.0  0
291121.0  0
291333.0  0
291545.0  0
291758.0  0
291971.0  0
292184.0  0
292398.0  0
292612.0  0
292826.0  0
293040.0  0
293255.0  0
293470.0  0
293686.0  0
293902.0  0
294118.0  0
294334.0  0
294551.0  0
294768.0  0
294985.0  0
295203.0  0
295421.0  0
295639.0  0
295858.0  0
296077.0  0
296296.0  0
296516.0  0
296736.0  0
296956.0  0
297177.0  0
297398.0  0
297619.0  0
297841.0  0
298063.0  0
298285.0  0
298507.0  0
298730.0  0
298954.0  0
299177.0  0
299401.0  0
299625.0  0
299850.0  0
300075.0  0
300300.0  0
300526.0  0
300752.0  0
300978.0  0
301205.0  0
301432.0  0
301659.0  0
301887.0  0
302115.0  0
302343.0  0
302572.0  0
302801.0  0
303030.0  0
303260.0  0
303490.0  0
303721.0  0
303951.0  0
304183.0  0
304414.0  0
304646.0  0
304878.0  0
305111.0  0
305344.0  0
305577.0  0
305810.0  0
306044.0  0
306279.0  0
306513.0  0
306748.0  0
306984.0  0
307220.0  0
307456.0  0
307692.0  0
307929.0  0
308166.0  0
308404.0  0
308642.0  0
308880.0  0
309119.0  0
309358.0  0
309598.0  0
309837.0  0
310078.0  0
310318.0  0
310559.0  0
310800.0  0
311042.0  0
311284.0  0
311526.0  0
311769.0  0
312012.0  0
312256.0  0
312500.0  0
312744.0  0
312989.0  0
313234.0  0
313480.0  0
313725.0  0
313972.0  0
314218.0  0
314465.0  0
314713.0  0
314961.0  0
315209.0  0
315457.0  5.25593e-08
315706.0  6.30214e-07
315956.0  1.73172e-06
316206.0  2.2547e-06
316456.0  1.88616e-06
316706.0  9.94688e-07
316957.0  2.09242e-07
317209.0  0
317460.0  0
317712.0  0
317965.0  0
318218.0  0
318471.0  0
318725.0  0
318979.0  0
319234.0  0
319489.0  0
319744.0  0
320000.0  0
320256.0  0
320513.0  0
320770.0  0
321027.0  0
321285.0  0
321543.0  0
321802.0  0
322061.0  0
322321.0  0
322581.0  0
322841.0  0
323102.0  0
323363.0  0
323625.0  0
323887.0  0
324149.0  0
324412.0  0
324675.0  0
324939.0  0
325203.0  0
325468.0  0
325733.0  0
325998.0  0
326264.0  0
326531.0  0
326797.0  0
327065.0  0
327332.0  0
327600.0  0
327869.0  0
328138.0  0
328407.0  0
328677.0  0
328947.0  0
329218.0  0
329489.0  0
329761.0  0
330033.0  0
330306.0  0
330578.0  0
330852.0  0
331126.0  0
331400.0  0
331675.0  0
331950.0  0
332226.0  0
332502.0  0
332779.0  0
333056.0  0
333333.0  0
333611.0  0
333890.0  0
334169.0  0
334448.0  0
334728.0  0
335008.0  0
335289.0  0
335570.0  0
335852.0  0
336134.0  0
336417.0  0
336700.0  0
336984.0  0
337268.0  0
337553.0  0
337838.0  0
338123.0  0
338409.0  0
338696.0  0
338983.0  0
339271.0  0
339559.0  0
339847.0  0
340136.0  0
340426.0  0
340715.0  0
341006.0  0
341297.0  0
341588.0  0
341880.0  0
342173.0  0
342466.0  0
342759.0  0
343053.0  0
343348.0  0
343643.0  0
343938.0  0
344234.0  0
344531.0  0
344828.0  0
345125.0  0
345423.0  0
345722.0  0
346021.0  0
346320.0  0
346620.0  0
346921.0  0
347222.0  0
347524.0  0
347826.0  0
348129.0  0
348432.0  0
348736.0  0
349040.0  0
349345.0  0
349650.0  0
349956.0  0
350263.0  0
350570.0  0
350877.0  0
351185.0  0
351494.0  0
351803.0  0
352113.0  0
352423.0  0
352734.0  0
353045.0  0
353357.0  0
353669.0  0
353982.0  0
354296.0  0
354610.0  0
354925.0  0
355240.0  0
355556.0  0
355872.0  0
356189.0  0
356506.0  0
356824.0  0
357143.0  0
357462.0  0
357782.0  0
358102.0  0
358423.0  0
358744.0  0
359066.0  0
359389.0  0
359712.0  0
360036.0  0
360360.0  0
360685.0  0
361011.0  0
361337.0  0
361664.0  0
361991.0  0
362319.0  0
362647.0  0
362976.0  0
363306.0  0
363636.0  0
363967.0  0
364299.0  0
364631.0  0
364963.0  0
365297.0  0
365631.0  0
365965.0  0
366300.0  0
366636.0  0
366972.0  0
367309.0  0
367647.0  0
367985.0  0
368324.0  0
368664.0  0
369004.0  0
369344.0  0
369686.0  0
370028.0  0
370370.0  0
370714.0  0
371058.0  0
371402.0  0
371747.0  0
372093.0  0
372439.0  0
372787.0  0
373134.0  0
373483.0  0
373832.0  0
374181.0  0
374532.0  0
374883.0  0
375235.0  0
375587.0  0
375940.0  0
376294.0  0
376648.0  0
377003.0  0
377358.0  0
377715.0  0
378072.0  0
378430.0  0
378788.0  0
379147.0  0
379507.0  0
379867.0  0
380228.0  0
380590.0  0
380952.0  0
381316.0  0
381679.0  0
382044.0  0
382409.0  0
382775.0  0
383142.0  0
383509.0  0
383877.0  0
384246.0  0
384615.0  0
384986.0  0
385356.0  0
385728.0  0
386100.0  0
386473.0  0
386847.0  0
387222.0  0
387597.0  0
387973.0  0
388350.0  0
388727.0  0
389105.0  0
389484.0  0
389864.0  0
390244.0  0
390625.0  0
391007.0  0
391389.0  0
391773.0  0
392157.0  0
392542.0  0
392927.0  0
393314.0  0
393701.0  0
394089.0  0
394477.0  0
394867.0  0
395257.0  0
395648.0  0
396040.0  0
396432.0  0
396825.0  0
397219.0  0
397614.0  0
398010.0  0
398406.0  0
398804.0  0
399202.0  0
399600.0  0
400000.0  0
400400.0  0
400802.0  0
401204.0  0
401606.0  0
402010.0  0
402414.0  0
402820.0  0
403226.0  0
403633.0  0
404040.0  0
404449.0  0
404858.0  0
405268.0  0
405680.0  0
406091.0  0
406504.0  0
406918.0  0
407332.0  0
407747.0  0
408163.0  0
408580.0  0
408998.0  0
409417.0  0
409836.0  0
410256.0  0
410678.0  0
411100.0  0
411523.0  0
411946.0  0
412371.0  0
412797.0  0
413223.0  0
413650.0  0
414079.0  0
414508.0  0
414938.0  0
415369.0  0
415800.0  0
416233.0  0
416667.0  0
417101.0  0
417537.0  0
417973.0  0
418410.0  0
418848.0  0
419287.0  0
419727.0  0
420168.0  0
420610.0  0
421053.0  0
421496.0  0
421941.0  0
422386.0  0
422833.0  0
423280.0  0
423729.0  0
424178.0  0
424628.0  0
425080.0  0
425532.0  0
425985.0  0
426439.0  0
426894.0  0
427350.0  0
427808.0  0
428266.0  0
428725.0  0
429185.0  0
429646.0  0
430108.0  0
430570.0  0
431034.0  0
431499.0  0
431965.0  0
432432.0  0
432900.0  0
433369.0  0
433839.0  0
434311.0  0
434783.0  0
435256.0  0
435730.0  0
436205.0  0
436681.0  0
437158.0  0
437637.0  0
438116.0  0
438596.0  0
439078.0  0
439560.0  0
440044.0  0
440529.0  0
441014.0  0
441501.0  0
441989.0  0
442478.0  0
442968.0  0
443951.0  0
444444.0  0
444939.0  0
445434.0  0
445931.0  0
446429.0  0
446927.0  0
447427.0  0
447928.0  0
448430.0  0
448934.0  0
449438.0  0
449944.0  0
450450.0  0
450958.0  0
451467.0  0
451977.0  0
452489.0  0
453001.0  0
453515.0  0
454030.0  0
454545.0  0
455063.0  0
455581.0  0
456100.0  0
456621.0  0
457143.0  0
457666.0  0
458190.0  0
458716.0  0
459242.0  0
459770.0  0
460299.0  0
460830.0  0
461361.0  0
461894.0  0
462428.0  0
462963.0  0
463499.0  0
464037.0  0
464576.0  0
465116.0  0
465658.0  0
466200.0  0
466744.0  0
467290.0  0
467836.0  0
468384.0  0
468933.0  0
469484.0  0
470035.0  0
470588.0  0
471143.0  0
471698.0  0
472255.0  0
472813.0  0
473373.0  0
473934.0  0
474496.0  0
475059.0  0
475624.0  0
476190.0  0
476758.0  0
477327.0  0
477897.0  0
478469.0  0
479042.0  0
479616.0  0
480192.0  0
480769.0  0
481348.0  0
481928.0  0
482509.0  0
483092.0  0
483676.0  0
484262.0  0
484848.0  0
485437.0  0
486027.0  0
486618.0  0
487211.0  0
487805.0  0
488400.0  0
488998.0  0
489596.0  3.3865e-08
490196.0  3.38236e-08
490798.0  3.37821e-08
491400.0  3.37407e-08
492005.0  3.36992e-08
492611.0  6.73155e-08
493218.0  6.72327e-08
493827.0  6.71498e-08
494438.0  1.006e-07
495050.0  1.00476e-07
495663.0  6.69011e-08
496278.0  1.00227e-07
496894.0  6.67353e-08
497512.0  6.66524e-08
498132.0  9.98542e-08
498753.0  1.32973e-07
499376.0  1.99211e-07
500000.0  3.31604e-07
500626.0  4.63665e-07
501253.0  6.28472e-07
501882.0  8.25901e-07
502513.0  9.23847e-07
503145.0  9.22687e-07
503778.0  9.87351e-07
504414.0  9.53236e-07
505051.0  8.86376e-07
505689.0  8.5247e-07
506329.0  5.89426e-07
506971.0  3.92453e-07
507614.0  1.01255e-06
508259.0  1.95729e-06
508906.0  2.86705e-06
509554.0  4.19748e-06
510204.0  4.97207e-06
510856.0  4.96572e-06
511509.0  5.38077e-06
512164.0  5.69761e-06
512821.0  4.97903e-06
513479.0  4.97265e-06
514139.0  5.32099e-06
514801.0  4.70222e-06
515464.0  5.72547e-06
516129.0  8.22377e-06
516796.0  9.01523e-06
517464.0  1.00289e-05
518135.0  1.19679e-05
518807.0  1.13452e-05
519481.0  1.09475e-05
520156.0  1.34195e-05
520833.0  1.46118e-05
521512.0  1.58963e-05
522193.0  1.96857e-05
522876.0  2.09918e-05
523560.0  2.13443e-05
524246.0  2.46372e-05
524934.0  2.38469e-05
525624.0  1.87055e-05
526316.0  1.70113e-05
527009.0  1.55417e-05
527704.0  1.31019e-05
528402.0  1.61283e-05
529101.0  1.78305e-05
529801.0  1.29249e-05
530504.0  1.06887e-05
531208.0  1.06122e-05
531915.0  7.82386e-06
532623.0  8.52943e-06
533333.0  1.15647e-05
534045.0  1.15182e-05
534759.0  1.20609e-05
535475.0  1.446e-05
536193.0  1.23379e-05
536913.0  8.95537e-06
537634.0  9.46763e-06
538358.0  1.00093e-05
539084.0  1.00265e-05
539811.0  1.27159e-05
540541.0  1.43858e-05
541272.0  1.35393e-05
542005.0  1.46834e-05
542741.0  1.49385e-05
543478.0  1.12573e-05
544218.0  1.01757e-05
544959.0  1.16222e-05
545703.0  1.21837e-05
546448.0  2.00256e-05
547196.0  3.24516e-05
547945.0  3.60988e-05
548697.0  3.73789e-05
549451.0  3.95606e-05
550206.0  3.11892e-05
550964.0  2.43453e-05
551724.0  3.12537e-05
552486.0  3.8473e-05
553250.0  5.57418e-05
554017.0  9.47197e-05
554785.0  0.000124952
555556.0  0.000145939
556328.0  0.000177476
557103.0  0.000174581
557880.0  0.000122714
558659.0  7.84404e-05
559441.0  3.82911e-05
560224.0  2.45644e-06
561010.0  2.39093e-05
561798.0  9.77757e-05
562588.0  0.000154518
563380.0  0.000221254
564175.0  0.000285861
564972.0  0.000278737
565771.0  0.000262577
566572.0  0.000253192
567376.0  0.000171215
568182.0  0.000103885
568990.0  0.000113936
569801.0  8.56069e-05
570613.0  3.74542e-05
571429.0  5.90462e-05
572246.0  8.02287e-05
573066.0  9.1629e-05
573888.0  0.000144628
574713.0  0.000148517
575540.0  0.000107713
576369.0  0.000148148
577201.0  0.00019085
578035.0  0.000161375
578871.0  0.000179186
579710.0  0.000250829
580552.0  0.000348681
581395.0  0.00055359
582242.0  0.000776154
583090.0  0.000844919
583942.0  0.00082807
584795.0  0.000819377
585652.0  0.000792075
586510.0  0.00076423
587372.0  0.000714896
588235.0  0.000609135
589102.0  0.000549416
589971.0  0.000563951
590842.0  0.000547573
591716.0  0.000481448
592593.0  0.000425281
593472.0  0.000435966
594354.0  0.000522411
595238.0  0.000601161
596125.0  0.000584718
597015.0  0.000531136
597907.0  0.000525407
598802.0  0.000570087
599700.0  0.000608161
600601.0  0.000552009
601504.0  0.000470003
602410.0  0.000526242
603318.0  0.000606603
604230.0  0.000578412
605144.0  0.000542303
606061.0  0.000518749
606980.0  0.00056115
607903.0  0.000892555
608828.0  0.00133605
609756.0  0.00156563
610687.0  0.00169167
611621.0  0.00169036
612557.0  0.00136264
613497.0  0.00100252
614439.0  0.000748139
615385.0  0.000407159
616333.0  0.000313078
617284.0  0.000519793
618238.0  0.000477181
619195.0  0.000375922
620155.0  0.000596845
621118.0  0.000689535
622084.0  0.00069129
623053.0  0.000978095
624025.0  0.00104725
625000.0  0.000913449
625978.0  0.00109587
626959.0  0.00133867
627943.0  0.00126589
628931.0  0.001442
629921.0  0.0015611
630915.0  0.00125976
631912.0  0.00132379
632911.0  0.00146026
633914.0  0.000953019
634921.0  0.000685878
635930.0  0.00086847
636943.0  0.00061878
637959.0  0.000592299
638978.0  0.00111275
640000.0  0.00106802
641026.0  0.000925375
642055.0  0.00139998
643087.0  0.00138432
644122.0  0.00111056
645161.0  0.00146789
646204.0  0.00135722
647249.0  0.000836042
648298.0  0.00107006
649351.0  0.000941189
650406.0  0.000152544
651466.0  0.000419298
652529.0  0.000989761
653595.0  0.000716535
654664.0  0.000969084
655738.0  0.00151701
656814.0  0.00105144
657895.0  0.000934864
658979.0  0.00153214
660066.0  0.00131001
661157.0  0.00115587
662252.0  0.00162289
663350.0  0.00128945
664452.0  0.000493224
665557.0  0.000802632
666667.0  0.000612878
667780.0  5.61876e-05
668896.0  0.000447115
670017.0  0.00072268
671141.0  4.30846e-05
672269.0  0.000316353
673401.0  0.000793036
674536.0  5.41009e-05
675676.0  0.000359786
676819.0  0.00086507
677966.0  0.000163022
679117.0  0.000190432
680272.0  0.000907012
681431.0  0.000188934
682594.0  3.52933e-05
683761.0  0.00050563
684931.0  0.000175332
686106.0  0.000158672
687285.0  0.000540478
688468.0  0.000263537
689655.0  0.000154153
690846.0  0.00126126
692042.0  0.00099317
693241.0  0.000716336
694444.0  0.00177092
695652.0  0.00132479
696864.0  0.000487653
698080.0  0.00132021
699301.0  0.000723405
700525.0  0.000193417
701754.0  0.000488436
702988.0  0.000535552
704225.0  8.94667e-05
705467.0  0.000760774
706714.0  0.0015899
707965.0  0.000659048
709220.0  0.0014036
710480.0  0.00274326
711744.0  0.0019656
713012.0  0.00221536
714286.0  0.0033087
715564.0  0.00228015
716846.0  0.00203652
718133.0  0.00318301
719424.0  0.00214261
720721.0  0.00123387
722022.0  0.00215802
723327.0  0.00129877
724638.0  0.000301041
725953.0  0.00141731
727273.0  0.000761536
728597.0  0.00015133
729927.0  0.000163025
731261.0  0.000449977
732601.0  2.28809e-05
733945.0  5.64989e-05
735294.0  0.000238321
736648.0  4.88865e-05
738007.0  0.000205341
739372.0  3.88844e-05
740741.0  0.000211768
742115.0  0.000797021
743494.0  0.000437801
744879.0  0.000497464
746269.0  0.000955017
747664.0  0.000433164
749064.0  0.000125636
750469.0  0.000335881
751880.0  5.81722e-05
753296.0  3.06382e-05
754717.0  0.0004805
756144.0  0.000444707
757576.0  0.000430407
759013.0  0.00186374
760456.0  0.00112542
761905.0  0.000288187
763359.0  0.00190669
764818.0  0.00129558
766283.0  0.000321117
767754.0  0.00232586
769231.0  0.00232262
770713.0  0.00108803
772201.0  0.00314774
773694.0  0.00401354
775194.0  0.00262629
776699.0  0.00430693
778210.0  0.00561653
779727.0  0.00401234
781250.0  0.00528055
782779.0  0.007283
784314.0  0.00594073
785855.0  0.0067631
787402.0  0.00941604
788955.0  0.00923708
790514.0  0.0108559
792079.0  0.0149889
793651.0  0.0159182
795229.0  0.0174609
796813.0  0.0220177
798403.0  0.0237035
800000.0  0.0253436
801603.0  0.0308027
803213.0  0.0341781
804829.0  0.0371349
806452.0  0.0450488
808081.0  0.0522958
809717.0  0.0575484
811359.0  0.0674063
813008.0  0.0798007
814664.0  0.0916697
816327.0  0.10534
817996.0  0.119498
819672.0  0.135219
821355.0  0.154965
823045.0  0.176152
824742.0  0.202603
826446.0  0.232146
828157.0  0.263079
829875.0  0.297985
831601.0  0.334861
833333.0  0.370721
835073.0  0.408357
836820.0  0.446464
838574.0  0.48015
840336.0  0.51218
842105.0  0.530575
843882.0  0.556777
845666.0  0.58143
847458.0  0.607912
849257.0  0.635116
851064.0  0.665361
852878.0  0.698643
854701.0  0.730255
856531.0  0.76039
858369.0  0.789345
860215.0  0.809954
862069.0  0.826297
863931.0  0.839988
865801.0  0.846584
867679.0  0.847764
869565.0  0.847845
871460.0  0.844643
873362.0  0.838137
875274.0  0.832449
877193.0  0.825963
879121.0  0.817453
881057.0  0.811099
883002.0  0.805521
884956.0  0.797477
886918.0  0.790542
888889.0  0.784315
890869.0  0.775397
892857.0  0.765862
894855.0  0.759264
896861.0  0.751301
898876.0  0.745153
900901.0  0.745057
902935.0  0.748377
904977.0  0.756173
907029.0  0.77011
909091.0  0.783391
911162.0  0.796899
913242.0  0.815429
915332.0  0.833873
917431.0  0.850039
919540.0  0.86853
921659.0  0.886179
923788.0  0.901266
925926.0  0.918584
928074.0  0.935228
930233.0  0.947672
932401.0  0.961367
934579.0  0.975345
936768.0  0.983666
938967.0  0.990728
941176.0  0.996989
943396.0  0.997297
945626.0  0.996181
947867.0  0.997939
950119.0  0.997507
952381.0  0.99758
954654.0  1
956938.0  0.99863
959233.0  0.995156
961538.0  0.997721
963855.0  0.998136
966184.0  0.993534
968523.0  0.99297
970874.0  0.992582
973236.0  0.98841
975610.0  0.987684
977995.0  0.987571
980392.0  0.983581
982801.0  0.981721
985222.0  0.979722
987654.0  0.971913
990099.0  0.963177
992556.0  0.954009
995025.0  0.939198
997506.0  0.925569
1000000.0  0.917924
1002510.0  0.908418
1005030.0  0.897691
1007560.0  0.889322
1010100.0  0.876498
1012660.0  0.864234
1015230.0  0.858945
1017810.0  0.854259
1020410.0  0.846101
1023020.0  0.841268
1025640.0  0.836879
1028280.0  0.829764
1030930.0  0.826542
1033590.0  0.824178
1036270.0  0.817277
1038960.0  0.809363
1041670.0  0.799437
1044390.0  0.784899
1047120.0  0.772442
1049870.0  0.762126
1052630.0  0.745618
1055410.0  0.728489
1058200.0  0.721047
1061010.0  0.711358
1063830.0  0.70255
1066670.0  0.704916
1069520.0  0.706788
1072390.0  0.704431
1075270.0  0.707975
1078170.0  0.705882
1081080.0  0.69633
1084010.0  0.696239
1086960.0  0.698142
1089920.0  0.687616
1092900.0  0.68235
1095890.0  0.68233
1098900.0  0.671642
1101930.0  0.666489
1104970.0  0.668849
1108030.0  0.660809
1111110.0  0.654502
1114210.0  0.657828
1117320.0  0.649472
1120450.0  0.641224
1123600.0  0.643509
1126760.0  0.636653
1129940.0  0.626422
1133140.0  0.624874
1136360.0  0.615836
1139600.0  0.601896
1142860.0  0.597842
1146130.0  0.591922
1149430.0  0.578521
1152740.0  0.571429
1156070.0  0.564409
1159420.0  0.549574
1162790.0  0.540663
1166180.0  0.534943
1169590.0  0.521272
1173020.0  0.511091
1176470.0  0.504989
1179940.0  0.49018
1183430.0  0.476557
1186940.0  0.467873
1190480.0  0.451675
1194030.0  0.434937
1197600.0  0.423123
1201200.0  0.40524
1204820.0  0.385193
1208460.0  0.369079
1212120.0  0.349074
1215810.0  0.326863
1219510.0  0.308038
1223240.0  0.286571
1226990.0  0.262316
1230770.0  0.240968
1234570.0  0.219284
1238390.0  0.19552
1242240.0  0.174509
1246110.0  0.155012
1250000.0  0.134537
1253920.0  0.115927
1257860.0  0.0991524
1261830.0  0.0828857
1265820.0  0.0690468
1269840.0  0.0573401
1273890.0  0.0463135
1277960.0  0.0369346
1282050.0  0.029404
1286170.0  0.0227231
1290320.0  0.017397
1294500.0  0.0137398
1298700.0  0.0111327
1302930.0  0.00930134
1307190.0  0.00828924
1311480.0  0.00788171
1315790.0  0.00765987
1320130.0  0.00764181
1324500.0  0.00772851
1328900.0  0.00787167
1333330.0  0.00807744
1337790.0  0.00811984
1342280.0  0.007922
1346800.0  0.0075952
1351350.0  0.00716314
1355930.0  0.00665585
1360540.0  0.00620204
1365190.0  0.00577405
1369860.0  0.00523622
1374570.0  0.00470864
1379310.0  0.00418686
1384080.0  0.00356972
1388890.0  0.00303014
1393730.0  0.00266072
1398600.0  0.00228307
1403510.0  0.00188051
1408450.0  0.00154966
1413430.0  0.00124304
1418440.0  0.000977624
1423490.0  0.000782367
1428570.0  0.000625165
1433690.0  0.000497502
1438850.0  0.000408371
1444040.0  0.000328919
1449280.0  0.000250096
1454550.0  0.000192629
1459850.0  0.000153042
1465200.0  0.000118965
1470590.0  9.37476e-05
1476010.0  7.27906e-05
1481480.0  5.28357e-05
1486990.0  3.95719e-05
1492540.0  3.22152e-05
1498130.0  2.48792e-05
1503760.0  1.90085e-05
1509430.0  1.59933e-05
1515150.0  1.30549e-05
1520910.0  1.00948e-05
1526720.0  8.45995e-06
1532570.0  6.89142e-06
1538460.0  5.21613e-06
1544400.0  4.38016e-06
1550390.0  3.52909e-06
1556420.0  2.47144e-06
1562500.0  2.01615e-06
1568630.0  1.82858e-06
1574800.0  1.42134e-06
1581030.0  1.15356e-06
1587300.0  9.92325e-07
1593630.0  7.38687e-07
1600000.0  5.90669e-07
1606430.0  5.4702e-07
1612900.0  4.0091e-07
1619430.0  3.07149e-07
1626020.0  2.8551e-07
1632650.0  2.23418e-07
1639340.0  1.61823e-07
1646090.0  1.61159e-07
1652890.0  1.50465e-07
1659750.0  9.98957e-08
1666670.0  9.94809e-08
1673640.0  9.90666e-08
1680670.0  6.90566e-08
1687760.0  5.89427e-08
1694920.0  6.8476e-08
1702130.0  7.79268e-08
1709400.0  8.72948e-08
1716740.0  8.69215e-08
1724140.0  6.73155e-08
1731600.0  5.74504e-08
1739130.0  4.76681e-08
1746720.0  3.79687e-08
1754390.0  3.78027e-08
1762110.0  2.82278e-08
1769910.0  2.81034e-08
1777780.0  1.86527e-08
1785710.0  1.85699e-08
1793720.0  1.84869e-08
1801800.0  1.8404e-08
1809950.0  1.83212e-08
1818180.0  9.11911e-09
1826480.0  9.07767e-09
1834860.0  9.03621e-09
1843320.0  8.99474e-09
1851850.0  8.95331e-09
1860470.0  8.91183e-09
1869160.0  8.8704e-09
1877930.0  0
1886790.0  0
1895730.0  0
1904760.0  0
1913880.0  0
1923080.0  0
1932370.0  0
1941750.0  0
1951220.0  0
1960780.0  0
1970440.0  0
1980200.0  0
1990050.0  0
2000000.0  0
2010050.0  0
2020200.0  0
2030460.0  0
2040820.0  0
2051280.0  0
2061860.0  0
2072540.0  0
2083330.0  0
2094240.0  0
2105260.0  0
2116400.0  0
2127660.0  0
2139040.0  0
2150540.0  0
2162160.0  0
2173910.0  0
2185790.0  0
2197800.0  0
2209940.0  0
2222220.0  0
2234640.0  0
2247190.0  0
2259890.0  0
2272730.0  0
2285710.0  0
2298850.0  0
2312140.0  0
2325580.0  0
2339180.0  0
2352940.0  0
2366860.0  0
2380950.0  0
2395210.0  0
2409640.0  0
2424240.0  0
2439020.0  0
2453990.0  0
2469140.0  0
2484470.0  0
