

90009.0  0
90029.3  0
90049.5  0
90069.8  0
90090.1  0
90110.4  0
90130.7  0
90151.0  0
90171.3  0
90191.7  0
90212.0  0
90232.3  0
90252.7  0
90273.1  0
90293.5  0
90313.8  0
90334.2  0
90354.6  0
90375.1  0
90395.5  0
90415.9  0
90436.4  0
90456.8  0
90477.3  0
90497.7  0
90518.2  0
90538.7  0
90559.2  0
90579.7  0
90600.2  0
90620.8  0
90641.3  0
90661.8  0
90682.4  0
90702.9  0
90723.5  0
90744.1  0
90764.7  0
90785.3  0
90805.9  0
90826.5  0
90847.1  0
90867.8  0
90888.4  0
90909.1  0
90929.8  0
90950.4  0
90971.1  0
90991.8  0
91012.5  0
91033.2  0
91054.0  0
91074.7  0
91095.4  0
91116.2  0
91136.9  0
91157.7  0
91178.5  0
91199.3  0
91220.1  0
91240.9  0
91261.7  0
91282.5  0
91303.4  0
91324.2  0
91345.1  0
91365.9  0
91386.8  0
91407.7  0
91428.6  0
91449.5  0
91470.4  0
91491.3  0
91512.2  0
91533.2  0
91554.1  0
91575.1  0
91596.1  0
91617.0  0
91638.0  0
91659.0  0
91680.0  0
91701.0  0
91722.1  0
91743.1  0
91764.2  0
91785.2  0
91806.3  0
91827.4  0
91848.4  0
91869.5  0
91890.6  0
91911.8  0
91932.9  0
91954.0  0
91975.2  0
91996.3  0
92017.5  0
92038.7  0
92059.8  0
92081.0  0
92102.2  0
92123.4  0
92144.7  0
92165.9  0
92187.1  0
92208.4  0
92229.7  0
92250.9  0
92272.2  0
92293.5  0
92314.8  0
92336.1  0
92357.4  0
92378.7  0
92400.1  0
92421.4  0
92442.8  0
92464.2  0
92485.6  0
92506.9  0
92528.3  0
92549.7  0
92571.2  0
92592.6  0
92614.0  0
92635.5  0
92656.9  0
92678.4  0
92699.9  0
92721.4  0
92742.9  0
92764.4  0
92785.9  0
92807.4  0
92829.0  0
92850.5  0
92872.1  0
92893.6  0
92915.2  0
92936.8  0
92958.4  0
92980.0  0
93001.6  0
93023.3  0
93044.9  0
93066.5  0
93088.2  0
93109.9  0
93131.6  0
93153.2  0
93174.9  0
93196.6  0
93218.4  0
93240.1  0
93261.8  0
93283.6  0
93305.3  0
93327.1  0
93348.9  0
93370.7  0
93392.5  0
93414.3  0
93436.1  0
93457.9  0
93479.8  0
93501.6  0
93523.5  0
93545.4  0
93567.2  0
93589.1  0
93611.0  0
93633.0  0
93654.9  0
93676.8  0
93698.8  0
93720.7  0
93742.7  0
93764.6  0
93786.6  0
93808.6  0
93830.6  0
93852.7  0
93874.7  0
93896.7  0
93918.8  0
93940.8  0
93962.9  0
93985.0  0
94007.1  0
94029.2  0
94051.3  0
94073.4  0
94095.5  0
94117.7  0
94139.8  0
94162.0  0
94184.1  0
94206.3  0
94228.5  0
94250.7  0
94272.9  0
94295.1  0
94317.4  0
94339.6  0
94361.9  0
94384.1  0
94406.4  0
94428.7  0
94451.0  0
94473.3  0
94495.6  0
94518.0  0
94540.3  0
94562.6  0
94585.0  0
94607.4  0
94629.8  0
94652.2  0
94674.6  0
94697.0  0
94719.4  0
94741.8  0
94764.3  0
94786.7  0
94809.2  0
94831.7  0
94854.2  0
94876.7  0
94899.2  0
94921.7  0
94944.2  0
94966.8  0
94989.3  0
95011.9  0
95034.4  0
95057.0  0
95079.6  0
95102.2  0
95124.9  0
95147.5  0
95170.1  0
95192.8  0
95215.4  0
95238.1  0
95260.8  0
95283.5  0
95306.2  0
95328.9  0
95351.6  0
95374.3  0
95397.1  0
95419.8  0
95442.6  0
95465.4  0
95488.2  0
95511.0  0
95533.8  0
95556.6  0
95579.5  0
95602.3  0
95625.2  0
95648.0  0
95670.9  0
95693.8  0
95716.7  0
95739.6  0
95762.5  0
95785.4  0
95808.4  0
95831.3  0
95854.3  0
95877.3  0
95900.3  0
95923.3  0
95946.3  0
95969.3  0
95992.3  0
96015.4  0
96038.4  0
96061.5  0
96084.6  0
96107.6  0
96130.7  0
96153.9  0
96177.0  0
96200.1  0
96223.2  0
96246.4  0
96269.6  0
96292.7  0
96315.9  0
96339.1  0
96362.3  0
96385.5  0
96408.8  0
96432.0  0
96455.3  0
96478.5  0
96501.8  0
96525.1  0
96548.4  0
96571.7  0
96595.0  0
96618.4  0
96641.7  0
96665.1  0
96688.4  0
96711.8  0
96735.2  0
96758.6  0
96782.0  0
96805.4  0
96828.9  0
96852.3  0
96875.8  0
96899.2  0
96922.7  0
96946.2  0
96969.7  0
96993.2  0
97016.7  0
97040.3  0
97063.8  0
97087.4  0
97110.9  0
97134.5  0
97158.1  0
97181.7  0
97205.3  0
97229.0  0
97252.6  0
97276.3  0
97299.9  0
97323.6  0
97347.3  0
97371.0  0
97394.7  0
97418.4  0
97442.1  0
97465.9  0
97489.6  0
97513.4  0
97537.2  0
97561.0  0
97584.8  0
97608.6  0
97632.4  0
97656.3  0
97680.1  0
97704.0  0
97727.8  0
97751.7  0
97775.6  0
97799.5  0
97823.4  0
97847.4  0
97871.3  0
97895.3  0
97919.2  0
97943.2  0
97967.2  0
97991.2  0
98015.2  0
98039.2  0
98063.2  0
98087.3  0
98111.4  0
98135.4  0
98159.5  0
98183.6  0
98207.7  0
98231.8  0
98256.0  0
98280.1  0
98304.3  0
98328.4  0
98352.6  0
98376.8  0
98401.0  0
98425.2  0
98449.4  0
98473.7  0
98497.9  0
98522.2  0
98546.4  0
98570.7  0
98595.0  0
98619.3  0
98643.6  0
98668.0  0
98692.3  0
98716.7  0
98741.1  0
98765.4  0
98789.8  0
98814.2  0
98838.6  0
98863.1  0
98887.5  0
98912.0  0
98936.4  0
98960.9  0
98985.4  0
99009.9  0
99034.4  0
99058.9  0
99083.5  0
99108.0  0
99132.6  0
99157.2  0
99181.7  0
99206.4  0
99231.0  0
99255.6  0
99280.2  0
99304.9  0
99329.5  0
99354.2  0
99378.9  0
99403.6  0
99428.3  0
99453.0  0
99477.7  0
99502.5  0
99527.2  0
99552.0  0
99576.8  0
99601.6  0
99626.4  0
99651.2  0
99676.1  0
99700.9  0
99725.8  0
99750.6  0
99775.5  0
99800.4  0
99825.3  0
99850.2  0
99875.2  0
99900.1  0
99925.1  0
99950.0  0
99975.0  0
100000.0  0
100025.0  0
100050.0  0
100075.0  0
100100.0  0
100125.0  0
100150.0  0
100175.0  0
100200.0  0
100226.0  0
100251.0  0
100276.0  0
100301.0  0
100326.0  0
100351.0  0
100376.0  0
100402.0  0
100427.0  0
100452.0  0
100477.0  0
100503.0  0
100528.0  0
100553.0  0
100578.0  0
100604.0  0
100629.0  0
100654.0  0
100680.0  0
100705.0  0
100730.0  0
100756.0  0
100781.0  0
100806.0  0
100832.0  0
100857.0  0
100883.0  0
100908.0  0
100934.0  0
100959.0  0
100985.0  0
101010.0  0
101036.0  0
101061.0  0
101087.0  0
101112.0  0
101138.0  0
101163.0  0
101189.0  0
101215.0  0
101240.0  0
101266.0  0
101291.0  0
101317.0  0
101343.0  0
101368.0  0
101394.0  0
101420.0  0
101446.0  0
101471.0  0
101497.0  0
101523.0  0
101549.0  0
101574.0  0
101600.0  0
101626.0  0
101652.0  0
101678.0  0
101704.0  0
101729.0  0
101755.0  0
101781.0  0
101807.0  0
101833.0  0
101859.0  0
101885.0  0
101911.0  0
101937.0  0
101963.0  0
101989.0  0
102015.0  0
102041.0  0
102067.0  0
102093.0  0
102119.0  0
102145.0  0
102171.0  0
102197.0  0
102223.0  0
102249.0  0
102276.0  0
102302.0  0
102328.0  0
102354.0  0
102380.0  0
102407.0  0
102433.0  0
102459.0  0
102485.0  0
102512.0  0
102538.0  0
102564.0  0
102590.0  0
102617.0  0
102643.0  0
102669.0  0
102722.0  0
102749.0  0
102775.0  0
102828.0  0
102854.0  0
102881.0  0
102907.0  0
102934.0  0
102960.0  0
102987.0  0
103013.0  0
103040.0  0
103066.0  0
103093.0  0
103119.0  0
103146.0  0
103173.0  0
103199.0  0
103226.0  0
103252.0  0
103279.0  0
103306.0  0
103332.0  0
103359.0  0
103386.0  0
103413.0  0
103439.0  0
103466.0  0
103493.0  0
103520.0  0
103546.0  0
103573.0  0
103600.0  0
103627.0  0
103654.0  0
103681.0  0
103708.0  0
103734.0  0
103761.0  0
103788.0  0
103815.0  0
103842.0  0
103869.0  0
103896.0  0
103923.0  0
103950.0  0
103977.0  0
104004.0  0
104031.0  0
104058.0  0
104085.0  0
104112.0  0
104140.0  0
104167.0  0
104194.0  0
104221.0  0
104248.0  0
104275.0  0
104302.0  0
104330.0  0
104357.0  0
104384.0  0
104411.0  0
104439.0  1.2102e-07
104466.0  1.20989e-07
104493.0  1.20958e-07
104521.0  1.20926e-07
104548.0  1.20894e-07
104575.0  1.20863e-07
104603.0  1.20831e-07
104630.0  1.208e-07
104657.0  1.20768e-07
104685.0  1.20736e-07
104712.0  1.20705e-07
104739.0  1.20674e-07
104767.0  1.20642e-07
104794.0  1.20611e-07
104822.0  1.20578e-07
104849.0  1.20547e-07
104877.0  1.20515e-07
104904.0  1.20484e-07
104932.0  1.20452e-07
104959.0  1.20421e-07
104987.0  1.20389e-07
105014.0  1.20358e-07
105042.0  1.20326e-07
105070.0  1.20294e-07
105097.0  1.20263e-07
105125.0  1.20231e-07
105152.0  1.202e-07
105180.0  1.20168e-07
105208.0  0
105235.0  0
105263.0  0
105291.0  0
105319.0  0
105346.0  0
105374.0  0
105402.0  0
105430.0  0
105457.0  0
105485.0  0
105513.0  0
105541.0  0
105569.0  0
105597.0  0
105625.0  0
105652.0  0
105680.0  0
105708.0  0
105736.0  0
105764.0  0
105792.0  0
105820.0  0
105848.0  0
105876.0  0
105904.0  0
105932.0  0
105960.0  0
105988.0  0
106016.0  0
106045.0  0
106073.0  0
106101.0  0
106129.0  0
106157.0  0
106185.0  0
106213.0  0
106242.0  0
106270.0  0
106298.0  0
106326.0  0
106355.0  0
106383.0  0
106411.0  0
106440.0  0
106468.0  0
106496.0  0
106525.0  0
106553.0  0
106581.0  0
106610.0  0
106638.0  0
106667.0  0
106695.0  0
106724.0  0
106752.0  0
106781.0  0
106809.0  0
106838.0  0
106866.0  0
106895.0  0
106923.0  0
106952.0  0
106980.0  0
107009.0  0
107038.0  0
107066.0  0
107095.0  0
107124.0  0
107152.0  0
107181.0  0
107210.0  0
107239.0  0
107267.0  0
107296.0  0
107325.0  0
107354.0  0
107383.0  0
107411.0  0
107440.0  0
107469.0  0
107498.0  0
107527.0  0
107556.0  0
107585.0  0
107614.0  0
107643.0  0
107672.0  0
107701.0  0
107730.0  0
107759.0  0
107788.0  0
107817.0  0
107846.0  0
107875.0  0
107904.0  0
107933.0  0
107962.0  0
107991.0  0
108021.0  0
108050.0  0
108079.0  0
108108.0  0
108137.0  0
108167.0  0
108196.0  0
108225.0  0
108254.0  0
108284.0  0
108313.0  0
108342.0  0
108372.0  0
108401.0  0
108430.0  0
108460.0  0
108489.0  0
108519.0  0
108548.0  0
108578.0  0
108607.0  0
108637.0  0
108666.0  0
108696.0  0
108725.0  0
108755.0  0
108784.0  0
108814.0  0
108844.0  0
108873.0  0
108903.0  0
108932.0  0
108962.0  0
108992.0  0
109022.0  0
109051.0  0
109081.0  0
109111.0  0
109141.0  0
109170.0  0
109200.0  0
109230.0  0
109260.0  0
109290.0  0
109319.0  0
109349.0  0
109379.0  0
109409.0  0
109439.0  0
109469.0  0
109499.0  0
109529.0  0
109559.0  0
109589.0  0
109619.0  0
109649.0  0
109679.0  0
109709.0  0
109739.0  0
109769.0  0
109800.0  0
109830.0  0
109860.0  0
109890.0  0
109920.0  0
109951.0  0
109981.0  0
110011.0  0
110041.0  0
110072.0  0
110102.0  0
110132.0  0
110162.0  0
110193.0  0
110223.0  0
110254.0  0
110284.0  0
110314.0  0
110345.0  0
110375.0  0
110406.0  0
110436.0  0
110467.0  0
110497.0  0
110528.0  0
110558.0  0
110589.0  0
110619.0  0
110650.0  0
110681.0  0
110711.0  0
110742.0  0
110773.0  0
110803.0  0
110834.0  0
110865.0  0
110895.0  0
110926.0  0
110957.0  0
110988.0  0
111019.0  0
111049.0  0
111080.0  0
111111.0  0
111142.0  0
111173.0  0
111204.0  0
111235.0  0
111266.0  0
111297.0  0
111328.0  0
111359.0  0
111390.0  0
111421.0  0
111452.0  0
111483.0  0
111514.0  0
111545.0  0
111576.0  0
111607.0  0
111638.0  0
111669.0  0
111701.0  0
111732.0  0
111763.0  0
111794.0  0
111826.0  0
111857.0  0
111888.0  0
111919.0  0
111951.0  0
111982.0  0
112013.0  0
112045.0  0
112076.0  0
112108.0  0
112139.0  0
112170.0  0
112202.0  0
112233.0  0
112265.0  0
112296.0  0
112328.0  0
112360.0  0
112391.0  0
112423.0  0
112454.0  0
112486.0  0
112518.0  0
112549.0  0
112581.0  0
112613.0  0
112644.0  0
112676.0  0
112708.0  0
112740.0  0
112771.0  0
112803.0  0
112835.0  0
112867.0  0
112899.0  0
112931.0  0
112962.0  0
112994.0  0
113026.0  0
113058.0  0
113090.0  0
113122.0  0
113154.0  0
113186.0  0
113218.0  0
113250.0  0
113282.0  0
113314.0  0
113347.0  0
113379.0  0
113411.0  0
113443.0  0
113475.0  0
113507.0  0
113540.0  0
113572.0  0
113604.0  0
113636.0  0
113669.0  0
113701.0  0
113733.0  0
113766.0  0
113798.0  0
113830.0  0
113863.0  0
113895.0  0
113928.0  0
113960.0  0
113993.0  0
114025.0  0
114058.0  0
114090.0  0
114123.0  0
114155.0  0
114188.0  0
114220.0  0
114253.0  0
114286.0  0
114318.0  0
114351.0  0
114384.0  0
114416.0  0
114449.0  0
114482.0  0
114515.0  0
114548.0  0
114580.0  0
114613.0  0
114646.0  0
114679.0  0
114712.0  0
114745.0  0
114778.0  0
114811.0  0
114844.0  0
114877.0  0
114910.0  0
114943.0  0
114976.0  0
115009.0  0
115042.0  0
115075.0  0
115108.0  0
115141.0  0
115174.0  0
115207.0  0
115241.0  0
115274.0  0
115307.0  0
115340.0  0
115374.0  0
115407.0  0
115440.0  0
115473.0  0
115507.0  0
115540.0  0
115574.0  0
115607.0  0
115640.0  0
115674.0  0
115707.0  0
115741.0  0
115774.0  0
115808.0  0
115841.0  0
115875.0  0
115908.0  0
115942.0  0
115976.0  0
116009.0  0
116043.0  0
116077.0  0
116110.0  0
116144.0  0
116178.0  0
116212.0  0
116245.0  0
116279.0  0
116313.0  0
116347.0  0
116381.0  0
116414.0  0
116448.0  0
116482.0  0
116516.0  0
116550.0  0
116584.0  0
116618.0  0
116652.0  0
116686.0  0
116720.0  0
116754.0  0
116788.0  0
116822.0  0
116857.0  0
116891.0  0
116925.0  0
116959.0  0
116993.0  0
117028.0  0
117062.0  0
117096.0  0
117130.0  0
117165.0  0
117199.0  0
117233.0  0
117268.0  0
117302.0  0
117336.0  0
117371.0  0
117405.0  0
117440.0  0
117474.0  0
117509.0  0
117543.0  0
117578.0  0
117612.0  0
117647.0  0
117682.0  0
117716.0  0
117751.0  0
117786.0  0
117820.0  0
117855.0  0
117890.0  0
117925.0  0
117959.0  0
117994.0  0
118029.0  0
118064.0  0
118099.0  0
118133.0  0
118168.0  0
118203.0  0
118238.0  0
118273.0  0
118308.0  0
118343.0  0
118378.0  0
118413.0  0
118448.0  0
118483.0  0
118519.0  0
118554.0  0
118589.0  0
118624.0  0
118659.0  0
118694.0  0
118730.0  0
118765.0  0
118800.0  0
118835.0  0
118871.0  0
118906.0  0
118941.0  0
118977.0  0
119012.0  0
119048.0  0
119083.0  0
119119.0  0
119154.0  0
119190.0  0
119225.0  0
119261.0  0
119296.0  0
119332.0  0
119367.0  0
119403.0  0
119439.0  0
119474.0  0
119510.0  0
119546.0  0
119581.0  0
119617.0  0
119653.0  0
119689.0  0
119725.0  0
119760.0  0
119796.0  0
119832.0  0
119868.0  0
119904.0  0
119940.0  0
119976.0  0
120012.0  0
120048.0  0
120084.0  0
120120.0  0
120156.0  0
120192.0  0
120228.0  0
120265.0  0
120301.0  0
120337.0  0
120373.0  0
120409.0  0
120446.0  0
120482.0  0
120518.0  0
120555.0  0
120591.0  0
120627.0  0
120664.0  0
120700.0  0
120736.0  0
120773.0  0
120809.0  0
120846.0  0
120882.0  0
120919.0  0
120956.0  0
120992.0  0
121029.0  0
121065.0  0
121102.0  0
121139.0  0
121175.0  0
121212.0  0
121249.0  0
121286.0  0
121322.0  0
121359.0  0
121396.0  0
121433.0  0
121470.0  0
121507.0  0
121544.0  0
121581.0  0
121618.0  0
121655.0  0
121692.0  0
121729.0  0
121766.0  0
121803.0  0
121840.0  0
121877.0  0
121914.0  0
121951.0  0
121988.0  0
122026.0  0
122063.0  0
122100.0  0
122137.0  0
122175.0  0
122212.0  0
122249.0  0
122287.0  0
122324.0  0
122362.0  0
122399.0  0
122436.0  0
122474.0  0
122511.0  0
122549.0  0
122587.0  0
122624.0  0
122662.0  0
122699.0  0
122737.0  0
122775.0  0
122812.0  0
122850.0  0
122888.0  0
122926.0  0
122963.0  0
123001.0  0
123039.0  0
123077.0  0
123115.0  0
123153.0  0
123191.0  0
123229.0  0
123267.0  0
123305.0  0
123343.0  0
123381.0  0
123419.0  0
123457.0  0
123495.0  0
123533.0  0
123571.0  0
123609.0  0
123648.0  0
123686.0  0
123724.0  0
123762.0  0
123801.0  0
123839.0  0
123877.0  0
123916.0  0
123954.0  0
123993.0  0
124031.0  0
124069.0  0
124108.0  0
124146.0  0
124185.0  0
124224.0  0
124262.0  0
124301.0  0
124339.0  0
124378.0  0
124417.0  0
124456.0  0
124494.0  0
124533.0  0
124572.0  0
124611.0  0
124649.0  0
124688.0  0
124727.0  0
124766.0  0
124805.0  0
124844.0  0
124883.0  0
124922.0  0
124961.0  0
125000.0  0
125039.0  0
125078.0  0
125117.0  0
125156.0  0
125196.0  0
125235.0  0
125274.0  0
125313.0  0
125353.0  0
125392.0  0
125431.0  0
125471.0  0
125510.0  0
125549.0  0
125589.0  0
125628.0  0
125668.0  0
125707.0  0
125747.0  0
125786.0  0
125826.0  0
125865.0  0
125905.0  0
125945.0  0
125984.0  0
126024.0  0
126064.0  0
126103.0  0
126143.0  0
126183.0  0
126223.0  0
126263.0  0
126302.0  0
126342.0  0
126382.0  0
126422.0  0
126462.0  0
126502.0  0
126542.0  0
126582.0  0
126622.0  0
126662.0  0
126703.0  0
126743.0  0
126783.0  0
126823.0  0
126863.0  0
126904.0  0
126944.0  0
126984.0  0
127024.0  0
127065.0  0
127105.0  0
127146.0  0
127186.0  0
127226.0  0
127267.0  0
127307.0  0
127348.0  0
127389.0  0
127429.0  0
127470.0  0
127510.0  0
127551.0  0
127592.0  0
127632.0  0
127673.0  0
127714.0  0
127755.0  0
127796.0  0
127836.0  0
127877.0  0
127918.0  0
127959.0  0
128000.0  0
128041.0  0
128082.0  0
128123.0  0
128164.0  0
128205.0  0
128246.0  0
128287.0  0
128329.0  0
128370.0  0
128411.0  0
128452.0  0
128493.0  0
128535.0  0
128576.0  0
128617.0  0
128659.0  0
128700.0  0
128742.0  0
128783.0  0
128824.0  0
128866.0  0
128908.0  0
128949.0  0
128991.0  0
129032.0  0
129074.0  0
129116.0  0
129157.0  0
129199.0  0
129241.0  0
129282.0  0
129324.0  0
129366.0  0
129408.0  0
129450.0  0
129492.0  0
129534.0  0
129576.0  0
129618.0  0
129660.0  0
129702.0  0
129744.0  0
129786.0  0
129828.0  0
129870.0  0
129912.0  0
129955.0  0
129997.0  0
130039.0  0
130081.0  0
130124.0  0
130166.0  0
130208.0  0
130251.0  0
130293.0  0
130336.0  0
130378.0  0
130421.0  0
130463.0  0
130506.0  0
130548.0  0
130591.0  0
130634.0  0
130676.0  0
130719.0  0
130762.0  0
130804.0  0
130847.0  0
130890.0  0
130933.0  0
130976.0  0
131019.0  0
131062.0  0
131105.0  0
131148.0  0
131191.0  0
131234.0  0
131277.0  0
131320.0  0
131363.0  0
131406.0  0
131449.0  0
131492.0  0
131536.0  0
131579.0  0
131622.0  0
131666.0  0
131709.0  0
131752.0  0
131796.0  0
131839.0  0
131883.0  0
131926.0  0
131970.0  0
132013.0  0
132057.0  0
132100.0  0
132144.0  0
132188.0  0
132231.0  0
132275.0  0
132319.0  0
132363.0  0
132406.0  0
132450.0  0
132494.0  0
132538.0  0
132582.0  0
132626.0  0
132670.0  0
132714.0  0
132758.0  0
132802.0  0
132846.0  0
132890.0  0
132935.0  0
132979.0  0
133023.0  0
133067.0  0
133111.0  0
133156.0  0
133200.0  0
133245.0  0
133289.0  0
133333.0  0
133378.0  0
133422.0  0
133467.0  0
133511.0  0
133556.0  0
133601.0  0
133645.0  0
133690.0  0
133735.0  0
133779.0  0
133824.0  0
133869.0  0
133914.0  0
133958.0  0
134003.0  0
134048.0  0
134093.0  0
134138.0  0
134183.0  0
134228.0  0
134273.0  0
134318.0  0
134363.0  0
134409.0  0
134454.0  0
134499.0  0
134544.0  0
134590.0  0
134635.0  0
134680.0  0
134725.0  0
134771.0  0
134816.0  0
134862.0  0
134907.0  0
134953.0  0
134998.0  0
135044.0  0
135089.0  0
135135.0  0
135181.0  0
135227.0  0
135272.0  0
135318.0  0
135364.0  0
135410.0  0
135455.0  0
135501.0  0
135547.0  0
135593.0  0
135639.0  0
135685.0  0
135731.0  0
135777.0  0
135823.0  0
135870.0  0
135916.0  0
135962.0  0
136008.0  0
136054.0  0
136101.0  0
136147.0  0
136193.0  0
136240.0  0
136286.0  0
136333.0  0
136379.0  0
136426.0  0
136472.0  0
136519.0  0
136565.0  0
136612.0  0
136659.0  0
136705.0  0
136752.0  0
136799.0  9.23929e-08
136846.0  9.23612e-08
136893.0  9.23295e-08
136939.0  9.22984e-08
136986.0  9.22668e-08
137033.0  9.22351e-08
137080.0  9.22035e-08
137127.0  9.21719e-08
137174.0  9.21403e-08
137221.0  9.21088e-08
137268.0  9.20772e-08
137315.0  9.20457e-08
137363.0  9.20136e-08
137410.0  9.19821e-08
137457.0  9.19506e-08
137504.0  9.19192e-08
137552.0  9.18871e-08
137599.0  9.18557e-08
137646.0  9.18244e-08
137694.0  9.17924e-08
137741.0  9.1761e-08
137788.0  9.17297e-08
137836.0  9.16978e-08
137883.0  9.16665e-08
137931.0  9.16346e-08
137979.0  9.16028e-08
138026.0  9.15716e-08
138074.0  9.15397e-08
138122.0  9.15079e-08
138169.0  9.14768e-08
138217.0  9.1445e-08
138265.0  9.14133e-08
138313.0  9.13816e-08
138360.0  1.82701e-07
138408.0  1.82638e-07
138456.0  1.82574e-07
138504.0  1.82511e-07
138552.0  1.82448e-07
138600.0  1.82385e-07
138648.0  1.82322e-07
138696.0  1.82258e-07
138744.0  1.82195e-07
138793.0  1.82131e-07
138841.0  1.82068e-07
138889.0  1.82005e-07
138937.0  1.81942e-07
138985.0  1.81879e-07
139034.0  1.81815e-07
139082.0  2.72629e-07
139130.0  2.72535e-07
139179.0  2.72439e-07
139227.0  2.72345e-07
139276.0  2.72249e-07
139324.0  2.72155e-07
139373.0  2.7206e-07
139421.0  2.71966e-07
139470.0  2.7187e-07
139519.0  2.71775e-07
139567.0  3.62242e-07
139616.0  3.62115e-07
139665.0  3.61988e-07
139714.0  3.61861e-07
139762.0  3.61737e-07
139811.0  3.6161e-07
139860.0  3.61483e-07
139909.0  3.61357e-07
139958.0  3.6123e-07
140007.0  3.61104e-07
140056.0  3.60977e-07
140105.0  4.51064e-07
140154.0  4.50906e-07
140203.0  4.50749e-07
140252.0  4.50591e-07
140302.0  4.5043e-07
140351.0  4.50273e-07
140400.0  4.50116e-07
140449.0  4.49959e-07
140499.0  4.49799e-07
140548.0  4.49642e-07
140598.0  4.49482e-07
140647.0  5.39191e-07
140696.0  5.39003e-07
140746.0  5.38811e-07
140795.0  5.38624e-07
140845.0  5.38433e-07
140895.0  5.38242e-07
140944.0  5.38054e-07
140994.0  5.37864e-07
141044.0  5.37673e-07
141093.0  5.37486e-07
141143.0  5.37296e-07
141193.0  5.37106e-07
141243.0  6.26401e-07
141293.0  6.2618e-07
141343.0  6.25958e-07
141393.0  6.25737e-07
141443.0  6.25516e-07
141493.0  6.25295e-07
141543.0  6.25074e-07
141593.0  6.24853e-07
141643.0  6.24632e-07
141693.0  6.24412e-07
141743.0  7.13362e-07
141794.0  7.13105e-07
141844.0  7.12854e-07
141894.0  7.12603e-07
141945.0  7.12347e-07
141995.0  7.12096e-07
142045.0  7.11845e-07
142096.0  7.1159e-07
142146.0  8.00257e-07
142197.0  7.9997e-07
142248.0  7.99683e-07
142298.0  7.99402e-07
142349.0  7.99116e-07
142399.0  7.98835e-07
142450.0  7.98549e-07
142501.0  8.86959e-07
142552.0  8.86642e-07
142602.0  8.86331e-07
142653.0  8.86014e-07
142704.0  8.85697e-07
142755.0  8.85381e-07
142806.0  9.73571e-07
142857.0  9.73224e-07
142908.0  9.72876e-07
142959.0  9.72529e-07
143010.0  9.72183e-07
143062.0  9.71829e-07
143113.0  9.71483e-07
143164.0  1.05942e-06
143215.0  1.05904e-06
143266.0  1.05867e-06
143318.0  1.05828e-06
143369.0  1.14607e-06
143421.0  1.14565e-06
143472.0  1.14524e-06
143524.0  1.14483e-06
143575.0  1.14442e-06
143627.0  1.23201e-06
143678.0  1.23157e-06
143730.0  1.23113e-06
143781.0  1.23069e-06
143833.0  1.23024e-06
143885.0  1.31764e-06
143937.0  1.31717e-06
143988.0  1.3167e-06
144040.0  1.31622e-06
144092.0  1.31575e-06
144144.0  1.31527e-06
144196.0  1.3148e-06
144248.0  1.31433e-06
144300.0  1.31385e-06
144352.0  1.40094e-06
144404.0  1.40043e-06
144456.0  1.39993e-06
144509.0  1.39942e-06
144561.0  1.39891e-06
144613.0  1.39841e-06
144665.0  1.39791e-06
144718.0  1.39739e-06
144770.0  1.39689e-06
144823.0  1.39638e-06
144875.0  1.39588e-06
144928.0  1.39537e-06
144980.0  1.39487e-06
145033.0  1.39436e-06
145085.0  1.39386e-06
145138.0  1.39335e-06
145191.0  1.39284e-06
145243.0  1.39234e-06
145296.0  1.39184e-06
145349.0  1.39133e-06
145402.0  1.39082e-06
145455.0  1.39031e-06
145507.0  1.38982e-06
145560.0  1.38931e-06
145613.0  1.38881e-06
145666.0  1.3883e-06
145719.0  1.3878e-06
145773.0  1.30058e-06
145826.0  1.3001e-06
145879.0  1.29963e-06
145932.0  1.29916e-06
145985.0  1.29869e-06
146039.0  1.29821e-06
146092.0  1.29774e-06
146145.0  1.29727e-06
146199.0  1.29679e-06
146252.0  1.29632e-06
146306.0  1.29584e-06
146359.0  1.20901e-06
146413.0  1.20856e-06
146466.0  1.20813e-06
146520.0  1.20768e-06
146574.0  1.20724e-06
146628.0  1.20679e-06
146681.0  1.20636e-06
146735.0  1.11978e-06
146789.0  1.11936e-06
146843.0  1.11895e-06
146897.0  1.11854e-06
146951.0  1.11813e-06
147005.0  1.11772e-06
147059.0  1.11731e-06
147113.0  1.1169e-06
147167.0  1.03061e-06
147221.0  1.03023e-06
147275.0  1.02985e-06
147330.0  1.02947e-06
147384.0  1.02909e-06
147438.0  1.02871e-06
147493.0  1.02833e-06
147547.0  1.02795e-06
147601.0  1.02757e-06
147656.0  1.02719e-06
147710.0  9.41249e-07
147765.0  9.40898e-07
147820.0  9.40548e-07
147874.0  9.40205e-07
147929.0  9.39855e-07
147984.0  9.39506e-07
148038.0  9.39163e-07
148093.0  8.53468e-07
148148.0  8.53151e-07
148203.0  8.52834e-07
148258.0  8.52518e-07
148313.0  8.52202e-07
148368.0  8.51886e-07
148423.0  7.66413e-07
148478.0  7.66129e-07
148533.0  7.65845e-07
148588.0  7.65562e-07
148644.0  7.65274e-07
148699.0  6.79992e-07
148754.0  6.7974e-07
148810.0  6.79484e-07
148865.0  6.79233e-07
148920.0  6.78982e-07
148976.0  6.78727e-07
149031.0  6.78477e-07
149087.0  6.78222e-07
149142.0  5.93225e-07
149198.0  5.93003e-07
149254.0  5.9278e-07
149309.0  5.92562e-07
149365.0  5.9234e-07
149421.0  5.92118e-07
149477.0  5.91896e-07
149533.0  5.07149e-07
149589.0  5.06959e-07
149645.0  5.0677e-07
149701.0  5.0658e-07
149757.0  5.06391e-07
149813.0  5.06201e-07
149869.0  5.06012e-07
149925.0  5.05823e-07
149981.0  4.21362e-07
150038.0  4.21202e-07
150094.0  4.21045e-07
150150.0  4.20888e-07
150207.0  4.20728e-07
150263.0  4.20571e-07
150319.0  4.20414e-07
150376.0  4.20255e-07
150432.0  4.20099e-07
150489.0  4.1994e-07
150546.0  4.19781e-07
150602.0  4.19625e-07
150659.0  3.35573e-07
150716.0  3.35446e-07
150773.0  3.35319e-07
150830.0  3.35192e-07
150886.0  3.35068e-07
150943.0  3.34941e-07
151000.0  3.34815e-07
151057.0  3.34688e-07
151114.0  3.34562e-07
151172.0  3.34434e-07
151229.0  3.34308e-07
151286.0  3.34182e-07
151343.0  3.34056e-07
151400.0  3.3393e-07
151458.0  3.33802e-07
151515.0  3.33677e-07
151573.0  3.33549e-07
151630.0  3.33424e-07
151688.0  3.33296e-07
151745.0  3.33171e-07
151803.0  3.33044e-07
151860.0  3.32919e-07
151918.0  3.32792e-07
151976.0  3.32665e-07
152033.0  3.3254e-07
152091.0  3.32413e-07
152149.0  3.32286e-07
152207.0  3.3216e-07
152265.0  3.32033e-07
152323.0  3.31907e-07
152381.0  3.3178e-07
152439.0  3.31654e-07
152497.0  3.31528e-07
152555.0  3.31402e-07
152614.0  3.31274e-07
152672.0  3.31148e-07
152730.0  3.31022e-07
152788.0  3.30897e-07
152847.0  3.30769e-07
152905.0  3.30643e-07
152964.0  4.13145e-07
153022.0  4.12988e-07
153081.0  4.12829e-07
153139.0  4.12673e-07
153198.0  4.12514e-07
153257.0  4.12355e-07
153315.0  4.12199e-07
153374.0  4.1204e-07
153433.0  4.11882e-07
153492.0  4.11724e-07
153551.0  4.11566e-07
153610.0  4.11407e-07
153669.0  4.93499e-07
153728.0  4.9331e-07
153787.0  4.93121e-07
153846.0  4.92932e-07
153905.0  4.92743e-07
153965.0  4.9255e-07
154024.0  4.92362e-07
154083.0  4.92173e-07
154143.0  4.91982e-07
154202.0  4.91794e-07
154261.0  4.91605e-07
154321.0  4.91414e-07
154381.0  4.91223e-07
154440.0  4.91036e-07
154500.0  4.90845e-07
154560.0  5.7243e-07
154619.0  5.72212e-07
154679.0  5.7199e-07
154739.0  4.90087e-07
154799.0  4.89897e-07
154859.0  4.89707e-07
154919.0  4.89517e-07
154979.0  4.89328e-07
155039.0  4.89139e-07
155099.0  4.88949e-07
155159.0  4.8876e-07
155219.0  4.88571e-07
155280.0  4.88379e-07
155340.0  4.88191e-07
155400.0  4.88002e-07
155461.0  4.87811e-07
155521.0  4.87622e-07
155581.0  4.87434e-07
155642.0  4.87243e-07
155703.0  4.87052e-07
155763.0  4.86865e-07
155824.0  4.86674e-07
155885.0  4.05403e-07
155945.0  4.05247e-07
156006.0  4.05089e-07
156067.0  4.04931e-07
156128.0  4.04772e-07
156189.0  4.04614e-07
156250.0  4.04456e-07
156311.0  4.04298e-07
156372.0  4.04141e-07
156433.0  4.03983e-07
156495.0  4.03823e-07
156556.0  4.03666e-07
156617.0  4.03508e-07
156678.0  3.22681e-07
156740.0  3.22553e-07
156801.0  3.22428e-07
156863.0  3.22301e-07
156924.0  3.22175e-07
156986.0  3.22048e-07
157048.0  3.21921e-07
157109.0  3.21796e-07
157171.0  3.21669e-07
157233.0  3.21542e-07
157295.0  3.21415e-07
157356.0  3.21291e-07
157418.0  3.21164e-07
157480.0  3.21038e-07
157542.0  3.20911e-07
157604.0  3.20785e-07
157667.0  3.20657e-07
157729.0  3.20531e-07
157791.0  3.20405e-07
157853.0  3.20279e-07
157916.0  3.20151e-07
157978.0  3.20026e-07
158040.0  3.199e-07
158103.0  3.19773e-07
158165.0  3.19647e-07
158228.0  3.1952e-07
158290.0  3.19395e-07
158353.0  3.19268e-07
158416.0  3.19141e-07
158479.0  3.19014e-07
158541.0  3.18889e-07
158604.0  3.18763e-07
158667.0  3.18636e-07
158730.0  3.1851e-07
158793.0  3.18383e-07
158856.0  2.38693e-07
158919.0  2.38598e-07
158983.0  2.38502e-07
159046.0  2.38408e-07
159109.0  2.38313e-07
159172.0  2.38219e-07
159236.0  2.38123e-07
159299.0  2.38029e-07
159363.0  2.37933e-07
159426.0  2.37839e-07
159490.0  2.37744e-07
159553.0  2.3765e-07
159617.0  2.37555e-07
159681.0  2.3746e-07
159744.0  2.37366e-07
159808.0  2.37271e-07
159872.0  2.37176e-07
159936.0  2.37081e-07
160000.0  2.36986e-07
160064.0  2.36891e-07
160128.0  2.36797e-07
160192.0  2.36702e-07
160256.0  2.36608e-07
160321.0  2.36512e-07
160385.0  2.36417e-07
160449.0  2.36323e-07
160514.0  2.36227e-07
160578.0  2.36133e-07
160643.0  2.36037e-07
160707.0  2.35943e-07
160772.0  2.35848e-07
160836.0  2.35754e-07
160901.0  2.35659e-07
160966.0  2.35564e-07
161031.0  2.35469e-07
161095.0  2.35375e-07
161160.0  2.3528e-07
161225.0  2.35185e-07
161290.0  2.35091e-07
161355.0  2.34996e-07
161420.0  2.34901e-07
161486.0  2.34805e-07
161551.0  2.34711e-07
161616.0  2.34616e-07
161681.0  2.34522e-07
161747.0  2.34426e-07
161812.0  2.34332e-07
161878.0  1.56158e-07
161943.0  1.56095e-07
162009.0  1.56032e-07
162075.0  1.55968e-07
162140.0  1.55905e-07
162206.0  1.55842e-07
162272.0  1.55779e-07
162338.0  1.55715e-07
162404.0  1.55652e-07
162470.0  1.55589e-07
162536.0  1.55526e-07
162602.0  1.55463e-07
162668.0  1.55399e-07
162734.0  1.55336e-07
162800.0  1.55273e-07
162866.0  1.55211e-07
162933.0  1.55147e-07
162999.0  1.55084e-07
163066.0  1.5502e-07
163132.0  1.54957e-07
163199.0  1.54894e-07
163265.0  1.54831e-07
163332.0  1.54768e-07
163399.0  1.54704e-07
163465.0  1.54642e-07
163532.0  1.54578e-07
163599.0  1.54515e-07
163666.0  1.54452e-07
163733.0  1.54389e-07
163800.0  1.54325e-07
163867.0  1.54262e-07
163934.0  1.54199e-07
164002.0  1.54135e-07
164069.0  7.70362e-08
164136.0  7.70048e-08
164204.0  7.69729e-08
164271.0  7.69415e-08
164339.0  7.69097e-08
164406.0  7.68783e-08
164474.0  7.68465e-08
164541.0  7.68152e-08
164609.0  7.67835e-08
164677.0  7.67518e-08
164745.0  7.67201e-08
164813.0  7.66885e-08
164880.0  7.66573e-08
164948.0  7.66257e-08
165016.0  7.65941e-08
165085.0  7.65621e-08
165153.0  7.65306e-08
165221.0  7.64991e-08
165289.0  7.64676e-08
165358.0  7.64357e-08
165426.0  7.64043e-08
165494.0  7.63729e-08
165563.0  7.63411e-08
165631.0  7.63097e-08
165700.0  7.6278e-08
165769.0  7.62462e-08
165837.0  7.62149e-08
165906.0  7.61832e-08
165975.0  7.61516e-08
166044.0  7.61199e-08
166113.0  7.60883e-08
166182.0  7.60567e-08
166251.0  7.60252e-08
166320.0  7.59936e-08
166389.0  7.59621e-08
166459.0  7.59302e-08
166528.0  7.58987e-08
166597.0  7.58673e-08
166667.0  7.58354e-08
166736.0  7.5804e-08
166806.0  7.57722e-08
166875.0  7.57409e-08
166945.0  0
167015.0  0
167084.0  0
167154.0  0
167224.0  0
167294.0  0
167364.0  0
167434.0  0
167504.0  0
167574.0  0
167645.0  0
167715.0  0
167785.0  0
167856.0  0
167926.0  0
167997.0  0
168067.0  0
168138.0  0
168209.0  0
168279.0  0
168350.0  0
168421.0  0
168492.0  0
168563.0  0
168634.0  0
168705.0  0
168776.0  0
168848.0  0
168919.0  0
168990.0  0
169062.0  0
169133.0  0
169205.0  0
169276.0  0
169348.0  0
169420.0  0
169492.0  0
169563.0  0
169635.0  0
169707.0  0
169779.0  0
169851.0  0
169924.0  0
169996.0  0
170068.0  0
170140.0  0
170213.0  0
170285.0  0
170358.0  0
170430.0  0
170503.0  0
170576.0  0
170648.0  0
170721.0  0
170794.0  0
170867.0  0
170940.0  0
171013.0  0
171086.0  0
171160.0  0
171233.0  0
171306.0  0
171380.0  0
171453.0  0
171527.0  0
171600.0  0
171674.0  0
171748.0  0
171821.0  0
171895.0  0
171969.0  0
172043.0  0
172117.0  0
172191.0  0
172265.0  0
172340.0  0
172414.0  0
172488.0  0
172563.0  0
172637.0  0
172712.0  0
172786.0  0
172861.0  0
172936.0  0
173010.0  0
173085.0  0
173160.0  0
173235.0  0
173310.0  0
173385.0  0
173461.0  0
173536.0  0
173611.0  0
173687.0  0
173762.0  0
173837.0  0
173913.0  0
173989.0  0
174064.0  0
174140.0  0
174216.0  0
174292.0  0
174368.0  0
174444.0  0
174520.0  0
174596.0  0
174672.0  0
174749.0  0
174825.0  0
174902.0  0
174978.0  0
175055.0  0
175131.0  0
175208.0  0
175285.0  0
175362.0  0
175439.0  0
175516.0  0
175593.0  0
175670.0  0
175747.0  0
175824.0  0
175901.0  0
175979.0  0
176056.0  0
176134.0  0
176211.0  0
176289.0  0
176367.0  0
176445.0  0
176523.0  0
176600.0  0
176678.0  0
176757.0  0
176835.0  0
176913.0  0
176991.0  0
177069.0  0
177148.0  0
177226.0  0
177305.0  0
177384.0  0
177462.0  0
177541.0  0
177620.0  0
177699.0  0
177778.0  0
177857.0  0
177936.0  0
178015.0  0
178094.0  0
178174.0  0
178253.0  0
178333.0  0
178412.0  0
178492.0  0
178571.0  0
178651.0  0
178731.0  0
178811.0  0
178891.0  0
178971.0  0
179051.0  0
179131.0  0
179211.0  0
179292.0  0
179372.0  0
179453.0  0
179533.0  0
179614.0  0
179695.0  0
179775.0  0
179856.0  0
179937.0  0
180018.0  0
180099.0  0
180180.0  0
180261.0  0
180343.0  0
180424.0  0
180505.0  0
180587.0  0
180668.0  0
180750.0  0
180832.0  0
180914.0  0
180995.0  0
181077.0  0
181159.0  0
181242.0  0
181324.0  0
181406.0  0
181488.0  0
181571.0  0
181653.0  0
181736.0  0
181818.0  0
181901.0  0
181984.0  0
182066.0  0
182149.0  0
182232.0  0
182315.0  0
182399.0  0
182482.0  0
182565.0  0
182648.0  0
182732.0  0
182815.0  0
182899.0  0
182983.0  0
183066.0  0
183150.0  0
183234.0  0
183318.0  0
183402.0  0
183486.0  0
183570.0  0
183655.0  0
183739.0  0
183824.0  0
183908.0  0
183993.0  0
184077.0  0
184162.0  0
184247.0  0
184332.0  0
184417.0  0
184502.0  0
184587.0  0
184672.0  0
184757.0  0
184843.0  0
184928.0  0
185014.0  0
185099.0  0
185185.0  0
185271.0  0
185357.0  0
185443.0  0
185529.0  0
185615.0  0
185701.0  0
185787.0  0
185874.0  0
185960.0  0
186047.0  0
186133.0  0
186220.0  0
186306.0  0
186393.0  0
186480.0  0
186567.0  0
186654.0  0
186741.0  0
186829.0  0
186916.0  0
187003.0  0
187091.0  0
187178.0  0
187266.0  0
187354.0  0
187441.0  0
187529.0  0
187617.0  0
187705.0  0
187793.0  0
187882.0  0
187970.0  0
188058.0  0
188147.0  0
188235.0  0
188324.0  0
188413.0  0
188501.0  0
188590.0  0
188679.0  0
188768.0  0
188857.0  0
188947.0  0
189036.0  0
189125.0  0
189215.0  0
189304.0  0
189394.0  0
189484.0  0
189573.0  0
189663.0  0
189753.0  0
189843.0  0
189934.0  0
190024.0  0
190114.0  0
190204.0  0
190295.0  0
190386.0  0
190476.0  0
190567.0  0
190658.0  0
190749.0  0
190840.0  0
190931.0  0
191022.0  0
191113.0  0
191205.0  0
191296.0  0
191388.0  0
191479.0  0
191571.0  0
191663.0  0
191755.0  0
191847.0  0
191939.0  0
192031.0  0
192123.0  0
192215.0  0
192308.0  0
192400.0  0
192493.0  0
192585.0  0
192678.0  0
192771.0  0
192864.0  0
192957.0  0
193050.0  0
193143.0  0
193237.0  0
193330.0  0
193424.0  0
193517.0  0
193611.0  0
193705.0  0
193798.0  0
193892.0  0
193986.0  0
194081.0  0
194175.0  0
194269.0  0
194363.0  0
194458.0  0
194553.0  0
194647.0  0
194742.0  0
194837.0  0
194932.0  0
195027.0  0
195122.0  0
195217.0  0
195313.0  0
195408.0  0
195503.0  0
195599.0  0
195695.0  0
195791.0  0
195886.0  0
195982.0  0
196078.0  0
196175.0  0
196271.0  0
196367.0  0
196464.0  0
196560.0  0
196657.0  0
196754.0  0
196850.0  0
196947.0  0
197044.0  0
197141.0  0
197239.0  0
197336.0  0
197433.0  0
197531.0  0
197628.0  0
197726.0  0
197824.0  0
197922.0  0
198020.0  0
198118.0  0
198216.0  0
198314.0  0
198413.0  0
198511.0  0
198610.0  0
198708.0  0
198807.0  0
198906.0  0
199005.0  0
199104.0  0
199203.0  0
199302.0  0
199402.0  0
199501.0  0
199601.0  0
199700.0  0
199800.0  0
199900.0  0
200000.0  0
200100.0  0
200200.0  0
200300.0  0
200401.0  0
200501.0  0
200602.0  0
200702.0  0
200803.0  0
200904.0  0
201005.0  0
201106.0  0
201207.0  0
201308.0  0
201410.0  0
201511.0  0
201613.0  0
201715.0  0
201816.0  0
201918.0  0
202020.0  0
202122.0  0
202224.0  0
202327.0  0
202429.0  0
202532.0  0
202634.0  0
202737.0  0
202840.0  0
202943.0  0
203046.0  0
203149.0  0
203252.0  0
203355.0  0
203459.0  0
203562.0  0
203666.0  0
203770.0  0
203874.0  0
203978.0  0
204082.0  0
204186.0  0
204290.0  0
204394.0  0
204499.0  0
204604.0  0
204708.0  0
204813.0  0
204918.0  0
205023.0  0
205128.0  0
205233.0  0
205339.0  0
205444.0  0
205550.0  0
205656.0  0
205761.0  0
205867.0  0
205973.0  0
206079.0  0
206186.0  0
206292.0  0
206398.0  0
206505.0  0
206612.0  0
206718.0  0
206825.0  0
206932.0  0
207039.0  0
207147.0  0
207254.0  0
207361.0  0
207469.0  0
207577.0  0
207684.0  0
207792.0  0
207900.0  0
208008.0  0
208117.0  0
208225.0  0
208333.0  0
208442.0  0
208551.0  0
208659.0  0
208768.0  0
208877.0  0
208986.0  0
209096.0  0
209205.0  0
209314.0  0
209424.0  0
209534.0  0
209644.0  0
209754.0  0
209864.0  0
209974.0  0
210084.0  0
210194.0  0
210305.0  0
210416.0  0
210526.0  0
210637.0  0
210748.0  0
210859.0  0
210970.0  0
211082.0  0
211193.0  0
211305.0  0
211416.0  0
211528.0  0
211640.0  0
211752.0  0
211864.0  0
211977.0  0
212089.0  0
212202.0  0
212314.0  0
212427.0  0
212540.0  0
212653.0  0
212766.0  0
212879.0  0
212993.0  0
213106.0  0
213220.0  0
213333.0  0
213447.0  0
213561.0  0
213675.0  0
213789.0  0
213904.0  0
214018.0  0
214133.0  0
214247.0  0
214362.0  0
214477.0  0
214592.0  0
214707.0  0
214823.0  0
214938.0  0
215054.0  0
215169.0  0
215285.0  0
215401.0  0
215517.0  0
215633.0  0
215750.0  0
215866.0  0
215983.0  0
216099.0  0
216216.0  0
216333.0  0
216450.0  0
216567.0  0
216685.0  0
216802.0  0
216920.0  0
217037.0  0
217155.0  0
217273.0  0
217391.0  0
217510.0  0
217628.0  0
217746.0  0
217865.0  0
217984.0  0
218103.0  0
218221.0  0
218341.0  0
218460.0  0
218579.0  0
218699.0  0
218818.0  0
218938.0  0
219058.0  0
219178.0  0
219298.0  0
219419.0  0
219539.0  0
219660.0  0
219780.0  0
219901.0  0
220022.0  0
220143.0  0
220264.0  0
220386.0  0
220507.0  0
220629.0  0
220751.0  0
220872.0  0
220994.0  0
221117.0  0
221239.0  0
221361.0  0
221484.0  0
221607.0  0
221729.0  0
221852.0  0
221976.0  0
222099.0  0
222222.0  0
222346.0  0
222469.0  0
222593.0  0
222717.0  0
222841.0  0
222965.0  0
223090.0  0
223214.0  0
223339.0  0
223464.0  0
223589.0  0
223714.0  0
223839.0  0
223964.0  0
224090.0  0
224215.0  0
224341.0  0
224467.0  0
224593.0  0
224719.0  0
224845.0  0
224972.0  0
225098.0  0
225225.0  0
225352.0  0
225479.0  0
225606.0  0
225734.0  0
225861.0  0
225989.0  0
226116.0  0
226244.0  0
226372.0  0
226501.0  0
226629.0  0
226757.0  0
226886.0  0
227015.0  0
227273.0  0
227402.0  0
227531.0  0
227661.0  0
227790.0  0
227920.0  0
228050.0  0
228180.0  0
228311.0  0
228441.0  0
228571.0  0
228702.0  0
228833.0  0
228964.0  0
229095.0  0
229226.0  0
229621.0  0
229753.0  0
230017.0  0
230150.0  0
230282.0  0
230415.0  0
230548.0  0
230681.0  0
230814.0  0
230947.0  0
231080.0  0
231214.0  0
231348.0  0
231481.0  0
231616.0  0
231750.0  0
231884.0  0
232019.0  0
232153.0  0
232288.0  0
232423.0  0
232558.0  0
232693.0  0
232829.0  0
232964.0  0
233100.0  0
233236.0  0
233372.0  0
233508.0  0
233645.0  0
233781.0  0
233918.0  0
234055.0  0
234192.0  0
234329.0  0
234467.0  0
234604.0  0
234742.0  0
234880.0  0
235018.0  0
235156.0  0
235294.0  0
235433.0  0
235571.0  0
235710.0  0
235849.0  0
235988.0  0
236128.0  0
236267.0  0
236407.0  0
236546.0  0
236686.0  0
236827.0  0
236967.0  0
237107.0  0
237248.0  0
237389.0  0
237530.0  0
237671.0  0
237812.0  0
237954.0  0
238095.0  0
238237.0  0
238379.0  0
238521.0  0
238663.0  0
238806.0  0
238949.0  0
239091.0  0
239234.0  0
239378.0  0
239521.0  0
239664.0  0
239808.0  0
239952.0  0
240096.0  0
240240.0  0
240385.0  0
240529.0  0
240674.0  0
240819.0  0
240964.0  0
241109.0  0
241255.0  0
241400.0  0
241546.0  0
241692.0  0
241838.0  0
241984.0  0
242131.0  0
242277.0  0
242424.0  0
242571.0  0
242718.0  0
242866.0  0
243013.0  0
243161.0  0
243309.0  0
243457.0  0
243605.0  0
243754.0  0
243902.0  0
244051.0  0
244200.0  0
244349.0  0
244499.0  0
244648.0  0
244798.0  0
244948.0  0
245098.0  0
245248.0  0
245399.0  0
245549.0  0
245700.0  0
245851.0  0
246002.0  0
246154.0  0
246305.0  0
246457.0  0
246609.0  0
246761.0  0
246914.0  0
247066.0  0
247219.0  0
247372.0  0
247525.0  0
247678.0  0
247831.0  0
247985.0  0
248139.0  0
248293.0  0
248447.0  0
248602.0  0
248756.0  0
248911.0  0
249066.0  0
249221.0  0
249377.0  0
249532.0  0
249688.0  0
249844.0  0
250000.0  0
250156.0  0
250313.0  0
250470.0  0
250627.0  0
250784.0  0
250941.0  0
251099.0  0
251256.0  0
251414.0  0
251572.0  0
251731.0  0
251889.0  0
252048.0  0
252207.0  0
252366.0  0
252525.0  0
252685.0  0
252845.0  0
253004.0  0
253165.0  0
253325.0  0
253485.0  0
253646.0  0
253807.0  0
253968.0  0
254130.0  0
254291.0  0
254453.0  0
254615.0  0
254777.0  0
254939.0  0
255102.0  0
255265.0  0
255428.0  0
255591.0  0
255754.0  0
255918.0  0
256082.0  0
256246.0  0
256410.0  0
256575.0  0
256739.0  0
256904.0  0
257069.0  0
257235.0  0
257400.0  0
257566.0  0
257732.0  0
257898.0  0
258065.0  0
258231.0  0
258398.0  0
258565.0  0
258732.0  0
258900.0  0
259067.0  0
259235.0  0
259403.0  0
259572.0  0
259740.0  0
259909.0  0
260078.0  0
260247.0  0
260417.0  0
260586.0  0
260756.0  0
260926.0  0
261097.0  0
261267.0  0
261438.0  0
261609.0  0
261780.0  0
261952.0  0
262123.0  0
262295.0  0
262467.0  0
262640.0  0
262812.0  0
262985.0  0
263158.0  0
263331.0  0
263505.0  0
263678.0  0
263852.0  0
264026.0  0
264201.0  0
264375.0  0
264550.0  0
264725.0  0
264901.0  0
265076.0  0
265252.0  0
265428.0  0
265604.0  0
265781.0  0
265957.0  0
266134.0  0
266312.0  0
266489.0  0
266667.0  0
266845.0  0
267023.0  0
267201.0  0
267380.0  0
267559.0  0
267738.0  0
267917.0  0
268097.0  0
268276.0  0
268456.0  0
268637.0  0
268817.0  0
268998.0  0
269179.0  0
269360.0  0
269542.0  0
269724.0  0
269906.0  0
270088.0  0
270270.0  0
270453.0  0
270636.0  0
270819.0  0
271003.0  0
271186.0  0
271370.0  0
271555.0  0
271739.0  0
271924.0  0
272109.0  0
272294.0  0
272480.0  0
272665.0  0
272851.0  0
273038.0  0
273224.0  0
273411.0  0
273598.0  0
273785.0  0
273973.0  0
274160.0  0
274348.0  0
274537.0  0
274725.0  0
274914.0  0
275103.0  0
275292.0  0
275482.0  0
275672.0  0
275862.0  0
276052.0  0
276243.0  0
276434.0  0
276625.0  0
276817.0  0
277008.0  0
277200.0  0
277393.0  0
277585.0  0
277778.0  0
277971.0  0
278164.0  0
278358.0  0
278552.0  0
278746.0  0
278940.0  0
279135.0  0
279330.0  0
279525.0  0
279720.0  0
279916.0  0
280112.0  0
280308.0  0
280505.0  0
280702.0  0
280899.0  0
281096.0  0
281294.0  0
281492.0  0
281690.0  0
281889.0  0
282087.0  0
282287.0  0
282486.0  0
282686.0  0
282885.0  0
283086.0  0
283286.0  0
283487.0  0
283688.0  0
283889.0  0
284091.0  0
284293.0  0
284495.0  0
284698.0  0
284900.0  0
285103.0  0
285307.0  0
285510.0  0
285714.0  0
285919.0  0
286123.0  0
286328.0  0
286533.0  0
286738.0  0
286944.0  0
287150.0  0
287356.0  0
287563.0  0
287770.0  0
287977.0  0
288184.0  0
288392.0  0
288600.0  0
288809.0  0
289017.0  0
289226.0  0
289436.0  0
289645.0  0
289855.0  0
290065.0  0
290276.0  0
290487.0  0
290698.0  0
290909.0  0
291121.0  0
291333.0  0
291545.0  0
291758.0  0
291971.0  0
292184.0  0
292398.0  0
292612.0  0
292826.0  0
293040.0  0
293255.0  0
293470.0  0
293686.0  0
293902.0  0
294118.0  0
294334.0  0
294551.0  0
294768.0  0
294985.0  0
295203.0  0
295421.0  0
295639.0  0
295858.0  0
296077.0  0
296296.0  0
296516.0  0
296736.0  0
296956.0  0
297177.0  0
297398.0  0
297619.0  0
297841.0  0
298063.0  0
298285.0  0
298507.0  0
298730.0  0
298954.0  0
299177.0  0
299401.0  0
299625.0  0
299850.0  0
300075.0  0
300300.0  0
300526.0  0
300752.0  0
300978.0  0
301205.0  0
301432.0  0
301659.0  0
301887.0  0
302115.0  0
302343.0  0
302572.0  0
302801.0  0
303030.0  0
303260.0  0
303490.0  0
303721.0  0
303951.0  0
304183.0  0
304414.0  0
304646.0  0
304878.0  0
305111.0  0
305344.0  0
305577.0  0
305810.0  0
306044.0  0
306279.0  0
306513.0  0
306748.0  0
306984.0  0
307220.0  4.11407e-08
307456.0  4.11092e-08
307692.0  4.10776e-08
307929.0  4.1046e-08
308166.0  0
308404.0  0
308642.0  4.09512e-08
308880.0  4.09196e-08
309119.0  4.0888e-08
309358.0  4.08564e-08
309598.0  4.08247e-08
309837.0  4.07932e-08
310078.0  4.07615e-08
310318.0  4.073e-08
310559.0  0
310800.0  0
311042.0  0
311284.0  0
311526.0  0
311769.0  0
312012.0  0
312256.0  0
312500.0  0
312744.0  0
312989.0  0
313234.0  0
313480.0  0
313725.0  0
313972.0  0
314218.0  0
314465.0  0
314713.0  0
314961.0  0
315209.0  4.0098e-08
315457.0  2.40399e-07
315706.0  6.00523e-07
315956.0  7.20058e-07
316206.0  5.99574e-07
316456.0  3.1952e-07
316706.0  7.9817e-08
316957.0  0
317209.0  0
317460.0  0
317712.0  0
317965.0  0
318218.0  0
318471.0  0
318725.0  0
318979.0  0
319234.0  0
319489.0  0
319744.0  0
320000.0  0
320256.0  0
320513.0  0
320770.0  0
321027.0  0
321285.0  0
321543.0  0
321802.0  0
322061.0  0
322321.0  0
322581.0  0
322841.0  0
323102.0  0
323363.0  0
323625.0  0
323887.0  0
324149.0  0
324412.0  0
324675.0  0
324939.0  0
325203.0  0
325468.0  0
325733.0  0
325998.0  0
326264.0  0
326531.0  0
326797.0  0
327065.0  0
327332.0  0
327600.0  0
327869.0  0
328138.0  0
328407.0  0
328677.0  0
328947.0  0
329218.0  0
329489.0  0
329761.0  0
330033.0  0
330306.0  0
330578.0  0
330852.0  0
331126.0  0
331400.0  0
331675.0  0
331950.0  0
332226.0  0
332502.0  0
332779.0  0
333056.0  0
333333.0  0
333611.0  0
333890.0  0
334169.0  0
334448.0  0
334728.0  0
335008.0  0
335289.0  0
335570.0  0
335852.0  0
336134.0  0
336417.0  0
336700.0  0
336984.0  0
337268.0  0
337553.0  0
337838.0  0
338123.0  0
338409.0  0
338696.0  0
338983.0  0
339271.0  0
339559.0  0
339847.0  0
340136.0  0
340426.0  0
340715.0  0
341006.0  0
341297.0  0
341588.0  0
341880.0  0
342173.0  0
342466.0  0
342759.0  0
343053.0  0
343348.0  0
343643.0  0
343938.0  0
344234.0  0
344531.0  0
344828.0  0
345125.0  0
345423.0  0
345722.0  0
346021.0  0
346320.0  0
346620.0  0
346921.0  0
347222.0  0
347524.0  0
347826.0  0
348129.0  0
348432.0  0
348736.0  0
349040.0  0
349345.0  0
349650.0  0
349956.0  0
350263.0  0
350570.0  0
350877.0  0
351185.0  0
351494.0  0
351803.0  0
352113.0  0
352423.0  0
352734.0  0
353045.0  0
353357.0  0
353669.0  0
353982.0  0
354296.0  0
354610.0  0
354925.0  0
355240.0  0
355556.0  0
355872.0  0
356189.0  0
356506.0  0
356824.0  0
357143.0  0
357462.0  0
357782.0  0
358102.0  0
358423.0  0
358744.0  0
359066.0  0
359389.0  0
359712.0  0
360036.0  0
360360.0  0
360685.0  0
361011.0  0
361337.0  0
361664.0  0
361991.0  0
362319.0  0
362647.0  0
362976.0  0
363306.0  0
363636.0  0
363967.0  0
364299.0  0
364631.0  0
364963.0  0
365297.0  0
365631.0  0
365965.0  0
366300.0  0
366636.0  0
366972.0  0
367309.0  0
367647.0  0
367985.0  0
368324.0  0
368664.0  0
369004.0  0
369344.0  0
369686.0  0
370028.0  0
370370.0  0
370714.0  0
371058.0  0
371402.0  0
371747.0  0
372093.0  0
372439.0  0
372787.0  0
373134.0  0
373483.0  0
373832.0  0
374181.0  0
374532.0  0
374883.0  0
375235.0  0
375587.0  0
375940.0  0
376294.0  0
376648.0  0
377003.0  0
377358.0  0
377715.0  0
378072.0  0
378430.0  0
378788.0  0
379147.0  0
379507.0  0
379867.0  0
380228.0  0
380590.0  0
380952.0  0
381316.0  0
381679.0  0
382044.0  0
382409.0  0
382775.0  0
383142.0  0
383509.0  0
383877.0  0
384246.0  0
384615.0  0
384986.0  0
385356.0  0
385728.0  0
386100.0  0
386473.0  0
386847.0  0
387222.0  0
387597.0  0
387973.0  0
388350.0  0
388727.0  0
389105.0  0
389484.0  0
389864.0  0
390244.0  0
390625.0  0
391007.0  0
391389.0  0
391773.0  0
392157.0  0
392542.0  0
392927.0  0
393314.0  0
393701.0  0
394089.0  0
394477.0  0
394867.0  0
395257.0  0
395648.0  0
396040.0  0
396432.0  0
396825.0  0
397219.0  0
397614.0  0
398010.0  0
398406.0  0
398804.0  0
399202.0  0
399600.0  0
400000.0  0
400400.0  0
400802.0  0
401204.0  0
401606.0  0
402010.0  0
402414.0  0
402820.0  0
403226.0  0
403633.0  0
404040.0  0
404449.0  0
404858.0  0
405268.0  0
405680.0  0
406091.0  0
406504.0  0
406918.0  0
407332.0  0
407747.0  0
408163.0  0
408580.0  0
408998.0  0
409417.0  0
409836.0  0
410256.0  0
410678.0  0
411100.0  0
411523.0  0
411946.0  0
412371.0  0
412797.0  0
413223.0  0
413650.0  0
414079.0  0
414508.0  0
414938.0  0
415369.0  0
415800.0  0
416233.0  0
416667.0  0
417101.0  0
417537.0  0
417973.0  0
418410.0  0
418848.0  0
419287.0  0
419727.0  0
420168.0  0
420610.0  0
421053.0  0
421496.0  0
421941.0  0
422386.0  0
422833.0  0
423280.0  0
423729.0  0
424178.0  0
424628.0  0
425080.0  0
425532.0  0
425985.0  0
426439.0  0
426894.0  0
427350.0  0
427808.0  0
428266.0  0
428725.0  0
429185.0  0
429646.0  0
430108.0  0
430570.0  0
431034.0  0
431499.0  0
431965.0  0
432432.0  0
432900.0  0
433369.0  0
433839.0  0
434311.0  0
434783.0  0
435256.0  0
435730.0  0
436205.0  0
436681.0  0
437158.0  0
437637.0  0
438116.0  0
438596.0  0
439078.0  0
439560.0  0
440044.0  0
440529.0  0
441014.0  0
441501.0  0
441989.0  0
442478.0  0
443459.0  0
443951.0  0
444444.0  0
444939.0  0
445434.0  0
445931.0  0
446429.0  0
446927.0  0
447427.0  0
447928.0  0
448430.0  0
448934.0  0
449438.0  0
449944.0  0
450450.0  0
450958.0  0
451467.0  0
451977.0  0
452489.0  0
453001.0  0
453515.0  0
454030.0  0
454545.0  0
455063.0  0
455581.0  0
456100.0  0
456621.0  0
457143.0  0
457666.0  0
458190.0  0
458716.0  0
459242.0  0
459770.0  0
460299.0  0
460830.0  0
461361.0  0
461894.0  0
462428.0  0
462963.0  0
463499.0  0
464037.0  0
464576.0  0
465116.0  0
465658.0  0
466200.0  0
466744.0  0
467290.0  0
467836.0  0
468384.0  0
468933.0  0
469484.0  0
470035.0  0
470588.0  0
471143.0  0
471698.0  0
472255.0  0
472813.0  0
473373.0  0
473934.0  0
474496.0  0
475059.0  0
475624.0  0
476190.0  0
476758.0  0
477327.0  0
477897.0  0
478469.0  0
479042.0  0
479616.0  0
480192.0  0
480769.0  0
481348.0  0
481928.0  0
482509.0  0
483092.0  0
483676.0  0
484262.0  0
484848.0  0
485437.0  0
486027.0  0
486618.0  0
487211.0  2.59421e-08
487805.0  2.59105e-08
488400.0  2.58789e-08
488998.0  5.16945e-08
489596.0  7.74471e-08
490196.0  7.73523e-08
490798.0  5.15049e-08
491400.0  5.14418e-08
492005.0  7.70679e-08
492611.0  7.69731e-08
493218.0  7.68783e-08
493827.0  1.27973e-07
494438.0  1.02251e-07
495050.0  7.65938e-08
495663.0  1.27499e-07
496278.0  1.2734e-07
496894.0  1.27183e-07
497512.0  2.03239e-07
498132.0  1.77613e-07
498753.0  1.26709e-07
499376.0  2.78411e-07
500000.0  4.04456e-07
500626.0  4.0395e-07
501253.0  5.04306e-07
501882.0  3.77756e-07
502513.0  1.00608e-07
503145.0  3.01446e-07
503778.0  7.27579e-07
504414.0  1.27792e-06
505051.0  2.55262e-06
505689.0  3.94907e-06
506329.0  4.74288e-06
506971.0  5.41001e-06
507614.0  5.72685e-06
508259.0  5.17249e-06
508906.0  4.14763e-06
509554.0  3.2742e-06
510204.0  1.90752e-06
510856.0  1.38551e-06
511509.0  1.87794e-06
512164.0  2.07296e-06
512821.0  1.99637e-06
513479.0  2.11689e-06
514139.0  2.655e-06
514801.0  4.41931e-06
515464.0  6.79208e-06
516129.0  8.49753e-06
516796.0  9.1469e-06
517464.0  6.49715e-06
518135.0  3.73224e-06
518807.0  2.85037e-06
519481.0  1.36251e-06
520156.0  4.714e-06
520833.0  1.58223e-05
521512.0  2.77257e-05
522193.0  4.12197e-05
522876.0  5.7434e-05
523560.0  6.73051e-05
524246.0  7.56071e-05
524934.0  8.96417e-05
525624.0  9.96234e-05
526316.0  0.000107705
527009.0  0.00012464
527704.0  0.000139709
528402.0  0.000149307
529101.0  0.000163777
529801.0  0.000172722
530504.0  0.000170754
531208.0  0.00017305
531915.0  0.000176907
532623.0  0.000174702
533333.0  0.000175441
534045.0  0.000175231
534759.0  0.000173484
535475.0  0.000175589
536193.0  0.000183863
536913.0  0.000189926
537634.0  0.000197499
538358.0  0.000211907
539084.0  0.00022998
539811.0  0.000256714
540541.0  0.000297848
541272.0  0.000347417
542005.0  0.000405642
542741.0  0.000481848
543478.0  0.000572801
544218.0  0.000678159
544959.0  0.000809066
545703.0  0.000960898
546448.0  0.0011314
547196.0  0.00133794
547945.0  0.00157933
548697.0  0.00184554
549451.0  0.00215289
550206.0  0.00250352
550964.0  0.00290754
551724.0  0.00342122
552486.0  0.00407681
553250.0  0.00488991
554017.0  0.00592975
554785.0  0.00724918
555556.0  0.0088222
556328.0  0.0106787
557103.0  0.0128517
557880.0  0.015296
558659.0  0.0180436
559441.0  0.0210955
560224.0  0.0242992
561010.0  0.0277072
561798.0  0.0309778
562588.0  0.034623
563380.0  0.0386675
564175.0  0.0432185
564972.0  0.0480479
565771.0  0.0530961
566572.0  0.0586394
567376.0  0.0645494
568182.0  0.0707727
568990.0  0.077628
569801.0  0.0848122
570613.0  0.0919083
571429.0  0.0993779
572246.0  0.107089
573066.0  0.114428
573888.0  0.122287
574713.0  0.130763
575540.0  0.138995
576369.0  0.147725
577201.0  0.157426
578035.0  0.167209
578871.0  0.177384
579710.0  0.18726
580552.0  0.197052
581395.0  0.207419
582242.0  0.218497
583090.0  0.230094
583942.0  0.242505
584795.0  0.254506
585652.0  0.266814
586510.0  0.278837
587372.0  0.291933
588235.0  0.305679
589102.0  0.319334
589971.0  0.332909
590842.0  0.346196
591716.0  0.358995
592593.0  0.372223
593472.0  0.385915
594354.0  0.400173
595238.0  0.415563
596125.0  0.431067
597015.0  0.444751
597907.0  0.459893
598802.0  0.475062
599700.0  0.489698
600601.0  0.505056
601504.0  0.520942
602410.0  0.535741
603318.0  0.54969
604230.0  0.563226
605144.0  0.575643
606061.0  0.58731
606980.0  0.599139
607903.0  0.61037
608828.0  0.620136
609756.0  0.629913
610687.0  0.63934
611621.0  0.647754
612557.0  0.656268
613497.0  0.663928
614439.0  0.669974
615385.0  0.677266
616333.0  0.686435
617284.0  0.695988
618238.0  0.706675
619195.0  0.718762
620155.0  0.730744
621118.0  0.742821
622084.0  0.754486
623053.0  0.767048
624025.0  0.778922
625000.0  0.789153
625978.0  0.797301
626959.0  0.805048
627943.0  0.813235
628931.0  0.8217
629921.0  0.828928
630915.0  0.833536
631912.0  0.834621
632911.0  0.841442
633914.0  0.85708
634921.0  0.872171
635930.0  0.884347
636943.0  0.895527
637959.0  0.90639
638978.0  0.916445
640000.0  0.927607
641026.0  0.938925
642055.0  0.9488
643087.0  0.960693
644122.0  0.971955
645161.0  0.978969
646204.0  0.984862
647249.0  0.990929
648298.0  0.994697
649351.0  0.996969
650406.0  0.99862
651466.0  0.998852
652529.0  0.999919
653595.0  1
654664.0  0.99623
655738.0  0.991075
656814.0  0.987848
657895.0  0.985218
658979.0  0.982021
660066.0  0.979485
661157.0  0.978677
662252.0  0.977521
663350.0  0.974908
664452.0  0.974048
665557.0  0.974767
666667.0  0.977196
667780.0  0.977162
668896.0  0.972014
670017.0  0.965194
671141.0  0.959837
672269.0  0.955471
673401.0  0.95213
674536.0  0.94818
675676.0  0.941481
676819.0  0.932689
677966.0  0.923827
679117.0  0.914029
680272.0  0.903178
681431.0  0.892287
682594.0  0.880684
683761.0  0.867434
684931.0  0.854919
686106.0  0.843435
687285.0  0.832898
688468.0  0.825346
689655.0  0.820464
690846.0  0.816572
692042.0  0.814989
693241.0  0.815687
694444.0  0.815976
695652.0  0.815433
696864.0  0.816405
698080.0  0.815427
699301.0  0.813175
700525.0  0.811805
701754.0  0.809727
702988.0  0.807128
704225.0  0.805931
705467.0  0.804692
706714.0  0.803508
707965.0  0.804557
709220.0  0.805643
710480.0  0.806283
711744.0  0.810317
713012.0  0.814132
714286.0  0.816596
715564.0  0.818744
716846.0  0.820894
718133.0  0.820775
719424.0  0.819529
720721.0  0.820502
722022.0  0.820923
723327.0  0.819704
724638.0  0.81853
725953.0  0.816552
727273.0  0.815018
728597.0  0.815754
729927.0  0.816723
731261.0  0.817869
732601.0  0.821086
733945.0  0.823645
735294.0  0.82491
736648.0  0.827421
738007.0  0.82984
739372.0  0.831284
740741.0  0.833696
742115.0  0.835961
743494.0  0.83685
744879.0  0.838509
746269.0  0.840506
747664.0  0.840978
749064.0  0.841792
750469.0  0.843389
751880.0  0.842662
753296.0  0.840598
754717.0  0.839615
756144.0  0.838781
757576.0  0.835319
759013.0  0.83184
760456.0  0.828339
761905.0  0.823092
763359.0  0.817364
764818.0  0.810582
766283.0  0.803794
767754.0  0.798385
769231.0  0.792796
770713.0  0.784872
772201.0  0.776526
773694.0  0.765976
775194.0  0.751495
776699.0  0.735955
778210.0  0.720272
779727.0  0.70346
781250.0  0.687695
782779.0  0.674195
784314.0  0.661102
785855.0  0.649437
787402.0  0.641368
788955.0  0.635826
790514.0  0.633573
792079.0  0.631863
793651.0  0.627971
795229.0  0.621976
796813.0  0.615578
798403.0  0.607732
800000.0  0.598312
801603.0  0.589133
803213.0  0.579315
804829.0  0.567688
806452.0  0.55591
808081.0  0.543884
809717.0  0.53041
811359.0  0.5166
813008.0  0.502835
814664.0  0.487948
816327.0  0.472493
817996.0  0.455868
819672.0  0.437634
821355.0  0.420507
823045.0  0.404347
824742.0  0.386971
826446.0  0.369372
828157.0  0.35203
829875.0  0.334235
831601.0  0.316625
833333.0  0.300599
835073.0  0.285436
836820.0  0.270147
838574.0  0.25537
840336.0  0.240891
842105.0  0.22684
843882.0  0.213975
845666.0  0.202208
847458.0  0.191554
849257.0  0.182617
851064.0  0.17466
852878.0  0.166995
854701.0  0.160004
856531.0  0.153286
858369.0  0.146002
860215.0  0.139229
862069.0  0.132582
863931.0  0.1256
865801.0  0.11876
867679.0  0.11211
869565.0  0.105308
871460.0  0.0987514
873362.0  0.0924988
875274.0  0.0863212
877193.0  0.0805562
879121.0  0.075271
881057.0  0.0701647
883002.0  0.0653308
884956.0  0.060828
886918.0  0.056434
888889.0  0.0522581
890869.0  0.0484663
892857.0  0.0448669
894855.0  0.0415138
896861.0  0.0385857
898876.0  0.0360017
900901.0  0.0337803
902935.0  0.0320227
904977.0  0.0305205
907029.0  0.0290958
909091.0  0.0279308
911162.0  0.0269589
913242.0  0.0260062
915332.0  0.0251502
917431.0  0.0243685
919540.0  0.0235212
921659.0  0.0226978
923788.0  0.0219069
925926.0  0.021042
928074.0  0.0201918
930233.0  0.0193889
932401.0  0.0185274
934579.0  0.0176361
936768.0  0.0167719
938967.0  0.0158727
941176.0  0.0149914
943396.0  0.0142141
945626.0  0.0134891
947867.0  0.0128002
950119.0  0.0121818
952381.0  0.0115555
954654.0  0.0109038
956938.0  0.0103219
959233.0  0.00982264
961538.0  0.00934004
963855.0  0.00888102
966184.0  0.00844512
968523.0  0.00800753
970874.0  0.00758951
973236.0  0.00721029
975610.0  0.00688041
977995.0  0.00662387
980392.0  0.00639124
982801.0  0.00613634
985222.0  0.00588323
987654.0  0.00564149
990099.0  0.00537613
992556.0  0.00508136
995025.0  0.00479655
997506.0  0.00454022
1000000.0  0.00429989
1002510.0  0.00406265
1005030.0  0.0037019
1007560.0  0.00336206
1010100.0  0.00313699
1012660.0  0.0029273
1015230.0  0.00271186
1017810.0  0.00248856
1020410.0  0.00230139
1023020.0  0.0021495
1025640.0  0.00201974
1028280.0  0.00192973
1030930.0  0.00186733
1033590.0  0.00177385
1036270.0  0.00164109
1038960.0  0.00156918
1041670.0  0.0015155
1044390.0  0.00142975
1047120.0  0.00135338
1049870.0  0.00127392
1052630.0  0.00117673
1055410.0  0.00109857
1058200.0  0.00102476
1061010.0  0.000941753
1063830.0  0.000878105
1066670.0  0.000830835
1069520.0  0.000782402
1072390.0  0.00074924
1075270.0  0.000725006
1078170.0  0.000689704
1081080.0  0.000654878
1084010.0  0.000624635
1086960.0  0.000581753
1089920.0  0.000537962
1092900.0  0.000501499
1095890.0  0.000460641
1098900.0  0.000426162
1101930.0  0.000405893
1104970.0  0.000385125
1108030.0  0.000365947
1111110.0  0.000358266
1114210.0  0.000351643
1117320.0  0.000341332
1120450.0  0.000330124
1123600.0  0.000313349
1126760.0  0.000294063
1129940.0  0.000280976
1133140.0  0.000270299
1136360.0  0.000256642
1139600.0  0.000243169
1142860.0  0.000229724
1146130.0  0.000214622
1149430.0  0.000200162
1152740.0  0.000184413
1156070.0  0.00016676
1159420.0  0.000154276
1162790.0  0.000149383
1166180.0  0.000145091
1169590.0  0.000139513
1173020.0  0.000133707
1176470.0  0.000127664
1179940.0  0.000122778
1183430.0  0.000118753
1186940.0  0.000112684
1190480.0  0.000105819
1194030.0  9.97037e-05
1197600.0  9.22087e-05
1201200.0  8.22941e-05
1204820.0  7.03918e-05
1208460.0  5.81833e-05
1212120.0  4.77158e-05
1215810.0  4.05226e-05
1219510.0  3.59742e-05
1223240.0  3.21447e-05
1226990.0  2.86575e-05
1230770.0  2.63513e-05
1234570.0  2.51952e-05
1238390.0  2.40866e-05
1242240.0  2.18041e-05
1246110.0  1.76995e-05
1250000.0  1.28819e-05
1253920.0  9.86812e-06
1257860.0  8.25964e-06
1261830.0  7.69276e-06
1265820.0  7.36896e-06
1269840.0  6.91763e-06
1273890.0  6.2408e-06
1277960.0  5.44949e-06
1282050.0  4.56455e-06
1286170.0  3.68514e-06
1290320.0  2.87007e-06
1294500.0  2.22615e-06
1298700.0  1.781e-06
1302930.0  1.4842e-06
1307190.0  1.23764e-06
1311480.0  1.0312e-06
1315790.0  9.41372e-07
1320130.0  1.03402e-06
1324500.0  1.231e-06
1328900.0  1.31253e-06
1333330.0  1.14702e-06
1337790.0  9.7313e-07
1342280.0  9.60459e-07
1346800.0  1.06985e-06
1351350.0  1.15978e-06
1355930.0  1.15586e-06
1360540.0  1.03118e-06
1365190.0  8.88791e-07
1369860.0  7.56588e-07
1374570.0  6.25264e-07
1379310.0  5.31481e-07
1384080.0  5.66177e-07
1388890.0  7.0982e-07
1393730.0  8.25248e-07
1398600.0  8.13337e-07
1403510.0  7.20437e-07
1408450.0  5.83302e-07
1413430.0  4.38171e-07
1418440.0  3.02963e-07
1423490.0  1.77581e-07
1428570.0  7.07799e-08
1433690.0  8.81589e-09
1438850.0  8.78428e-09
1444040.0  4.37635e-08
1449280.0  6.97685e-08
1454550.0  8.68946e-08
1459850.0  9.52371e-08
1465200.0  8.6263e-08
1470590.0  6.87575e-08
1476010.0  5.13787e-08
1481480.0  3.4126e-08
1486990.0  2.54997e-08
1492540.0  1.69366e-08
1498130.0  1.68734e-08
1503760.0  8.4051e-09
1509430.0  8.37353e-09
1515150.0  8.34192e-09
1520910.0  8.31032e-09
1526720.0  8.2787e-09
1532570.0  8.2471e-09
1538460.0  8.21553e-09
1544400.0  8.18393e-09
1550390.0  8.15231e-09
1556420.0  8.12072e-09
1562500.0  8.08912e-09
1568630.0  8.05751e-09
1574800.0  8.02594e-09
1581030.0  0
1587300.0  0
1593630.0  0
1600000.0  0
1606430.0  0
1612900.0  0
1619430.0  0
1626020.0  0
1632650.0  0
1639340.0  0
1646090.0  0
1652890.0  0
1659750.0  0
1666670.0  0
1673640.0  0
1680670.0  0
1687760.0  0
1694920.0  0
1702130.0  0
1709400.0  0
1716740.0  0
1724140.0  0
1731600.0  0
1739130.0  0
1746720.0  0
1754390.0  0
1762110.0  0
1769910.0  0
1777780.0  0
1785710.0  0
1793720.0  0
1801800.0  0
1809950.0  0
1818180.0  0
1826480.0  0
1834860.0  0
1843320.0  0
1851850.0  0
1860470.0  0
1869160.0  0
1877930.0  0
1886790.0  0
1895730.0  0
1904760.0  0
1913880.0  0
1923080.0  0
1932370.0  0
1941750.0  0
1951220.0  0
1960780.0  0
1970440.0  0
1980200.0  0
1990050.0  0
