

400400.0  0
400802.0  0
401204.0  0
401606.0  0
402010.0  0
402414.0  0
402820.0  0
403226.0  0
403633.0  0
404040.0  0
404449.0  0
404858.0  0
405268.0  0
405680.0  0
406091.0  0
406504.0  0
406918.0  0
407332.0  0
407747.0  0
408163.0  0
408580.0  0
408998.0  0
409417.0  0
409836.0  0
410678.0  0
411100.0  0
411523.0  0
411946.0  0
412371.0  0
412797.0  0
413223.0  0
413650.0  0
414079.0  0
414508.0  0
414938.0  0
415369.0  0
415800.0  0
416233.0  0
416667.0  0
417101.0  0
417537.0  0
417973.0  0
418410.0  0
418848.0  0
419287.0  0
419727.0  0
420168.0  0
420610.0  0
421053.0  0
421496.0  0
421941.0  0
422386.0  0
422833.0  0
423280.0  0
423729.0  0
424178.0  0
424628.0  0
425080.0  0
425532.0  0
425985.0  0
426439.0  0
426894.0  0
427350.0  0
427808.0  0
428266.0  0
428725.0  0
429185.0  0
429646.0  0
430108.0  0
430570.0  0
431034.0  0
431499.0  0
431965.0  0
432432.0  0
432900.0  0
433369.0  0
433839.0  0
434311.0  0
434783.0  0
435256.0  0
435730.0  0
436205.0  0
436681.0  0
437158.0  0
437637.0  0
438116.0  0
438596.0  0
439078.0  0
439560.0  0
440044.0  0
440529.0  0
441014.0  0
441501.0  0
441989.0  0
442478.0  0
443459.0  0
443951.0  0
444444.0  0
444939.0  0
445434.0  0
445931.0  0
446429.0  0
446927.0  0
447427.0  0
447928.0  0
448430.0  0
448934.0  0
449438.0  0
449944.0  0
450450.0  0
450958.0  0
451467.0  0
451977.0  0
452489.0  0
453001.0  0
453515.0  0
454030.0  0
454545.0  0
455063.0  0
455581.0  0
456100.0  0
456621.0  0
457143.0  0
457666.0  0
458190.0  0
458716.0  0
459242.0  0
459770.0  0
460299.0  0
460830.0  0
461361.0  0
461894.0  0
462428.0  0
462963.0  0
463499.0  0
464037.0  0
464576.0  0
465116.0  0
465658.0  0
466200.0  0
466744.0  0
467290.0  0
467836.0  0
468384.0  0
468933.0  0
469484.0  0
470035.0  0
470588.0  0
471143.0  0
471698.0  0
472255.0  0
472813.0  0
473373.0  0
473934.0  0
474496.0  0
475059.0  0
475624.0  0
476190.0  0
476758.0  0
477327.0  0
477897.0  0
478469.0  0
479042.0  0
479616.0  0
480192.0  0
480769.0  0
481348.0  0
481928.0  0
482509.0  0
483092.0  0
483676.0  0
484262.0  0
484848.0  0
485437.0  0
486027.0  0
486618.0  0
487211.0  0
487805.0  0
488400.0  0
488998.0  0
489596.0  0
490196.0  0
490798.0  0
491400.0  0
492005.0  0
492611.0  0
493218.0  0
493827.0  0
494438.0  0
495050.0  0
495663.0  0
496278.0  0
496894.0  0
497512.0  0
498132.0  0
498753.0  0
499376.0  0
500000.0  0
500626.0  0
501253.0  0
501882.0  0
502513.0  0
503145.0  0
503778.0  0
504414.0  0
505051.0  0
505689.0  0
506329.0  0
506971.0  0
507614.0  0
508259.0  0
508906.0  0
509554.0  0
510204.0  0
510856.0  0
511509.0  0
512164.0  0
512821.0  0
513479.0  0
514139.0  0
514801.0  0
515464.0  0
516129.0  0
516796.0  0
517464.0  0
518135.0  0
518807.0  0
519481.0  0
520156.0  0
520833.0  0
521512.0  0
522193.0  0
522876.0  0
523560.0  0
524934.0  0
525624.0  0
526316.0  0
527009.0  0
527704.0  0
528402.0  0
529101.0  0
529801.0  0
530504.0  0
531208.0  0
531915.0  0
532623.0  0
533333.0  0
534045.0  0
534759.0  0
535475.0  0
536193.0  0
536913.0  0
537634.0  0
538358.0  0
539084.0  0
539811.0  0
540541.0  0
541272.0  0
542005.0  0
542741.0  0
543478.0  0
544218.0  0
544959.0  0
545703.0  0
546448.0  0
547196.0  0
547945.0  0
548697.0  0
549451.0  0
550206.0  0
550964.0  4.9393e-08
551724.0  4.93249e-08
552486.0  4.92569e-08
553250.0  9.83777e-08
554017.0  9.82416e-08
554785.0  4.90528e-08
555556.0  1.46954e-07
556328.0  1.95667e-07
557103.0  1.95395e-07
557880.0  2.43903e-07
558659.0  3.40988e-07
559441.0  3.40512e-07
560224.0  4.85765e-07
561010.0  6.79119e-07
561798.0  7.26607e-07
562588.0  7.25586e-07
563380.0  7.72871e-07
564175.0  6.27073e-07
564972.0  5.29851e-07
565771.0  5.29103e-07
566572.0  3.84258e-07
567376.0  1.91857e-07
568182.0  1.43689e-07
568990.0  4.78282e-08
569801.0  0
570613.0  0
571429.0  0
572246.0  0
573066.0  0
573888.0  0
574713.0  0
575540.0  4.72838e-08
576369.0  4.72158e-08
577201.0  9.42955e-08
578035.0  9.41595e-08
578871.0  9.40235e-08
579710.0  9.38874e-08
580552.0  9.37513e-08
581395.0  9.36153e-08
582242.0  9.34791e-08
583090.0  9.33432e-08
583942.0  4.66035e-08
584795.0  4.65355e-08
585652.0  4.64674e-08
586510.0  4.63994e-08
587372.0  4.63314e-08
588235.0  4.62634e-08
589102.0  4.61953e-08
589971.0  4.61273e-08
590842.0  0
591716.0  0
592593.0  0
593472.0  0
594354.0  0
595238.0  0
596125.0  0
597015.0  0
597907.0  0
598802.0  0
599700.0  0
600601.0  0
601504.0  0
602410.0  0
603318.0  0
604230.0  0
605144.0  0
606061.0  0
606980.0  0
607903.0  0
608828.0  0
609756.0  0
610687.0  0
611621.0  0
612557.0  0
613497.0  0
614439.0  0
615385.0  0
616333.0  0
617284.0  0
618238.0  0
619195.0  0
620155.0  0
621118.0  0
622084.0  0
623053.0  0
624025.0  0
625000.0  0
625978.0  0
626959.0  4.34059e-08
627943.0  4.33379e-08
628931.0  4.32698e-08
629921.0  4.32018e-08
630915.0  4.31338e-08
631912.0  4.30657e-08
632911.0  4.29977e-08
633914.0  4.29297e-08
634921.0  4.28616e-08
635930.0  0
636943.0  0
637959.0  0
638978.0  0
640000.0  0
641026.0  0
642055.0  0
643087.0  0
644122.0  0
645161.0  0
646204.0  0
647249.0  0
648298.0  0
649351.0  0
650406.0  0
651466.0  0
652529.0  0
653595.0  0
654664.0  0
655738.0  0
656814.0  0
657895.0  0
658979.0  0
660066.0  0
661157.0  0
662252.0  0
663350.0  0
664452.0  0
665557.0  0
666667.0  0
667780.0  0
668896.0  0
670017.0  0
671141.0  0
672269.0  0
673401.0  0
674536.0  0
675676.0  0
677966.0  0
679117.0  0
680272.0  0
681431.0  0
683761.0  0
684931.0  0
686106.0  0
687285.0  0
688468.0  0
689655.0  0
690846.0  0
692042.0  0
693241.0  0
694444.0  0
695652.0  0
696864.0  0
698080.0  0
699301.0  0
700525.0  0
701754.0  0
702988.0  0
704225.0  0
705467.0  0
706714.0  0
707965.0  0
709220.0  0
716846.0  0
718133.0  0
719424.0  0
720721.0  0
722022.0  0
723327.0  0
724638.0  0
725953.0  0
727273.0  0
728597.0  0
729927.0  0
731261.0  0
732601.0  0
733945.0  0
735294.0  0
736648.0  0
738007.0  0
739372.0  0
742115.0  0
743494.0  0
744879.0  0
746269.0  0
747664.0  0
749064.0  0
750469.0  0
751880.0  0
753296.0  0
756144.0  0
757576.0  0
759013.0  0
760456.0  0
761905.0  0
763359.0  0
764818.0  0
766283.0  0
767754.0  0
769231.0  0
770713.0  0
772201.0  0
773694.0  0
775194.0  0
776699.0  0
778210.0  0
779727.0  0
781250.0  0
782779.0  0
784314.0  0
785855.0  0
787402.0  0
788955.0  0
790514.0  0
792079.0  0
793651.0  0
795229.0  0
796813.0  0
798403.0  0
800000.0  0
801603.0  0
803213.0  0
804829.0  0
806452.0  0
808081.0  0
809717.0  0
811359.0  0
813008.0  0
814664.0  0
816327.0  0
817996.0  0
819672.0  0
821355.0  0
823045.0  0
824742.0  0
826446.0  0
828157.0  0
829875.0  0
831601.0  0
833333.0  0
835073.0  0
836820.0  0
838574.0  0
840336.0  0
842105.0  0
843882.0  0
845666.0  0
847458.0  0
849257.0  0
851064.0  0
852878.0  0
854701.0  0
856531.0  0
858369.0  0
860215.0  0
862069.0  0
863931.0  0
865801.0  0
867679.0  0
869565.0  0
871460.0  0
873362.0  0
875274.0  0
877193.0  0
879121.0  0
881057.0  0
883002.0  0
884956.0  0
886918.0  0
888889.0  0
890869.0  0
892857.0  0
894855.0  0
896861.0  0
898876.0  0
900901.0  0
902935.0  0
904977.0  0
907029.0  0
909091.0  0
911162.0  0
913242.0  0
915332.0  0
917431.0  0
919540.0  0
921659.0  0
923788.0  0
925926.0  0
928074.0  0
930233.0  0
932401.0  0
934579.0  0
936768.0  0
938967.0  0
941176.0  0
943396.0  0
945626.0  0
947867.0  0
950119.0  0
952381.0  0
954654.0  0
956938.0  0
959233.0  0
961538.0  0
963855.0  0
966184.0  0
968523.0  0
970874.0  0
973236.0  0
975610.0  0
977995.0  0
980392.0  0
987654.0  0
990099.0  0
992556.0  0
995025.0  0
997506.0  0
1000000.0  0
1002510.0  0
1005030.0  0
1007560.0  0
1010100.0  0
1012660.0  0
1015230.0  0
1017810.0  0
1020410.0  0
1023020.0  0
1025640.0  0
1028280.0  0
1030930.0  0
1033590.0  0
1036270.0  0
1038960.0  0
1041670.0  0
1044390.0  0
1047120.0  0
1049870.0  0
1052630.0  2.58531e-08
1055410.0  5.157e-08
1058200.0  1.02868e-07
1061010.0  1.79542e-07
1063830.0  4.34876e-07
1066670.0  7.65384e-07
1069520.0  7.12455e-07
1072390.0  3.04521e-07
1075270.0  5.06175e-08
1078170.0  3.7861e-07
1081080.0  7.04837e-07
1084010.0  6.52722e-07
1086960.0  9.51389e-07
1089920.0  2.97126e-06
1092900.0  1.01843e-05
1095890.0  2.31688e-05
1098900.0  3.73944e-05
1101930.0  5.29245e-05
1104970.0  8.97462e-05
1108030.0  0.000142279
1111110.0  0.000205761
1114210.0  0.000299515
1117320.0  0.000452612
1120450.0  0.000608687
1123600.0  0.000792773
1126760.0  0.00102306
1129940.0  0.0013578
1133140.0  0.00178854
1136360.0  0.00241259
1139600.0  0.00308488
1142860.0  0.00354451
1146130.0  0.0038954
1149430.0  0.00455405
1152740.0  0.00531328
1156070.0  0.00577937
1159420.0  0.00611005
1162790.0  0.006792
1166180.0  0.00773388
1169590.0  0.00906614
1173020.0  0.0106797
1176470.0  0.0120352
1179940.0  0.0136329
1183430.0  0.0159682
1186940.0  0.0186883
1190480.0  0.0218436
1194030.0  0.0257072
1197600.0  0.029482
1201200.0  0.0337784
1204820.0  0.0396553
1208460.0  0.0461651
1212120.0  0.0531803
1215810.0  0.0616197
1219510.0  0.0709556
1223240.0  0.0815841
1226990.0  0.0948612
1230770.0  0.109692
1234570.0  0.125156
1238390.0  0.144357
1242240.0  0.167335
1246110.0  0.190483
1250000.0  0.216941
1253920.0  0.248562
1257860.0  0.280032
1261830.0  0.315812
1265820.0  0.358051
1269840.0  0.397234
1273890.0  0.439211
1277960.0  0.490827
1282050.0  0.536744
1286170.0  0.58103
1290320.0  0.636066
1294500.0  0.681681
1298700.0  0.719279
1302930.0  0.768302
1307190.0  0.809067
1311480.0  0.837206
1315790.0  0.874745
1320130.0  0.902187
1324500.0  0.907345
1328900.0  0.918114
1333330.0  0.926959
1337790.0  0.916684
1342280.0  0.913112
1346800.0  0.916306
1351350.0  0.907246
1355930.0  0.90784
1360540.0  0.926176
1365190.0  0.933389
1369860.0  0.941501
1374570.0  0.967851
1379310.0  0.98008
1384080.0  0.980991
1388890.0  0.995532
1393730.0  0.997063
1398600.0  0.987431
1403510.0  0.996892
1408450.0  1
1413430.0  0.988171
1418440.0  0.993504
1423490.0  0.997577
1428570.0  0.985144
1433690.0  0.987085
1438850.0  0.992134
1444040.0  0.980431
1449280.0  0.979385
1454550.0  0.987386
1459850.0  0.981566
1465200.0  0.981307
1470590.0  0.99066
1476010.0  0.985868
1481480.0  0.983128
1486990.0  0.994525
1492540.0  0.990975
1498130.0  0.981875
1503760.0  0.989214
1509430.0  0.985571
1515150.0  0.97154
1520910.0  0.975279
1526720.0  0.972712
1532570.0  0.957683
1538460.0  0.960968
1544400.0  0.962655
1550390.0  0.948843
1556420.0  0.948984
1562500.0  0.948644
1568630.0  0.930478
1574800.0  0.925625
1581030.0  0.926176
1587300.0  0.907968
1593630.0  0.895233
1600000.0  0.892755
1606430.0  0.875577
1612900.0  0.860077
1619430.0  0.858477
1626020.0  0.847328
1632650.0  0.833031
1639340.0  0.832611
1646090.0  0.823844
1652890.0  0.806333
1659750.0  0.802161
1666670.0  0.791972
1673640.0  0.77049
1680670.0  0.763418
1687760.0  0.758967
1694920.0  0.73951
1702130.0  0.731082
1709400.0  0.72907
1716740.0  0.714383
1724140.0  0.70895
1731600.0  0.710847
1739130.0  0.69798
1746720.0  0.689891
1754390.0  0.690905
1762110.0  0.680959
1769910.0  0.673885
1777780.0  0.675321
1785710.0  0.663171
1793720.0  0.651998
1801800.0  0.653687
1809950.0  0.650329
1818180.0  0.644445
1826480.0  0.650597
1834860.0  0.651455
1843320.0  0.639629
1851850.0  0.636978
1860470.0  0.636613
1869160.0  0.63016
1877930.0  0.629951
1886790.0  0.628614
1895730.0  0.615417
1904760.0  0.606337
1913880.0  0.600944
1923080.0  0.588397
1932370.0  0.577687
1941750.0  0.567373
1951220.0  0.543134
1960780.0  0.52022
1970440.0  0.507282
1980200.0  0.488804
1990050.0  0.468182
2000000.0  0.45312
2010050.0  0.425653
2020200.0  0.396253
2030460.0  0.377506
2040820.0  0.352596
2051280.0  0.320337
2061860.0  0.297092
2072540.0  0.271526
2083330.0  0.237182
2094240.0  0.214191
2105260.0  0.194382
2116400.0  0.173816
2127660.0  0.155455
2139040.0  0.137136
2150540.0  0.118404
2162160.0  0.103792
2173910.0  0.0912398
2185790.0  0.0788582
2197800.0  0.0686165
2209940.0  0.0594843
2222220.0  0.0510594
2234640.0  0.0449937
2247190.0  0.0398487
2259890.0  0.0341683
2272730.0  0.0294805
2285710.0  0.0260428
2298850.0  0.0224796
2312140.0  0.0191121
2325580.0  0.0166448
2339180.0  0.0145145
2352940.0  0.012742
2366860.0  0.0112803
2380950.0  0.00997199
2395210.0  0.0087329
2409640.0  0.00786278
2424240.0  0.00697404
2439020.0  0.00592199
2453990.0  0.00536217
2469140.0  0.00486772
2484470.0  0.00419039
2500000.0  0.00373283
2515720.0  0.00337116
2531650.0  0.00298209
2547770.0  0.00267885
2564100.0  0.00244546
2580650.0  0.00218265
2597400.0  0.0019465
2614380.0  0.00174996
2631580.0  0.00150573
2649010.0  0.00129703
2666670.0  0.00115228
2684560.0  0.000986941
2702700.0  0.00081898
2721090.0  0.000721345
2739730.0  0.000628282
2758620.0  0.000529661
2777780.0  0.000480285
2797200.0  0.000447851
2816900.0  0.000390618
2836880.0  0.000343174
2857140.0  0.000309957
2877700.0  0.000261574
2898550.0  0.000209275
2919710.0  0.000181838
2941180.0  0.000145304
2962960.0  0.000120751
2985070.0  0.000136521
3007520.0  0.000147817
3030300.0  0.00014429
3053440.0  0.000148527
3076920.0  0.000137151
3100780.0  0.000115006
3125000.0  0.000112974
3149610.0  0.000109076
3174600.0  9.48358e-05
3200000.0  9.19654e-05
3225810.0  8.37214e-05
3252030.0  6.32722e-05
3278690.0  5.34532e-05
3305790.0  4.62976e-05
3333330.0  3.26402e-05
3361340.0  3.12186e-05
3389830.0  3.82697e-05
3418800.0  3.71415e-05
3448280.0  4.10856e-05
3478260.0  5.56205e-05
3508770.0  6.95551e-05
3539820.0  8.35597e-05
3571430.0  9.67568e-05
3603600.0  8.94362e-05
3636360.0  6.87236e-05
3669720.0  5.50916e-05
3703700.0  3.51956e-05
3738320.0  9.7402e-06
3773580.0  1.47839e-06
3809520.0  1.35729e-06
3846150.0  1.29483e-06
3883500.0  1.3034e-06
3921570.0  1.28658e-05
3960400.0  2.19887e-05
4000000.0  3.56024e-05
4040400.0  5.06031e-05
4081630.0  5.32856e-05
4123710.0  5.51572e-05
4166670.0  5.86902e-05
4210530.0  4.88041e-05
4255320.0  4.02835e-05
4301080.0  3.90134e-05
4347830.0  2.63385e-05
4395600.0  1.4351e-05
4444440.0  1.48485e-05
4494380.0  1.27822e-05
4545450.0  1.70511e-05
4597700.0  4.1723e-05
4651160.0  6.00133e-05
4705880.0  6.59485e-05
4761900.0  8.97238e-05
4819280.0  0.000102101
4878050.0  0.000102767
4938270.0  0.000135141
5000000.0  0.000153926
