# Hipparcos bandpass from Table 3 of Bessell, M.~S., 2000, PASP, 112, 961
# Given there as lambda * R_lambda where R_lambda is detector response per photon.
# They've been converted here to simply R_lambda.
# 
# Transcribed 03/16 B. Johnson



4550.0  0
4600.0  0.004348
4650.0  0.022796
4700.0  0.059574
4750.0  0.104842
4800.0  0.145833
4850.0  0.172165
4900.0  0.186122
4950.0  0.192525
5000.0  0.196
5050.0  0.197228
5100.0  0.196078
5150.0  0.19301
5200.0  0.187885
5250.0  0.181333
5300.0  0.173774
5350.0  0.165607
5400.0  0.157222
5450.0  0.148257
5500.0  0.139273
5550.0  0.13027
5600.0  0.121071
5650.0  0.111858
5700.0  0.102456
5750.0  0.093217
5800.0  0.083966
5850.0  0.075043
5900.0  0.066271
5950.0  0.057983
6000.0  0.050333
6050.0  0.04314
6100.0  0.036885
6150.0  0.031545
6200.0  0.026774
6250.0  0.02256
6300.0  0.019206
6350.0  0.01622
6400.0  0.013594
6450.0  0.011473
6500.0  0.009231
6550.0  0.007481
6600.0  0.005606
6650.0  0.003609
6700.0  0.001642
6750.0  0
