# Hipparcos bandpass from Table 3 of Bessell, M.~S., 2000, PASP, 112, 961
# Given there as lambda * R_lambda where R_lambda is detector response per photon.
# They've been converted here to simply R_lambda.
# 
# Transcribed 03/16 B. Johnson



3400.0  0
3500.0  0.004286
3600.0  0.008889
3700.0  0.014054
3800.0  0.027105
3900.0  0.039744
4000.0  0.05675
4100.0  0.073171
4200.0  0.095238
4300.0  0.123256
4400.0  0.159091
4500.0  0.187778
4600.0  0.201739
4700.0  0.206383
4800.0  0.208333
4900.0  0.203469
5000.0  0.1976
5100.0  0.190784
5200.0  0.183846
5300.0  0.176415
5400.0  0.168704
5500.0  0.161273
5600.0  0.153214
5700.0  0.144737
5800.0  0.136034
5900.0  0.127458
6000.0  0.119
6100.0  0.110656
6200.0  0.102742
6300.0  0.095079
6400.0  0.087813
6500.0  0.080769
6600.0  0.073788
6700.0  0.067015
6800.0  0.060441
6900.0  0.053913
7000.0  0.047857
7100.0  0.042113
7200.0  0.036667
7300.0  0.031781
7400.0  0.027432
7500.0  0.023467
7600.0  0.02
7700.0  0.017013
7800.0  0.014359
7900.0  0.011772
8000.0  0.00925
8100.0  0.007037
8200.0  0.005244
8300.0  0.003976
8400.0  0.003095
8500.0  0.002353
8600.0  0.001512
8700.0  0.000575
8800.0  0
