# from http://www.stsci.edu/jwst/instruments/nircam/instrumentdesign/filters
# Retrieved Jan 18, 2017, dated Feb 5, 2016 (pre-flight)
# Uses modA or modB  filters+DBS+QE+OTE (nrc_plus_ote)
# Units of transmission are PCE (photon to electron conversion efficiency)
# 
5506.0  8.896692e-11
5516.0  9.753743e-13
5526.0  1.896843e-11
5536.0  9.930015e-13
5546.0  1.145540e-11
5556.0  5.884242e-11
5566.0  1.158697e-12
5576.0  4.613936e-11
5586.0  8.366528e-13
5596.0  1.179789e-10
5606.0  9.464855e-13
5616.0  1.422433e-12
5626.0  1.059203e-12
5636.0  5.662839e-11
5646.0  1.336959e-10
5656.0  1.243088e-10
5666.0  2.124666e-12
5676.0  1.742859e-10
5686.0  2.584854e-12
5696.0  2.890115e-10
5706.0  4.149644e-10
5716.0  2.970293e-12
5726.0  2.172540e-10
5736.0  6.289374e-11
5746.0  6.407221e-10
5756.0  2.843724e-12
5766.0  3.189083e-11
5776.0  2.302581e-10
5786.0  1.920075e-10
5796.0  9.069699e-11
5806.0  2.450171e-12
5816.0  2.368638e-10
5826.0  4.417468e-10
5836.0  9.098657e-11
5846.0  3.153452e-10
5856.0  3.227743e-10
5866.0  5.789876e-12
5876.0  2.145657e-10
5886.0  2.320149e-10
5896.0  1.081088e-09
5906.0  4.915857e-10
5916.0  1.063455e-09
5926.0  1.291223e-11
5936.0  3.637497e-10
5946.0  1.574358e-09
5956.0  3.961789e-10
5966.0  4.248685e-10
5976.0  5.891718e-10
5986.0  8.458042e-11
5996.0  1.559782e-10
6006.0  1.012451e-11
6016.0  1.035005e-11
6026.0  1.057113e-11
6036.0  1.077239e-11
6046.0  6.109508e-10
6056.0  3.671726e-10
6066.0  6.209802e-10
6076.0  1.765309e-10
6086.0  1.175494e-11
6096.0  2.776163e-10
6106.0  2.835604e-10
6116.0  1.228061e-11
6126.0  8.798552e-10
6136.0  5.976703e-10
6146.0  1.276509e-11
6156.0  3.330365e-10
6166.0  1.372420e-10
6176.0  1.323099e-11
6186.0  3.384906e-10
6196.0  1.354751e-11
6206.0  1.369784e-11
6216.0  6.637982e-10
6226.0  1.391134e-11
6236.0  1.031311e-10
6246.0  1.874371e-11
6256.0  1.444548e-11
6266.0  1.267387e-09
6276.0  1.478150e-11
6286.0  1.692675e-09
6296.0  1.507528e-11
6306.0  1.700746e-10
6316.0  4.601179e-10
6326.0  1.550026e-11
6336.0  4.407025e-10
6346.0  1.577128e-11
6356.0  1.590505e-11
6366.0  1.603463e-11
6376.0  1.615497e-11
6386.0  1.661777e-10
6396.0  8.226268e-10
6406.0  1.655158e-11
6416.0  1.669378e-11
6426.0  1.515104e-09
6436.0  1.768171e-11
6446.0  3.660961e-10
6456.0  6.513346e-10
6466.0  4.993919e-10
6476.0  1.743027e-11
6486.0  1.753600e-11
6496.0  5.634363e-10
6506.0  2.031063e-11
6516.0  1.786782e-11
6526.0  1.796245e-11
6536.0  1.806846e-11
6546.0  1.001261e-09
6556.0  1.826154e-11
6566.0  1.260675e-10
6576.0  1.843346e-11
6586.0  1.851006e-11
6596.0  1.860373e-11
6606.0  1.868167e-11
6616.0  1.875110e-11
6626.0  1.883085e-11
6636.0  1.893023e-11
6646.0  1.902349e-11
6656.0  6.969478e-10
6666.0  7.430297e-11
6676.0  2.005530e-11
6686.0  2.296554e-11
6696.0  1.940146e-11
6706.0  1.946720e-11
6716.0  1.953294e-11
6726.0  6.351819e-10
6736.0  9.514292e-10
6746.0  2.004275e-11
6756.0  4.262662e-11
6766.0  9.167422e-10
6776.0  1.293446e-10
6786.0  2.000517e-11
6796.0  5.102439e-10
6806.0  2.676066e-10
6816.0  2.023422e-11
6826.0  2.026942e-11
6836.0  2.032808e-11
6846.0  1.234931e-10
6856.0  1.256222e-09
6866.0  2.052809e-11
6876.0  4.427976e-10
6886.0  2.065166e-11
6896.0  8.538422e-11
6906.0  2.080156e-11
6916.0  2.085344e-11
6926.0  6.944367e-11
6936.0  6.416397e-10
6946.0  2.099970e-11
6956.0  2.142857e-09
6966.0  2.112810e-11
6976.0  2.119977e-11
6986.0  2.127177e-11
6996.0  2.134014e-11
7006.0  2.142973e-11
7016.0  1.371179e-09
7026.0  2.153924e-11
7036.0  2.163387e-11
7046.0  2.170352e-11
7056.0  2.134448e-10
7066.0  2.185433e-11
7076.0  2.192166e-11
7086.0  3.315263e-10
7096.0  3.790853e-10
7106.0  2.216861e-11
7116.0  2.225482e-11
7126.0  2.234808e-11
7136.0  5.948319e-10
7146.0  4.236276e-09
7156.0  1.471150e-10
7166.0  7.231503e-11
7176.0  2.276118e-11
7186.0  2.286780e-11
7196.0  2.297449e-11
7206.0  8.145580e-10
7216.0  1.591717e-10
7226.0  2.320467e-11
7236.0  2.327826e-11
7246.0  2.336841e-11
7256.0  1.468751e-09
7266.0  2.357541e-11
7276.0  8.322501e-10
7286.0  1.307631e-09
7296.0  2.878035e-09
7306.0  2.392288e-11
7316.0  3.937069e-10
7326.0  1.546891e-09
7336.0  7.209994e-10
7346.0  1.073440e-09
7356.0  8.312004e-10
7366.0  1.263874e-09
7376.0  2.784605e-09
7386.0  2.709975e-10
7396.0  2.471991e-11
7406.0  2.481122e-11
7416.0  8.079976e-10
7426.0  5.323276e-10
7436.0  6.353571e-09
7446.0  2.516411e-11
7456.0  2.523307e-11
7466.0  7.387804e-09
7476.0  3.745933e-09
7486.0  2.549220e-11
7496.0  1.786874e-10
7506.0  1.605911e-09
7516.0  2.571196e-11
7526.0  4.016071e-09
7536.0  8.848893e-09
7546.0  1.239236e-09
7556.0  2.737297e-09
7566.0  1.366601e-09
7576.0  2.606607e-11
7586.0  3.319695e-10
7596.0  2.614742e-11
7606.0  1.095807e-10
7616.0  3.598366e-09
7626.0  2.630332e-11
7636.0  2.775203e-09
7646.0  2.643294e-11
7656.0  9.409082e-09
7666.0  1.444080e-09
7676.0  2.004380e-09
7686.0  2.661613e-11
7696.0  2.668120e-11
7706.0  2.674058e-11
7716.0  1.925974e-09
7726.0  1.156994e-09
7736.0  2.694357e-11
7746.0  9.493348e-10
7756.0  3.719772e-09
7766.0  2.230927e-09
7776.0  2.714741e-11
7786.0  1.474749e-09
7796.0  1.808568e-09
7806.0  9.682995e-10
7816.0  2.735404e-11
7826.0  5.650205e-09
7836.0  6.408982e-09
7846.0  2.746811e-11
7856.0  5.154019e-10
7866.0  5.565422e-09
7876.0  2.182015e-09
7886.0  2.761805e-11
7896.0  2.763820e-11
7906.0  2.445934e-09
7916.0  7.550477e-09
7926.0  2.772414e-11
7936.0  3.869431e-09
7946.0  1.994456e-09
7956.0  7.421480e-09
7966.0  5.492926e-09
7976.0  7.214177e-09
7986.0  1.370511e-09
7996.0  2.768732e-11
8006.0  2.762981e-11
8016.0  4.083937e-09
8026.0  5.707411e-09
8036.0  7.876151e-10
8046.0  1.238559e-08
8056.0  3.248008e-09
8066.0  4.020828e-09
8076.0  7.732862e-10
8086.0  3.297190e-08
8096.0  1.293800e-08
8106.0  9.195669e-09
8116.0  1.264435e-08
8126.0  1.933353e-08
8136.0  1.671252e-08
8146.0  1.519240e-08
8156.0  1.707192e-08
8166.0  2.863471e-11
8176.0  6.333427e-09
8186.0  1.490671e-08
8196.0  8.666104e-09
8206.0  6.810700e-09
8216.0  2.883541e-11
8226.0  2.888566e-11
8236.0  4.394616e-09
8246.0  2.670609e-09
8256.0  2.920047e-09
8266.0  2.900506e-11
8276.0  9.619364e-09
8286.0  2.907466e-11
8296.0  9.845371e-10
8306.0  6.844952e-09
8316.0  9.066262e-09
8326.0  4.132340e-10
8336.0  3.143474e-08
8346.0  2.644175e-08
8356.0  2.845652e-09
8366.0  1.470370e-08
8376.0  9.052920e-09
8386.0  1.917245e-08
8396.0  1.585043e-08
8406.0  2.948859e-11
8416.0  1.611195e-09
8426.0  2.601794e-08
8436.0  5.464295e-09
8446.0  3.293165e-08
8456.0  2.972321e-11
8466.0  8.718757e-09
8476.0  2.980583e-11
8486.0  5.294220e-09
8496.0  5.661195e-08
8506.0  1.658587e-08
8516.0  7.144655e-08
8526.0  1.439452e-07
8536.0  7.007984e-08
8546.0  8.512833e-08
8556.0  3.244182e-08
8566.0  1.131135e-07
8576.0  3.023502e-11
8586.0  1.246909e-07
8596.0  1.947381e-07
8606.0  8.725717e-08
8616.0  2.207163e-08
8626.0  1.554648e-07
8636.0  7.604877e-09
8646.0  3.049484e-11
8656.0  7.921165e-07
8666.0  9.303783e-08
8676.0  3.059870e-11
8686.0  3.064088e-11
8696.0  2.720237e-07
8706.0  4.098242e-08
8716.0  3.077306e-11
8726.0  2.328890e-08
8736.0  7.409068e-07
8746.0  2.021977e-07
8756.0  3.209434e-08
8766.0  5.629000e-07
8776.0  3.093227e-11
8786.0  1.602286e-06
8796.0  8.276918e-07
8806.0  2.885714e-07
8816.0  5.188961e-07
8826.0  3.092094e-11
8836.0  1.112103e-06
8846.0  3.102239e-11
8856.0  3.108546e-11
8866.0  6.591444e-07
8876.0  3.123272e-11
8886.0  1.567675e-06
8896.0  3.129643e-11
8906.0  8.572920e-07
8916.0  5.969051e-07
8926.0  5.642908e-06
8936.0  1.160095e-06
8946.0  5.318906e-07
8956.0  1.352442e-06
8966.0  3.028637e-06
8976.0  3.131572e-11
8986.0  4.524393e-07
8996.0  1.280733e-06
9006.0  2.433210e-06
9016.0  1.304518e-06
9026.0  1.741232e-06
9036.0  9.437284e-07
9046.0  9.407399e-07
9056.0  1.496485e-06
9066.0  8.860939e-07
9076.0  1.705617e-06
9086.0  1.028171e-06
9096.0  1.902836e-06
9106.0  1.479013e-06
9116.0  1.287876e-06
9126.0  6.006096e-07
9136.0  1.180108e-06
9146.0  8.107013e-07
9156.0  1.322526e-06
9166.0  1.552471e-06
9176.0  1.560066e-06
9186.0  9.541035e-07
9196.0  1.039191e-06
9206.0  1.007763e-06
9216.0  9.209534e-07
9226.0  3.244032e-07
9236.0  9.982797e-07
9246.0  9.054205e-07
9256.0  1.306421e-06
9266.0  8.835295e-07
9276.0  7.012517e-07
9286.0  8.654199e-07
9296.0  1.610087e-06
9306.0  1.620171e-06
9316.0  9.635530e-07
9326.0  2.307359e-07
9336.0  7.250102e-07
9346.0  5.996139e-07
9356.0  8.724939e-07
9366.0  6.845512e-07
9376.0  1.448503e-06
9386.0  8.345065e-07
9396.0  7.803444e-07
9406.0  6.058608e-07
9416.0  4.191802e-07
9426.0  4.562787e-07
9436.0  5.810905e-07
9446.0  1.606715e-06
9456.0  4.969836e-07
9466.0  1.095135e-06
9476.0  3.064416e-07
9486.0  3.862278e-07
9496.0  7.922246e-07
9506.0  9.015976e-07
9516.0  2.427080e-07
9526.0  9.432676e-07
9536.0  1.256163e-07
9546.0  8.351921e-07
9556.0  8.353544e-07
9566.0  2.148328e-08
9576.0  4.306652e-07
9586.0  6.397753e-07
9596.0  1.894677e-07
9606.0  4.878080e-07
9616.0  2.900067e-07
9626.0  6.625518e-07
9636.0  6.923860e-07
9646.0  7.339028e-07
9656.0  2.338064e-07
9666.0  2.106183e-07
9676.0  4.753301e-07
9686.0  3.223681e-07
9696.0  8.663424e-08
9706.0  4.249278e-07
9716.0  3.248308e-11
9726.0  2.369513e-07
9736.0  5.187332e-07
9746.0  2.910031e-07
9756.0  2.268471e-07
9766.0  3.911921e-07
9776.0  5.939555e-07
9786.0  3.347597e-07
9796.0  4.900779e-07
9806.0  6.151044e-07
9816.0  2.896335e-07
9826.0  3.688344e-07
9836.0  2.721909e-07
9846.0  3.340045e-07
9856.0  2.047864e-07
9866.0  6.828009e-07
9876.0  2.111354e-07
9886.0  2.149541e-07
9896.0  1.829686e-07
9906.0  3.851548e-07
9916.0  4.215043e-07
9926.0  2.034067e-07
9936.0  1.003971e-07
9946.0  3.405363e-07
9956.0  9.975799e-08
9966.0  3.135443e-07
9976.0  1.938199e-07
9986.0  3.717513e-07
9996.0  1.767249e-07
10006.0  4.708611e-07
10016.0  2.731921e-07
10026.0  3.919391e-07
10036.0  5.046839e-07
10046.0  4.416130e-07
10056.0  4.065965e-07
10066.0  3.829193e-07
10076.0  3.604778e-07
10086.0  5.908733e-07
10096.0  3.808010e-07
10106.0  5.357750e-08
10116.0  2.905428e-07
10126.0  5.255492e-07
10136.0  2.967666e-07
10146.0  2.571558e-07
10156.0  6.555827e-08
10166.0  2.612134e-07
10176.0  1.286639e-07
10186.0  2.143503e-07
10196.0  2.249373e-07
10206.0  2.620180e-07
10216.0  2.820093e-07
10226.0  3.769334e-07
10236.0  3.760626e-07
10246.0  2.623282e-07
10256.0  3.526124e-07
10266.0  2.346845e-07
10276.0  2.182337e-07
10286.0  2.027601e-07
10296.0  2.505951e-07
10306.0  3.081470e-07
10316.0  1.403442e-07
10326.0  4.180862e-07
10336.0  2.648155e-07
10346.0  4.799462e-07
10356.0  3.363642e-07
10366.0  2.880509e-07
10376.0  1.973299e-07
10386.0  1.994333e-07
10396.0  5.830828e-08
10406.0  1.027975e-07
10416.0  2.202575e-07
10426.0  1.200033e-07
10436.0  3.045698e-07
10446.0  2.626920e-07
10456.0  2.080660e-07
10466.0  1.611896e-07
10476.0  2.407622e-07
10486.0  3.027969e-07
10496.0  2.771607e-07
10506.0  3.471868e-07
10516.0  1.820286e-07
10526.0  1.310048e-07
10536.0  2.601339e-07
10546.0  4.110153e-07
10556.0  2.688765e-07
10566.0  1.462282e-07
10576.0  1.832823e-07
10586.0  1.063310e-07
10596.0  2.118306e-07
10606.0  2.403859e-07
10616.0  2.061877e-07
10626.0  1.764701e-07
10636.0  8.036087e-08
10646.0  2.694857e-07
10656.0  5.071984e-07
10666.0  2.251010e-07
10676.0  2.380342e-07
10686.0  4.486960e-08
10696.0  2.403055e-07
10706.0  1.898714e-07
10716.0  2.359545e-07
10726.0  2.140933e-07
10736.0  9.957267e-08
10746.0  1.883179e-07
10756.0  2.986898e-07
10766.0  2.165287e-07
10776.0  2.048910e-07
10786.0  8.489316e-08
10796.0  1.717141e-07
10806.0  3.368813e-07
10816.0  2.331156e-07
10826.0  2.692409e-07
10836.0  1.959366e-07
10846.0  2.603882e-07
10856.0  2.079023e-07
10866.0  2.453710e-07
10876.0  2.417336e-07
10886.0  7.434106e-08
10896.0  1.164064e-07
10906.0  3.391260e-07
10916.0  3.922827e-07
10926.0  2.732790e-07
10936.0  2.607464e-08
10946.0  2.429558e-07
10956.0  5.527940e-08
10966.0  5.694315e-08
10976.0  2.206799e-07
10986.0  2.693957e-07
10996.0  1.227460e-07
11006.0  1.846358e-07
11016.0  1.705181e-07
11026.0  1.838988e-07
11036.0  1.967904e-07
11046.0  2.395183e-07
11056.0  2.694612e-07
11066.0  1.999963e-07
11076.0  3.598006e-07
11086.0  3.354570e-07
11096.0  3.224433e-09
11106.0  2.776221e-07
11116.0  1.860895e-07
11126.0  1.710289e-07
11136.0  9.008651e-08
11146.0  9.031389e-08
11156.0  3.178894e-07
11166.0  2.002918e-07
11176.0  1.374610e-07
11186.0  3.534917e-07
11196.0  2.901073e-07
11206.0  1.957913e-07
11216.0  2.375968e-07
11226.0  1.488163e-07
11236.0  2.700446e-07
11246.0  1.644523e-07
11256.0  2.686161e-07
11266.0  1.143757e-07
11276.0  2.873719e-07
11286.0  1.461910e-07
11296.0  1.315450e-07
11306.0  1.986449e-07
11316.0  2.027929e-07
11326.0  1.182473e-07
11336.0  2.246717e-07
11346.0  1.314372e-07
11356.0  1.160238e-07
11366.0  3.780578e-07
11376.0  1.344662e-07
11386.0  8.419229e-08
11396.0  1.622612e-07
11406.0  2.176006e-07
11416.0  2.526331e-07
11426.0  1.756440e-07
11436.0  1.907646e-07
11446.0  2.071731e-07
11456.0  1.839524e-07
11466.0  1.735843e-07
11476.0  2.004955e-07
11486.0  1.237486e-07
11496.0  2.054866e-07
11506.0  4.661189e-08
11516.0  1.737455e-07
11526.0  1.617474e-07
11536.0  1.637294e-07
11546.0  1.672332e-07
11556.0  2.607292e-07
11566.0  3.034123e-07
11576.0  2.065903e-07
11586.0  2.011059e-07
11596.0  1.501149e-07
11606.0  2.148239e-07
11616.0  3.148935e-07
11626.0  1.050991e-07
11636.0  6.247670e-08
11646.0  1.740199e-07
11656.0  2.131855e-07
11666.0  1.408673e-07
11676.0  1.665480e-07
11686.0  1.772733e-07
11696.0  2.169055e-07
11706.0  1.290586e-07
11716.0  2.078303e-07
11726.0  2.438003e-07
11736.0  3.118498e-07
11746.0  3.109038e-07
11756.0  3.748844e-07
11766.0  4.822272e-08
11776.0  1.746864e-07
11786.0  4.478798e-07
11796.0  2.400488e-07
11806.0  2.311073e-07
11816.0  2.231067e-07
11826.0  2.487962e-07
11836.0  2.222865e-07
11846.0  1.950602e-07
11856.0  1.743523e-07
11866.0  2.818175e-07
11876.0  2.659942e-07
11886.0  6.017949e-08
11896.0  3.050577e-07
11906.0  2.380084e-07
11916.0  2.321295e-07
11926.0  2.180121e-07
11936.0  1.123280e-07
11946.0  2.856267e-07
11956.0  1.984462e-07
11966.0  2.203939e-07
11976.0  2.487064e-07
11986.0  1.754290e-07
11996.0  3.499421e-07
12006.0  3.020406e-07
12016.0  7.043999e-08
12026.0  3.249356e-07
12036.0  4.361094e-07
12046.0  4.464136e-08
12056.0  2.031841e-07
12066.0  3.941499e-07
12076.0  2.285116e-07
12086.0  6.878342e-08
12096.0  3.578097e-07
12106.0  3.142756e-07
12116.0  1.691292e-07
12126.0  1.995917e-07
12136.0  1.434515e-07
12146.0  8.044456e-08
12156.0  3.574059e-07
12166.0  1.773839e-07
12176.0  2.051812e-07
12186.0  2.436281e-07
12196.0  3.140443e-07
12206.0  1.664212e-07
12216.0  2.345997e-07
12226.0  3.753468e-07
12236.0  7.365461e-08
12246.0  2.360453e-07
12256.0  1.911143e-07
12266.0  2.433975e-07
12276.0  4.984978e-08
12286.0  1.166223e-07
12296.0  2.155467e-07
12306.0  3.593196e-07
12316.0  1.608054e-07
12326.0  2.305672e-07
12336.0  2.580218e-07
12346.0  2.091786e-07
12356.0  2.986857e-07
12366.0  2.487977e-07
12376.0  4.319572e-07
12386.0  6.641144e-08
12396.0  4.042336e-08
12406.0  2.470292e-07
12416.0  1.037130e-07
12426.0  3.684370e-07
12436.0  2.133510e-07
12446.0  3.456156e-07
12456.0  1.314854e-07
12466.0  2.640085e-07
12476.0  1.447806e-07
12486.0  2.284025e-07
12496.0  2.483360e-07
12506.0  1.729011e-07
12516.0  2.371373e-07
12526.0  4.014635e-07
12536.0  9.383544e-08
12546.0  1.591899e-07
12556.0  2.908906e-07
12566.0  1.827707e-07
12576.0  2.159781e-07
12586.0  2.157313e-07
12596.0  1.783121e-07
12606.0  3.147119e-07
12616.0  2.620046e-07
12626.0  2.758021e-07
12636.0  1.785932e-07
12646.0  1.255656e-07
12656.0  4.351956e-07
12666.0  1.560319e-07
12676.0  3.970999e-07
12686.0  2.817370e-07
12696.0  2.916194e-07
12706.0  2.803403e-07
12716.0  2.409815e-07
12726.0  1.443482e-07
12736.0  1.902721e-07
12746.0  1.460924e-07
12756.0  1.751666e-07
12766.0  1.858054e-07
12776.0  2.799192e-07
12786.0  2.073661e-07
12796.0  2.052513e-07
12806.0  1.453903e-07
12816.0  1.404126e-07
12826.0  3.584444e-07
12836.0  2.680385e-07
12846.0  1.441557e-07
12856.0  1.189456e-07
12866.0  3.416660e-07
12876.0  1.672507e-07
12886.0  1.787225e-07
12896.0  1.452021e-07
12906.0  3.765674e-07
12916.0  2.036990e-07
12926.0  2.418226e-07
12936.0  2.118316e-07
12946.0  3.532723e-07
12956.0  2.613011e-07
12966.0  2.834937e-07
12976.0  2.767671e-07
12986.0  2.606616e-07
12996.0  1.731386e-07
13006.0  2.616959e-07
13016.0  2.718522e-07
13026.0  3.165424e-07
13036.0  2.115193e-07
13046.0  2.495627e-07
13056.0  3.510648e-07
13066.0  1.168222e-07
13076.0  2.416167e-07
13086.0  1.800970e-07
13096.0  3.169481e-07
13106.0  3.137913e-07
13116.0  1.639935e-07
13126.0  8.206411e-08
13136.0  2.425116e-07
13146.0  2.520492e-07
13156.0  2.009346e-07
13166.0  1.752542e-07
13176.0  2.750030e-07
13186.0  2.986361e-07
13196.0  1.447475e-07
13206.0  1.331778e-07
13216.0  1.968933e-07
13226.0  1.735244e-07
13236.0  3.163613e-07
13246.0  1.220367e-07
13256.0  3.315944e-07
13266.0  2.004232e-07
13276.0  3.035010e-07
13286.0  3.328130e-07
13296.0  1.508726e-07
13306.0  3.893218e-07
13316.0  2.605911e-07
13326.0  2.691213e-07
13336.0  2.010574e-07
13346.0  3.272368e-07
13356.0  3.678067e-07
13366.0  2.247341e-07
13376.0  9.125265e-08
13386.0  2.920062e-07
13396.0  2.970667e-07
13406.0  3.170626e-07
13416.0  2.690053e-07
13426.0  4.079530e-07
13436.0  1.508849e-07
13446.0  1.306891e-07
13456.0  2.256072e-07
13466.0  2.222122e-07
13476.0  3.107694e-07
13486.0  3.090623e-07
13496.0  3.455569e-07
13506.0  4.701827e-08
13516.0  3.378230e-07
13526.0  2.991808e-07
13536.0  1.493045e-07
13546.0  3.375824e-07
13556.0  2.851341e-07
13566.0  3.752770e-07
13576.0  1.626891e-07
13586.0  4.163333e-07
13596.0  2.367966e-07
13606.0  2.173809e-07
13616.0  1.674666e-07
13626.0  3.837334e-07
13636.0  3.623485e-07
13646.0  7.524753e-08
13656.0  2.955034e-07
13666.0  2.826335e-07
13676.0  2.344015e-07
13686.0  4.150996e-07
13696.0  2.809185e-07
13706.0  1.993935e-07
13716.0  4.425964e-07
13726.0  4.033518e-07
13736.0  2.015026e-07
13746.0  3.965339e-07
13756.0  3.860392e-07
13766.0  4.702407e-07
13776.0  2.361006e-07
13786.0  3.330421e-07
13796.0  1.467498e-07
13806.0  3.394417e-07
13816.0  2.376851e-07
13826.0  5.224343e-07
13836.0  1.221389e-07
13846.0  1.776833e-07
13856.0  1.486225e-07
13866.0  4.330100e-07
13876.0  1.605360e-07
13886.0  2.646242e-07
13896.0  3.393727e-07
13906.0  4.290420e-07
13916.0  2.457332e-07
13926.0  3.153588e-07
13936.0  2.951493e-07
13946.0  2.365686e-07
13956.0  3.938679e-07
13966.0  2.645661e-07
13976.0  2.379018e-07
13986.0  3.585084e-07
13996.0  1.751673e-07
14006.0  3.498499e-07
14016.0  2.003665e-07
14026.0  4.359519e-07
14036.0  2.558979e-07
14046.0  6.198700e-07
14056.0  4.132299e-08
14066.0  3.570911e-07
14076.0  3.542774e-07
14086.0  1.766705e-07
14096.0  1.338714e-07
14106.0  1.374936e-07
14116.0  1.777651e-07
14126.0  2.034119e-07
14136.0  3.701761e-07
14146.0  3.096265e-07
14156.0  2.584416e-07
14166.0  2.821395e-07
14176.0  1.800122e-07
14186.0  6.945061e-08
14196.0  2.518935e-07
14206.0  3.357021e-07
14216.0  4.110249e-07
14226.0  4.594910e-07
14236.0  4.029519e-07
14246.0  2.734822e-07
14256.0  3.383171e-07
14266.0  1.720084e-07
14276.0  3.337960e-08
14286.0  3.740363e-07
14296.0  3.043429e-07
14306.0  1.025721e-07
14316.0  1.646119e-07
14326.0  3.657694e-07
14336.0  2.704282e-07
14346.0  3.517499e-07
14356.0  2.888114e-07
14366.0  4.553637e-07
14376.0  2.905157e-07
14386.0  1.243915e-07
14396.0  2.369896e-07
14406.0  2.357146e-07
14416.0  1.574203e-07
14426.0  1.751884e-07
14436.0  2.982605e-07
14446.0  4.509031e-07
14456.0  1.604568e-07
14466.0  8.852747e-08
14476.0  3.953688e-07
14486.0  2.375418e-07
14496.0  2.148274e-07
14506.0  3.242592e-07
14516.0  2.104261e-07
14526.0  3.413477e-07
14536.0  2.949765e-07
14546.0  3.784997e-07
14556.0  2.448009e-07
14566.0  3.246782e-07
14576.0  2.440639e-07
14586.0  3.818760e-07
14596.0  2.860102e-07
14606.0  2.071843e-07
14616.0  3.355228e-07
14626.0  5.428773e-07
14636.0  5.282324e-07
14646.0  8.897747e-08
14656.0  2.277043e-07
14666.0  2.047373e-07
14676.0  4.012915e-07
14686.0  5.174276e-07
14696.0  2.239014e-07
14706.0  2.230126e-07
14716.0  1.429740e-07
14726.0  2.255336e-07
14736.0  1.501101e-07
14746.0  2.451669e-07
14756.0  1.539326e-07
14766.0  7.647947e-07
14776.0  2.439707e-07
14786.0  2.370229e-07
14796.0  4.000922e-07
14806.0  5.918023e-07
14816.0  2.956480e-07
14826.0  3.771926e-07
14836.0  5.074529e-07
14846.0  4.196178e-07
14856.0  1.760347e-07
14866.0  2.855632e-07
14876.0  1.124972e-08
14886.0  2.385858e-07
14896.0  3.246305e-07
14906.0  5.659660e-07
14916.0  4.072418e-07
14926.0  2.774930e-07
14936.0  1.936496e-07
14946.0  2.107918e-07
14956.0  5.107355e-07
14966.0  1.060172e-07
14976.0  3.179976e-07
14986.0  4.108571e-07
14996.0  3.159621e-07
15006.0  4.995302e-07
15016.0  2.483946e-07
15026.0  4.369702e-07
15036.0  1.105909e-07
15046.0  3.487189e-07
15056.0  2.106031e-07
15066.0  3.961431e-07
15076.0  4.705280e-07
15086.0  3.543629e-07
15096.0  3.648834e-07
15106.0  4.040357e-07
15116.0  4.595681e-07
15126.0  3.448286e-07
15136.0  3.468153e-07
15146.0  4.348351e-07
15156.0  3.541752e-07
15166.0  4.373115e-07
15176.0  2.213958e-07
15186.0  3.363630e-07
15196.0  2.839486e-07
15206.0  2.479306e-07
15216.0  3.181703e-07
15226.0  2.897751e-07
15236.0  4.512537e-07
15246.0  2.776042e-07
15256.0  4.405477e-07
15266.0  3.692862e-07
15276.0  4.827555e-07
15286.0  3.187199e-07
15296.0  2.465873e-07
15306.0  3.243085e-07
15316.0  2.948510e-07
15326.0  2.789194e-07
15336.0  4.737171e-07
15346.0  2.585167e-07
15356.0  1.560919e-07
15366.0  2.171213e-07
15376.0  4.218317e-07
15386.0  8.516345e-08
15396.0  2.375494e-07
15406.0  5.380544e-07
15416.0  5.031386e-07
15426.0  3.442376e-07
15436.0  1.506842e-07
15446.0  5.885843e-07
15456.0  1.430610e-07
15466.0  3.704149e-07
15476.0  3.507899e-07
15486.0  5.607809e-07
15496.0  4.624154e-07
15506.0  3.470158e-07
15516.0  7.890947e-08
15526.0  6.733132e-07
15536.0  3.768924e-07
15546.0  4.354319e-07
15556.0  2.706419e-07
15566.0  7.885273e-08
15576.0  4.337406e-07
15586.0  3.269073e-07
15596.0  2.049069e-07
15606.0  3.037149e-07
15616.0  4.331866e-07
15626.0  3.731537e-07
15636.0  4.722025e-07
15646.0  3.177511e-07
15656.0  3.551355e-07
15666.0  1.294278e-07
15676.0  3.680219e-07
15686.0  3.313304e-07
15696.0  5.686723e-07
15706.0  6.793747e-07
15716.0  2.640671e-07
15726.0  7.252842e-07
15736.0  3.899666e-07
15746.0  2.701553e-07
15756.0  4.006672e-07
15766.0  5.016699e-07
15776.0  1.654170e-07
15786.0  1.303369e-07
15796.0  1.277503e-07
15806.0  1.977188e-07
15816.0  4.607235e-07
15826.0  4.269104e-07
15836.0  4.401645e-07
15846.0  7.360394e-07
15856.0  4.450416e-07
15866.0  4.797981e-07
15876.0  3.835930e-07
15886.0  4.713176e-07
15896.0  1.492265e-07
15906.0  2.272796e-07
15916.0  3.036775e-07
15926.0  4.129282e-07
15936.0  8.437110e-07
15946.0  7.354510e-08
15956.0  4.906748e-07
15966.0  5.303970e-07
15976.0  7.966571e-07
15986.0  3.401102e-07
15996.0  2.771123e-07
16006.0  3.942727e-07
16016.0  3.077216e-07
16026.0  3.644395e-07
16036.0  1.801690e-07
16046.0  3.039776e-07
16056.0  2.309538e-07
16066.0  3.131276e-07
16076.0  9.432035e-07
16086.0  2.136370e-07
16096.0  7.540526e-07
16106.0  3.927583e-07
16116.0  6.108511e-07
16126.0  2.965598e-07
16136.0  5.521121e-07
16146.0  6.145466e-07
16156.0  6.438699e-07
16166.0  7.172997e-07
16176.0  5.580377e-07
16186.0  5.864892e-07
16196.0  6.977847e-07
16206.0  4.620690e-07
16216.0  3.446159e-07
16226.0  4.628288e-07
16236.0  5.725251e-07
16246.0  3.058028e-07
16256.0  7.818597e-07
16266.0  1.932529e-07
16276.0  6.308534e-07
16286.0  5.528578e-07
16296.0  3.537312e-07
16306.0  7.213725e-07
16316.0  6.145950e-07
16326.0  6.380426e-07
16336.0  7.150735e-07
16346.0  1.913803e-07
16356.0  8.821154e-07
16366.0  9.766914e-07
16376.0  1.108344e-06
16386.0  5.792056e-07
16396.0  5.187351e-07
16406.0  5.989162e-07
16416.0  6.185936e-07
16426.0  6.690203e-07
16436.0  5.551382e-07
16446.0  2.895680e-07
16456.0  8.328051e-07
16466.0  4.307728e-07
16476.0  8.040569e-07
16486.0  4.660356e-07
16496.0  8.615439e-07
16506.0  7.271450e-07
16516.0  4.942535e-07
16526.0  3.544040e-07
16536.0  4.569366e-07
16546.0  5.977600e-07
16556.0  6.520818e-07
16566.0  6.174441e-07
16576.0  8.616865e-07
16586.0  4.511882e-07
16596.0  8.312956e-07
16606.0  1.607627e-06
16616.0  4.598129e-11
16626.0  6.013283e-07
16636.0  5.182881e-07
16646.0  6.115177e-07
16656.0  7.486848e-07
16666.0  6.522789e-07
16676.0  7.637550e-07
16686.0  4.798750e-07
16696.0  5.698841e-07
16706.0  6.093095e-07
16716.0  5.133505e-07
16726.0  3.624294e-07
16736.0  1.605657e-06
16746.0  1.070767e-07
16756.0  6.565667e-07
16766.0  5.155538e-07
16776.0  7.587239e-07
16786.0  9.771388e-07
16796.0  4.082338e-07
16806.0  5.344420e-07
16816.0  7.598492e-07
16826.0  7.686347e-07
16836.0  8.962202e-07
16846.0  5.559129e-07
16856.0  8.731240e-07
16866.0  1.024917e-06
16876.0  8.424987e-07
16886.0  4.845844e-07
16896.0  7.875844e-07
16906.0  8.797713e-07
16916.0  5.775476e-07
16926.0  1.023761e-06
16936.0  4.771718e-07
16946.0  6.412844e-07
16956.0  1.316203e-06
16966.0  1.070571e-06
16976.0  2.878458e-07
16986.0  1.406445e-06
16996.0  4.932694e-07
17006.0  5.122061e-07
17016.0  9.155121e-07
17026.0  1.107046e-06
17036.0  9.046132e-07
17046.0  1.305971e-06
17056.0  6.651415e-07
17066.0  9.787832e-07
17076.0  7.862184e-07
17086.0  7.189559e-07
17096.0  5.757875e-07
17106.0  6.296340e-07
17116.0  5.847530e-07
17126.0  6.230917e-07
17136.0  8.731959e-07
17146.0  1.232437e-06
17156.0  6.107018e-07
17166.0  9.038898e-07
17176.0  1.112716e-06
17186.0  8.431524e-07
17196.0  6.863658e-07
17206.0  7.719036e-07
17216.0  3.626993e-07
17226.0  7.988989e-07
17236.0  5.236941e-07
17246.0  1.022328e-06
17256.0  5.410136e-07
17266.0  9.508496e-07
17276.0  6.741486e-07
17286.0  7.054323e-07
17296.0  3.989006e-07
17306.0  6.925362e-07
17316.0  1.141707e-06
17326.0  7.337127e-07
17336.0  4.678764e-07
17346.0  4.525799e-07
17356.0  9.567951e-07
17366.0  3.083320e-07
17376.0  6.975886e-07
17386.0  1.132240e-06
17396.0  6.826740e-07
17406.0  1.174053e-06
17416.0  3.437036e-07
17426.0  9.055513e-07
17436.0  9.344401e-07
17446.0  4.757595e-07
17456.0  2.439137e-07
17466.0  6.774402e-07
17476.0  6.138313e-07
17486.0  1.132927e-06
17496.0  1.506607e-07
17506.0  1.334573e-06
17516.0  1.210403e-06
17526.0  3.665641e-07
17536.0  3.488789e-07
17546.0  7.570080e-07
17556.0  9.419072e-07
17566.0  8.024014e-07
17576.0  1.237060e-06
17586.0  1.085494e-06
17596.0  7.402047e-07
17606.0  7.808635e-07
17616.0  8.345909e-07
17626.0  1.021101e-06
17636.0  7.036585e-07
17646.0  1.150485e-06
17656.0  7.278670e-07
17666.0  1.156612e-06
17676.0  8.582707e-07
17686.0  3.214754e-07
17696.0  9.622294e-07
17706.0  3.861945e-07
17716.0  6.965914e-07
17726.0  8.289070e-07
17736.0  4.661889e-07
17746.0  8.469416e-07
17756.0  9.526542e-07
17766.0  8.476290e-07
17776.0  1.137824e-06
17786.0  7.109448e-07
17796.0  7.040752e-07
17806.0  1.033427e-06
17816.0  1.077430e-06
17826.0  6.606356e-07
17836.0  9.771578e-07
17846.0  9.327220e-07
17856.0  2.905919e-07
17866.0  7.704742e-07
17876.0  8.337621e-07
17886.0  6.836200e-07
17896.0  1.099083e-06
17906.0  9.078118e-07
17916.0  4.373560e-07
17926.0  1.207087e-06
17936.0  3.584765e-07
17946.0  5.146393e-07
17956.0  1.054827e-06
17966.0  1.422671e-06
17976.0  4.327397e-07
17986.0  1.247579e-06
17996.0  9.854065e-07
18006.0  9.405095e-07
18016.0  1.151747e-06
18026.0  2.596099e-08
18036.0  1.081969e-06
18046.0  1.133603e-06
18056.0  8.115253e-07
18066.0  9.082238e-07
18076.0  9.378493e-07
18086.0  1.219873e-06
18096.0  1.950381e-06
18106.0  1.628560e-07
18116.0  7.191674e-07
18126.0  1.440651e-06
18136.0  8.197527e-07
18146.0  1.139447e-06
18156.0  1.152008e-06
18166.0  9.911047e-07
18176.0  9.976996e-07
18186.0  9.215737e-07
18196.0  1.611319e-06
18206.0  1.309068e-06
18216.0  1.478743e-06
18226.0  6.829293e-07
18236.0  9.212162e-07
18246.0  8.404668e-07
18256.0  1.564146e-06
18266.0  1.159006e-06
18276.0  1.155493e-06
18286.0  1.010866e-06
18296.0  8.580759e-07
18306.0  9.589365e-07
18316.0  1.177293e-06
18326.0  8.544171e-07
18336.0  7.082360e-07
18346.0  9.801652e-07
18356.0  9.266669e-07
18366.0  1.134403e-06
18376.0  7.142941e-07
18386.0  1.032101e-06
18396.0  1.269082e-06
18406.0  8.650966e-07
18416.0  9.645831e-07
18426.0  1.414970e-06
18436.0  1.304007e-06
18446.0  1.328987e-06
18456.0  9.958164e-07
18466.0  9.380749e-07
18476.0  1.712029e-06
18486.0  1.266404e-06
18496.0  1.301266e-06
18506.0  1.930159e-06
18516.0  8.944301e-07
18526.0  1.857496e-06
18536.0  1.358384e-06
18546.0  2.024571e-06
18556.0  1.359741e-06
18566.0  1.785159e-06
18576.0  1.245733e-06
18586.0  1.911805e-06
18596.0  1.528757e-06
18606.0  1.202468e-06
18616.0  7.289061e-07
18626.0  1.794073e-06
18636.0  2.005194e-06
18646.0  8.137849e-07
18656.0  1.951759e-06
18666.0  1.549875e-06
18676.0  2.084393e-06
18686.0  2.655163e-06
18696.0  2.191215e-06
18706.0  1.901686e-06
18716.0  1.402265e-06
18726.0  1.765504e-06
18736.0  1.948691e-06
18746.0  1.582518e-06
18756.0  1.428168e-06
18766.0  2.822383e-06
18776.0  2.683059e-06
18786.0  2.475038e-06
18796.0  1.097825e-06
18806.0  2.828107e-06
18816.0  2.732107e-06
18826.0  3.485803e-06
18836.0  2.118685e-06
18846.0  2.499674e-06
18856.0  2.574675e-06
18866.0  3.608706e-06
18876.0  2.945569e-06
18886.0  3.216446e-06
18896.0  2.585368e-06
18906.0  3.056585e-06
18916.0  4.673065e-06
18926.0  2.754940e-06
18936.0  3.707477e-06
18946.0  3.706104e-06
18956.0  5.228105e-06
18966.0  4.039694e-06
18976.0  5.583130e-06
18986.0  6.017458e-06
18996.0  4.815734e-06
19006.0  6.615303e-06
19016.0  6.933402e-06
19026.0  7.402982e-06
19036.0  9.018141e-06
19046.0  8.303013e-06
19056.0  9.344342e-06
19066.0  9.039298e-06
19076.0  1.066826e-05
19086.0  1.197888e-05
19096.0  1.269728e-05
19106.0  1.478999e-05
19116.0  1.490429e-05
19126.0  1.475282e-05
19136.0  1.853522e-05
19146.0  1.949875e-05
19156.0  2.119090e-05
19166.0  2.476462e-05
19176.0  2.748687e-05
19186.0  3.063796e-05
19196.0  3.385962e-05
19206.0  3.669961e-05
19216.0  3.946782e-05
19226.0  4.591443e-05
19236.0  4.964294e-05
19246.0  5.609971e-05
19256.0  6.270923e-05
19266.0  7.035237e-05
19276.0  7.676219e-05
19286.0  8.537045e-05
19296.0  1.023656e-04
19306.0  1.095416e-04
19316.0  1.218019e-04
19326.0  1.363239e-04
19336.0  1.550555e-04
19346.0  1.799809e-04
19356.0  1.971190e-04
19366.0  2.213302e-04
19376.0  2.503148e-04
19386.0  2.812464e-04
19396.0  3.155510e-04
19406.0  3.596603e-04
19416.0  4.186600e-04
19426.0  4.588028e-04
19436.0  5.294522e-04
19446.0  5.956878e-04
19456.0  6.788416e-04
19466.0  7.588977e-04
19476.0  9.000495e-04
19486.0  1.007781e-03
19496.0  1.118867e-03
19506.0  1.287154e-03
19516.0  1.474932e-03
19526.0  1.682484e-03
19536.0  1.923098e-03
19546.0  2.182321e-03
19556.0  2.558747e-03
19566.0  2.900956e-03
19576.0  3.305121e-03
19586.0  3.889705e-03
19596.0  4.382479e-03
19606.0  5.152093e-03
19616.0  5.854053e-03
19626.0  6.648393e-03
19636.0  7.907246e-03
19646.0  9.084587e-03
19656.0  1.058732e-02
19666.0  1.223297e-02
19676.0  1.431439e-02
19686.0  1.597340e-02
19696.0  1.869372e-02
19706.0  2.302989e-02
19716.0  2.601650e-02
19726.0  2.954465e-02
19736.0  3.301553e-02
19746.0  3.809561e-02
19756.0  4.136601e-02
19766.0  4.612396e-02
19776.0  5.227149e-02
19786.0  5.729543e-02
19796.0  6.607353e-02
19806.0  7.269528e-02
19816.0  8.150800e-02
19826.0  9.024530e-02
19836.0  1.012109e-01
19846.0  1.138916e-01
19856.0  1.254629e-01
19866.0  1.470111e-01
19876.0  1.669945e-01
19886.0  1.888404e-01
19896.0  2.197636e-01
19906.0  2.377443e-01
19916.0  2.683915e-01
19926.0  2.929154e-01
19936.0  3.186021e-01
19946.0  3.425577e-01
19956.0  3.666683e-01
19966.0  3.859504e-01
19976.0  4.001660e-01
19986.0  4.082121e-01
19996.0  4.257363e-01
20006.0  4.373244e-01
20016.0  4.502907e-01
20026.0  4.537101e-01
20036.0  4.525809e-01
20046.0  4.555566e-01
20056.0  4.743884e-01
20066.0  4.698589e-01
20076.0  4.674908e-01
20086.0  4.704225e-01
20096.0  4.749029e-01
20106.0  4.671245e-01
20116.0  4.727135e-01
20126.0  4.698436e-01
20136.0  4.788608e-01
20146.0  4.748654e-01
20156.0  4.686119e-01
20166.0  4.776204e-01
20176.0  4.688886e-01
20186.0  4.687389e-01
20196.0  4.707899e-01
20206.0  4.706174e-01
20216.0  4.706843e-01
20226.0  4.686576e-01
20236.0  4.724640e-01
20246.0  4.686664e-01
20256.0  4.755156e-01
20266.0  4.693765e-01
20276.0  4.743496e-01
20286.0  4.689803e-01
20296.0  4.734169e-01
20306.0  4.706682e-01
20316.0  4.649156e-01
20326.0  4.743407e-01
20336.0  4.731621e-01
20346.0  4.693310e-01
20356.0  4.642298e-01
20366.0  4.797482e-01
20376.0  4.685816e-01
20386.0  4.749871e-01
20396.0  4.709843e-01
20406.0  4.616391e-01
20416.0  4.688663e-01
20426.0  4.660954e-01
20436.0  4.668161e-01
20446.0  4.670024e-01
20456.0  4.678199e-01
20466.0  4.649011e-01
20476.0  4.694732e-01
20486.0  4.551363e-01
20496.0  4.540305e-01
20506.0  4.761395e-01
20516.0  4.618863e-01
20526.0  4.669104e-01
20536.0  4.649408e-01
20546.0  4.629597e-01
20556.0  4.661875e-01
20566.0  4.612705e-01
20576.0  4.664506e-01
20586.0  4.658277e-01
20596.0  4.607608e-01
20606.0  4.750001e-01
20616.0  4.704621e-01
20626.0  4.764640e-01
20636.0  4.614756e-01
20646.0  4.654990e-01
20656.0  4.762542e-01
20666.0  4.668196e-01
20676.0  4.709529e-01
20686.0  4.828718e-01
20696.0  4.817820e-01
20706.0  4.746487e-01
20716.0  4.765905e-01
20726.0  4.778406e-01
20736.0  4.747365e-01
20746.0  4.742679e-01
20756.0  4.822882e-01
20766.0  4.785679e-01
20776.0  4.800928e-01
20786.0  4.788428e-01
20796.0  4.795594e-01
20806.0  4.725162e-01
20816.0  4.824095e-01
20826.0  4.819407e-01
20836.0  4.814107e-01
20846.0  4.786569e-01
20856.0  4.782767e-01
20866.0  4.812467e-01
20876.0  4.752142e-01
20886.0  4.876019e-01
20896.0  4.804379e-01
20906.0  4.795208e-01
20916.0  4.749067e-01
20926.0  4.813193e-01
20936.0  4.722113e-01
20946.0  4.917229e-01
20956.0  4.740286e-01
20966.0  4.809141e-01
20976.0  4.717438e-01
20986.0  4.769210e-01
20996.0  4.801931e-01
21006.0  4.825634e-01
21016.0  4.677199e-01
21026.0  4.793587e-01
21036.0  4.784941e-01
21046.0  4.734037e-01
21056.0  4.676480e-01
21066.0  4.759947e-01
21076.0  4.596785e-01
21086.0  4.963959e-01
21096.0  4.740584e-01
21106.0  4.676350e-01
21116.0  4.717822e-01
21126.0  4.756298e-01
21136.0  4.710147e-01
21146.0  4.709070e-01
21156.0  4.744016e-01
21166.0  4.695275e-01
21176.0  4.700258e-01
21186.0  4.744764e-01
21196.0  4.744309e-01
21206.0  4.732990e-01
21216.0  4.752868e-01
21226.0  4.682115e-01
21236.0  4.690872e-01
21246.0  4.672332e-01
21256.0  4.772656e-01
21266.0  4.753453e-01
21276.0  4.687830e-01
21286.0  4.836552e-01
21296.0  4.706938e-01
21306.0  4.749287e-01
21316.0  4.752968e-01
21326.0  4.695364e-01
21336.0  4.795970e-01
21346.0  4.716716e-01
21356.0  4.783489e-01
21366.0  4.706335e-01
21376.0  4.780984e-01
21386.0  4.712865e-01
21396.0  4.756961e-01
21406.0  4.732822e-01
21416.0  4.726888e-01
21426.0  4.711882e-01
21436.0  4.727603e-01
21446.0  4.668156e-01
21456.0  4.761188e-01
21466.0  4.733299e-01
21476.0  4.715052e-01
21486.0  4.691225e-01
21496.0  4.718162e-01
21506.0  4.678238e-01
21516.0  4.669653e-01
21526.0  4.695716e-01
21536.0  4.695095e-01
21546.0  4.677905e-01
21556.0  4.681232e-01
21566.0  4.738080e-01
21576.0  4.582723e-01
21586.0  4.673517e-01
21596.0  4.625158e-01
21606.0  4.658494e-01
21616.0  4.666028e-01
21626.0  4.673797e-01
21636.0  4.633545e-01
21646.0  4.502896e-01
21656.0  4.662875e-01
21666.0  4.550981e-01
21676.0  4.703120e-01
21686.0  4.532372e-01
21696.0  4.624237e-01
21706.0  4.550819e-01
21716.0  4.533011e-01
21726.0  4.636779e-01
21736.0  4.465723e-01
21746.0  4.504435e-01
21756.0  4.637306e-01
21766.0  4.546309e-01
21776.0  4.582286e-01
21786.0  4.473637e-01
21796.0  4.553323e-01
21806.0  4.525267e-01
21816.0  4.536797e-01
21826.0  4.534806e-01
21836.0  4.565615e-01
21846.0  4.411672e-01
21856.0  4.529557e-01
21866.0  4.411292e-01
21876.0  4.407750e-01
21886.0  4.404224e-01
21896.0  4.370131e-01
21906.0  4.274521e-01
21916.0  4.175902e-01
21926.0  4.110017e-01
21936.0  3.947278e-01
21946.0  3.815570e-01
21956.0  3.627687e-01
21966.0  3.454239e-01
21976.0  3.250105e-01
21986.0  3.018634e-01
21996.0  2.817144e-01
22006.0  2.566053e-01
22016.0  2.462276e-01
22026.0  2.258521e-01
22036.0  2.089463e-01
22046.0  1.954146e-01
22056.0  1.813891e-01
22066.0  1.707950e-01
22076.0  1.566955e-01
22086.0  1.439885e-01
22096.0  1.306754e-01
22106.0  1.196509e-01
22116.0  1.070567e-01
22126.0  9.504399e-02
22136.0  8.686730e-02
22146.0  7.773989e-02
22156.0  6.883699e-02
22166.0  6.011730e-02
22176.0  5.162945e-02
22186.0  4.613664e-02
22196.0  3.946523e-02
22206.0  3.516604e-02
22216.0  3.002318e-02
22226.0  2.570891e-02
22236.0  2.228785e-02
22246.0  1.945776e-02
22256.0  1.670875e-02
22266.0  1.450993e-02
22276.0  1.237372e-02
22286.0  1.111572e-02
22296.0  9.489492e-03
22306.0  8.278629e-03
22316.0  7.205485e-03
22326.0  6.236909e-03
22336.0  5.457680e-03
22346.0  4.776707e-03
22356.0  4.133517e-03
22366.0  3.617294e-03
22376.0  3.193501e-03
22386.0  2.791664e-03
22396.0  2.438893e-03
22406.0  2.167160e-03
22416.0  1.847772e-03
22426.0  1.684648e-03
22436.0  1.464352e-03
22446.0  1.309027e-03
22456.0  1.139081e-03
22466.0  1.006460e-03
22476.0  8.896747e-04
22486.0  7.846067e-04
22496.0  7.022333e-04
22506.0  6.201078e-04
22516.0  5.457307e-04
22526.0  4.942015e-04
22536.0  4.348341e-04
22546.0  3.898382e-04
22556.0  3.381008e-04
22566.0  3.049948e-04
22576.0  2.809175e-04
22586.0  2.525606e-04
22596.0  2.213227e-04
22606.0  1.946199e-04
22616.0  1.766548e-04
22626.0  1.569526e-04
22636.0  1.437175e-04
22646.0  1.306619e-04
22656.0  1.254327e-04
22666.0  9.455284e-05
22676.0  8.974898e-05
22686.0  8.964704e-05
22696.0  7.870313e-05
22706.0  7.215548e-05
22716.0  7.146006e-05
22726.0  6.067764e-05
22736.0  5.232224e-05
22746.0  5.065287e-05
22756.0  4.791477e-05
22766.0  4.515016e-05
22776.0  4.160419e-05
22786.0  3.921462e-05
22796.0  3.517710e-05
22806.0  3.597279e-05
22816.0  3.033794e-05
22826.0  2.965554e-05
22836.0  2.677582e-05
22846.0  2.379549e-05
22856.0  2.261480e-05
22866.0  2.296713e-05
22876.0  2.136849e-05
22886.0  2.143463e-05
22896.0  1.821855e-05
22906.0  1.772008e-05
22916.0  1.802290e-05
22926.0  1.840674e-05
22936.0  1.630979e-05
22946.0  1.558434e-05
22956.0  1.354513e-05
22966.0  1.441017e-05
22976.0  1.298153e-05
22986.0  1.284947e-05
22996.0  1.359247e-05
23006.0  1.028645e-05
23016.0  1.157525e-05
23026.0  1.096008e-05
23036.0  1.264987e-05
23046.0  9.444393e-06
23056.0  9.500183e-06
23066.0  8.500249e-06
23076.0  6.730278e-06
23086.0  9.143501e-06
23096.0  7.767293e-06
23106.0  7.302375e-06
23116.0  5.953338e-06
23126.0  7.814866e-06
23136.0  7.089251e-06
23146.0  6.504926e-06
23156.0  6.348497e-06
23166.0  6.010059e-06
23176.0  4.543438e-06
23186.0  4.528500e-06
23196.0  4.804074e-06
23206.0  4.669067e-06
23216.0  3.575193e-06
23226.0  5.111539e-06
23236.0  3.755790e-06
23246.0  3.124103e-06
23256.0  3.227816e-06
23266.0  2.640976e-06
23276.0  2.389996e-06
23286.0  2.409104e-06
23296.0  2.439031e-06
23306.0  1.800673e-06
23316.0  2.538653e-06
23326.0  1.944471e-06
23336.0  1.962452e-06
23346.0  1.338422e-06
23356.0  1.595816e-06
23366.0  8.469365e-07
23376.0  1.465505e-06
23386.0  1.381398e-06
23396.0  1.223117e-06
23406.0  1.249689e-06
23416.0  1.003467e-06
23426.0  8.022190e-07
23436.0  1.035577e-06
23446.0  1.181222e-06
23456.0  9.028855e-07
23466.0  9.235949e-07
23476.0  8.684161e-07
23486.0  8.558361e-07
23496.0  5.658951e-07
23506.0  1.178670e-06
23516.0  8.733590e-07
23526.0  6.144098e-07
23536.0  7.526206e-07
23546.0  6.938065e-07
23556.0  8.051801e-07
23566.0  7.102380e-07
23576.0  4.446873e-07
23586.0  4.107361e-07
23596.0  5.122875e-07
23606.0  5.283428e-07
23616.0  4.510350e-07
23626.0  5.699670e-07
23636.0  5.372062e-07
23646.0  3.845810e-07
23656.0  2.791969e-07
23666.0  3.139841e-07
23676.0  5.397377e-07
23686.0  8.382797e-08
23696.0  1.869400e-07
23706.0  2.304227e-07
23716.0  1.572423e-07
23726.0  2.858500e-07
23736.0  7.138035e-08
23746.0  1.056720e-07
23756.0  1.359917e-07
23766.0  6.266139e-08
23776.0  8.103828e-08
23786.0  1.185086e-07
23796.0  1.077874e-07
23806.0  1.104164e-07
23816.0  8.800647e-08
23826.0  7.090331e-08
23836.0  5.279299e-08
23846.0  3.181298e-08
23856.0  6.482495e-08
23866.0  2.911102e-08
23876.0  5.272404e-08
23886.0  4.654508e-08
23896.0  5.029208e-08
23906.0  4.113871e-08
23916.0  2.197755e-08
23926.0  3.040967e-08
23936.0  1.369007e-08
23946.0  1.573483e-08
23956.0  2.277239e-08
23966.0  1.760154e-08
23976.0  8.357721e-09
23986.0  2.002737e-08
23996.0  3.007745e-09
24006.0  1.187863e-08
24016.0  7.836092e-09
24026.0  6.615301e-09
24036.0  4.695182e-09
24046.0  4.575401e-09
24056.0  1.959408e-09
24066.0  6.818226e-09
24076.0  9.531787e-10
24086.0  4.429725e-09
24096.0  4.986136e-09
24106.0  1.550216e-09
24116.0  3.408490e-09
24126.0  1.614481e-09
24136.0  2.897510e-09
24146.0  1.107103e-09
24156.0  2.132832e-09
24166.0  4.057284e-10
24176.0  2.502218e-09
24186.0  2.415220e-09
24196.0  2.032605e-14
24206.0  1.322801e-09
24216.0  8.858434e-10
24226.0  1.292342e-09
24236.0  6.529490e-11
24246.0  6.776461e-10
24256.0  4.202017e-10
24266.0  2.637231e-10
24276.0  1.784945e-10
24286.0  1.487702e-10
24296.0  2.851710e-10
24306.0  4.381460e-10
24316.0  2.695313e-10
24326.0  6.347830e-11
24336.0  1.857550e-10
24346.0  2.215997e-10
24356.0  7.633135e-11
24366.0  5.746001e-11
24376.0  4.095265e-11
24386.0  8.599502e-11
24396.0  6.792006e-11
24406.0  8.185392e-11
24416.0  9.558151e-11
24426.0  3.141580e-11
24436.0  1.856079e-11
24446.0  2.461938e-11
24456.0  1.581700e-11
24466.0  1.502450e-11
24476.0  1.606692e-11
24486.0  3.071242e-11
24496.0  8.975737e-12
24506.0  9.845674e-12
24516.0  3.707345e-11
24526.0  1.016589e-11
24536.0  1.567478e-11
24546.0  1.970617e-11
24556.0  1.398133e-11
24566.0  1.793978e-11
24576.0  4.675270e-12
24586.0  1.915606e-11
24596.0  1.245250e-11
24606.0  1.895478e-11
24616.0  4.120539e-12
24626.0  4.529464e-12
24636.0  1.022770e-11
24646.0  5.437183e-12
24656.0  4.755273e-12
24666.0  8.805649e-12
24676.0  8.837887e-12
24686.0  1.218812e-11
24696.0  3.683281e-12
24706.0  3.983954e-12
24716.0  6.067943e-12
24726.0  3.353939e-12
24736.0  7.302206e-12
24746.0  2.520839e-12
24756.0  7.237409e-12
24766.0  1.045522e-11
24776.0  3.713763e-17
24786.0  3.596878e-12
24796.0  4.968171e-12
24806.0  5.260073e-14
24816.0  3.628264e-12
24826.0  3.157612e-12
24836.0  2.470229e-12
24846.0  2.292910e-12
24856.0  1.109270e-12
24866.0  1.083692e-12
24876.0  2.357668e-12
24886.0  2.000224e-12
24896.0  2.177909e-12
24906.0  9.851380e-18
24916.0  1.403881e-12
24926.0  5.597624e-13
24936.0  5.052906e-13
24946.0  4.957844e-13
24956.0  8.685575e-13
24966.0  8.785920e-13
24976.0  5.774757e-13
24986.0  1.349511e-13
24996.0  6.087606e-13
25006.0  3.932324e-13
25016.0  1.185039e-13
25026.0  4.623565e-13
25036.0  2.192574e-13
25046.0  1.687216e-13
25056.0  1.478202e-13
25066.0  1.644280e-14
25076.0  2.713205e-13
25086.0  4.540870e-14
25096.0  1.388382e-13
25106.0  1.781135e-13
25116.0  6.807760e-14
25126.0  5.051930e-14
25136.0  6.116872e-14
25146.0  1.818484e-13
25156.0  1.064099e-13
25166.0  1.228931e-13
25176.0  1.497089e-13
25186.0  4.071080e-14
25196.0  6.664958e-14
25206.0  5.297039e-14
25216.0  5.844849e-14
25226.0  2.684771e-14
25236.0  7.188670e-14
25246.0  2.409029e-19
25256.0  3.900537e-14
25266.0  7.817661e-15
25276.0  4.093187e-14
25286.0  3.830025e-14
25296.0  3.029957e-14
25306.0  2.613049e-14
25316.0  9.841214e-15
25326.0  2.006534e-14
25336.0  1.296761e-14
25346.0  2.162788e-14
25356.0  1.916199e-14
25366.0  7.178038e-15
25376.0  4.559419e-15
25386.0  1.773855e-14
25396.0  6.235825e-15
25406.0  4.221639e-15
25416.0  1.136941e-14
25426.0  7.192569e-15
25436.0  4.679123e-16
25446.0  5.099960e-15
25456.0  2.384931e-15
25466.0  4.326841e-15
25476.0  6.103398e-15
25486.0  4.887315e-15
25496.0  7.684981e-15
25506.0  3.443601e-15
25516.0  4.287006e-16
25526.0  3.243084e-15
25536.0  2.809681e-15
25546.0  3.367830e-15
25556.0  1.264322e-15
25566.0  3.318186e-15
25576.0  2.899151e-15
25586.0  1.290774e-15
25596.0  2.617659e-15
25606.0  1.241336e-15
25616.0  3.722411e-15
25626.0  1.923532e-15
25636.0  3.519330e-16
25646.0  1.513715e-15
25656.0  1.474055e-15
25666.0  5.235351e-16
25676.0  1.174917e-15
25686.0  8.582440e-16
25696.0  7.837824e-16
25706.0  7.128404e-16
25716.0  5.295116e-16
25726.0  4.316675e-16
25736.0  4.778884e-16
25746.0  1.507757e-16
25756.0  3.378401e-16
25766.0  2.377293e-16
25776.0  4.183814e-16
25786.0  1.057448e-16
25796.0  3.327493e-16
25806.0  2.649055e-16
25816.0  3.798866e-17
25826.0  2.080677e-16
25836.0  1.172645e-16
25846.0  1.657061e-16
25856.0  7.175069e-17
25866.0  1.170338e-16
25876.0  7.197547e-17
25886.0  1.786521e-16
25896.0  5.495915e-17
25906.0  4.471510e-17
25916.0  7.385850e-17
25926.0  3.547333e-17
25936.0  1.891779e-17
25946.0  1.402722e-17
25956.0  3.193003e-17
25966.0  3.180564e-17
25976.0  2.275622e-17
25986.0  1.507457e-17
25996.0  1.904728e-17
26006.0  7.237035e-18
