# from http://www.stsci.edu/jwst/instruments/nircam/instrumentdesign/filters
# Retrieved Jan 18, 2017, dated Feb 5, 2016 (pre-flight)
# Uses modA or modB  filters+DBS+QE+OTE (nrc_plus_ote)
# Units of transmission are PCE (photon to electron conversion efficiency)
# 
20004.7  1.755314e-12
20020.7  2.483749e-12
20036.8  3.319476e-12
20052.9  2.834017e-12
20069.0  2.174798e-12
20085.1  1.432122e-12
20101.1  2.195225e-12
20117.2  2.707372e-12
20133.3  3.130247e-12
20149.4  3.183154e-12
20165.5  3.021727e-12
20181.6  2.675124e-12
20197.6  1.836081e-12
20213.7  1.049872e-12
20229.8  1.326426e-13
20245.9  8.348248e-14
20262.0  2.758553e-13
20278.0  4.143790e-13
20294.1  6.480393e-13
20310.2  7.364113e-13
20326.3  4.148129e-13
20342.4  5.098873e-13
20358.4  5.581740e-13
20374.5  5.793537e-13
20390.6  5.057137e-13
20406.7  6.187688e-13
20422.8  7.150621e-13
20438.8  8.516064e-13
20454.9  8.868682e-13
20471.0  8.827084e-13
20487.1  9.860318e-13
20503.2  1.136552e-12
20519.3  1.351338e-12
20535.3  1.707065e-12
20551.4  1.748435e-12
20567.5  1.705102e-12
20583.6  1.216515e-12
20599.7  1.036580e-12
20615.7  1.257249e-12
20631.8  2.203862e-12
20647.9  3.322226e-12
20664.0  3.678408e-12
20680.1  2.969352e-12
20696.1  1.835607e-12
20712.2  7.128366e-13
20728.3  4.671428e-13
20744.4  6.875165e-13
20760.5  1.950900e-12
20776.5  4.811560e-12
20792.6  6.967310e-12
20808.7  8.266466e-12
20824.8  6.121999e-12
20840.9  5.926923e-12
20857.0  4.784352e-12
20873.0  4.108525e-12
20889.1  5.302037e-12
20905.2  7.812436e-12
20921.3  1.033608e-11
20937.4  1.638705e-11
20953.4  2.086719e-11
20969.5  2.601821e-11
20985.6  2.921365e-11
21001.7  3.442675e-11
21017.8  3.197554e-11
21033.8  2.735453e-11
21049.9  1.088250e-11
21066.0  5.002896e-12
21082.1  1.677363e-12
21098.2  1.887937e-12
21114.2  1.375622e-11
21130.3  2.096155e-11
21146.4  3.023656e-11
21162.5  3.753771e-11
21178.6  9.242784e-11
21194.7  9.475856e-11
21210.7  9.659363e-11
21226.8  8.483609e-11
21242.9  7.922997e-11
21259.0  6.754495e-11
21275.1  5.698035e-11
21291.1  6.516038e-11
21307.2  8.246878e-11
21323.3  1.060106e-10
21339.4  1.206733e-10
21355.5  1.386309e-10
21371.5  1.157691e-10
21387.6  1.061933e-10
21403.7  6.084044e-11
21419.8  4.216512e-11
21435.9  3.644715e-11
21451.9  5.186664e-11
21468.0  5.402214e-11
21484.1  3.940030e-11
21500.2  1.179835e-11
21516.3  3.608839e-12
21532.4  4.027478e-11
21548.4  5.985890e-11
21564.5  8.929772e-11
21580.6  1.009828e-10
21596.7  1.117067e-10
21612.8  9.036776e-11
21628.8  6.684023e-11
21644.9  6.602624e-11
21661.0  6.551638e-11
21677.1  7.169530e-11
21693.2  4.314747e-11
21709.2  3.918850e-11
21725.3  2.790975e-11
21741.4  4.559292e-11
21757.5  4.466930e-11
21773.6  3.148230e-11
21789.6  9.776632e-12
21805.7  4.959071e-12
21821.8  7.201555e-11
21837.9  2.692112e-11
21854.0  1.017483e-11
21870.1  2.141657e-12
21886.1  5.536722e-12
21902.2  2.001930e-11
21918.3  2.521181e-11
21934.4  1.879535e-11
21950.5  1.840803e-12
21966.5  5.476237e-13
21982.6  3.195697e-12
21998.7  3.545269e-11
22014.8  1.269345e-10
22030.9  1.826667e-10
22046.9  2.394977e-10
22063.0  2.343056e-10
22079.1  2.849881e-10
22095.2  2.692378e-11
22111.3  2.141936e-12
22127.3  8.022150e-13
22143.4  9.235326e-13
22159.5  1.850020e-12
22175.6  2.968734e-11
22191.7  4.812945e-10
22207.7  6.748765e-10
22223.8  6.257182e-10
22239.9  2.101105e-10
22256.0  2.304315e-11
22272.1  3.443886e-12
22288.2  1.559196e-11
22304.2  1.320221e-10
22320.3  2.987271e-10
22336.4  3.938594e-10
22352.5  2.151539e-10
22368.6  2.183241e-11
22384.6  4.695453e-12
22400.7  4.812304e-12
22416.8  5.316310e-12
22432.9  5.924867e-12
22449.0  6.668045e-12
22465.0  8.205379e-12
22481.1  3.705192e-11
22497.2  3.167870e-10
22513.3  9.870106e-10
22529.4  1.812540e-09
22545.4  2.917166e-09
22561.5  3.126322e-09
22577.6  3.336018e-09
22593.7  4.564856e-09
22609.8  6.601463e-09
22625.9  8.834811e-09
22641.9  1.035194e-08
22658.0  1.201414e-08
22674.1  1.173710e-08
22690.2  1.139398e-08
22706.3  4.656760e-09
22722.3  2.716614e-09
22738.4  7.818669e-09
22754.5  4.492654e-09
22770.6  3.446862e-09
22786.7  1.233742e-09
22802.7  4.735224e-10
22818.8  1.703778e-09
22834.9  4.084384e-10
22851.0  1.045547e-10
22867.1  5.974823e-11
22883.1  6.302542e-11
22899.2  6.687112e-11
22915.3  7.130602e-11
22931.4  7.641919e-11
22947.5  1.342109e-10
22963.6  1.029951e-09
22979.6  1.196719e-08
22995.7  2.480658e-09
23011.8  1.021799e-08
23027.9  6.411705e-08
23044.0  8.027693e-08
23060.0  1.102837e-07
23076.1  1.449606e-07
23092.2  1.979045e-07
23108.3  3.111705e-07
23124.4  4.464047e-07
23140.4  6.595954e-07
23156.5  1.000442e-06
23172.6  1.530022e-06
23188.7  2.315465e-06
23204.8  3.153722e-06
23220.8  4.271391e-06
23236.9  5.577885e-06
23253.0  7.008305e-06
23269.1  8.700220e-06
23285.2  1.044559e-05
23301.3  1.239587e-05
23317.3  1.476674e-05
23333.4  1.782083e-05
23349.5  2.133296e-05
23365.6  2.482542e-05
23381.7  2.840034e-05
23397.7  3.187007e-05
23413.8  3.407182e-05
23429.9  3.608801e-05
23446.0  3.755117e-05
23462.1  3.850372e-05
23478.1  3.939201e-05
23494.2  3.892528e-05
23510.3  3.828143e-05
23526.4  3.780479e-05
23542.5  3.778955e-05
23558.5  3.791964e-05
23574.6  3.849920e-05
23590.7  3.939646e-05
23606.8  4.054565e-05
23622.9  4.136251e-05
23639.0  4.221919e-05
23655.0  4.300619e-05
23671.1  4.351543e-05
23687.2  4.391874e-05
23703.3  4.456812e-05
23719.4  4.552709e-05
23735.4  4.636248e-05
23751.5  4.823580e-05
23767.6  5.026958e-05
23783.7  5.206315e-05
23799.8  5.217178e-05
23815.8  5.226000e-05
23831.9  5.155022e-05
23848.0  4.965780e-05
23864.1  4.782656e-05
23880.2  4.655461e-05
23896.2  4.552354e-05
23912.3  4.454455e-05
23928.4  4.441653e-05
23944.5  4.446215e-05
23960.6  4.442101e-05
23976.7  4.354420e-05
23992.7  4.271567e-05
24008.8  4.211380e-05
24024.9  4.185400e-05
24041.0  4.165419e-05
24057.1  4.187535e-05
24073.1  4.234327e-05
24089.2  4.282889e-05
24105.3  4.356987e-05
24121.4  4.439190e-05
24137.5  4.524309e-05
24153.5  4.603821e-05
24169.6  4.684473e-05
24185.7  4.719839e-05
24201.8  4.621630e-05
24217.9  4.530380e-05
24233.9  4.464932e-05
24250.0  4.432557e-05
24266.1  4.400067e-05
24282.2  4.364618e-05
24298.3  4.326992e-05
24314.4  4.289841e-05
24330.4  4.238468e-05
24346.5  4.184170e-05
24362.6  4.131017e-05
24378.7  4.151027e-05
24394.8  4.176083e-05
24410.8  4.199122e-05
24426.9  4.193006e-05
24443.0  4.188388e-05
24459.1  4.174264e-05
24475.2  4.122600e-05
24491.2  4.072967e-05
24507.3  4.047365e-05
24523.4  4.059123e-05
24539.5  4.071661e-05
24555.6  4.126351e-05
24571.6  4.229921e-05
24587.7  4.336196e-05
24603.8  4.360769e-05
24619.9  4.322915e-05
24636.0  4.285552e-05
24652.0  4.256710e-05
24668.1  4.233207e-05
24684.2  4.211032e-05
24700.3  4.203204e-05
24716.4  4.200904e-05
24732.5  4.200113e-05
24748.5  4.169008e-05
24764.6  4.128573e-05
24780.7  4.089996e-05
24796.8  4.113337e-05
24812.9  4.144329e-05
24828.9  4.173782e-05
24845.0  4.219189e-05
24861.1  4.266930e-05
24877.2  4.316047e-05
24893.3  4.350862e-05
24909.3  4.384749e-05
24925.4  4.418434e-05
24941.5  4.332775e-05
24957.6  4.247274e-05
24973.7  4.163778e-05
24989.7  4.046106e-05
24997.8  3.052236e-04
25011.3  2.910600e-04
25024.8  2.752427e-04
25038.3  2.670735e-04
25051.8  2.602056e-04
25065.3  2.447567e-04
25078.9  2.249763e-04
25092.4  2.076313e-04
25105.9  1.922198e-04
25119.4  1.793825e-04
25132.9  1.642494e-04
25146.4  1.469260e-04
25159.9  1.297042e-04
25173.4  1.248560e-04
25187.0  1.063456e-04
25200.5  1.028100e-04
25214.0  9.039439e-05
25227.5  8.144504e-05
25241.0  7.101065e-05
25254.5  5.994957e-05
25268.0  5.521812e-05
25281.5  4.587838e-05
25295.1  4.765022e-05
25308.6  4.030755e-05
25322.1  3.162321e-05
25335.6  3.596445e-05
25349.1  3.116714e-05
25362.6  2.600955e-05
25376.1  2.110423e-05
25389.6  1.804484e-05
25403.2  1.812801e-05
25416.7  1.420633e-05
25430.2  1.193895e-05
25443.7  1.538207e-05
25457.2  1.392518e-05
25470.7  1.256550e-05
25484.2  1.842220e-05
25497.7  1.798456e-05
25511.2  1.329654e-05
25524.8  1.140202e-05
25538.3  1.000281e-05
25551.8  5.342279e-06
25565.3  9.204758e-06
25578.8  8.654142e-06
25592.3  1.065875e-05
25605.8  1.144546e-05
25619.3  6.073084e-06
25632.9  4.696565e-06
25646.4  6.260542e-06
25659.9  9.925443e-06
25673.4  6.607657e-06
25686.9  6.650372e-06
25700.4  4.046835e-06
25713.9  6.189591e-07
25727.4  3.309754e-06
25741.0  6.945578e-06
25754.5  6.245384e-06
25768.0  3.858087e-08
25781.5  5.672345e-07
25795.0  1.073687e-06
25808.5  3.411035e-06
25822.0  6.709869e-06
25835.5  4.382137e-06
25849.1  5.608681e-07
25862.6  7.920496e-07
25876.1  3.517323e-06
25889.6  2.980542e-06
25903.1  5.325274e-06
25916.6  5.443975e-06
25930.1  1.966727e-06
25943.6  3.451519e-07
25957.2  1.626821e-06
25970.7  4.292228e-09
25984.2  1.457441e-07
25997.7  2.137969e-06
26011.2  6.081278e-07
26024.7  3.094917e-07
26038.2  6.841950e-07
26051.7  1.972968e-06
26065.3  3.628600e-06
26078.8  1.625808e-06
26092.3  2.377716e-06
26105.8  5.389029e-06
26119.3  2.699501e-06
26132.8  6.799579e-09
26146.3  2.003660e-06
26159.8  1.636297e-06
26173.4  1.378595e-06
26186.9  3.778067e-07
26200.4  1.291486e-06
26213.9  2.555358e-06
26227.4  3.203105e-06
26240.9  1.848488e-06
26254.4  7.395351e-08
26267.9  7.086967e-07
26281.5  3.097694e-06
26295.0  4.130233e-06
26308.5  2.866850e-06
26322.0  2.058283e-08
26335.5  4.771465e-08
26349.0  2.763065e-07
26362.5  2.573265e-07
26376.0  3.163421e-06
26389.5  1.359118e-06
26403.1  7.460367e-07
26416.6  4.266747e-07
26430.1  5.493694e-08
26443.6  6.392336e-07
26457.1  5.210635e-06
26470.6  1.828054e-06
26484.1  4.361426e-09
26497.6  4.360479e-09
26511.2  2.572555e-06
26524.7  8.499931e-07
26538.2  1.575389e-06
26551.7  8.544730e-07
26565.2  2.403441e-07
26578.7  2.709469e-06
26592.2  4.353295e-09
26605.7  3.339940e-08
26619.3  5.371838e-07
26632.8  7.136669e-07
26646.3  2.633073e-06
26659.8  3.180268e-07
26673.3  1.927115e-06
26686.8  1.581432e-06
26700.3  2.363656e-06
26713.8  2.132070e-06
26727.4  1.087576e-06
26740.9  4.809228e-07
26754.4  1.813419e-07
26767.9  1.974229e-08
26781.4  3.070658e-06
26794.9  3.710345e-07
26808.4  8.603725e-09
26821.9  1.767423e-06
26835.5  8.732509e-07
26849.0  1.790951e-06
26862.5  8.442739e-07
26876.0  5.644581e-09
26889.5  7.936890e-07
26903.0  8.311306e-09
26916.5  4.309510e-09
26930.0  4.662528e-07
26943.6  1.079351e-06
26957.1  3.667049e-06
26970.6  2.202983e-06
26984.1  1.902145e-07
26997.6  4.308006e-09
27011.1  4.310403e-09
27024.6  5.087315e-09
27038.1  6.102955e-07
27051.7  1.150638e-06
27065.2  1.917128e-06
27078.7  4.324629e-09
27092.2  1.630662e-06
27105.7  3.667548e-08
27119.2  2.875399e-08
27132.7  1.512156e-06
27146.2  1.304466e-06
27159.8  5.245215e-07
27173.3  1.751802e-06
27186.8  2.496052e-06
27200.3  2.014069e-06
27213.8  1.171849e-06
27227.3  1.883339e-06
27240.8  1.268289e-06
27254.3  2.626971e-07
27267.9  1.521761e-07
27281.4  5.238768e-07
27294.9  3.672901e-07
27308.4  5.633565e-07
27321.9  1.417338e-07
27335.4  1.227269e-06
27348.9  4.664088e-07
27362.4  1.235380e-06
27375.9  3.829229e-07
27389.5  8.346726e-09
27403.0  2.250248e-06
27416.5  5.059395e-09
27430.0  9.910077e-07
27443.5  2.742796e-06
27457.0  1.672443e-06
27470.5  4.287389e-06
27484.0  3.365867e-06
27497.6  1.875264e-06
27511.1  3.331507e-06
27524.6  1.290908e-07
27538.1  4.079112e-07
27551.6  4.336656e-09
27565.1  2.442672e-07
27578.6  2.540902e-06
27592.1  2.613662e-06
27605.7  6.283305e-09
27619.2  1.236317e-06
27632.7  1.584700e-06
27646.2  1.858530e-07
27659.7  9.054013e-07
27673.2  1.264360e-06
27686.7  1.158356e-06
27700.2  1.299485e-06
27713.8  2.000383e-08
27727.3  1.245203e-06
27740.8  3.966803e-06
27754.3  2.988036e-06
27767.8  1.603026e-06
27781.3  5.153182e-08
27794.8  1.509887e-06
27808.3  1.777065e-07
27821.9  5.436322e-07
27835.4  2.300805e-06
27848.9  5.933066e-08
27862.4  3.990025e-07
27875.9  3.137378e-06
27889.4  2.082620e-06
27902.9  3.042155e-06
27916.4  1.797407e-06
27930.0  4.495671e-06
27943.5  4.087250e-06
27957.0  4.143172e-06
27970.5  2.717247e-06
27984.0  3.840230e-06
27997.5  5.725121e-07
28011.0  2.472108e-06
28024.5  1.308128e-06
28038.1  4.686381e-07
28051.6  4.092601e-06
28065.1  4.686819e-06
28078.6  5.474877e-06
28092.1  4.285729e-06
28105.6  1.654200e-06
28119.1  1.349908e-06
28132.6  2.711637e-06
28146.2  5.442315e-07
28159.7  2.450394e-06
28173.2  3.345985e-08
28186.7  1.216310e-08
28200.2  3.271448e-06
28213.7  4.450463e-06
28227.2  6.491488e-06
28240.7  7.869122e-06
28254.2  1.206708e-05
28267.8  7.679511e-06
28281.3  3.318610e-06
28294.8  3.768980e-06
28308.3  1.692797e-07
28321.8  4.344264e-09
28335.3  4.341852e-09
28348.8  1.164235e-06
28362.3  2.882492e-06
28375.9  2.521891e-06
28389.4  5.490455e-07
28402.9  1.863905e-06
28416.4  2.829778e-06
28429.9  1.245746e-06
28443.4  1.493136e-06
28456.9  4.992617e-06
28470.4  2.698051e-06
28484.0  1.841806e-06
28497.5  6.361731e-06
28511.0  4.499617e-06
28524.5  4.190662e-06
28538.0  8.603654e-06
28551.5  8.472092e-06
28565.0  5.034824e-06
28578.5  5.158495e-06
28592.1  1.432267e-06
28605.6  4.271910e-09
28619.1  4.029019e-08
28632.6  1.638444e-06
28646.1  2.314917e-07
28659.6  4.263326e-09
28673.1  6.325772e-07
28686.6  1.004462e-06
28700.2  2.696396e-06
28713.7  3.556487e-06
28727.2  3.217098e-06
28740.7  9.381602e-07
28754.2  8.431721e-07
28767.7  2.012074e-06
28781.2  2.250218e-06
28794.7  5.226453e-06
28808.3  3.462559e-06
28821.8  1.626694e-06
28835.3  1.056494e-06
28848.8  8.282987e-07
28862.3  2.314135e-06
28875.8  1.806609e-06
28889.3  2.819319e-06
28902.8  2.369109e-08
28916.4  1.490925e-07
28929.9  6.341585e-07
28943.4  1.356536e-06
28956.9  5.072251e-06
28970.4  2.680453e-06
28983.9  2.012894e-06
28997.4  2.776397e-06
29010.9  1.191521e-06
29024.5  1.208075e-06
29038.0  5.176718e-07
29051.5  6.472597e-09
29065.0  5.440842e-08
29078.5  6.273228e-06
29092.0  2.692107e-06
29105.5  1.057218e-06
29119.0  1.842233e-06
29132.5  1.252703e-08
29146.1  4.189809e-09
29159.6  1.349986e-06
29173.1  2.504540e-06
29186.6  2.151058e-06
29200.1  3.440423e-06
29213.6  9.159967e-07
29227.1  4.488427e-06
29240.6  6.502362e-06
29254.2  4.701100e-06
29267.7  5.457956e-07
29281.2  5.167541e-07
29294.7  6.474503e-07
29308.2  1.741727e-06
29321.7  1.450347e-06
29335.2  3.563582e-06
29348.7  3.910829e-06
29362.3  3.296782e-06
29375.8  4.234126e-06
29389.3  4.831332e-06
29402.8  4.154406e-06
29416.3  5.387588e-06
29429.8  2.324925e-06
29443.3  1.745131e-06
29456.8  2.788197e-06
29470.4  6.543642e-07
29483.9  2.484490e-06
29497.4  2.196791e-06
29510.9  3.563174e-08
29524.4  4.896142e-06
29537.9  6.576079e-06
29551.4  6.798763e-06
29564.9  3.692450e-06
29578.5  3.244336e-06
29592.0  4.336995e-09
29605.5  3.994044e-09
29619.0  3.988680e-09
29632.5  3.983523e-09
29646.0  1.829742e-08
29659.5  2.464128e-06
29673.0  1.930141e-06
29686.6  4.973918e-06
29700.1  5.278534e-06
29713.6  4.286442e-06
29727.1  2.035913e-06
29740.6  4.035186e-06
29754.1  5.207561e-06
29767.6  8.305793e-07
29781.1  2.905724e-06
29794.7  2.245463e-06
29808.2  3.771643e-06
29821.7  5.319762e-06
29835.2  2.272672e-06
29848.7  6.945364e-07
29862.2  3.264714e-07
29875.7  3.393978e-06
29889.2  6.678732e-06
29902.8  6.512414e-06
29916.3  4.888482e-06
29929.8  5.915214e-06
29943.3  5.438527e-06
29956.8  3.428181e-06
29970.3  3.387714e-06
29983.8  2.624552e-06
29997.3  3.620103e-06
30010.9  3.129478e-06
30024.4  4.583642e-06
30037.9  2.944345e-06
30051.4  4.237928e-06
30064.9  6.178733e-06
30078.4  5.793721e-06
30091.9  4.289066e-06
30105.4  4.853122e-06
30118.9  5.290432e-06
30132.5  7.504933e-06
30146.0  9.621147e-06
30159.5  9.267114e-06
30173.0  1.016829e-05
30186.5  8.612063e-06
30200.0  4.970035e-06
30213.5  5.601674e-06
30227.0  2.824076e-06
30240.6  2.165278e-06
30254.1  5.067016e-06
30267.6  2.251081e-06
30281.1  1.593038e-06
30294.6  2.318697e-06
30308.1  2.852876e-06
30321.6  2.081028e-06
30335.1  3.184739e-06
30348.7  1.305649e-06
30362.2  2.206853e-06
30375.7  3.971260e-06
30389.2  7.039177e-06
30402.7  1.018654e-05
30416.2  7.889240e-06
30429.7  5.375722e-06
30443.2  5.652509e-06
30456.8  4.009204e-06
30470.3  4.728805e-06
30483.8  2.294258e-06
30497.3  4.913873e-06
30510.8  5.201343e-06
30524.3  6.241377e-06
30537.8  9.808176e-06
30551.3  9.702742e-06
30564.9  5.389568e-06
30578.4  7.015198e-06
30591.9  6.413951e-06
30605.4  6.256397e-06
30618.9  6.448679e-06
30632.4  9.170322e-06
30645.9  7.699882e-06
30659.4  9.450824e-06
30673.0  1.084962e-05
30686.5  7.932417e-06
30700.0  3.465303e-06
30713.5  5.068820e-06
30727.0  7.620976e-06
30740.5  7.636659e-06
30754.0  6.910361e-06
30767.5  6.546868e-06
30781.1  4.502889e-06
30794.6  2.255787e-06
30808.1  7.318096e-06
30821.6  7.387083e-06
30835.1  5.175469e-06
30848.6  6.057518e-06
30862.1  6.889015e-06
30875.6  5.803136e-06
30889.2  5.002333e-06
30902.7  5.876429e-06
30916.2  4.233245e-06
30929.7  2.302241e-06
30943.2  6.148678e-06
30956.7  5.632092e-06
30970.2  3.816919e-06
30983.7  4.550392e-06
30997.2  3.601583e-06
31010.8  6.548784e-06
31024.3  1.261713e-05
31037.8  8.973717e-06
31051.3  8.094235e-06
31064.8  8.241982e-06
31078.3  7.216558e-06
31091.8  8.825785e-06
31105.3  2.452879e-06
31118.9  1.237874e-06
31132.4  3.767737e-06
31145.9  4.497143e-06
31159.4  6.906709e-06
31172.9  1.090524e-05
31186.4  9.260775e-06
31199.9  7.575551e-06
31213.4  2.992231e-06
31227.0  3.012930e-06
31240.5  2.514542e-06
31254.0  1.248019e-06
31267.5  1.241778e-06
31281.0  8.248910e-06
31294.5  9.704250e-06
31308.0  6.317713e-06
31321.5  8.238410e-06
31335.1  3.845961e-06
31348.6  1.727875e-06
31362.1  3.866229e-06
31375.6  8.269823e-06
31389.1  9.225852e-06
31402.6  6.500326e-06
31416.1  2.669501e-06
31429.6  1.220000e-06
31443.2  1.107621e-06
31456.7  3.213250e-06
31470.2  3.496809e-06
31483.7  1.273429e-06
31497.2  4.162045e-06
31510.7  7.235024e-06
31524.2  6.790020e-06
31537.7  4.585415e-06
31551.3  3.580825e-06
31564.8  4.967344e-06
31578.3  7.280748e-06
31591.8  5.624865e-06
31605.3  4.468014e-06
31618.8  2.327150e-06
31632.3  5.631736e-06
31645.8  5.290037e-06
31659.4  3.617220e-06
31672.9  3.044966e-06
31686.4  2.555632e-06
31699.9  4.513555e-06
31713.4  5.189416e-07
31726.9  1.113655e-07
31740.4  4.141644e-09
31753.9  6.314028e-08
31767.5  2.292024e-06
31781.0  1.486212e-06
31794.5  3.433268e-06
31808.0  5.637264e-06
31821.5  8.272088e-08
31835.0  5.716924e-07
31848.5  2.866315e-06
31862.0  3.259805e-06
31875.5  3.705180e-06
31889.1  2.141161e-06
31902.6  5.833524e-06
31916.1  7.005566e-06
31929.6  5.096376e-06
31943.1  3.540370e-06
31956.6  3.579194e-06
31970.1  1.512914e-06
31983.6  1.747752e-06
31997.2  3.995350e-06
32010.7  3.671891e-06
32024.2  2.745798e-06
32037.7  3.345573e-06
32051.2  2.739184e-06
32064.7  7.764206e-07
32078.2  1.078613e-07
32091.7  1.630424e-06
32105.3  1.436460e-06
32118.8  1.053874e-06
32132.3  2.254901e-06
32145.8  3.950004e-06
32159.3  2.557024e-06
32172.8  3.555058e-06
32186.3  5.655241e-06
32199.8  8.541521e-06
32213.4  9.017133e-06
32226.9  7.462568e-06
32240.4  4.857712e-06
32253.9  1.249814e-06
32267.4  6.627162e-08
32280.9  2.720132e-06
32294.4  4.483569e-06
32307.9  3.888039e-06
32321.5  2.391176e-06
32335.0  2.534081e-06
32348.5  3.478667e-06
32362.0  2.398707e-06
32375.5  1.447585e-06
32389.0  2.295520e-06
32402.5  4.938895e-06
32416.0  6.008398e-06
32429.6  6.873772e-06
32443.1  1.305016e-05
32456.6  1.533105e-05
32470.1  1.669963e-05
32483.6  1.392958e-05
32497.1  1.120194e-05
32510.6  9.900977e-06
32524.1  8.543473e-06
32537.7  6.534925e-06
32551.2  3.941727e-06
32564.7  2.844326e-06
32578.2  6.891328e-06
32591.7  8.608686e-06
32605.2  6.558759e-06
32618.7  7.725685e-06
32632.2  9.798399e-06
32645.8  6.279113e-06
32659.3  3.248815e-06
32672.8  4.906435e-06
32686.3  5.119520e-06
32699.8  4.035736e-06
32713.3  1.533254e-07
32726.8  3.217210e-06
32740.3  3.345841e-06
32753.9  1.864650e-06
32767.4  2.798359e-06
32780.9  3.511817e-06
32794.4  5.317135e-06
32807.9  9.132681e-06
32821.4  1.092467e-05
32834.9  4.189144e-06
32848.4  3.012092e-06
32861.9  2.640185e-06
32875.5  4.328469e-06
32889.0  2.399516e-06
32902.5  2.145730e-06
32916.0  5.752805e-06
32929.5  5.343517e-06
32943.0  3.717414e-06
32956.5  4.645168e-06
32970.0  4.954692e-06
32983.6  4.405586e-06
32997.1  3.971113e-06
33010.6  2.089048e-06
33024.1  9.710771e-07
33037.6  1.564282e-06
33051.1  2.978994e-06
33064.6  6.016332e-06
33078.1  4.105561e-06
33091.7  1.720459e-06
33105.2  4.800016e-07
33118.7  3.312983e-06
33132.2  3.277789e-06
33145.7  4.459435e-07
33159.2  4.505672e-07
33172.7  9.596929e-07
33186.2  3.748553e-06
33199.8  2.970953e-06
33213.3  1.250603e-06
33226.8  1.189346e-06
33240.3  2.327026e-08
33253.8  2.592563e-07
33267.3  2.023714e-06
33280.8  2.167218e-06
33294.3  1.440613e-06
33307.9  4.185142e-06
33321.4  3.348250e-06
33334.9  4.468052e-06
33348.4  5.685621e-06
33361.9  6.097434e-06
33375.4  1.994421e-06
33388.9  3.668952e-06
33402.4  5.167326e-06
33416.0  4.814929e-06
33429.5  3.749047e-06
33443.0  3.242756e-06
33456.5  3.278467e-06
33470.0  2.566702e-06
33483.5  6.081664e-06
33497.0  3.509467e-06
33510.5  3.633639e-07
33524.1  1.129893e-06
33537.6  2.930760e-06
33551.1  3.641974e-06
33564.6  3.613037e-06
33578.1  4.415512e-06
33591.6  3.352881e-06
33605.1  2.256781e-06
33618.6  9.630342e-07
33632.2  1.827225e-06
33645.7  3.827118e-06
33659.2  3.108798e-06
33672.7  2.570393e-06
33686.2  4.807509e-06
33699.7  5.308926e-06
33713.2  1.268138e-06
33726.7  1.225080e-06
33740.2  6.713392e-06
33753.8  9.516753e-06
33767.3  6.572636e-06
33780.8  2.394769e-06
33794.3  1.386359e-06
33807.8  7.039477e-07
33821.3  2.032721e-06
33834.8  4.038089e-06
33848.3  3.071548e-06
33861.9  3.420402e-06
33875.4  4.900243e-06
33888.9  3.229824e-06
33902.4  2.408196e-06
33915.9  5.130660e-06
33929.4  4.853125e-06
33942.9  1.418212e-07
33956.4  4.844592e-09
33970.0  4.841513e-09
33983.5  2.560330e-07
33997.0  1.444310e-06
34010.5  3.162916e-07
34024.0  4.138088e-08
34037.5  1.760613e-06
34051.0  3.930200e-07
34064.5  5.453520e-09
34078.1  1.658852e-06
34091.6  1.347507e-07
34105.1  3.865640e-06
34118.6  4.681035e-06
34132.1  7.408094e-06
34145.6  3.850139e-06
34159.1  3.420603e-06
34172.6  5.668658e-06
34186.2  7.600636e-06
34199.7  4.494056e-06
34213.2  3.995172e-06
34226.7  1.016986e-05
34240.2  1.063573e-05
34253.7  7.693732e-06
34267.2  5.940126e-06
34280.7  4.231168e-06
34294.3  2.416019e-06
34307.8  2.534073e-08
34321.3  4.815393e-09
34334.8  4.815543e-09
34348.3  4.815708e-09
34361.8  2.109870e-08
34375.3  2.046803e-06
34388.8  5.468575e-06
34402.4  3.642820e-06
34415.9  1.730181e-06
34429.4  4.522055e-07
34442.9  1.687517e-08
34456.4  1.326513e-07
34469.9  2.075776e-06
34483.4  2.624074e-06
34496.9  2.425416e-06
34510.5  3.057472e-06
34524.0  4.574481e-06
34537.5  4.366280e-06
34551.0  9.844409e-06
34564.5  1.174996e-05
34578.0  1.096130e-05
34591.5  9.575160e-06
34605.0  6.595835e-06
34618.5  5.244571e-06
34632.1  4.179311e-06
34645.6  5.090490e-06
34659.1  4.773873e-06
34672.6  9.184869e-07
34686.1  1.421108e-06
34699.6  4.000813e-06
34713.1  1.912928e-06
34726.6  1.613109e-07
34740.2  1.827912e-08
34753.7  3.918048e-06
34767.2  4.509290e-06
34780.7  2.510637e-06
34794.2  1.258099e-06
34807.7  8.764609e-07
34821.2  1.378215e-06
34834.7  7.762510e-08
34848.3  3.871476e-07
34861.8  1.267513e-06
34875.3  3.737099e-07
34888.8  2.488629e-06
34902.3  1.185374e-06
34915.8  7.855758e-07
34929.3  9.847645e-08
34942.8  1.736805e-06
34956.4  1.204680e-06
34969.9  7.618197e-09
34983.4  4.972231e-09
34996.9  4.979016e-09
35010.4  4.985175e-09
35023.9  4.991126e-09
35037.4  4.997052e-09
35050.9  3.922780e-07
35064.5  3.377718e-06
35078.0  2.263092e-06
35091.5  1.273046e-06
35105.0  3.098351e-06
35118.5  5.748879e-06
35132.0  4.796242e-06
35145.5  1.464386e-06
35159.0  1.086994e-06
35172.6  3.113042e-06
35186.1  4.883205e-06
35199.6  4.536864e-06
35213.1  6.244376e-06
35226.6  6.576716e-06
35240.1  2.811328e-06
35253.6  2.249736e-06
35267.1  1.474330e-06
35280.7  4.705738e-06
35294.2  7.468514e-06
35307.7  7.767828e-06
35321.2  4.823450e-06
35334.7  2.463563e-06
35348.2  4.740962e-06
35361.7  4.821535e-06
35375.2  2.569376e-06
35388.8  2.169943e-06
35402.3  4.061890e-07
35415.8  1.028410e-07
35429.3  1.443357e-08
35442.8  9.068269e-07
35456.3  1.051071e-06
35469.8  4.121707e-06
35483.3  2.366132e-06
35496.8  4.945917e-07
35510.4  8.755911e-07
35523.9  1.625340e-06
35537.4  1.303672e-07
35550.9  8.508359e-09
35564.4  3.600764e-08
35577.9  2.238242e-06
35591.4  2.870516e-08
35604.9  5.213025e-09
35618.5  5.215984e-09
35632.0  2.241842e-06
35645.5  7.584971e-06
35659.0  7.239959e-06
35672.5  5.301953e-06
35686.0  5.968035e-06
35699.5  7.701190e-06
35713.0  7.670504e-06
35726.6  4.296817e-06
35740.1  6.105744e-06
35753.6  1.031818e-05
35767.1  1.049050e-05
35780.6  6.482476e-06
35794.1  1.790714e-06
35807.6  5.714722e-07
35821.1  1.903886e-06
35834.7  5.215052e-06
35848.2  4.761645e-06
35861.7  3.295601e-06
35875.2  1.717416e-06
35888.7  7.969082e-07
35902.2  1.564357e-06
35915.7  1.165957e-06
35929.2  1.692674e-06
35942.8  4.383491e-06
35956.3  4.379148e-06
35969.8  2.834777e-06
35983.3  2.185628e-06
35996.8  2.047769e-06
36010.3  3.061734e-06
36023.8  3.606624e-06
36037.3  2.676141e-06
36050.9  1.706534e-06
36064.4  3.149439e-06
36077.9  7.467479e-06
36091.4  8.890034e-06
36104.9  8.875468e-06
36118.4  9.303077e-06
36131.9  1.020515e-05
36145.4  1.315066e-05
36159.0  1.587064e-05
36172.5  1.705490e-05
36186.0  1.773758e-05
36199.5  1.722214e-05
36213.0  1.601966e-05
36226.5  1.449104e-05
36240.0  1.015045e-05
36253.5  9.687985e-06
36267.1  1.720607e-05
36280.6  2.542862e-05
36294.1  2.794205e-05
36307.6  2.949117e-05
36321.1  3.316794e-05
36334.6  3.653296e-05
36348.1  3.816417e-05
36361.6  3.608432e-05
36375.2  2.790430e-05
36388.7  1.995316e-05
36402.2  1.875896e-05
36415.7  2.184529e-05
36429.2  2.538829e-05
36442.7  2.874472e-05
36456.2  3.076865e-05
36469.7  3.460154e-05
36483.2  4.121106e-05
36496.8  4.321099e-05
36510.3  3.890702e-05
36523.8  3.327045e-05
36537.3  2.663196e-05
36550.8  2.126744e-05
36564.3  2.021004e-05
36577.8  1.784631e-05
36591.3  5.698409e-06
36604.9  3.591750e-06
36618.4  3.226176e-06
36631.9  3.243536e-06
36645.4  2.600867e-06
36658.9  1.303944e-06
36672.4  2.133590e-07
36685.9  1.998119e-07
36699.4  4.674450e-06
36713.0  5.998329e-06
36726.5  8.052586e-06
36740.0  1.200629e-05
36753.5  1.334160e-05
36767.0  1.543148e-05
36780.5  1.406155e-05
36794.0  8.703121e-06
36807.5  3.231750e-06
36821.1  6.723387e-09
36834.6  5.419675e-09
36848.1  5.422060e-09
36861.6  5.424438e-09
36875.1  5.426812e-09
36888.6  8.441976e-09
36902.1  5.248649e-06
36915.6  1.099842e-05
36929.2  1.831091e-05
36942.7  2.116959e-05
36956.2  1.219450e-05
36969.7  7.945533e-06
36983.2  2.273762e-06
36996.7  3.267284e-07
37010.2  5.817809e-07
37023.7  9.419348e-08
37037.3  5.446666e-09
37050.8  5.447606e-09
37064.3  3.870031e-08
37077.8  1.813695e-06
37091.3  3.639272e-06
37104.8  3.833871e-06
37118.3  8.245065e-06
37131.8  1.088356e-05
37145.4  1.378223e-05
37158.9  2.163267e-05
37172.4  2.820043e-05
37185.9  2.898011e-05
37199.4  2.702591e-05
37212.9  2.753616e-05
37226.4  3.174423e-05
37239.9  3.511410e-05
37253.5  3.336200e-05
37267.0  2.819696e-05
37280.5  2.389372e-05
37294.0  2.298088e-05
37307.5  2.276428e-05
37321.0  2.049338e-05
37334.5  1.921900e-05
37348.0  1.989255e-05
37361.5  2.035772e-05
37375.1  2.183071e-05
37388.6  2.376512e-05
37402.1  2.212223e-05
37415.6  1.686797e-05
37429.1  1.190506e-05
37442.6  7.133574e-06
37456.1  3.039952e-06
37469.6  2.211391e-06
37483.2  4.882167e-06
37496.7  9.214769e-06
37510.2  1.052663e-05
37523.7  7.083670e-06
37537.2  5.121000e-06
37550.7  5.196538e-06
37564.2  5.930568e-06
37577.7  4.748049e-06
37591.3  5.197977e-06
37604.8  6.616663e-06
37618.3  5.236803e-06
37631.8  2.265806e-06
37645.3  1.841116e-06
37658.8  3.015032e-06
37672.3  2.854677e-06
37685.8  2.046020e-06
37699.4  6.168340e-08
37712.9  5.528959e-09
37726.4  6.858435e-08
37739.9  2.718112e-06
37753.4  2.679454e-06
37766.9  5.509969e-07
37780.4  5.072245e-08
37793.9  8.157341e-07
37807.5  1.844947e-06
37821.0  6.658606e-07
37834.5  5.498670e-07
37848.0  4.137731e-07
37861.5  6.230191e-07
37875.0  3.342592e-07
37888.5  5.767653e-08
37902.0  5.553403e-09
37915.6  5.553415e-09
37929.1  1.492457e-08
37942.6  2.906114e-06
37956.1  5.049876e-06
37969.6  3.986730e-06
37983.1  3.987275e-06
37996.6  4.834876e-06
38010.1  5.232818e-06
38023.7  3.959352e-06
38037.2  7.463902e-07
38050.7  6.527440e-09
38064.2  5.559230e-09
38077.7  5.560483e-09
38091.2  3.940180e-07
38104.7  1.706279e-07
38118.2  3.277244e-07
38131.8  2.170839e-06
38145.3  2.501844e-06
38158.8  7.899257e-07
38172.3  2.169753e-08
38185.8  6.236636e-08
38199.3  1.793998e-06
38212.8  5.748325e-06
38226.3  6.733887e-06
38239.8  5.239436e-06
38253.4  6.038682e-06
38266.9  6.506783e-06
38280.4  3.069559e-06
38293.9  2.185019e-06
38307.4  4.131493e-06
38320.9  5.907055e-06
38334.4  6.045525e-06
38347.9  5.268188e-06
38361.5  4.107400e-06
38375.0  4.373129e-06
38388.5  4.427839e-06
38402.0  2.879049e-06
38415.5  3.530056e-06
38429.0  1.766156e-06
38442.5  8.021436e-07
38456.0  9.505375e-07
38469.6  1.404131e-06
38483.1  2.158325e-06
38496.6  2.155001e-06
38510.1  1.712726e-06
38523.6  1.321620e-06
38537.1  2.259838e-06
38550.6  7.973298e-07
38564.1  3.858858e-06
38577.7  4.272549e-06
38591.2  3.311076e-06
38604.7  1.504634e-06
38618.2  5.926491e-09
38631.7  1.897983e-07
38645.2  7.618113e-09
38658.7  7.390835e-07
38672.2  6.102026e-06
38685.8  6.387845e-06
38699.3  5.391347e-06
38712.8  5.548201e-06
38726.3  4.808766e-06
38739.8  3.614289e-06
38753.3  1.811149e-06
38766.8  2.561896e-07
38780.3  1.531256e-07
38793.9  2.522732e-06
38807.4  4.178103e-06
38820.9  3.094170e-06
38834.4  2.076676e-06
38847.9  2.342938e-06
38861.4  1.447240e-06
38874.9  1.619911e-08
38888.4  5.580117e-09
38902.0  9.146268e-08
38915.5  2.615280e-06
38929.0  2.746824e-06
38942.5  5.312797e-07
38956.0  9.240412e-07
38969.5  1.560189e-06
38983.0  1.498711e-06
38996.5  7.820242e-07
39010.1  3.247450e-06
39023.6  6.099646e-06
39037.1  6.417002e-06
39050.6  3.825209e-06
39064.1  5.873360e-06
39077.6  6.105270e-06
39091.1  4.645246e-06
39104.6  3.971220e-06
39118.2  4.141761e-06
39131.7  7.714092e-07
39145.2  5.594434e-09
39158.7  5.597961e-09
39172.2  5.598510e-09
39185.7  6.185953e-07
39199.2  1.471067e-06
39212.7  2.965607e-06
39226.2  3.197484e-06
39239.8  2.656415e-06
39253.3  4.157618e-06
39266.8  6.078417e-06
39280.3  4.646305e-06
39293.8  3.190684e-06
39307.3  5.776844e-06
39320.8  5.958874e-06
39334.3  3.335350e-06
39347.9  4.269956e-07
39361.4  5.760005e-07
39374.9  1.215242e-06
39388.4  2.760284e-06
39401.9  3.621869e-06
39415.4  5.784196e-06
39428.9  1.005840e-05
39442.4  1.269840e-05
39456.0  1.102887e-05
39469.5  1.070701e-05
39483.0  1.299021e-05
39496.5  1.284280e-05
39510.0  7.499914e-06
39523.5  1.437850e-06
39537.0  7.970093e-07
39550.5  1.513221e-07
39564.1  3.162381e-07
39577.6  5.630315e-09
39591.1  5.630901e-09
39604.6  8.527738e-07
39618.1  2.423331e-06
39631.6  1.067327e-06
39645.1  5.801124e-07
39658.6  6.287833e-06
39672.2  3.880917e-06
39685.7  6.977602e-07
39699.2  3.932087e-08
39712.7  9.061499e-08
39726.2  3.221888e-07
39739.7  5.462504e-07
39753.2  5.381824e-07
39766.7  8.921042e-07
39780.3  1.913463e-06
39793.8  4.527471e-06
39807.3  4.841878e-06
39820.8  4.466695e-06
39834.3  2.849080e-06
39847.8  2.074684e-06
39861.3  2.306709e-06
39874.8  2.184363e-07
39888.4  3.667384e-07
39901.9  3.535674e-08
39915.4  5.659067e-09
39928.9  7.861050e-09
39942.4  1.641100e-06
39955.9  3.502498e-06
39969.4  4.594894e-06
39982.9  5.126905e-06
39996.5  6.464663e-06
40010.0  9.133779e-06
40023.5  6.552429e-06
40037.0  4.323635e-06
40050.5  2.949850e-06
40064.0  2.668937e-06
40077.5  2.673583e-06
40091.0  3.064864e-06
40104.5  6.205684e-06
40118.1  9.710974e-06
40131.6  1.033857e-05
40145.1  6.454777e-06
40158.6  3.274005e-06
40172.1  2.323188e-06
40185.6  1.693916e-07
40199.1  1.187811e-08
40212.6  5.877902e-08
40226.2  4.649083e-06
40239.7  7.486249e-06
40253.2  3.999628e-06
40266.7  2.030595e-06
40280.2  2.622852e-06
40293.7  4.353260e-06
40307.2  6.767587e-06
40320.7  9.507853e-06
40334.3  8.477972e-06
40347.8  6.166061e-06
40361.3  6.816136e-06
40374.8  6.986612e-06
40388.3  5.120469e-06
40401.8  9.321293e-06
40415.3  1.157424e-05
40428.8  1.224527e-05
40442.4  1.241707e-05
40455.9  1.267733e-05
40469.4  1.025103e-05
40482.9  8.812548e-06
40496.4  1.198959e-05
40509.9  1.400779e-05
40523.4  1.460162e-05
40536.9  1.480973e-05
40550.5  1.220381e-05
40564.0  9.148591e-06
40577.5  1.080024e-05
40591.0  1.219818e-05
40604.5  1.092110e-05
40618.0  8.870962e-06
40631.5  1.075658e-05
40645.0  1.239282e-05
40658.6  1.241636e-05
40672.1  1.273806e-05
40685.6  1.107139e-05
40699.1  8.096172e-06
40712.6  6.108527e-06
40726.1  7.817955e-06
40739.6  1.041112e-05
40753.1  1.025878e-05
40766.7  7.093719e-06
40780.2  7.364430e-06
40793.7  6.375488e-06
40807.2  1.012583e-05
40820.7  1.505583e-05
40834.2  1.740579e-05
40847.7  1.888170e-05
40861.2  1.931116e-05
40874.8  1.762865e-05
40888.3  1.484079e-05
40901.8  1.565014e-05
40915.3  1.778938e-05
40928.8  1.843306e-05
40942.3  1.684001e-05
40955.8  1.439896e-05
40969.3  1.071177e-05
40982.8  7.356933e-06
40996.4  7.053950e-06
41009.9  4.826914e-06
41023.4  3.945473e-06
41036.9  1.732325e-06
41050.4  2.741559e-07
41063.9  7.206471e-09
41077.4  2.472928e-07
41090.9  2.796567e-06
41104.5  8.960002e-06
41118.0  8.975006e-06
41131.5  4.921943e-06
41145.0  2.201521e-06
41158.5  2.312637e-07
41172.0  1.569668e-08
41185.5  1.843271e-08
41199.0  8.266294e-07
41212.6  2.693697e-06
41226.1  4.419915e-06
41239.6  5.961333e-06
41253.1  1.175851e-06
41266.6  1.074625e-07
41280.1  5.772103e-09
41293.6  5.772996e-09
41307.1  5.773467e-09
41320.7  5.773558e-09
41334.2  5.773634e-09
41347.7  1.102861e-08
41361.2  7.526570e-07
41374.7  1.633366e-06
41388.2  5.344867e-07
41401.7  2.805855e-08
41415.2  1.503715e-08
41428.8  2.627724e-07
41442.3  2.267814e-06
41455.8  5.331050e-06
41469.3  7.054603e-06
41482.8  9.178531e-06
41496.3  7.283097e-06
41509.8  3.093272e-06
41523.3  9.711367e-07
41536.9  9.671885e-07
41550.4  1.851375e-06
41563.9  4.207977e-06
41577.4  4.460996e-06
41590.9  8.057149e-07
41604.4  5.202181e-07
41617.9  2.838333e-06
41631.4  6.732002e-06
41645.0  8.304552e-06
41658.5  1.389325e-05
41672.0  2.064964e-05
41685.5  2.167713e-05
41699.0  1.756469e-05
41712.5  1.324649e-05
41726.0  1.196860e-05
41739.5  1.409261e-05
41753.1  1.761611e-05
41766.6  1.837378e-05
41780.1  1.678249e-05
41793.6  1.104932e-05
41807.1  8.434038e-06
41820.6  6.615196e-06
41834.1  4.079761e-06
41847.6  2.198003e-06
41861.1  2.846793e-06
41874.7  2.564693e-06
41888.2  2.909294e-06
41901.7  5.571151e-06
41915.2  1.250012e-05
41928.7  1.570338e-05
41942.2  1.450886e-05
41955.7  1.373202e-05
41969.2  1.263856e-05
41982.8  1.125202e-05
41996.3  1.120231e-05
42009.8  1.299344e-05
42023.3  1.123419e-05
42036.8  8.142883e-06
42050.3  5.991095e-06
42063.8  6.451164e-06
42077.3  5.207480e-06
42090.9  5.242622e-06
42104.4  6.799893e-06
42117.9  8.956329e-06
42131.4  7.945080e-06
42144.9  6.795221e-06
42158.4  8.933532e-06
42171.9  9.753094e-06
42185.4  9.317357e-06
42199.0  9.219253e-06
42212.5  7.550460e-06
42226.0  5.582957e-06
42239.5  5.207228e-06
42253.0  8.912897e-06
42266.5  1.080924e-05
42280.0  1.091590e-05
42293.5  1.060709e-05
42307.1  9.776700e-06
42320.6  9.174979e-06
42334.1  9.690193e-06
42347.6  9.399998e-06
42361.1  6.756260e-06
42374.6  2.665553e-06
42388.1  1.334012e-07
42401.6  6.259326e-07
42415.2  5.361060e-06
42428.7  5.839428e-06
42442.2  6.832635e-06
42455.7  1.088473e-05
42469.2  1.299961e-05
42482.7  1.221142e-05
42496.2  1.297186e-05
42509.7  1.535020e-05
42523.3  1.730392e-05
42536.8  1.818253e-05
42550.3  1.981631e-05
42563.8  2.080257e-05
42577.3  1.912233e-05
42590.8  1.947855e-05
42604.3  2.192200e-05
42617.8  2.393088e-05
42631.4  2.151462e-05
42644.9  2.016776e-05
42658.4  1.895515e-05
42671.9  1.577309e-05
42685.4  1.114489e-05
42698.9  1.331050e-05
42712.4  1.738022e-05
42725.9  1.905515e-05
42739.5  1.514189e-05
42753.0  1.328781e-05
42766.5  1.160432e-05
42780.0  1.027873e-05
42793.5  9.275588e-06
42807.0  1.237490e-05
42820.5  1.518244e-05
42834.0  1.657811e-05
42847.5  1.558949e-05
42861.1  1.285549e-05
42874.6  1.099924e-05
42888.1  1.071619e-05
42901.6  1.514333e-05
42915.1  1.909036e-05
42928.6  1.738804e-05
42942.1  1.501256e-05
42955.6  1.447724e-05
42969.2  1.718937e-05
42982.7  1.752756e-05
42996.2  1.792967e-05
43009.7  1.916673e-05
43023.2  1.993342e-05
43036.7  1.931183e-05
43050.2  2.009910e-05
43063.7  2.148005e-05
43077.3  1.932408e-05
43090.8  1.383356e-05
43104.3  1.443775e-05
43117.8  1.696915e-05
43131.3  1.856657e-05
43144.8  1.837767e-05
43158.3  2.054539e-05
43171.8  2.491780e-05
43185.4  2.512978e-05
43198.9  2.112352e-05
43212.4  2.013341e-05
43225.9  2.159179e-05
43239.4  2.420778e-05
43252.9  2.820787e-05
43266.4  3.226739e-05
43279.9  3.424797e-05
43293.5  3.046795e-05
43307.0  2.918664e-05
43320.5  3.195627e-05
43334.0  3.727052e-05
43347.5  3.913413e-05
43361.0  3.835464e-05
43374.5  3.678027e-05
43388.0  3.449578e-05
43401.6  3.130817e-05
43415.1  3.199830e-05
43428.6  3.251743e-05
43442.1  3.167753e-05
43455.6  2.814647e-05
43469.1  2.870566e-05
43482.6  2.898906e-05
43496.1  2.745506e-05
43509.7  2.299544e-05
43523.2  2.260558e-05
43536.7  2.199521e-05
43550.2  2.007630e-05
43563.7  1.848297e-05
43577.2  2.144658e-05
43590.7  2.403146e-05
43604.2  2.228302e-05
43617.8  1.576180e-05
43631.3  1.353309e-05
43644.8  1.388324e-05
43658.3  1.326077e-05
43671.8  1.095797e-05
43685.3  1.095124e-05
43698.8  1.130411e-05
43712.3  9.236147e-06
43725.8  7.834252e-06
43739.4  7.339973e-06
43752.9  7.394232e-06
43766.4  5.623143e-06
43779.9  5.099873e-06
43793.4  5.383449e-06
43806.9  6.597271e-06
43820.4  5.591629e-06
43833.9  5.155470e-06
43847.5  8.018417e-06
43861.0  7.077091e-06
43874.5  2.648384e-06
43888.0  3.399388e-06
43901.5  7.029766e-06
43915.0  7.676025e-06
43928.5  3.979366e-06
43942.0  2.409397e-06
43955.6  2.659414e-06
43969.1  4.854269e-06
43982.6  6.305757e-06
43996.1  8.052217e-06
44009.6  1.133432e-05
44023.1  1.117683e-05
44036.6  9.660556e-06
44050.1  8.061585e-06
44063.7  1.023136e-05
44077.2  1.112695e-05
44090.7  1.157716e-05
44104.2  9.974203e-06
44117.7  1.099743e-05
44131.2  1.070593e-05
44144.7  9.485017e-06
44158.2  9.344825e-06
44171.8  1.289560e-05
44185.3  1.786157e-05
44198.8  2.058823e-05
44212.3  2.586410e-05
44225.8  3.184711e-05
44239.3  3.661777e-05
44252.8  3.402795e-05
44266.3  3.507921e-05
44279.9  3.968027e-05
44293.4  4.377891e-05
44306.9  3.280977e-05
44320.4  2.964694e-05
44333.9  3.043922e-05
44347.4  3.647993e-05
44360.9  3.869077e-05
44374.4  4.251806e-05
44388.0  5.214930e-05
44401.5  5.923843e-05
44415.0  6.251678e-05
44428.5  6.280399e-05
44442.0  6.840356e-05
44455.5  6.894989e-05
44469.0  6.659074e-05
44482.5  6.188151e-05
44496.1  6.805923e-05
44509.6  7.281377e-05
44523.1  7.514956e-05
44536.6  7.675410e-05
44550.1  8.250876e-05
44563.6  8.734054e-05
44577.1  8.273270e-05
44590.6  8.168103e-05
44604.1  8.708491e-05
44617.7  1.015859e-04
44631.2  1.050846e-04
44644.7  1.076168e-04
44658.2  1.099731e-04
44671.7  1.149673e-04
44685.2  1.125969e-04
44698.7  1.110060e-04
44712.2  1.160874e-04
44725.8  1.245474e-04
44739.3  1.275020e-04
44752.8  1.240011e-04
44766.3  1.323405e-04
44779.8  1.428683e-04
44793.3  1.521360e-04
44806.8  1.472574e-04
44820.3  1.487964e-04
44833.9  1.542064e-04
44847.4  1.632905e-04
44860.9  1.666141e-04
44874.4  1.741464e-04
44887.9  1.887503e-04
44901.4  2.009829e-04
44914.9  2.089087e-04
44928.4  2.140394e-04
44942.0  2.252421e-04
44955.5  2.297879e-04
44969.0  2.308139e-04
44982.5  2.307050e-04
44996.0  2.434268e-04
45009.5  2.564792e-04
45023.0  2.631675e-04
45036.5  2.681881e-04
45050.1  2.787294e-04
45063.6  2.963057e-04
45077.1  3.014719e-04
45090.6  3.085316e-04
45104.1  3.187362e-04
45117.6  3.417572e-04
45131.1  3.572812e-04
45144.6  3.695468e-04
45158.2  3.851162e-04
45171.7  4.054664e-04
45185.2  4.230977e-04
45198.7  4.289146e-04
45212.2  4.420224e-04
45225.7  4.597158e-04
45239.2  4.828090e-04
45252.7  4.949732e-04
45266.3  5.120220e-04
45279.8  5.366708e-04
45293.3  5.632019e-04
45306.8  5.841509e-04
45320.3  6.007291e-04
45333.8  6.334041e-04
45347.3  6.645636e-04
45360.8  6.928775e-04
45374.4  7.083745e-04
45387.9  7.366971e-04
45401.4  7.723620e-04
45414.9  8.077522e-04
45428.4  8.393764e-04
45441.9  8.747638e-04
45455.4  9.265938e-04
45468.9  9.733945e-04
45482.5  1.017866e-03
45496.0  1.058917e-03
45509.5  1.114575e-03
45523.0  1.171157e-03
45536.5  1.220674e-03
45550.0  1.272121e-03
45563.5  1.331866e-03
45577.0  1.404861e-03
45590.5  1.465392e-03
45604.1  1.529090e-03
45617.6  1.600435e-03
45631.1  1.689536e-03
45644.6  1.775887e-03
45658.1  1.855812e-03
45671.6  1.950243e-03
45685.1  2.054470e-03
45698.6  2.169583e-03
45712.2  2.268064e-03
45725.7  2.380835e-03
45739.2  2.506561e-03
45752.7  2.647153e-03
45766.2  2.782753e-03
45779.7  2.912183e-03
45793.2  3.068891e-03
45806.7  3.237605e-03
45820.3  3.418900e-03
45833.8  3.592197e-03
45847.3  3.788213e-03
45860.8  4.008751e-03
45874.3  4.241130e-03
45887.8  4.477506e-03
45901.3  4.717848e-03
45914.8  4.998653e-03
45928.4  5.292072e-03
45941.9  5.598461e-03
45955.4  5.914666e-03
45968.9  6.267099e-03
45982.4  6.660606e-03
45995.9  7.064770e-03
46009.4  7.489332e-03
46022.9  7.934893e-03
46036.5  8.441584e-03
46050.0  8.974217e-03
46063.5  9.530414e-03
46077.0  1.012768e-02
46090.5  1.077986e-02
46104.0  1.149943e-02
46117.5  1.224852e-02
46131.0  1.304901e-02
46144.6  1.391011e-02
46158.1  1.486124e-02
46171.6  1.587397e-02
46185.1  1.693866e-02
46198.6  1.809921e-02
46212.1  1.935462e-02
46225.6  2.072838e-02
46239.1  2.218315e-02
46252.7  2.374488e-02
46266.2  2.544908e-02
46279.7  2.730365e-02
46293.2  2.930018e-02
46306.7  3.142510e-02
46320.2  3.374196e-02
46333.7  3.625401e-02
46347.2  3.898624e-02
46360.8  4.191291e-02
46374.3  4.505507e-02
46387.8  4.849781e-02
46401.3  5.221552e-02
46414.8  5.622926e-02
46428.3  6.052417e-02
46441.8  6.517377e-02
46455.3  7.021548e-02
46468.8  7.564699e-02
46482.4  8.147849e-02
46495.9  8.772569e-02
46509.4  9.447264e-02
46522.9  1.018289e-01
46536.4  1.095775e-01
46549.9  1.178069e-01
46563.4  1.265923e-01
46576.9  1.359484e-01
46590.5  1.458275e-01
46604.0  1.562913e-01
46617.5  1.671799e-01
46631.0  1.786261e-01
46644.5  1.906797e-01
46658.0  2.029628e-01
46671.5  2.157181e-01
46685.0  2.288562e-01
46698.6  2.420806e-01
46712.1  2.556286e-01
46725.6  2.692096e-01
46739.1  2.825716e-01
46752.6  2.960376e-01
46766.1  3.091184e-01
46779.6  3.217942e-01
46793.1  3.343061e-01
46806.7  3.458457e-01
46820.2  3.569594e-01
46833.7  3.676814e-01
46847.2  3.771502e-01
46860.7  3.861768e-01
46874.2  3.944565e-01
46887.7  4.017244e-01
46901.2  4.085210e-01
46914.8  4.144117e-01
46928.3  4.195164e-01
46941.8  4.241661e-01
46955.3  4.279446e-01
46968.8  4.312347e-01
46982.3  4.346074e-01
46995.8  4.367025e-01
47009.3  4.385362e-01
47022.9  4.399970e-01
47036.4  4.410053e-01
47049.9  4.418071e-01
47063.4  4.422705e-01
47076.9  4.425512e-01
47090.4  4.427182e-01
47103.9  4.426726e-01
47117.4  4.425722e-01
47131.0  4.423740e-01
47144.5  4.421057e-01
47158.0  4.418034e-01
47171.5  4.414433e-01
47185.0  4.410483e-01
47198.5  4.406459e-01
47212.0  4.402182e-01
47225.5  4.397784e-01
47239.1  4.393351e-01
47252.6  4.388942e-01
47266.1  4.384762e-01
47279.6  4.380941e-01
47293.1  4.377205e-01
47306.6  4.373600e-01
47320.1  4.370408e-01
47333.6  4.367761e-01
47347.1  4.368912e-01
47360.7  4.368149e-01
47374.2  4.366197e-01
47387.7  4.364510e-01
47401.2  4.363438e-01
47414.7  4.362592e-01
47428.2  4.361783e-01
47441.7  4.361127e-01
47455.2  4.360591e-01
47468.8  4.360340e-01
47482.3  4.359983e-01
47495.8  4.359391e-01
47509.3  4.358923e-01
47522.8  4.358546e-01
47536.3  4.358395e-01
47549.8  4.358064e-01
47563.3  4.357573e-01
47576.9  4.357305e-01
47590.4  4.357124e-01
47603.9  4.357096e-01
47617.4  4.356815e-01
47630.9  4.356239e-01
47644.4  4.355734e-01
47657.9  4.355202e-01
47671.4  4.354628e-01
47685.0  4.353608e-01
47698.5  4.352508e-01
47712.0  4.351421e-01
47725.5  4.350202e-01
47739.0  4.348875e-01
47752.5  4.347123e-01
47766.0  4.345411e-01
47779.5  4.343850e-01
47793.1  4.342164e-01
47806.6  4.340377e-01
47820.1  4.338325e-01
47833.6  4.336434e-01
47847.1  4.334746e-01
47860.6  4.332872e-01
47874.1  4.330925e-01
47887.6  4.328810e-01
47901.2  4.326870e-01
47914.7  4.325116e-01
47928.2  4.323055e-01
47941.7  4.320907e-01
47955.2  4.318621e-01
47968.7  4.316502e-01
47982.2  4.314500e-01
47995.7  4.312213e-01
48009.3  4.309977e-01
48022.8  4.307820e-01
48036.3  4.305898e-01
48049.8  4.304092e-01
48063.3  4.302015e-01
48076.8  4.300033e-01
48090.3  4.302903e-01
48103.8  4.301261e-01
48117.4  4.299617e-01
48130.9  4.297667e-01
48144.4  4.295864e-01
48157.9  4.294264e-01
48171.4  4.292846e-01
48184.9  4.291429e-01
48198.4  4.289616e-01
48211.9  4.287983e-01
48225.5  4.286479e-01
48239.0  4.284994e-01
48252.5  4.283460e-01
48266.0  4.281600e-01
48279.5  4.279971e-01
48293.0  4.278599e-01
48306.5  4.277298e-01
48320.0  4.275956e-01
48333.5  4.274369e-01
48347.1  4.272964e-01
48360.6  4.271760e-01
48374.1  4.270420e-01
48387.6  4.268992e-01
48401.1  4.267268e-01
48414.6  4.265698e-01
48428.1  4.264326e-01
48441.6  4.262724e-01
48455.2  4.261019e-01
48468.7  4.259057e-01
48482.2  4.257213e-01
48495.7  4.255525e-01
48509.2  4.253596e-01
48522.7  4.251571e-01
48536.2  4.249444e-01
48549.7  4.247453e-01
48563.3  4.245694e-01
48576.8  4.243650e-01
48590.3  4.241479e-01
48603.8  4.239310e-01
48617.3  4.237185e-01
48630.8  4.235194e-01
48644.3  4.232742e-01
48657.8  4.230050e-01
48671.4  4.227338e-01
48684.9  4.224655e-01
48698.4  4.222082e-01
48711.9  4.219082e-01
48725.4  4.215791e-01
48738.9  4.212571e-01
48752.4  4.209354e-01
48765.9  4.208934e-01
48779.5  4.207372e-01
48793.0  4.201978e-01
48806.5  4.196753e-01
48820.0  4.191599e-01
48833.5  4.186437e-01
48847.0  4.181081e-01
48860.5  4.175450e-01
48874.0  4.170053e-01
48887.6  4.164750e-01
48901.1  4.159212e-01
48914.6  4.153483e-01
48928.1  4.147342e-01
48941.6  4.141374e-01
48955.1  4.135534e-01
48968.6  4.129435e-01
48982.1  4.123237e-01
48995.7  4.116756e-01
49009.2  4.110480e-01
49022.7  4.104464e-01
49036.2  4.098216e-01
49049.7  4.091868e-01
49063.2  4.085330e-01
49076.7  4.078942e-01
49090.2  4.072932e-01
49103.8  4.066712e-01
49117.3  4.060338e-01
49130.8  4.053879e-01
49144.3  4.047437e-01
49157.8  4.041325e-01
49171.3  4.034980e-01
49184.8  4.028306e-01
49198.3  4.021686e-01
49211.8  4.015053e-01
49225.4  4.008812e-01
49238.9  4.002452e-01
49252.4  3.995644e-01
49265.9  3.988936e-01
49279.4  3.982334e-01
49292.9  3.976054e-01
49306.4  3.969850e-01
49319.9  3.963188e-01
49333.5  3.956631e-01
49347.0  3.950350e-01
49360.5  3.944174e-01
49374.0  3.938083e-01
49387.5  3.931479e-01
49401.0  3.924768e-01
49414.5  3.920263e-01
49428.0  3.916102e-01
49441.6  3.909501e-01
49455.1  3.902470e-01
49468.6  3.895139e-01
49482.1  3.888070e-01
49495.6  3.881016e-01
49509.1  3.873585e-01
49522.6  3.865808e-01
49536.1  3.857372e-01
49549.7  3.848882e-01
49563.2  3.840354e-01
49576.7  3.830944e-01
49590.2  3.821244e-01
49603.7  3.810238e-01
49617.2  3.799015e-01
49630.7  3.787329e-01
49644.2  3.774493e-01
49657.8  3.760800e-01
49671.3  3.745193e-01
49684.8  3.729083e-01
49698.3  3.711118e-01
49711.8  3.692259e-01
49725.3  3.670935e-01
49738.8  3.647828e-01
49752.3  3.623127e-01
49765.9  3.596064e-01
49779.4  3.568383e-01
49792.9  3.535813e-01
49806.4  3.502331e-01
49819.9  3.465099e-01
49833.4  3.425951e-01
49846.9  3.384410e-01
49860.4  3.338724e-01
49874.0  3.291430e-01
49887.5  3.238851e-01
49901.0  3.185637e-01
49914.5  3.127471e-01
49928.0  3.067556e-01
49941.5  3.003531e-01
49955.0  2.936651e-01
49968.5  2.868124e-01
49982.1  2.795491e-01
49995.6  2.723182e-01
50009.1  2.644826e-01
50022.6  2.567366e-01
50036.1  2.486827e-01
50049.6  2.406002e-01
50063.1  2.324174e-01
50076.6  2.240606e-01
50090.1  2.159966e-01
50103.7  2.075286e-01
50117.2  1.992863e-01
50130.7  1.909039e-01
50144.2  1.827362e-01
50157.7  1.745467e-01
50171.2  1.665544e-01
50184.7  1.587452e-01
50198.2  1.510891e-01
50211.8  1.437055e-01
50225.3  1.364068e-01
50238.8  1.294297e-01
50252.3  1.226412e-01
50265.8  1.161632e-01
50279.3  1.099073e-01
50292.8  1.039075e-01
50306.3  9.814803e-02
50319.9  9.266884e-02
50333.4  8.747789e-02
50346.9  8.251853e-02
50360.4  7.782830e-02
50373.9  7.332376e-02
50387.4  6.908007e-02
50400.9  6.507860e-02
50414.4  6.129855e-02
50428.0  5.772406e-02
50441.5  5.433896e-02
50455.0  5.114122e-02
50468.5  4.815560e-02
50482.0  4.535114e-02
50495.5  4.269958e-02
50509.0  4.020117e-02
50522.5  3.783631e-02
50536.1  3.562467e-02
50549.6  3.356815e-02
50563.1  3.162923e-02
50576.6  2.980135e-02
50590.1  2.807678e-02
50603.6  2.645132e-02
50617.1  2.495375e-02
50630.6  2.354695e-02
50644.2  2.222164e-02
50657.7  2.097117e-02
50671.2  1.979060e-02
50684.7  1.868892e-02
50698.2  1.766877e-02
50711.7  1.670027e-02
50725.2  1.578153e-02
50738.7  1.491719e-02
50752.3  1.410195e-02
50765.8  1.335580e-02
50779.3  1.266575e-02
50792.8  1.198776e-02
50806.3  1.134648e-02
50819.8  1.074449e-02
50833.3  1.018270e-02
50846.8  9.665787e-03
50860.4  9.168247e-03
50873.9  8.689509e-03
50887.4  8.241383e-03
50900.9  7.819430e-03
50914.4  7.434093e-03
50927.9  7.071563e-03
50941.4  6.712613e-03
50954.9  6.372073e-03
50968.4  6.057382e-03
50982.0  5.761714e-03
50995.5  5.490906e-03
