# from http://www.stsci.edu/jwst/instruments/nircam/instrumentdesign/filters
# Retrieved Jan 18, 2017, dated Feb 5, 2016 (pre-flight)
# Uses modA or modB  filters+DBS+QE+OTE (nrc_plus_ote)
# Units of transmission are PCE (photon to electron conversion efficiency)
# 
20004.7  5.384528e-12
20020.7  4.935934e-12
20036.8  4.529835e-12
20052.9  3.969265e-12
20069.0  3.721457e-12
20085.1  3.628133e-12
20101.1  3.332589e-12
20117.2  2.708456e-12
20133.3  2.248420e-12
20149.4  2.789100e-12
20165.5  3.056430e-12
20181.6  2.535587e-12
20197.6  1.295706e-12
20213.7  5.511085e-13
20229.8  1.903460e-13
20245.9  1.559823e-13
20262.0  1.452490e-13
20278.0  3.600308e-14
20294.1  4.971897e-14
20310.2  1.824886e-13
20326.3  1.975109e-13
20342.4  1.138068e-13
20358.4  2.324296e-14
20374.5  1.658039e-13
20390.6  4.658661e-13
20406.7  4.838839e-13
20422.8  4.931301e-14
20438.8  2.997257e-15
20454.9  8.228911e-15
20471.0  2.212938e-13
20487.1  7.555370e-13
20503.2  1.115493e-12
20519.3  1.752629e-12
20535.3  2.436021e-12
20551.4  1.681480e-12
20567.5  1.248889e-12
20583.6  9.801225e-13
20599.7  9.750773e-13
20615.7  1.113394e-12
20631.8  1.366294e-12
20647.9  1.393418e-12
20664.0  1.221069e-12
20680.1  6.399279e-13
20696.1  2.019889e-13
20712.2  4.614823e-14
20728.3  9.326792e-15
20744.4  1.001355e-14
20760.5  1.745784e-13
20776.5  1.757682e-12
20792.6  2.404079e-12
20808.7  3.141866e-12
20824.8  3.528454e-12
20840.9  3.998538e-12
20857.0  4.520711e-12
20873.0  5.175871e-12
20889.1  6.558923e-12
20905.2  8.356516e-12
20921.3  8.744193e-12
20937.4  9.181050e-12
20953.4  5.734697e-12
20969.5  3.344696e-12
20985.6  5.512235e-12
21001.7  1.223544e-11
21017.8  1.699120e-11
21033.8  1.876996e-11
21049.9  2.029378e-11
21066.0  2.135989e-11
21082.1  2.140698e-11
21098.2  1.991234e-11
21114.2  8.648719e-12
21130.3  6.380467e-13
21146.4  1.517537e-13
21162.5  1.597633e-13
21178.6  1.639414e-13
21194.7  1.656330e-13
21210.7  1.651050e-13
21226.8  3.658834e-13
21242.9  1.710421e-12
21259.0  9.171301e-13
21275.1  2.236587e-13
21291.1  1.445520e-13
21307.2  1.404030e-13
21323.3  1.532983e-13
21339.4  2.474873e-13
21355.5  3.934857e-13
21371.5  1.994405e-13
21387.6  1.258287e-13
21403.7  1.221506e-13
21419.8  1.202692e-13
21435.9  1.191737e-13
21451.9  1.183686e-13
21468.0  2.241719e-13
21484.1  1.651033e-12
21500.2  3.501392e-12
21516.3  3.979006e-13
21532.4  1.184784e-13
21548.4  1.192175e-13
21564.5  1.204504e-13
21580.6  1.216309e-13
21596.7  1.234233e-13
21612.8  1.256222e-13
21628.8  1.276463e-13
21644.9  1.302263e-13
21661.0  1.331294e-13
21677.1  1.363684e-13
21693.2  1.399457e-13
21709.2  1.435583e-13
21725.3  1.480624e-13
21741.4  1.528428e-13
21757.5  1.581208e-13
21773.6  1.639303e-13
21789.6  1.703051e-13
21805.7  1.773735e-13
21821.8  1.851330e-13
21837.9  1.939023e-13
21854.0  2.039155e-13
21870.1  7.680695e-13
21886.1  1.016996e-11
21902.2  1.076878e-11
21918.3  9.163194e-13
21934.4  2.704379e-13
21950.5  2.888545e-13
21966.5  3.100579e-13
21982.6  3.339111e-13
21998.7  3.609405e-13
22014.8  3.927355e-13
22030.9  4.283680e-13
22046.9  4.701091e-13
22063.0  5.189098e-13
22079.1  5.763791e-13
22095.2  6.461141e-13
22111.3  7.292928e-13
22127.3  8.300933e-13
22143.4  9.559752e-13
22159.5  1.111574e-12
22175.6  1.309858e-12
22191.7  1.554589e-12
22207.7  5.340717e-12
22223.8  4.678943e-11
22239.9  5.952743e-11
22256.0  9.152606e-12
22272.1  3.280454e-12
22288.2  3.494915e-12
22304.2  3.635645e-12
22320.3  3.744811e-12
22336.4  3.866823e-12
22352.5  4.036131e-12
22368.6  4.276813e-12
22384.6  4.601808e-12
22400.7  5.009542e-12
22416.8  5.536092e-12
22432.9  6.171901e-12
22449.0  6.948415e-12
22465.0  7.878287e-12
22481.1  8.969737e-12
22497.2  1.026141e-11
22513.3  1.177639e-11
22529.4  1.349856e-11
22545.4  1.546935e-11
22561.5  1.765934e-11
22577.6  2.007028e-11
22593.7  2.262906e-11
22609.8  2.534198e-11
22625.9  2.810080e-11
22641.9  3.085137e-11
22658.0  3.355166e-11
22674.1  1.574247e-10
22690.2  2.107456e-09
22706.3  3.281354e-09
22722.3  2.637026e-10
22738.4  4.679696e-11
22754.5  1.758053e-10
22770.6  1.602397e-09
22786.7  1.966073e-09
22802.7  3.510634e-10
22818.8  6.498282e-10
22834.9  2.276471e-09
22851.0  8.400292e-09
22867.1  1.811433e-08
22883.1  2.540337e-08
22899.2  5.337373e-08
22915.3  3.071321e-08
22931.4  1.922133e-08
22947.5  5.443796e-09
22963.6  6.064018e-10
22979.6  1.151750e-10
22995.7  1.129382e-10
23011.8  1.248121e-10
23027.9  1.390072e-10
23044.0  1.558955e-10
23060.0  1.761074e-10
23076.1  2.007001e-10
23092.2  2.303485e-10
23108.3  2.667698e-10
23124.4  3.114902e-10
23140.4  3.658639e-10
23156.5  4.338456e-10
23172.6  5.171338e-10
23188.7  6.172573e-10
23204.8  7.370146e-10
23220.8  8.741138e-10
23236.9  1.028118e-09
23253.0  1.192268e-09
23269.1  1.365860e-09
23285.2  1.545065e-09
23301.3  1.729498e-09
23317.3  2.766284e-09
23333.4  2.009414e-08
23349.5  2.336753e-07
23365.6  3.944184e-07
23381.7  3.218499e-07
23397.7  2.634306e-07
23413.8  2.436424e-07
23429.9  2.231080e-07
23446.0  2.828192e-07
23462.1  5.122274e-07
23478.1  9.260902e-07
23494.2  1.022503e-06
23510.3  1.055014e-06
23526.4  1.165043e-06
23542.5  1.050550e-06
23558.5  9.685363e-07
23574.6  2.812992e-07
23590.7  3.046389e-08
23606.8  4.351687e-09
23622.9  3.630271e-09
23639.0  3.767809e-09
23655.0  3.904982e-09
23671.1  4.038685e-09
23687.2  4.166202e-09
23703.3  6.080503e-09
23719.4  2.016519e-08
23735.4  9.450881e-08
23751.5  1.733474e-07
23767.6  2.449282e-07
23783.7  3.420191e-07
23799.8  4.172892e-07
23815.8  5.097427e-07
23831.9  6.141097e-07
23848.0  7.235179e-07
23864.1  8.519518e-07
23880.2  2.055786e-07
23896.2  2.264858e-08
23912.3  4.932922e-09
23928.4  4.542416e-09
23944.5  4.549523e-09
23960.6  5.148195e-09
23976.7  2.147717e-08
23992.7  1.636520e-07
24008.8  6.822309e-07
24024.9  9.453111e-07
24041.0  1.310723e-06
24057.1  1.236562e-06
24073.1  9.254785e-07
24089.2  6.936604e-07
24105.3  6.190663e-07
24121.4  6.213646e-07
24137.5  9.155332e-07
24153.5  6.113891e-07
24169.6  6.704623e-07
24185.7  6.706226e-07
24201.8  4.108216e-07
24217.9  2.525633e-07
24233.9  2.902454e-07
24250.0  7.458398e-07
24266.1  2.052889e-06
24282.2  2.847879e-06
24298.3  2.458224e-06
24314.4  2.129485e-06
24330.4  1.936127e-06
24346.5  1.954492e-06
24362.6  3.538942e-06
24378.7  3.569216e-06
24394.8  3.386756e-06
24410.8  3.284464e-06
24426.9  3.604672e-06
24443.0  4.010115e-06
24459.1  4.219977e-06
24475.2  3.616611e-06
24491.2  3.189665e-06
24507.3  2.101935e-06
24523.4  1.541702e-06
24539.5  1.688865e-06
24555.6  2.147227e-06
24571.6  2.701531e-06
24587.7  3.820791e-06
24603.8  3.216476e-06
24619.9  2.312468e-06
24636.0  2.105365e-06
24652.0  1.931510e-06
24668.1  1.997205e-06
24684.2  2.408452e-06
24700.3  1.806660e-06
24716.4  1.560769e-06
24732.5  2.588168e-06
24748.5  4.244111e-06
24764.6  6.187968e-06
24780.7  9.294787e-06
24796.8  9.842576e-06
24812.9  1.009969e-05
24828.9  1.064305e-05
24845.0  7.994659e-06
24861.1  7.663938e-06
24877.2  7.572158e-06
24893.3  7.731228e-06
24909.3  7.908289e-06
24925.4  8.089744e-06
24941.5  7.177362e-06
24957.6  6.386457e-06
24973.7  5.711314e-06
24989.7  5.238042e-06
24997.8  2.595623e-06
25011.3  2.333742e-06
25024.8  1.650763e-07
25038.3  3.364289e-06
25051.8  9.083133e-07
25065.3  3.103806e-07
25078.9  1.880904e-06
25092.4  2.075210e-08
25105.9  2.088391e-06
25119.4  3.226976e-06
25132.9  6.558616e-09
25146.4  2.569866e-08
25159.9  5.861790e-09
25173.4  1.736663e-06
25187.0  6.056347e-07
25200.5  4.445504e-06
25214.0  2.090025e-06
25227.5  1.858815e-06
25241.0  5.019634e-09
25254.5  1.764964e-06
25268.0  3.098665e-06
25281.5  5.654242e-07
25295.1  9.827873e-09
25308.6  4.718791e-09
25322.1  6.741435e-09
25335.6  6.837974e-07
25349.1  2.415320e-06
25362.6  2.665138e-06
25376.1  8.391988e-07
25389.6  2.129595e-06
25403.2  1.417868e-08
25416.7  1.728816e-08
25430.2  6.888505e-07
25443.7  2.184930e-06
25457.2  6.205396e-09
25470.7  3.208706e-06
25484.2  1.479739e-06
25497.7  2.339228e-06
25511.2  3.340394e-06
25524.8  1.075639e-08
25538.3  8.003261e-08
25551.8  5.879196e-09
25565.3  3.433369e-06
25578.8  4.349249e-06
25592.3  4.338542e-06
25605.8  2.090990e-08
25619.3  1.127251e-06
25632.9  1.951579e-06
25646.4  8.675029e-07
25659.9  2.658957e-06
25673.4  6.256845e-06
25686.9  1.922287e-06
25700.4  3.556453e-08
25713.9  5.508306e-08
25727.4  9.507957e-07
25741.0  1.023213e-08
25754.5  4.769415e-09
25768.0  1.935892e-06
25781.5  1.355503e-07
25795.0  7.242830e-09
25808.5  6.583755e-07
25822.0  3.909771e-06
25835.5  3.209434e-08
25849.1  1.457750e-08
25862.6  1.503261e-07
25876.1  9.793076e-09
25889.6  7.750697e-08
25903.1  1.808312e-06
25916.6  1.469202e-06
25930.1  1.059102e-06
25943.6  1.638651e-06
25957.2  3.777942e-06
25970.7  2.114275e-08
25984.2  2.653593e-08
25997.7  4.801416e-09
26011.2  4.797733e-09
26024.7  3.886864e-08
26038.2  2.002868e-06
26051.7  3.385388e-08
26065.3  4.773205e-09
26078.8  4.767068e-09
26092.3  4.760929e-09
26105.8  7.004269e-07
26119.3  5.913335e-07
26132.8  6.922306e-09
26146.3  1.726997e-06
26159.8  1.085518e-06
26173.4  1.400394e-08
26186.9  8.756609e-08
26200.4  2.538121e-06
26213.9  4.891444e-08
26227.4  3.428327e-08
26240.9  5.187345e-08
26254.4  1.736587e-06
26267.9  5.655730e-06
26281.5  5.638600e-06
26295.0  2.845720e-06
26308.5  1.292655e-08
26322.0  1.573630e-06
26335.5  3.509709e-06
26349.0  1.436222e-07
26362.5  3.103718e-08
26376.0  7.729245e-08
26389.5  1.542724e-06
26403.1  1.722748e-07
26416.6  1.100079e-06
26430.1  2.332753e-06
26443.6  2.632444e-06
26457.1  4.337135e-06
26470.6  1.104678e-06
26484.1  1.516223e-06
26497.6  2.367445e-07
26511.2  1.095603e-06
26524.7  3.151409e-06
26538.2  2.772003e-07
26551.7  1.061901e-07
26565.2  1.088995e-07
26578.7  1.469422e-06
26592.2  3.102854e-07
26605.7  1.041451e-07
26619.3  1.021619e-06
26632.8  4.724787e-09
26646.3  2.535298e-08
26659.8  1.839738e-06
26673.3  2.939163e-06
26686.8  1.494179e-06
26700.3  9.575504e-09
26713.8  2.980119e-07
26727.4  2.764143e-06
26740.9  1.838308e-06
26754.4  1.879948e-06
26767.9  3.560367e-06
26781.4  1.946683e-06
26794.9  4.699041e-09
26808.4  6.958977e-09
26821.9  1.505928e-06
26835.5  2.580964e-06
26849.0  4.745967e-09
26862.5  5.247679e-07
26876.0  1.659007e-06
26889.5  2.312341e-06
26903.0  2.961709e-07
26916.5  1.135218e-06
26930.0  2.880558e-07
26943.6  6.588879e-08
26957.1  1.235691e-06
26970.6  5.252708e-08
26984.1  2.865712e-07
26997.6  2.079318e-06
27011.1  1.143816e-06
27024.6  4.431410e-07
27038.1  4.843178e-09
27051.7  1.607422e-06
27065.2  7.830255e-07
27078.7  3.788618e-06
27092.2  4.665001e-06
27105.7  1.899847e-06
27119.2  9.290812e-07
27132.7  9.008924e-07
27146.2  4.729580e-09
27159.8  9.182107e-07
27173.3  2.746592e-06
27186.8  2.059820e-06
27200.3  5.276213e-07
27213.8  2.786260e-07
27227.3  1.985797e-06
27240.8  3.232128e-06
27254.3  2.031656e-06
27267.9  4.861172e-06
27281.4  3.425387e-06
27294.9  2.546206e-06
27308.4  3.062531e-06
27321.9  1.674786e-06
27335.4  1.245355e-06
27348.9  8.355905e-07
27362.4  1.872820e-06
27375.9  1.133647e-06
27389.5  1.892340e-06
27403.0  1.809984e-06
27416.5  1.610151e-06
27430.0  4.134659e-06
27443.5  3.418904e-06
27457.0  2.552340e-06
27470.5  3.400885e-06
27484.0  3.640167e-06
27497.6  4.690613e-06
27511.1  5.446104e-06
27524.6  3.520085e-06
27538.1  2.707567e-06
27551.6  6.854331e-07
27565.1  1.137376e-06
27578.6  4.736320e-09
27592.1  2.040201e-06
27605.7  3.171852e-06
27619.2  1.767478e-06
27632.7  4.643163e-06
27646.2  3.129520e-06
27659.7  1.840554e-06
27673.2  1.264995e-06
27686.7  1.379084e-06
27700.2  4.580637e-06
27713.8  9.518338e-08
27727.3  4.713663e-09
27740.8  4.714873e-09
27754.3  5.833262e-07
27767.8  2.949650e-06
27781.3  8.738985e-07
27794.8  4.721161e-09
27808.3  4.718583e-09
27821.9  7.329938e-08
27835.4  3.586054e-08
27848.9  5.882087e-08
27862.4  1.814184e-06
27875.9  1.458257e-06
27889.4  7.990230e-07
27902.9  1.105656e-06
27916.4  4.727382e-09
27930.0  4.730567e-09
27943.5  4.731803e-09
27957.0  4.731293e-09
27970.5  3.522054e-07
27984.0  4.739589e-09
27997.5  4.741560e-09
28011.0  4.742386e-09
28024.5  6.394673e-07
28038.1  6.255225e-07
28051.6  9.675266e-07
28065.1  4.743810e-09
28078.6  7.596045e-07
28092.1  2.576877e-06
28105.6  1.816577e-08
28119.1  4.742880e-09
28132.6  4.743669e-09
28146.2  4.740802e-09
28159.7  4.763943e-07
28173.2  4.739243e-09
28186.7  4.742842e-09
28200.2  4.738796e-09
28213.7  4.737737e-09
28227.2  4.736508e-09
28240.7  4.735110e-09
28254.2  4.733533e-09
28267.8  4.731813e-09
28281.3  4.729951e-09
28294.8  4.727953e-09
28308.3  4.725489e-09
28321.8  4.722697e-09
28335.3  4.719819e-09
28348.8  4.716876e-09
28362.3  4.712561e-09
28375.9  4.705236e-09
28389.4  4.702187e-09
28402.9  4.700670e-09
28416.4  4.701421e-09
28429.9  4.698414e-09
28443.4  4.695455e-09
28456.9  4.692549e-09
28470.4  4.689708e-09
28484.0  4.686956e-09
28497.5  4.684290e-09
28511.0  4.678972e-09
28524.5  4.673139e-09
28538.0  4.667417e-09
28551.5  4.661821e-09
28565.0  4.656360e-09
28578.5  4.651021e-09
28592.1  4.645823e-09
28605.6  4.638262e-09
28619.1  4.632288e-09
28632.6  4.628906e-09
28646.1  4.628840e-09
28659.6  4.627729e-09
28673.1  4.624711e-09
28686.6  4.621797e-09
28700.2  4.618986e-09
28713.7  4.616906e-09
28727.2  3.934542e-08
28740.7  1.392472e-07
28754.2  4.611103e-09
28767.7  4.609281e-09
28781.2  4.607494e-09
28794.7  4.605731e-09
28808.3  4.603937e-09
28821.8  4.602113e-09
28835.3  4.600269e-09
28848.8  4.598396e-09
28862.3  2.174969e-08
28875.8  4.589007e-09
28889.3  4.586958e-09
28902.8  4.585110e-09
28916.4  4.584275e-09
28929.9  4.588440e-09
28943.4  4.587434e-09
28956.9  4.586234e-09
28970.4  4.584897e-09
28983.9  4.583393e-09
28997.4  4.581740e-09
29010.9  4.578927e-09
29024.5  4.575695e-09
29038.0  4.572300e-09
29051.5  4.568724e-09
29065.0  4.564960e-09
29078.5  4.561028e-09
29092.0  4.556909e-09
29105.5  4.549894e-09
29119.0  4.543709e-09
29132.5  4.539778e-09
29146.1  4.535687e-09
29159.6  4.531452e-09
29173.1  4.527056e-09
29186.6  4.522531e-09
29200.1  4.517871e-09
29213.6  4.511168e-09
29227.1  4.504373e-09
29240.6  4.497495e-09
29254.2  4.490540e-09
29267.7  4.487411e-09
29281.2  4.481533e-09
29294.7  4.474451e-09
29308.2  4.466573e-09
29321.7  4.458195e-09
29335.2  4.449842e-09
29348.7  4.441527e-09
29362.3  4.433270e-09
29375.8  4.422030e-09
29389.3  4.411694e-09
29402.8  4.403868e-09
29416.3  4.396775e-09
29429.8  4.389798e-09
29443.3  4.388224e-09
29456.8  4.381534e-09
29470.4  4.374995e-09
29483.9  4.368644e-09
29497.4  4.362459e-09
29510.9  4.359531e-09
29524.4  4.351926e-09
29537.9  4.344507e-09
29551.4  4.337294e-09
29564.9  4.330296e-09
29578.5  4.323493e-09
29592.0  4.316909e-09
29605.5  4.310525e-09
29619.0  4.304317e-09
29632.5  4.298331e-09
29646.0  4.292548e-09
29659.5  4.286952e-09
29673.0  4.281572e-09
29686.6  4.276374e-09
29700.1  4.271350e-09
29713.6  4.266933e-09
29727.1  4.262673e-09
29740.6  4.258570e-09
29754.1  4.258699e-09
29767.6  4.260704e-09
29781.1  4.257021e-09
29794.7  4.253466e-09
29808.2  4.248548e-09
29821.7  4.242767e-09
29835.2  4.237070e-09
29848.7  4.231434e-09
29862.2  4.225857e-09
29875.7  4.220321e-09
29889.2  4.218854e-09
29902.8  4.214085e-09
29916.3  4.210537e-09
29929.8  4.206981e-09
29943.3  4.203402e-09
29956.8  4.199789e-09
29970.3  4.196132e-09
29983.8  4.192411e-09
29997.3  4.188623e-09
30010.9  4.182590e-09
30024.4  4.179425e-09
30037.9  4.172187e-09
30051.4  4.164830e-09
30064.9  4.159771e-09
30078.4  4.154679e-09
30091.9  4.146904e-09
30105.4  4.140262e-09
30118.9  4.135389e-09
30132.5  4.130349e-09
30146.0  4.125150e-09
30159.5  4.119798e-09
30173.0  4.114264e-09
30186.5  4.108569e-09
30200.0  4.102713e-09
30213.5  4.094648e-09
30227.0  7.517662e-08
30240.6  4.078046e-09
30254.1  4.069489e-09
30267.6  4.060785e-09
30281.1  4.051930e-09
30294.6  4.042918e-09
30308.1  4.036227e-09
30321.6  4.031026e-09
30335.1  4.025694e-09
30348.7  4.020252e-09
30362.2  4.015733e-09
30375.7  4.013819e-09
30389.2  4.008067e-09
30402.7  4.002782e-09
30416.2  3.999647e-09
30429.7  3.996453e-09
30443.2  3.993199e-09
30456.8  3.989905e-09
30470.3  3.986579e-09
30483.8  3.984789e-09
30497.3  3.983991e-09
30510.8  2.422345e-08
30524.3  3.974514e-09
30537.8  3.969645e-09
30551.3  3.964803e-09
30564.9  3.959999e-09
30578.4  3.955238e-09
30591.9  3.950531e-09
30605.4  3.947789e-09
30618.9  3.947974e-09
30632.4  3.948238e-09
30645.9  3.948581e-09
30659.4  3.953448e-09
30673.0  3.954236e-09
30686.5  3.957730e-09
30700.0  3.960014e-09
30713.5  3.958096e-09
30727.0  3.508351e-08
30740.5  3.954558e-09
30754.0  3.952965e-09
30767.5  3.951476e-09
30781.1  9.746572e-07
30794.6  1.315180e-06
30808.1  3.950145e-09
30821.6  3.953208e-09
30835.1  9.678448e-07
30848.6  2.620659e-06
30862.1  3.082554e-07
30875.6  3.966573e-09
30889.2  8.130185e-07
30902.7  1.584545e-06
30916.2  2.225728e-06
30929.7  2.688694e-06
30943.2  1.650178e-06
30956.7  1.743928e-06
30970.2  2.823767e-06
30983.7  7.549188e-07
30997.2  1.195887e-06
31010.8  4.004548e-06
31024.3  7.070093e-06
31037.8  7.401576e-06
31051.3  4.520502e-06
31064.8  3.676404e-06
31078.3  4.900596e-06
31091.8  5.288109e-06
31105.3  6.501065e-06
31118.9  9.498275e-06
31132.4  8.982941e-06
31145.9  6.793112e-06
31159.4  3.804261e-06
31172.9  4.795391e-06
31186.4  7.823566e-06
31199.9  7.266229e-06
31213.4  6.496452e-06
31227.0  9.937217e-06
31240.5  1.150924e-05
31254.0  1.130507e-05
31267.5  1.113253e-05
31281.0  1.212327e-05
31294.5  1.653826e-05
31308.0  1.941592e-05
31321.5  2.157395e-05
31335.1  2.255118e-05
31348.6  2.241567e-05
31362.1  2.182600e-05
31375.6  1.999869e-05
31389.1  2.270121e-05
31402.6  2.718696e-05
31416.1  2.903618e-05
31429.6  2.755168e-05
31443.2  2.897236e-05
31456.7  2.913542e-05
31470.2  2.918735e-05
31483.7  3.055857e-05
31497.2  3.458930e-05
31510.7  3.689217e-05
31524.2  3.790519e-05
31537.7  3.709744e-05
31551.3  3.812549e-05
31564.8  4.106994e-05
31578.3  4.398342e-05
31591.8  4.373221e-05
31605.3  4.484121e-05
31618.8  4.760295e-05
31632.3  4.819676e-05
31645.8  5.146751e-05
31659.4  5.593108e-05
31672.9  5.696465e-05
31686.4  5.405626e-05
31699.9  5.694587e-05
31713.4  6.058614e-05
31726.9  5.849456e-05
31740.4  5.917633e-05
31753.9  6.011078e-05
31767.5  6.124181e-05
31781.0  6.581999e-05
31794.5  6.839600e-05
31808.0  6.781636e-05
31821.5  6.864256e-05
31835.0  7.267838e-05
31848.5  7.056877e-05
31862.0  6.535914e-05
31875.5  6.674514e-05
31889.1  7.160398e-05
31902.6  7.233210e-05
31916.1  7.134414e-05
31929.6  6.731998e-05
31943.1  6.896495e-05
31956.6  7.099831e-05
31970.1  7.210411e-05
31983.6  7.430366e-05
31997.2  7.281125e-05
32010.7  7.002179e-05
32024.2  6.569801e-05
32037.7  6.642644e-05
32051.2  6.843084e-05
32064.7  6.973191e-05
32078.2  7.465685e-05
32091.7  7.936686e-05
32105.3  7.854942e-05
32118.8  7.626589e-05
32132.3  7.529949e-05
32145.8  7.703289e-05
32159.3  7.831773e-05
32172.8  7.850600e-05
32186.3  7.804905e-05
32199.8  8.071209e-05
32213.4  8.408938e-05
32226.9  8.541156e-05
32240.4  8.472711e-05
32253.9  8.334111e-05
32267.4  8.326534e-05
32280.9  8.701457e-05
32294.4  9.340221e-05
32307.9  9.593403e-05
32321.5  9.719812e-05
32335.0  9.834192e-05
32348.5  1.021509e-04
32362.0  1.034120e-04
32375.5  1.037128e-04
32389.0  1.074551e-04
32402.5  1.141429e-04
32416.0  1.156384e-04
32429.6  1.154108e-04
32443.1  1.231562e-04
32456.6  1.271785e-04
32470.1  1.278158e-04
32483.6  1.294223e-04
32497.1  1.315290e-04
32510.6  1.357406e-04
32524.1  1.460770e-04
32537.7  1.561105e-04
32551.2  1.593428e-04
32564.7  1.623701e-04
32578.2  1.665405e-04
32591.7  1.737424e-04
32605.2  1.836643e-04
32618.7  1.939445e-04
32632.2  2.036645e-04
32645.8  2.143316e-04
32659.3  2.257006e-04
32672.8  2.370043e-04
32686.3  2.509753e-04
32699.8  2.676717e-04
32713.3  2.828295e-04
32726.8  2.974225e-04
32740.3  3.176402e-04
32753.9  3.398017e-04
32767.4  3.595123e-04
32780.9  3.827390e-04
32794.4  4.084276e-04
32807.9  4.363003e-04
32821.4  4.710623e-04
32834.9  5.108194e-04
32848.4  5.539747e-04
32861.9  5.994949e-04
32875.5  6.498434e-04
32889.0  7.079002e-04
32902.5  7.723425e-04
32916.0  8.415210e-04
32929.5  9.176811e-04
32943.0  1.005212e-03
32956.5  1.101678e-03
32970.0  1.205026e-03
32983.6  1.321128e-03
32997.1  1.452348e-03
33010.6  1.594737e-03
33024.1  1.743535e-03
33037.6  1.908308e-03
33051.1  2.095145e-03
33064.6  2.295620e-03
33078.1  2.503789e-03
33091.7  2.724793e-03
33105.2  2.959326e-03
33118.7  3.209980e-03
33132.2  3.469301e-03
33145.7  3.735831e-03
33159.2  4.005355e-03
33172.7  4.275939e-03
33186.2  4.549914e-03
33199.8  4.822226e-03
33213.3  5.084868e-03
33226.8  5.334460e-03
33240.3  5.575178e-03
33253.8  5.807069e-03
33267.3  6.028249e-03
33280.8  6.235804e-03
33294.3  6.430860e-03
33307.9  6.606871e-03
33321.4  6.771692e-03
33334.9  6.932239e-03
33348.4  7.088878e-03
33361.9  7.229590e-03
33375.4  7.364700e-03
33388.9  7.503769e-03
33402.4  7.641780e-03
33416.0  7.766070e-03
33429.5  7.895263e-03
33443.0  8.029182e-03
33456.5  8.169899e-03
33470.0  8.314010e-03
33483.5  8.468011e-03
33497.0  8.638459e-03
33510.5  8.794442e-03
33524.1  8.956312e-03
33537.6  9.133405e-03
33551.1  9.324558e-03
33564.6  9.529064e-03
33578.1  9.749983e-03
33591.6  9.990188e-03
33605.1  1.028816e-02
33618.6  1.067575e-02
33632.2  1.109467e-02
33645.7  1.154788e-02
33659.2  1.204243e-02
33672.7  1.258328e-02
33686.2  1.316497e-02
33699.7  1.379184e-02
33713.2  1.459328e-02
33726.7  1.548008e-02
33740.2  1.646045e-02
33753.8  1.749993e-02
33767.3  1.863313e-02
33780.8  1.986953e-02
33794.3  2.121957e-02
33807.8  2.261355e-02
33821.3  2.407779e-02
33834.8  2.567733e-02
33848.3  2.742066e-02
33861.9  2.932659e-02
33875.4  3.140981e-02
33888.9  3.369219e-02
33902.4  3.617115e-02
33915.9  3.877895e-02
33929.4  4.162947e-02
33942.9  4.474980e-02
33956.4  4.815775e-02
33970.0  5.187653e-02
33983.5  5.593599e-02
33997.0  6.036032e-02
34010.5  6.517447e-02
34024.0  7.041372e-02
34037.5  7.611004e-02
34051.0  8.229552e-02
34064.5  8.900314e-02
34078.1  9.626736e-02
34091.6  1.041315e-01
34105.1  1.127018e-01
34118.6  1.218158e-01
34132.1  1.315537e-01
34145.6  1.419088e-01
34159.1  1.530265e-01
34172.6  1.645891e-01
34186.2  1.766714e-01
34199.7  1.891914e-01
34213.2  2.022146e-01
34226.7  2.155391e-01
34240.2  2.290469e-01
34253.7  2.426059e-01
34267.2  2.560343e-01
34280.7  2.691366e-01
34294.3  2.818544e-01
34307.8  2.940029e-01
34321.3  3.054950e-01
34334.8  3.162988e-01
34348.3  3.262333e-01
34361.8  3.353656e-01
34375.3  3.436427e-01
34388.8  3.510295e-01
34402.4  3.575207e-01
34415.9  3.629997e-01
34429.4  3.676922e-01
34442.9  3.721429e-01
34456.4  3.755490e-01
34469.9  3.784195e-01
34483.4  3.809690e-01
34496.9  3.832052e-01
34510.5  3.850119e-01
34524.0  3.865941e-01
34537.5  3.879639e-01
34551.0  3.891682e-01
34564.5  3.902386e-01
34578.0  3.912296e-01
34591.5  3.921666e-01
34605.0  3.932067e-01
34618.5  3.944519e-01
34632.1  3.957115e-01
34645.6  3.970160e-01
34659.1  3.983647e-01
34672.6  3.997764e-01
34686.1  4.012532e-01
34699.6  4.027973e-01
34713.1  4.041394e-01
34726.6  4.055329e-01
34740.2  4.070080e-01
34753.7  4.085454e-01
34767.2  4.104761e-01
34780.7  4.122506e-01
34794.2  4.141334e-01
34807.7  4.163134e-01
34821.2  4.183871e-01
34834.7  4.204902e-01
34848.3  4.226290e-01
34861.8  4.247891e-01
34875.3  4.269616e-01
34888.8  4.291263e-01
34902.3  4.312946e-01
34915.8  4.335448e-01
34929.3  4.357488e-01
34942.8  4.379176e-01
34956.4  4.400371e-01
34969.9  4.420930e-01
34983.4  4.440812e-01
34996.9  4.459736e-01
35010.4  4.477413e-01
35023.9  4.494068e-01
35037.4  4.509835e-01
35050.9  4.524762e-01
35064.5  4.538735e-01
35078.0  4.556068e-01
35091.5  4.569098e-01
35105.0  4.582857e-01
35118.5  4.596099e-01
35132.0  4.605597e-01
35145.5  4.614147e-01
35159.0  4.621782e-01
35172.6  4.628541e-01
35186.1  4.634599e-01
35199.6  4.639684e-01
35213.1  4.643290e-01
35226.6  4.646289e-01
35240.1  4.648776e-01
35253.6  4.650723e-01
35267.1  4.652030e-01
35280.7  4.652832e-01
35294.2  4.653235e-01
35307.7  4.652780e-01
35321.2  4.651834e-01
35334.7  4.650721e-01
35348.2  4.653945e-01
35361.7  4.653641e-01
35375.2  4.652288e-01
35388.8  4.651008e-01
35402.3  4.649554e-01
35415.8  4.647056e-01
35429.3  4.649675e-01
35442.8  4.648123e-01
35456.3  4.646634e-01
35469.8  4.645515e-01
35483.3  4.644744e-01
35496.8  4.644492e-01
35510.4  4.644491e-01
35523.9  4.649941e-01
35537.4  4.650675e-01
35550.9  4.651903e-01
35564.4  4.653828e-01
35577.9  4.656322e-01
35591.4  4.659357e-01
35604.9  4.663213e-01
35618.5  4.668228e-01
35632.0  4.673886e-01
35645.5  4.680049e-01
35659.0  4.686702e-01
35672.5  4.693895e-01
35686.0  4.704708e-01
35699.5  4.714870e-01
35713.0  4.722713e-01
35726.6  4.730787e-01
35740.1  4.739173e-01
35753.6  4.747739e-01
35767.1  4.756468e-01
35780.6  4.770760e-01
35794.1  4.779698e-01
35807.6  4.788338e-01
35821.1  4.796678e-01
35834.7  4.804843e-01
35848.2  4.817526e-01
35861.7  4.826437e-01
35875.2  4.834086e-01
35888.7  4.841535e-01
35902.2  4.848411e-01
35915.7  4.854305e-01
35929.2  4.859665e-01
35942.8  4.864465e-01
35956.3  4.868914e-01
35969.8  4.872757e-01
35983.3  4.876013e-01
35996.8  4.878744e-01
36010.3  4.881039e-01
36023.8  4.882954e-01
36037.3  4.888320e-01
36050.9  4.890306e-01
36064.4  4.890302e-01
36077.9  4.889594e-01
36091.4  4.888228e-01
36104.9  4.886129e-01
36118.4  4.882993e-01
36131.9  4.879364e-01
36145.4  4.875174e-01
36159.0  4.870386e-01
36172.5  4.865252e-01
36186.0  4.859641e-01
36199.5  4.858728e-01
36213.0  4.852602e-01
36226.5  4.845847e-01
36240.0  4.838941e-01
36253.5  4.831929e-01
36267.1  4.824675e-01
36280.6  4.817392e-01
36294.1  4.810029e-01
36307.6  4.802967e-01
36321.1  4.796335e-01
36334.6  4.789741e-01
36348.1  4.783330e-01
36361.6  4.777168e-01
36375.2  4.771090e-01
36388.7  4.765299e-01
36402.2  4.759957e-01
36415.7  4.755707e-01
36429.2  4.752081e-01
36442.7  4.748734e-01
36456.2  4.745734e-01
36469.7  4.743242e-01
36483.2  4.741141e-01
36496.8  4.743300e-01
36510.3  4.744552e-01
36523.8  4.744533e-01
36537.3  4.745127e-01
36550.8  4.746244e-01
36564.3  4.747808e-01
36577.8  4.749979e-01
36591.3  4.752623e-01
36604.9  4.755416e-01
36618.4  4.758200e-01
36631.9  4.761371e-01
36645.4  4.765071e-01
36658.9  4.769231e-01
36672.4  4.773733e-01
36685.9  4.778671e-01
36699.4  4.788904e-01
36713.0  4.795250e-01
36726.5  4.801719e-01
36740.0  4.808390e-01
36753.5  4.815283e-01
36767.0  4.822455e-01
36780.5  4.829677e-01
36794.0  4.837003e-01
36807.5  4.844437e-01
36821.1  4.851811e-01
36834.6  4.859711e-01
36848.1  4.867663e-01
36861.6  4.875420e-01
36875.1  4.883173e-01
36888.6  4.890735e-01
36902.1  4.897870e-01
36915.6  4.903859e-01
36929.2  4.909645e-01
36942.7  4.920909e-01
36956.2  4.926354e-01
36969.7  4.931431e-01
36983.2  4.936199e-01
36996.7  4.940727e-01
37010.2  4.944912e-01
37023.7  4.948845e-01
37037.3  4.952457e-01
37050.8  4.955683e-01
37064.3  4.958691e-01
37077.8  4.961392e-01
37091.3  4.963725e-01
37104.8  4.966092e-01
37118.3  4.968582e-01
37131.8  4.970693e-01
37145.4  4.972568e-01
37158.9  4.974164e-01
37172.4  4.975569e-01
37185.9  4.976802e-01
37199.4  4.977748e-01
37212.9  4.978566e-01
37226.4  4.979282e-01
37239.9  4.979760e-01
37253.5  4.980369e-01
37267.0  4.980985e-01
37280.5  4.981349e-01
37294.0  4.981602e-01
37307.5  4.981818e-01
37321.0  4.981989e-01
37334.5  4.982124e-01
37348.0  4.982109e-01
37361.5  4.987832e-01
37375.1  4.987852e-01
37388.6  4.987644e-01
37402.1  4.988269e-01
37415.6  4.991441e-01
37429.1  4.989988e-01
37442.6  4.988398e-01
37456.1  4.986685e-01
37469.6  4.984672e-01
37483.2  4.982417e-01
37496.7  4.979871e-01
37510.2  4.976804e-01
37523.7  4.973339e-01
37537.2  4.969398e-01
37550.7  4.964806e-01
37564.2  4.959626e-01
37577.7  4.953684e-01
37591.3  4.946792e-01
37604.8  4.939027e-01
37618.3  4.930211e-01
37631.8  4.920158e-01
37645.3  4.908924e-01
37658.8  4.896298e-01
37672.3  4.882094e-01
37685.8  4.866428e-01
37699.4  4.849014e-01
37712.9  4.829513e-01
37726.4  4.807982e-01
37739.9  4.784228e-01
37753.4  4.758039e-01
37766.9  4.733164e-01
37780.4  4.703501e-01
37793.9  4.669369e-01
37807.5  4.632799e-01
37821.0  4.593458e-01
37834.5  4.550856e-01
37848.0  4.504978e-01
37861.5  4.455624e-01
37875.0  4.402756e-01
37888.5  4.346486e-01
37902.0  4.286516e-01
37915.6  4.222042e-01
37929.1  4.154140e-01
37942.6  4.082674e-01
37956.1  4.007791e-01
37969.6  3.929694e-01
37983.1  3.848316e-01
37996.6  3.763858e-01
38010.1  3.677339e-01
38023.7  3.588106e-01
38037.2  3.496151e-01
38050.7  3.401954e-01
38064.2  3.305664e-01
38077.7  3.207686e-01
38091.2  3.108316e-01
38104.7  3.007549e-01
38118.2  2.905660e-01
38131.8  2.803264e-01
38145.3  2.700601e-01
38158.8  2.598068e-01
38172.3  2.496632e-01
38185.8  2.397326e-01
38199.3  2.296851e-01
38212.8  2.197780e-01
38226.3  2.100265e-01
38239.8  2.004551e-01
38253.4  1.910893e-01
38266.9  1.819482e-01
38280.4  1.730514e-01
38293.9  1.644149e-01
38307.4  1.560410e-01
38320.9  1.479385e-01
38334.4  1.401232e-01
38347.9  1.326034e-01
38361.5  1.253818e-01
38375.0  1.184509e-01
38388.5  1.119189e-01
38402.0  1.055935e-01
38415.5  9.954607e-02
38429.0  9.378581e-02
38442.5  8.830900e-02
38456.0  8.310947e-02
38469.6  7.817611e-02
38483.1  7.349904e-02
38496.6  6.907133e-02
38510.1  6.488560e-02
38523.6  6.093476e-02
38537.1  5.720904e-02
38550.6  5.369767e-02
38564.1  5.039309e-02
38577.7  4.732624e-02
38591.2  4.440386e-02
38604.7  4.164118e-02
38618.2  3.904820e-02
38631.7  3.661144e-02
38645.2  3.432183e-02
38658.7  3.217649e-02
38672.2  3.016427e-02
38685.8  2.827445e-02
38699.3  2.650337e-02
38712.8  2.484440e-02
38726.3  2.328847e-02
38739.8  2.182932e-02
38753.3  2.046439e-02
38766.8  1.918926e-02
38780.3  1.799592e-02
38793.9  1.687569e-02
38807.4  1.582248e-02
38820.9  1.483621e-02
38834.4  1.391631e-02
38847.9  1.305469e-02
38861.4  1.224817e-02
38874.9  1.149585e-02
38888.4  1.079093e-02
38902.0  1.012673e-02
38915.5  9.502372e-03
38929.0  8.919912e-03
38942.5  8.378586e-03
38956.0  7.873214e-03
38969.5  7.396845e-03
38983.0  6.954044e-03
38996.5  6.530996e-03
39010.1  6.138344e-03
39023.6  5.772353e-03
39037.1  5.428995e-03
39050.6  5.104622e-03
39064.1  4.797264e-03
39077.6  4.507265e-03
39091.1  4.234767e-03
39104.6  3.980229e-03
39118.2  3.744899e-03
39131.7  3.527886e-03
39145.2  3.325522e-03
39158.7  3.131256e-03
39172.2  2.946247e-03
39185.7  2.773646e-03
39199.2  2.611481e-03
39212.7  2.458450e-03
39226.2  2.314336e-03
39239.8  2.180589e-03
39253.3  2.056844e-03
39266.8  1.939379e-03
39280.3  1.824982e-03
39293.8  1.715806e-03
39307.3  1.615886e-03
39320.8  1.523991e-03
39334.3  1.437281e-03
39347.9  1.354202e-03
39361.4  1.274114e-03
39374.9  1.199476e-03
39388.4  1.130770e-03
39401.9  1.066960e-03
39415.4  1.007599e-03
39428.9  9.509180e-04
39442.4  8.948446e-04
39456.0  8.410001e-04
39469.5  7.939457e-04
39483.0  7.484736e-04
39496.5  7.026754e-04
39510.0  6.608850e-04
39523.5  6.234671e-04
39537.0  5.874626e-04
39550.5  5.519568e-04
39564.1  5.192009e-04
39577.6  4.888024e-04
39591.1  4.583110e-04
39604.6  4.299812e-04
39618.1  4.032621e-04
39631.6  3.770728e-04
39645.1  3.525273e-04
39658.6  3.301706e-04
39672.2  3.101013e-04
39685.7  2.925991e-04
39699.2  2.778595e-04
39712.7  2.624477e-04
39726.2  2.448474e-04
39739.7  2.266703e-04
39753.2  2.084489e-04
39766.7  1.913385e-04
39780.3  1.761129e-04
39793.8  1.618335e-04
39807.3  1.482103e-04
39820.8  1.362938e-04
39834.3  1.264463e-04
39847.8  1.171487e-04
39861.3  1.086428e-04
39874.8  1.004702e-04
39888.4  9.415469e-05
39901.9  8.872409e-05
39915.4  8.338197e-05
39928.9  7.743475e-05
39942.4  7.040792e-05
39955.9  6.399738e-05
39969.4  5.880983e-05
39982.9  5.553552e-05
39996.5  5.392483e-05
40010.0  5.203581e-05
40023.5  4.841217e-05
40037.0  4.411213e-05
40050.5  4.168915e-05
40064.0  3.981327e-05
40077.5  3.683563e-05
40091.0  3.311066e-05
40104.5  2.889435e-05
40118.1  2.533474e-05
40131.6  2.330603e-05
40145.1  2.279983e-05
40158.6  2.195772e-05
40172.1  2.068710e-05
40185.6  1.916315e-05
40199.1  1.677959e-05
40212.6  1.407808e-05
40226.2  1.096378e-05
40239.7  8.965673e-06
40253.2  7.275572e-06
40266.7  7.694033e-06
40280.2  9.627889e-06
40293.7  1.002197e-05
40307.2  8.182971e-06
40320.7  6.332025e-06
40334.3  6.016263e-06
40347.8  7.704817e-06
40361.3  9.098889e-06
40374.8  7.927106e-06
40388.3  5.658644e-06
40401.8  4.450295e-06
40415.3  4.051557e-06
40428.8  3.618524e-06
40442.4  2.684407e-06
40455.9  2.535016e-06
40469.4  3.510398e-06
40482.9  4.376296e-06
40496.4  4.583213e-06
40509.9  3.766836e-06
40523.4  2.090497e-06
40536.9  7.465664e-07
40550.5  1.009460e-06
40564.0  2.593732e-06
40577.5  3.986344e-06
40591.0  3.710461e-06
40604.5  2.478331e-06
40618.0  1.457286e-06
40631.5  1.023344e-06
40645.0  1.544841e-06
40658.6  2.792527e-06
40672.1  3.926485e-06
40685.6  3.806541e-06
40699.1  2.786047e-06
40712.6  1.916467e-06
40726.1  1.579100e-06
40739.6  1.171561e-06
40753.1  1.499966e-06
40766.7  2.449180e-06
40780.2  3.465183e-06
40793.7  3.444535e-06
40807.2  2.848952e-06
40820.7  2.611654e-06
40834.2  2.688601e-06
40847.7  3.017841e-06
40861.2  3.137605e-06
40874.8  2.667032e-06
40888.3  1.964786e-06
40901.8  2.538433e-06
40915.3  3.178692e-06
40928.8  3.347862e-06
40942.3  3.833997e-06
40955.8  5.310755e-06
40969.3  7.258934e-06
40982.8  8.307801e-06
40996.4  9.406477e-06
41009.9  9.928718e-06
41023.4  9.612749e-06
41036.9  8.944433e-06
41050.4  8.635016e-06
41063.9  7.320905e-06
41077.4  5.073408e-06
41090.9  4.780363e-06
41104.5  5.832344e-06
41118.0  7.451168e-06
41131.5  8.026310e-06
41145.0  8.846354e-06
41158.5  9.672694e-06
41172.0  9.879320e-06
41185.5  9.883403e-06
41199.0  1.017290e-05
41212.6  1.065519e-05
41226.1  1.081790e-05
41239.6  1.101557e-05
41253.1  1.040821e-05
41266.6  8.621079e-06
41280.1  6.373710e-06
41293.6  5.344601e-06
41307.1  6.918086e-06
41320.7  9.373989e-06
41334.2  1.140939e-05
41347.7  1.187618e-05
41361.2  1.115098e-05
41374.7  1.145336e-05
41388.2  1.212566e-05
41401.7  1.210446e-05
41415.2  1.193078e-05
41428.8  1.249987e-05
41442.3  1.410869e-05
41455.8  1.411329e-05
41469.3  1.315115e-05
41482.8  1.236068e-05
41496.3  1.220977e-05
41509.8  1.260279e-05
41523.3  1.299753e-05
41536.9  1.267527e-05
41550.4  1.133700e-05
41563.9  9.482559e-06
41577.4  7.894532e-06
41590.9  7.757370e-06
41604.4  8.751365e-06
41617.9  9.640143e-06
41631.4  9.834123e-06
41645.0  9.344976e-06
41658.5  9.137477e-06
41672.0  8.791549e-06
41685.5  7.119992e-06
41699.0  5.226760e-06
41712.5  4.135692e-06
41726.0  4.874700e-06
41739.5  5.772833e-06
41753.1  5.968389e-06
41766.6  5.530901e-06
41780.1  4.768120e-06
41793.6  3.958441e-06
41807.1  4.105672e-06
41820.6  4.551765e-06
41834.1  4.908430e-06
41847.6  5.204168e-06
41861.1  6.279809e-06
41874.7  7.849339e-06
41888.2  8.731696e-06
41901.7  8.961672e-06
41915.2  8.472254e-06
41928.7  6.915786e-06
41942.2  3.510569e-06
41955.7  1.893809e-06
41969.2  1.763873e-06
41982.8  2.754739e-06
41996.3  2.903186e-06
42009.8  2.802619e-06
42023.3  3.129375e-06
42036.8  3.157971e-06
42050.3  2.175611e-06
42063.8  7.038474e-07
42077.3  1.344001e-08
42090.9  5.405864e-09
42104.4  1.545366e-08
42117.9  1.244373e-06
42131.4  2.459805e-06
42144.9  2.214994e-06
42158.4  3.264288e-07
42171.9  7.778658e-08
42185.4  8.772855e-07
42199.0  2.114573e-06
42212.5  1.584036e-06
42226.0  9.867096e-08
42239.5  5.389678e-09
42253.0  5.388044e-09
42266.5  5.386400e-09
42280.0  5.384748e-09
42293.5  5.383087e-09
42307.1  5.381441e-09
42320.6  5.379808e-09
42334.1  5.378169e-09
42347.6  5.376525e-09
42361.1  5.374875e-09
42374.6  5.373222e-09
42388.1  5.371564e-09
42401.6  5.369892e-09
42415.2  5.368129e-09
42428.7  5.371679e-09
42442.2  5.370729e-09
42455.7  3.081478e-08
42469.2  2.046366e-08
42482.7  5.371339e-09
42496.2  5.369570e-09
42509.7  1.195133e-07
42523.3  6.141230e-07
42536.8  1.395217e-07
42550.3  3.220050e-06
42563.8  4.613204e-06
42577.3  3.445187e-06
42590.8  3.094959e-06
42604.3  3.877547e-06
42617.8  5.991737e-06
42631.4  6.072462e-06
42644.9  5.230377e-06
42658.4  4.171532e-06
42671.9  3.354516e-06
42685.4  3.402142e-06
42698.9  4.316998e-06
42712.4  5.685658e-06
42725.9  6.737107e-06
42739.5  7.024566e-06
42753.0  7.886117e-06
42766.5  8.768758e-06
42780.0  9.433587e-06
42793.5  9.702088e-06
42807.0  1.090768e-05
42820.5  1.406137e-05
42834.0  1.435618e-05
42847.5  1.437566e-05
42861.1  1.598078e-05
42874.6  1.613466e-05
42888.1  1.498875e-05
42901.6  1.349256e-05
42915.1  1.427475e-05
42928.6  1.480531e-05
42942.1  1.518717e-05
42955.6  1.523845e-05
42969.2  1.609609e-05
42982.7  1.615165e-05
42996.2  1.599695e-05
43009.7  1.646102e-05
43023.2  1.884239e-05
43036.7  2.070385e-05
43050.2  2.123412e-05
43063.7  2.046912e-05
43077.3  1.914408e-05
43090.8  1.944380e-05
43104.3  2.136377e-05
43117.8  2.463066e-05
43131.3  2.747859e-05
43144.8  2.791356e-05
43158.3  2.803864e-05
43171.8  2.850404e-05
43185.4  3.027751e-05
43198.9  3.273065e-05
43212.4  3.471181e-05
43225.9  3.275099e-05
43239.4  2.858801e-05
43252.9  2.492454e-05
43266.4  2.502713e-05
43279.9  2.583965e-05
43293.5  2.914683e-05
43307.0  3.249591e-05
43320.5  3.464467e-05
43334.0  3.840031e-05
43347.5  4.047327e-05
43361.0  4.296603e-05
43374.5  4.453907e-05
43388.0  4.419507e-05
43401.6  4.067570e-05
43415.1  3.811824e-05
43428.6  3.710283e-05
43442.1  3.660348e-05
43455.6  3.452652e-05
43469.1  3.302399e-05
43482.6  3.269026e-05
43496.1  3.367139e-05
43509.7  3.392749e-05
43523.2  3.374591e-05
43536.7  3.330514e-05
43550.2  3.329859e-05
43563.7  3.397218e-05
43577.2  3.541198e-05
43590.7  3.668689e-05
43604.2  3.660890e-05
43617.8  3.504542e-05
43631.3  3.489272e-05
43644.8  3.559418e-05
43658.3  3.638543e-05
43671.8  3.690306e-05
43685.3  3.851764e-05
43698.8  4.066999e-05
43712.3  4.138975e-05
43725.8  3.936846e-05
43739.4  3.684116e-05
43752.9  3.457256e-05
43766.4  3.336106e-05
43779.9  3.440921e-05
43793.4  3.707198e-05
43806.9  4.137329e-05
43820.4  4.290440e-05
43833.9  4.356986e-05
43847.5  4.392634e-05
43861.0  4.527557e-05
43874.5  4.621915e-05
43888.0  4.688450e-05
43901.5  4.725831e-05
43915.0  4.726979e-05
43928.5  4.598610e-05
43942.0  4.457384e-05
43955.6  4.362525e-05
43969.1  4.303736e-05
43982.6  4.117454e-05
43996.1  3.885720e-05
44009.6  3.717434e-05
44023.1  3.648891e-05
44036.6  3.549677e-05
44050.1  3.393978e-05
44063.7  3.410519e-05
44077.2  3.600792e-05
44090.7  3.795668e-05
44104.2  3.837447e-05
44117.7  3.779808e-05
44131.2  3.820456e-05
44144.7  3.944868e-05
44158.2  4.063729e-05
44171.8  4.133527e-05
44185.3  4.201742e-05
44198.8  4.300361e-05
44212.3  4.351217e-05
44225.8  4.338367e-05
44239.3  4.279807e-05
44252.8  4.231900e-05
44266.3  4.250457e-05
44279.9  4.253553e-05
44293.4  4.208086e-05
44306.9  4.036653e-05
44320.4  3.893319e-05
44333.9  3.770304e-05
44347.4  3.668162e-05
44360.9  3.545983e-05
44374.4  3.475285e-05
44388.0  3.458522e-05
44401.5  3.542169e-05
44415.0  3.689862e-05
44428.5  3.894908e-05
44442.0  4.075114e-05
44455.5  4.021214e-05
44469.0  3.873741e-05
44482.5  3.736550e-05
44496.1  3.902324e-05
44509.6  3.968305e-05
44523.1  3.913844e-05
44536.6  3.526764e-05
44550.1  3.361551e-05
44563.6  3.345741e-05
44577.1  3.540399e-05
44590.6  3.655919e-05
44604.1  3.769529e-05
44617.7  3.876717e-05
44631.2  3.945443e-05
44644.7  3.901042e-05
44658.2  3.772088e-05
44671.7  3.590296e-05
44685.2  3.508970e-05
44698.7  3.535055e-05
44712.2  3.737092e-05
44725.8  4.032206e-05
44739.3  4.286841e-05
44752.8  4.446432e-05
44766.3  4.452474e-05
44779.8  4.421522e-05
44793.3  4.369375e-05
44806.8  4.339579e-05
44820.3  4.398406e-05
44833.9  4.474922e-05
44847.4  4.526691e-05
44860.9  4.400143e-05
44874.4  4.252041e-05
44887.9  4.079057e-05
44901.4  3.932246e-05
44914.9  3.836791e-05
44928.4  3.812019e-05
44942.0  3.849741e-05
44955.5  3.878547e-05
44969.0  3.930972e-05
44982.5  4.068682e-05
44996.0  4.276130e-05
45009.5  4.429770e-05
45023.0  4.397149e-05
45036.5  4.137407e-05
45050.1  3.911704e-05
45063.6  3.753185e-05
45077.1  3.701530e-05
45090.6  3.739146e-05
45104.1  3.818560e-05
45117.6  3.896252e-05
45131.1  3.812667e-05
45144.6  3.633845e-05
45158.2  3.394353e-05
45171.7  3.235337e-05
45185.2  3.134631e-05
45198.7  3.146984e-05
45212.2  3.380687e-05
45225.7  3.640401e-05
45239.2  3.838690e-05
45252.7  3.666829e-05
45266.3  3.577056e-05
45279.8  3.614724e-05
45293.3  4.065857e-05
45306.8  4.442080e-05
45320.3  4.700457e-05
45333.8  4.608330e-05
45347.3  4.417976e-05
45360.8  4.188315e-05
45374.4  4.003348e-05
45387.9  3.975636e-05
45401.4  4.012598e-05
45414.9  3.987981e-05
45428.4  3.761746e-05
45441.9  3.507557e-05
45455.4  3.371648e-05
45468.9  3.551491e-05
45482.5  3.868642e-05
45496.0  4.299171e-05
45509.5  4.544910e-05
45523.0  4.591259e-05
45536.5  4.342952e-05
45550.0  3.933803e-05
45563.5  3.605277e-05
45577.0  3.404490e-05
45590.5  3.390367e-05
45604.1  3.480648e-05
45617.6  3.758295e-05
45631.1  4.061227e-05
45644.6  4.242153e-05
45658.1  4.230375e-05
45671.6  4.078424e-05
45685.1  4.004995e-05
45698.6  4.032667e-05
45712.2  4.198410e-05
45725.7  4.402758e-05
45739.2  4.644711e-05
45752.7  4.674776e-05
45766.2  4.597375e-05
45779.7  4.418901e-05
45793.2  4.423344e-05
45806.7  4.417764e-05
45820.3  4.397036e-05
45833.8  4.095461e-05
45847.3  3.899549e-05
45860.8  3.795867e-05
45874.3  3.840277e-05
45887.8  3.774235e-05
45901.3  3.607916e-05
45914.8  3.481789e-05
45928.4  3.449245e-05
45941.9  3.533033e-05
45955.4  3.649644e-05
45968.9  3.775769e-05
45982.4  3.904024e-05
45995.9  3.850828e-05
46009.4  3.770188e-05
46022.9  3.661836e-05
46036.5  3.714233e-05
46050.0  3.745568e-05
46063.5  3.719180e-05
46077.0  3.545789e-05
46090.5  3.418129e-05
46104.0  3.351988e-05
46117.5  3.315068e-05
46131.0  3.315707e-05
46144.6  3.378426e-05
46158.1  3.525479e-05
46171.6  3.622206e-05
46185.1  3.576903e-05
46198.6  3.535004e-05
46212.1  3.583078e-05
46225.6  3.795796e-05
46239.1  3.871406e-05
46252.7  3.899980e-05
46266.2  3.851627e-05
46279.7  3.910311e-05
46293.2  3.963871e-05
46306.7  3.822707e-05
46320.2  3.567301e-05
46333.7  3.310296e-05
46347.2  3.297223e-05
46360.8  3.317455e-05
46374.3  3.344442e-05
46387.8  3.232366e-05
46401.3  3.272996e-05
46414.8  3.416030e-05
46428.3  3.775378e-05
46441.8  4.055707e-05
46455.3  4.207941e-05
46468.8  4.087890e-05
46482.4  3.987875e-05
46495.9  3.969039e-05
46509.4  4.070665e-05
46522.9  4.164670e-05
46536.4  4.108106e-05
46549.9  3.939073e-05
46563.4  3.755192e-05
46576.9  3.603306e-05
46590.5  3.465898e-05
46604.0  3.343421e-05
46617.5  3.359606e-05
46631.0  3.448830e-05
46644.5  3.596359e-05
46658.0  3.537857e-05
46671.5  3.497975e-05
46685.0  3.489310e-05
46698.6  3.731795e-05
46712.1  3.981111e-05
46725.6  4.158479e-05
46739.1  4.071785e-05
46752.6  3.862060e-05
46766.1  3.494900e-05
46779.6  3.103037e-05
46793.1  2.782289e-05
46806.7  2.703994e-05
46820.2  2.751185e-05
46833.7  2.932322e-05
46847.2  2.983588e-05
46860.7  2.996613e-05
46874.2  2.948347e-05
46887.7  2.865491e-05
46901.2  2.770646e-05
46914.8  2.672481e-05
46928.3  2.784956e-05
46941.8  3.019455e-05
46955.3  3.400059e-05
46968.8  3.641389e-05
46982.3  3.751497e-05
46995.8  3.735840e-05
47009.3  3.791109e-05
47022.9  3.944842e-05
47036.4  4.016721e-05
47049.9  4.023514e-05
47063.4  3.862167e-05
47076.9  3.723931e-05
47090.4  3.612217e-05
47103.9  3.665141e-05
47117.4  3.766898e-05
47131.0  3.926101e-05
47144.5  4.007065e-05
47158.0  3.997369e-05
47171.5  3.831693e-05
47185.0  3.560816e-05
47198.5  3.308767e-05
47212.0  3.243570e-05
47225.5  3.326672e-05
47239.1  3.547642e-05
47252.6  3.607498e-05
47266.1  3.566214e-05
47279.6  3.376896e-05
47293.1  3.254683e-05
47306.6  3.157453e-05
47320.1  3.084194e-05
47333.6  2.929387e-05
47347.1  2.795683e-05
47360.7  2.773631e-05
47374.2  2.809969e-05
47387.7  2.830621e-05
47401.2  2.798970e-05
47414.7  2.843790e-05
47428.2  3.065956e-05
47441.7  3.373868e-05
47455.2  3.634041e-05
47468.8  3.554921e-05
47482.3  3.395198e-05
47495.8  3.124522e-05
47509.3  2.925942e-05
47522.8  2.798420e-05
47536.3  2.893003e-05
47549.8  3.073301e-05
47563.3  3.360379e-05
47576.9  3.505149e-05
47590.4  3.574470e-05
47603.9  3.506765e-05
47617.4  3.433153e-05
47630.9  3.351491e-05
47644.4  3.260531e-05
47657.9  3.159066e-05
47671.4  3.049132e-05
47685.0  2.902433e-05
47698.5  2.749795e-05
47712.0  2.590712e-05
47725.5  2.553171e-05
47739.0  2.604427e-05
47752.5  2.785149e-05
47766.0  2.957271e-05
47779.5  3.063519e-05
47793.1  3.146707e-05
47806.6  3.221937e-05
47820.1  3.219341e-05
47833.6  3.153892e-05
47847.1  2.999890e-05
47860.6  2.927647e-05
47874.1  2.900333e-05
47887.6  2.942185e-05
47901.2  2.863442e-05
47914.7  2.772728e-05
47928.2  2.749474e-05
47941.7  2.761076e-05
47955.2  2.804078e-05
47968.7  2.896321e-05
47982.2  3.068160e-05
47995.7  3.091389e-05
48009.3  3.122986e-05
48022.8  3.128192e-05
48036.3  3.147948e-05
48049.8  3.192872e-05
48063.3  3.306521e-05
48076.8  3.424821e-05
48090.3  3.548223e-05
48103.8  3.552582e-05
48117.4  3.489909e-05
48130.9  3.182325e-05
48144.4  2.831845e-05
48157.9  2.435291e-05
48171.4  2.250507e-05
48184.9  2.156008e-05
48198.4  2.336620e-05
48211.9  2.517937e-05
48225.5  2.649349e-05
48239.0  2.671202e-05
48252.5  2.684019e-05
48266.0  2.731682e-05
48279.5  2.775298e-05
48293.0  2.808380e-05
48306.5  2.809970e-05
48320.0  2.814155e-05
48333.5  2.892244e-05
48347.1  3.006587e-05
48360.6  3.145634e-05
48374.1  3.181506e-05
48387.6  3.161522e-05
48401.1  2.960183e-05
48414.6  2.747499e-05
48428.1  2.541160e-05
48441.6  2.495714e-05
48455.2  2.502042e-05
48468.7  2.591261e-05
48482.2  2.675668e-05
48495.7  2.725067e-05
48509.2  2.701462e-05
48522.7  2.641531e-05
48536.2  2.388667e-05
48549.7  2.081136e-05
48563.3  1.794012e-05
48576.8  1.599823e-05
48590.3  1.454695e-05
48603.8  1.424710e-05
48617.3  1.426086e-05
48630.8  1.480570e-05
48644.3  1.579420e-05
48657.8  1.834441e-05
48671.4  1.976508e-05
48684.9  2.098365e-05
48698.4  2.104090e-05
48711.9  2.107955e-05
48725.4  2.112105e-05
48738.9  2.043599e-05
48752.4  1.946388e-05
48765.9  1.772406e-05
48779.5  1.654449e-05
48793.0  1.600741e-05
48806.5  1.578034e-05
48820.0  1.730870e-05
48833.5  1.785038e-05
48847.0  1.790016e-05
48860.5  1.708517e-05
48874.0  1.614202e-05
48887.6  1.531412e-05
48901.1  1.436112e-05
48914.6  1.365927e-05
48928.1  1.338354e-05
48941.6  1.396235e-05
48955.1  1.585561e-05
48968.6  1.750085e-05
48982.1  1.825961e-05
48995.7  1.564072e-05
49009.2  1.335943e-05
49022.7  1.233931e-05
49036.2  1.311725e-05
49049.7  1.490043e-05
49063.2  1.618601e-05
49076.7  1.672950e-05
49090.2  1.629906e-05
49103.8  1.585847e-05
49117.3  1.520387e-05
49130.8  1.399603e-05
49144.3  1.351051e-05
49157.8  1.315054e-05
49171.3  1.291804e-05
49184.8  1.258437e-05
49198.3  1.167569e-05
49211.8  1.099360e-05
49225.4  1.122264e-05
49238.9  1.202689e-05
49252.4  1.312303e-05
49265.9  1.333256e-05
49279.4  1.258988e-05
49292.9  1.151093e-05
49306.4  1.059534e-05
49319.9  1.059062e-05
49333.5  1.105941e-05
49347.0  1.028368e-05
49360.5  8.629224e-06
49374.0  6.680525e-06
49387.5  5.707263e-06
49401.0  5.009789e-06
49414.5  4.653445e-06
49428.0  5.073369e-06
49441.6  5.481362e-06
49455.1  5.818736e-06
49468.6  6.058931e-06
49482.1  5.697930e-06
49495.6  5.199881e-06
49509.1  4.302053e-06
49522.6  3.908115e-06
49536.1  3.786793e-06
49549.7  4.297722e-06
49563.2  5.978081e-06
49576.7  7.696100e-06
49590.2  9.524197e-06
49603.7  9.338870e-06
49617.2  8.808366e-06
49630.7  7.712082e-06
49644.2  7.260016e-06
49657.8  7.158183e-06
49671.3  7.119481e-06
49684.8  7.274740e-06
49698.3  6.903279e-06
49711.8  6.624073e-06
49725.3  6.406799e-06
49738.8  6.243874e-06
49752.3  6.258326e-06
49765.9  6.405528e-06
49779.4  6.548259e-06
49792.9  6.082475e-06
49806.4  5.304284e-06
49819.9  3.687283e-06
49833.4  2.130755e-06
49846.9  1.360273e-06
49860.4  1.454785e-06
49874.0  1.825420e-06
49887.5  1.863030e-06
49901.0  3.289336e-06
49914.5  4.090791e-06
49928.0  4.764312e-06
49941.5  4.359337e-06
49955.0  3.300077e-06
49968.5  2.158935e-06
49982.1  1.445557e-06
49995.6  9.744641e-07
50009.1  1.302335e-06
50022.6  2.031609e-06
50036.1  2.776054e-06
50049.6  3.522612e-06
50063.1  3.993889e-06
50076.6  4.225038e-06
50090.1  4.443318e-06
50103.7  4.075617e-06
50117.2  4.025024e-06
50130.7  3.788563e-06
50144.2  3.407226e-06
50157.7  2.864890e-06
50171.2  1.766710e-06
50184.7  1.783158e-06
50198.2  1.691109e-06
50211.8  1.470286e-06
50225.3  1.213730e-06
50238.8  1.023909e-06
50252.3  1.244173e-06
50265.8  1.492104e-06
50279.3  1.727624e-06
50292.8  1.626099e-06
50306.3  1.209204e-06
50319.9  1.029963e-06
50333.4  9.402769e-07
50346.9  1.353878e-06
50360.4  2.058990e-06
50373.9  1.924956e-06
50387.4  1.598878e-06
50400.9  9.024209e-07
50414.4  7.048196e-07
50428.0  8.773730e-07
50441.5  1.251227e-06
50455.0  2.123193e-06
50468.5  2.588312e-06
50482.0  2.858639e-06
50495.5  2.043021e-06
50509.0  1.145352e-06
50522.5  3.820546e-07
50536.1  2.660506e-07
50549.6  3.876215e-07
50563.1  5.812934e-07
50576.6  8.963315e-07
50590.1  8.682061e-07
50603.6  7.445149e-07
50617.1  1.110263e-06
50630.6  2.546158e-06
50644.2  2.711743e-06
50657.7  2.746045e-06
50671.2  1.783134e-06
50684.7  8.566959e-07
50698.2  9.916526e-07
50711.7  9.514985e-07
50725.2  7.758440e-07
50738.7  7.940658e-07
50752.3  1.350498e-06
50765.8  1.424562e-06
50779.3  1.370727e-06
50792.8  1.136587e-06
50806.3  2.943794e-06
50819.8  2.508739e-06
50833.3  9.008681e-07
50846.8  5.685591e-07
50860.4  8.018783e-07
50873.9  1.236987e-06
50887.4  1.361793e-06
50900.9  1.241912e-06
50914.4  5.576347e-07
50927.9  2.089415e-07
50941.4  1.440844e-08
50954.9  2.691120e-09
50968.4  2.682867e-09
50982.0  2.674587e-09
50995.5  2.666278e-09
