# from http://www.stsci.edu/jwst/instruments/nircam/instrumentdesign/filters
# Retrieved Jan 18, 2017, dated Feb 5, 2016 (pre-flight)
# Uses modA or modB  filters+DBS+QE+OTE (nrc_plus_ote)
# Units of transmission are PCE (photon to electron conversion efficiency)
# 
5503.5  4.715432e-13
5513.5  4.477167e-13
5523.5  6.108472e-10
5533.5  6.016836e-10
5543.5  7.296742e-13
5553.5  7.366906e-11
5563.5  1.254059e-11
5573.5  1.803775e-10
5583.5  1.029203e-12
5593.5  1.236452e-12
5603.5  1.426666e-12
5613.5  1.299721e-09
5623.5  1.309262e-09
5633.5  1.885380e-12
5643.5  1.536317e-10
5653.5  2.074851e-12
5663.5  1.382871e-09
5673.5  1.699670e-09
5683.5  1.894996e-09
5693.5  1.790980e-09
5703.5  5.523478e-09
5713.5  4.361221e-09
5723.5  5.284248e-09
5733.5  5.860611e-10
5743.5  4.731339e-10
5753.5  2.665300e-09
5763.5  4.546240e-09
5773.5  5.154950e-09
5783.5  6.442878e-09
5793.5  4.114164e-12
5803.5  6.037044e-10
5813.5  5.660484e-09
5823.5  1.524623e-10
5833.5  3.224026e-09
5843.5  4.476977e-09
5853.5  3.517913e-09
5863.5  1.088564e-08
5873.5  1.134945e-08
5883.5  1.691507e-08
5893.5  1.808407e-09
5903.5  2.384304e-09
5913.5  2.530441e-09
5923.5  3.274486e-09
5933.5  1.691210e-08
5943.5  1.202409e-08
5953.5  1.165974e-08
5963.5  7.138784e-09
5973.5  1.522176e-08
5983.5  1.259221e-08
5993.5  1.196969e-08
6003.5  8.938700e-09
6013.5  3.669838e-09
6023.5  1.797228e-09
6033.5  9.876814e-09
6043.5  2.657488e-09
6053.5  1.112599e-11
6063.5  1.294909e-08
6073.5  9.687288e-09
6083.5  2.234587e-08
6093.5  1.114791e-08
6103.5  2.137035e-08
6113.5  1.038386e-08
6123.5  1.478931e-08
6133.5  8.089155e-09
6143.5  1.317005e-08
6153.5  1.582040e-09
6163.5  1.474222e-09
6173.5  2.402892e-08
6183.5  7.862477e-09
6193.5  1.295151e-08
6203.5  3.108547e-08
6213.5  1.607655e-08
6223.5  1.570776e-08
6233.5  2.363183e-08
6243.5  3.089248e-08
6253.5  1.388398e-08
6263.5  1.092208e-08
6273.5  4.682181e-09
6283.5  2.348117e-08
6293.5  3.533745e-08
6303.5  1.631447e-08
6313.5  3.108486e-08
6323.5  5.559883e-09
6333.5  3.632270e-08
6343.5  2.996476e-08
6353.5  1.000043e-08
6363.5  6.676802e-09
6373.5  1.185716e-08
6383.5  7.085131e-08
6393.5  4.139324e-08
6403.5  5.751927e-08
6413.5  4.448751e-08
6423.5  5.534153e-08
6433.5  1.441056e-08
6443.5  6.296914e-08
6453.5  3.313329e-08
6463.5  3.898177e-08
6473.5  4.064331e-08
6483.5  5.149415e-08
6493.5  3.219156e-08
6503.5  3.644743e-08
6513.5  3.147499e-08
6523.5  2.550774e-08
6533.5  7.174806e-08
6543.5  6.049290e-08
6553.5  4.373194e-08
6563.5  5.930372e-08
6573.5  8.596197e-08
6583.5  6.369387e-08
6593.5  3.884716e-08
6603.5  7.535185e-08
6613.5  8.603934e-08
6623.5  6.605114e-08
6633.5  6.713340e-08
6643.5  9.397201e-08
6653.5  1.084425e-07
6663.5  9.055563e-08
6673.5  7.681527e-08
6683.5  5.129998e-08
6693.5  8.983023e-08
6703.5  8.608874e-08
6713.5  7.251699e-08
6723.5  6.329912e-08
6733.5  5.461401e-08
6743.5  3.954373e-08
6753.5  3.252229e-08
6763.5  7.554335e-08
6773.5  4.588891e-08
6783.5  2.686651e-08
6793.5  7.946719e-08
6803.5  5.907153e-08
6813.5  5.561368e-08
6823.5  3.808805e-08
6833.5  4.518525e-08
6843.5  4.472069e-08
6853.5  3.619207e-08
6863.5  4.758317e-08
6873.5  2.106911e-08
6883.5  1.585505e-08
6893.5  5.234547e-08
6903.5  6.023030e-08
6913.5  8.266170e-08
6923.5  8.381888e-08
6933.5  7.212349e-08
6943.5  6.733723e-08
6953.5  3.644357e-08
6963.5  2.205588e-08
6973.5  7.252066e-08
6983.5  6.391904e-09
6993.5  1.575705e-08
7003.5  8.001876e-08
7013.5  1.520404e-08
7023.5  3.981895e-08
7033.5  6.284895e-08
7043.5  6.762055e-08
7053.5  7.784903e-08
7063.5  3.479128e-08
7073.5  9.219081e-08
7083.5  1.481021e-08
7093.5  1.721168e-08
7103.5  7.864284e-08
7113.5  1.137463e-07
7123.5  6.828220e-08
7133.5  1.073583e-07
7143.5  4.926477e-08
7153.5  7.526698e-08
7163.5  4.337217e-08
7173.5  2.172894e-08
7183.5  1.135796e-07
7193.5  6.552830e-08
7203.5  4.465051e-08
7213.5  7.596446e-08
7223.5  1.323803e-07
7233.5  9.964851e-08
7243.5  4.322578e-08
7253.5  8.376610e-08
7263.5  6.394621e-08
7273.5  1.175094e-07
7283.5  6.536230e-08
7293.5  1.029112e-07
7303.5  9.054812e-08
7313.5  6.796323e-08
7323.5  1.064320e-07
7333.5  1.029592e-07
7343.5  8.910992e-08
7353.5  1.136713e-07
7363.5  6.862171e-08
7373.5  9.719428e-08
7383.5  1.002566e-07
7393.5  1.507600e-07
7403.5  8.806342e-08
7413.5  1.345307e-07
7423.5  1.181638e-07
7433.5  8.509050e-08
7443.5  6.011287e-08
7453.5  1.244748e-07
7463.5  7.617819e-08
7473.5  1.167996e-07
7483.5  3.695696e-08
7493.5  1.036452e-07
7503.5  1.367450e-07
7513.5  1.022638e-09
7523.5  1.162382e-07
7533.5  1.715032e-07
7543.5  1.125031e-07
7553.5  1.749737e-07
7563.5  1.488931e-07
7573.5  1.031854e-07
7583.5  1.647582e-07
7593.5  1.208554e-07
7603.5  1.568288e-07
7613.5  1.408461e-07
7623.5  6.407844e-08
7633.5  8.518256e-08
7643.5  1.627324e-07
7653.5  1.294731e-07
7663.5  1.183523e-07
7673.5  4.375206e-08
7683.5  1.155503e-07
7693.5  1.930797e-07
7703.5  2.769226e-07
7713.5  1.226493e-07
7723.5  1.583224e-07
7733.5  1.227579e-07
7743.5  1.789748e-07
7753.5  1.223274e-07
7763.5  1.768355e-07
7773.5  7.737386e-08
7783.5  1.787008e-07
7793.5  5.236014e-08
7803.5  9.982085e-08
7813.5  7.657947e-08
7823.5  7.379728e-08
7833.5  1.148680e-07
7843.5  9.005313e-08
7853.5  1.909639e-07
7863.5  6.931532e-08
7873.5  1.159150e-07
7883.5  1.419457e-07
7893.5  6.333332e-08
7903.5  4.565987e-08
7913.5  1.675986e-07
7923.5  1.968600e-07
7933.5  1.540533e-07
7943.5  2.248534e-07
7953.5  1.429344e-08
7963.5  1.369161e-07
7973.5  1.844771e-07
7983.5  1.276940e-07
7993.5  2.580048e-07
8003.5  4.126620e-07
8013.5  4.258362e-07
8023.5  4.536140e-07
8033.5  3.575112e-07
8043.5  3.741013e-07
8053.5  3.117121e-07
8063.5  3.678799e-07
8073.5  5.041603e-07
8083.5  2.118756e-07
8093.5  2.312803e-07
8103.5  3.570206e-07
8113.5  2.840120e-07
8123.5  1.963837e-07
8133.5  1.608974e-07
8143.5  2.579699e-07
8153.5  1.457378e-07
8163.5  2.217024e-07
8173.5  2.461217e-07
8183.5  1.916531e-07
8193.5  2.494875e-07
8203.5  1.980310e-07
8213.5  3.818549e-07
8223.5  1.572324e-07
8233.5  2.055833e-07
8243.5  2.155500e-07
8253.5  2.285137e-07
8263.5  1.640205e-07
8273.5  3.500485e-07
8283.5  3.210896e-07
8293.5  2.603497e-07
8303.5  1.673694e-07
8313.5  2.282144e-07
8323.5  3.328652e-07
8333.5  1.975836e-07
8343.5  2.512439e-07
8353.5  2.642427e-07
8363.5  2.164527e-07
8373.5  2.770421e-07
8383.5  2.274069e-07
8393.5  3.305196e-07
8403.5  3.438896e-07
8413.5  3.233117e-07
8423.5  3.875677e-07
8433.5  3.773725e-07
8443.5  4.018042e-07
8453.5  4.334623e-07
8463.5  4.297269e-07
8473.5  4.588977e-07
8483.5  4.515784e-07
8493.5  5.063063e-07
8503.5  5.221903e-07
8513.5  5.780000e-07
8523.5  5.483975e-07
8533.5  5.508268e-07
8543.5  5.581647e-07
8553.5  5.541174e-07
8563.5  6.075417e-07
8573.5  5.599669e-07
8583.5  5.869718e-07
8593.5  5.926072e-07
8603.5  5.124456e-07
8613.5  4.706677e-07
8623.5  5.900125e-07
8633.5  5.683839e-07
8643.5  5.688910e-07
8653.5  6.040777e-07
8663.5  5.748145e-07
8673.5  6.444757e-07
8683.5  7.061979e-07
8693.5  6.959993e-07
8703.5  6.935469e-07
8713.5  6.392207e-07
8723.5  6.406772e-07
8733.5  6.548420e-07
8743.5  7.014537e-07
8753.5  6.447986e-07
8763.5  6.353296e-07
8773.5  6.208349e-07
8783.5  7.133508e-07
8793.5  7.740355e-07
8803.5  7.256744e-07
8813.5  7.347975e-07
8823.5  8.348288e-07
8833.5  8.401988e-07
8843.5  8.845005e-07
8853.5  9.602410e-07
8863.5  9.287633e-07
8873.5  9.420021e-07
8883.5  9.423235e-07
8893.5  9.759275e-07
8903.5  9.428257e-07
8913.5  9.384437e-07
8923.5  8.877901e-07
8933.5  8.739788e-07
8943.5  8.756729e-07
8953.5  8.311677e-07
8963.5  8.339722e-07
8973.5  7.811021e-07
8983.5  8.436555e-07
8993.5  7.684776e-07
9003.5  7.038025e-07
9013.5  7.811447e-07
9023.5  6.716132e-07
9033.5  6.543369e-07
9043.5  6.800633e-07
9053.5  6.573394e-07
9063.5  6.432838e-07
9073.5  7.062312e-07
9083.5  6.519563e-07
9093.5  6.235618e-07
9103.5  7.078294e-07
9113.5  5.846092e-07
9123.5  6.017348e-07
9133.5  5.280688e-07
9143.5  5.799441e-07
9153.5  5.721891e-07
9163.5  5.735320e-07
9173.5  6.413512e-07
9183.5  6.876185e-07
9193.5  7.428174e-07
9203.5  7.167319e-07
9213.5  7.697674e-07
9223.5  7.435682e-07
9233.5  7.158876e-07
9243.5  6.975203e-07
9253.5  6.258379e-07
9263.5  6.141561e-07
9273.5  5.784700e-07
9283.5  5.484606e-07
9293.5  4.586391e-07
9303.5  4.536492e-07
9313.5  4.102795e-07
9323.5  3.312937e-07
9333.5  3.672622e-07
9343.5  4.143070e-07
9353.5  3.942685e-07
9363.5  3.677282e-07
9373.5  3.825900e-07
9383.5  3.268539e-07
9393.5  2.740541e-07
9403.5  3.342751e-07
9413.5  3.551358e-07
9423.5  3.342859e-07
9433.5  3.727561e-07
9443.5  3.249042e-07
9453.5  3.340837e-07
9463.5  3.898837e-07
9473.5  3.785376e-07
9483.5  3.443476e-07
9493.5  2.792152e-07
9503.5  2.731516e-07
9513.5  3.942162e-07
9523.5  3.860550e-07
9533.5  4.302768e-07
9543.5  5.785721e-07
9553.5  6.130192e-07
9563.5  7.222034e-07
9573.5  7.241241e-07
9583.5  8.271815e-07
9593.5  6.852119e-07
9603.5  7.093599e-07
9613.5  7.634099e-07
9623.5  7.405718e-07
9633.5  7.740717e-07
9643.5  7.156187e-07
9653.5  6.784383e-07
9663.5  6.081679e-07
9673.5  5.191691e-07
9683.5  4.134427e-07
9693.5  2.770100e-07
9703.5  2.517493e-07
9713.5  2.730838e-07
9723.5  2.638205e-07
9733.5  3.094544e-07
9743.5  2.806704e-07
9753.5  3.276760e-07
9763.5  3.863060e-07
9773.5  4.573759e-07
9783.5  6.475495e-07
9793.5  8.604534e-07
9803.5  1.023583e-06
9813.5  1.129787e-06
9823.5  1.201014e-06
9833.5  1.189411e-06
9843.5  1.130629e-06
9853.5  1.106667e-06
9863.5  1.120664e-06
9873.5  1.118105e-06
9883.5  1.145497e-06
9893.5  1.176263e-06
9903.5  1.179305e-06
9913.5  1.129395e-06
9923.5  9.925002e-07
9933.5  8.231996e-07
9943.5  5.600477e-07
9953.5  3.871110e-07
9963.5  2.692383e-07
9973.5  3.059989e-07
9983.5  4.224537e-07
9993.5  3.625481e-07
10003.5  4.386675e-07
10013.5  2.079176e-06
10023.5  5.772805e-07
10033.5  2.257504e-06
10043.5  7.193777e-07
10053.5  3.551143e-07
10063.5  6.875860e-07
10073.5  1.840928e-06
10083.5  1.710381e-07
10093.5  6.413669e-07
10103.5  6.612721e-07
10113.5  1.087259e-06
10123.5  1.198536e-06
10133.5  7.114088e-08
10143.5  3.253187e-11
10153.5  1.362302e-07
10163.5  2.246414e-07
10173.5  1.683981e-07
10183.5  1.843131e-06
10193.5  2.547023e-07
10203.5  2.115255e-06
10213.5  1.336762e-06
10223.5  1.137198e-06
10233.5  9.222647e-07
10243.5  1.641653e-06
10253.5  2.451179e-07
10263.5  7.795262e-07
10273.5  7.048490e-07
10283.5  1.681212e-07
10293.5  2.425943e-08
10303.5  1.053928e-06
10313.5  3.327430e-11
10323.5  1.552784e-06
10333.5  4.868424e-07
10343.5  3.167596e-07
10353.5  1.622576e-06
10363.5  1.794851e-06
10373.5  3.339840e-11
10383.5  8.401397e-07
10393.5  9.922913e-07
10403.5  9.584679e-07
10413.5  3.344473e-11
10423.5  3.597423e-07
10433.5  9.762045e-07
10443.5  1.840280e-06
10453.5  1.036520e-06
10463.5  1.014769e-06
10473.5  7.236959e-07
10483.5  1.732765e-06
10493.5  6.097601e-07
10503.5  1.445345e-07
10513.5  7.372434e-07
10523.5  8.617083e-07
10533.5  1.400947e-06
10543.5  1.015868e-07
10553.5  4.111092e-07
10563.5  1.209898e-06
10573.5  1.206055e-06
10583.5  6.088964e-08
10593.5  4.522065e-07
10603.5  1.201479e-06
10613.5  9.662211e-07
10623.5  1.676700e-06
10633.5  3.381919e-11
10643.5  8.112607e-07
10653.5  4.591704e-07
10663.5  3.423349e-11
10673.5  2.821948e-07
10683.5  1.437915e-06
10693.5  9.652303e-07
10703.5  1.088987e-06
10713.5  1.802732e-07
10723.5  4.603857e-08
10733.5  1.681736e-07
10743.5  3.488234e-11
10753.5  2.946434e-06
10763.5  2.014947e-07
10773.5  2.050032e-06
10783.5  3.344451e-07
10793.5  2.942809e-07
10803.5  3.618321e-07
10813.5  2.205308e-07
10823.5  9.906552e-07
10833.5  2.818033e-07
10843.5  1.811735e-08
10853.5  1.609823e-06
10863.5  9.757656e-09
10873.5  6.013757e-07
10883.5  5.832189e-07
10893.5  1.069800e-06
10903.5  3.224085e-07
10913.5  6.992380e-08
10923.5  2.117740e-06
10933.5  3.578689e-11
10943.5  5.015528e-07
10953.5  3.583015e-11
10963.5  4.437388e-07
10973.5  3.589286e-11
10983.5  5.227899e-07
10993.5  8.513094e-07
11003.5  6.761802e-07
11013.5  5.273002e-07
11023.5  4.763083e-07
11033.5  6.781939e-07
11043.5  8.725255e-07
11053.5  9.386690e-07
11063.5  8.489690e-07
11073.5  5.377652e-07
11083.5  3.588893e-11
11093.5  1.469356e-06
11103.5  5.108770e-07
11113.5  9.373122e-07
11123.5  1.144135e-06
11133.5  1.561282e-07
11143.5  4.323567e-07
11153.5  8.918347e-07
11163.5  1.034483e-06
11173.5  5.886218e-07
11183.5  2.311286e-07
11193.5  3.619142e-11
11203.5  1.180594e-06
11213.5  2.041462e-07
11223.5  1.329493e-06
11233.5  1.504589e-06
11243.5  3.185867e-07
11253.5  1.174617e-06
11263.5  3.644931e-07
11273.5  4.853077e-07
11283.5  9.749830e-07
11293.5  1.784207e-06
11303.5  8.481249e-07
11313.5  1.263644e-07
11323.5  1.350060e-06
11333.5  7.450098e-07
11343.5  6.397285e-07
11353.5  6.967415e-07
11363.5  7.977977e-07
11373.5  9.849038e-07
11383.5  9.051151e-07
11393.5  2.882936e-07
11403.5  6.940670e-07
11413.5  2.628793e-07
11423.5  2.548179e-07
11433.5  1.589565e-06
11443.5  2.835215e-07
11453.5  4.085009e-07
11463.5  2.617075e-07
11473.5  6.539692e-07
11483.5  1.192504e-06
11493.5  3.795957e-11
11503.5  1.329063e-07
11513.5  1.257549e-06
11523.5  3.803399e-11
11533.5  1.826164e-06
11543.5  7.640474e-08
11553.5  7.340920e-07
11563.5  1.110716e-06
11573.5  9.055887e-07
11583.5  1.880119e-07
11593.5  1.792713e-08
11603.5  9.984846e-07
11613.5  1.269629e-06
11623.5  4.230567e-07
11633.5  5.459806e-08
11643.5  1.389901e-06
11653.5  5.837814e-07
11663.5  5.662125e-07
11673.5  1.270085e-07
11683.5  7.873972e-07
11693.5  4.394311e-07
11703.5  1.066780e-06
11713.5  1.050090e-06
11723.5  1.401011e-06
11733.5  5.135261e-07
11743.5  6.919354e-07
11753.5  7.993189e-09
11763.5  1.375013e-06
11773.5  4.573425e-07
11783.5  1.820485e-06
11793.5  7.913859e-07
11803.5  5.974116e-07
11813.5  8.365813e-07
11823.5  2.202476e-07
11833.5  2.516535e-07
11843.5  6.437289e-07
11853.5  6.359226e-07
11863.5  2.574204e-07
11873.5  1.022410e-06
11883.5  7.115204e-07
11893.5  8.859567e-07
11903.5  5.358264e-07
11913.5  1.276502e-06
11923.5  1.234222e-06
11933.5  1.210898e-06
11943.5  7.177068e-07
11953.5  1.519569e-06
11963.5  1.465726e-06
11973.5  9.484947e-07
11983.5  7.500638e-07
11993.5  2.555545e-07
12003.5  1.630291e-06
12013.5  4.145552e-07
12023.5  1.178565e-06
12033.5  1.233026e-06
12043.5  1.738677e-06
12053.5  1.483999e-06
12063.5  1.311455e-07
12073.5  1.879226e-06
12083.5  8.645183e-07
12093.5  1.071221e-06
12103.5  5.610183e-07
12113.5  2.347811e-06
12123.5  9.214346e-07
12133.5  1.173399e-06
12143.5  4.912676e-07
12153.5  1.254831e-06
12163.5  1.741444e-06
12173.5  1.330715e-06
12183.5  9.357386e-07
12193.5  5.794626e-07
12203.5  1.594269e-06
12213.5  1.394313e-06
12223.5  2.069604e-06
12233.5  9.907881e-07
12243.5  1.560981e-06
12253.5  1.450509e-06
12263.5  1.684173e-06
12273.5  1.214712e-06
12283.5  7.884349e-07
12293.5  1.126296e-06
12303.5  1.887406e-06
12313.5  5.259100e-07
12323.5  1.679692e-06
12333.5  1.607062e-06
12343.5  1.628071e-06
12353.5  8.450305e-07
12363.5  2.206080e-06
12373.5  2.262955e-06
12383.5  3.319199e-07
12393.5  2.786176e-06
12403.5  1.390740e-06
12413.5  2.199571e-06
12423.5  3.225570e-06
12433.5  2.775809e-06
12443.5  1.365049e-06
12453.5  2.981944e-06
12463.5  2.917960e-06
12473.5  3.337241e-06
12483.5  2.305438e-06
12493.5  3.963484e-06
12503.5  2.684678e-06
12513.5  3.589049e-06
12523.5  4.151203e-06
12533.5  3.936630e-06
12543.5  5.103734e-06
12553.5  4.618304e-06
12563.5  5.036803e-06
12573.5  5.249387e-06
12583.5  5.466391e-06
12593.5  6.222241e-06
12603.5  7.771244e-06
12613.5  6.735578e-06
12623.5  8.578794e-06
12633.5  1.027273e-05
12643.5  1.169146e-05
12653.5  1.224689e-05
12663.5  1.488899e-05
12673.5  1.595770e-05
12683.5  2.002658e-05
12693.5  2.158386e-05
12703.5  2.541393e-05
12713.5  2.988655e-05
12723.5  3.326388e-05
12733.5  3.950102e-05
12743.5  4.147209e-05
12753.5  4.861607e-05
12763.5  5.565016e-05
12773.5  6.322374e-05
12783.5  7.057791e-05
12793.5  8.408298e-05
12803.5  9.245868e-05
12813.5  1.035289e-04
12823.5  1.167159e-04
12833.5  1.416662e-04
12843.5  1.549807e-04
12853.5  1.760698e-04
12863.5  1.992196e-04
12873.5  2.397026e-04
12883.5  2.743836e-04
12893.5  3.159362e-04
12903.5  3.859248e-04
12913.5  4.413722e-04
12923.5  5.360901e-04
12933.5  6.123545e-04
12943.5  7.413418e-04
12953.5  9.158447e-04
12963.5  1.106394e-03
12973.5  1.358654e-03
12983.5  1.635523e-03
12993.5  2.023191e-03
13003.5  2.441310e-03
13013.5  3.033879e-03
13023.5  3.671298e-03
13033.5  4.517338e-03
13043.5  5.521119e-03
13053.5  6.391357e-03
13063.5  7.871478e-03
13073.5  9.127567e-03
13083.5  1.021704e-02
13093.5  1.159204e-02
13103.5  1.268412e-02
13113.5  1.458272e-02
13123.5  1.510426e-02
13133.5  1.770074e-02
13143.5  1.987717e-02
13153.5  2.296647e-02
13163.5  2.573757e-02
13173.5  2.971724e-02
13183.5  3.404055e-02
13193.5  4.035754e-02
13203.5  4.579441e-02
13213.5  5.384744e-02
13223.5  6.205236e-02
13233.5  7.542061e-02
13243.5  8.374069e-02
13253.5  1.010981e-01
13263.5  1.168881e-01
13273.5  1.375602e-01
13283.5  1.610290e-01
13293.5  1.859591e-01
13303.5  2.115210e-01
13313.5  2.368771e-01
13323.5  2.724480e-01
13333.5  2.950715e-01
13343.5  3.244105e-01
13353.5  3.407647e-01
13363.5  3.528211e-01
13373.5  3.807663e-01
13383.5  3.758130e-01
13393.5  3.980322e-01
13403.5  3.843464e-01
13413.5  3.914602e-01
13423.5  3.983581e-01
13433.5  3.874415e-01
13443.5  3.951941e-01
13453.5  3.932841e-01
13463.5  3.961454e-01
13473.5  3.938969e-01
13483.5  3.974581e-01
13493.5  3.934773e-01
13503.5  4.023441e-01
13513.5  3.932335e-01
13523.5  3.977387e-01
13533.5  3.982076e-01
13543.5  3.873510e-01
13553.5  4.026749e-01
13563.5  4.007332e-01
13573.5  3.949486e-01
13583.5  3.961096e-01
13593.5  3.856100e-01
13603.5  4.050165e-01
13613.5  3.989459e-01
13623.5  3.941655e-01
13633.5  3.964385e-01
13643.5  3.937180e-01
13653.5  3.985216e-01
13663.5  3.918827e-01
13673.5  4.013648e-01
13683.5  3.916757e-01
13693.5  3.974378e-01
13703.5  3.983226e-01
13713.5  3.948656e-01
13723.5  3.942533e-01
13733.5  3.952568e-01
13743.5  3.942650e-01
13753.5  3.927141e-01
13763.5  3.895817e-01
13773.5  3.827346e-01
13783.5  3.886040e-01
13793.5  3.850768e-01
13803.5  3.845868e-01
13813.5  3.829598e-01
13823.5  3.791960e-01
13833.5  3.815768e-01
13843.5  3.827680e-01
13853.5  3.757991e-01
13863.5  3.899183e-01
13873.5  3.777350e-01
13883.5  3.792415e-01
13893.5  3.762021e-01
13903.5  3.845383e-01
13913.5  3.752799e-01
13923.5  3.882406e-01
13933.5  3.791910e-01
13943.5  3.818547e-01
13953.5  3.795715e-01
13963.5  3.798067e-01
13973.5  3.827570e-01
13983.5  3.895527e-01
13993.5  3.819185e-01
14003.5  3.853233e-01
14013.5  3.854793e-01
14023.5  3.811922e-01
14033.5  3.932592e-01
14043.5  3.976260e-01
14053.5  3.910596e-01
14063.5  3.961687e-01
14073.5  3.958260e-01
14083.5  3.998596e-01
14093.5  3.964075e-01
14103.5  4.074154e-01
14113.5  4.014900e-01
14123.5  4.039865e-01
14133.5  4.064202e-01
14143.5  3.988035e-01
14153.5  4.081137e-01
14163.5  4.110687e-01
14173.5  4.097187e-01
14183.5  4.112175e-01
14193.5  4.086577e-01
14203.5  4.050496e-01
14213.5  4.189663e-01
14223.5  4.058459e-01
14233.5  4.152897e-01
14243.5  4.115092e-01
14253.5  4.085100e-01
14263.5  4.192280e-01
14273.5  4.105859e-01
14283.5  4.124258e-01
14293.5  4.125455e-01
14303.5  4.161650e-01
14313.5  4.153733e-01
14323.5  4.117096e-01
14333.5  4.147906e-01
14343.5  4.127805e-01
14353.5  4.099463e-01
14363.5  4.095702e-01
14373.5  4.125010e-01
14383.5  4.102443e-01
14393.5  4.105323e-01
14403.5  4.105921e-01
14413.5  4.119689e-01
14423.5  4.138107e-01
14433.5  4.105728e-01
14443.5  4.109097e-01
14453.5  4.162639e-01
14463.5  4.102289e-01
14473.5  4.152241e-01
14483.5  4.127528e-01
14493.5  4.165509e-01
14503.5  4.094203e-01
14513.5  4.190461e-01
14523.5  4.166431e-01
14533.5  4.199379e-01
14543.5  4.181687e-01
14553.5  4.217556e-01
14563.5  4.150111e-01
14573.5  4.187877e-01
14583.5  4.257220e-01
14593.5  4.251140e-01
14603.5  4.219869e-01
14613.5  4.253802e-01
14623.5  4.238379e-01
14633.5  4.209272e-01
14643.5  4.237923e-01
14653.5  4.241581e-01
14663.5  4.174812e-01
14673.5  4.287231e-01
14683.5  4.095274e-01
14693.5  4.085293e-01
14703.5  4.007802e-01
14713.5  3.891992e-01
14723.5  3.757421e-01
14733.5  3.544481e-01
14743.5  3.351817e-01
14753.5  3.090394e-01
14763.5  2.836732e-01
14773.5  2.548560e-01
14783.5  2.249943e-01
14793.5  1.958349e-01
14803.5  1.702337e-01
14813.5  1.454751e-01
14823.5  1.225544e-01
14833.5  1.065552e-01
14843.5  9.099810e-02
14853.5  7.679630e-02
14863.5  6.564720e-02
14873.5  5.538675e-02
14883.5  5.067686e-02
14893.5  4.208320e-02
14903.5  3.702892e-02
14913.5  3.211908e-02
14923.5  2.868928e-02
14933.5  2.548760e-02
14943.5  2.221965e-02
14953.5  2.078204e-02
14963.5  1.843328e-02
14973.5  1.667838e-02
14983.5  1.461830e-02
14993.5  1.292696e-02
15003.5  1.058408e-02
15013.5  8.803515e-03
15023.5  7.373583e-03
15033.5  6.038957e-03
15043.5  5.109191e-03
15053.5  4.244523e-03
15063.5  3.532844e-03
15073.5  3.041574e-03
15083.5  2.581562e-03
15093.5  2.211957e-03
15103.5  1.886229e-03
15113.5  1.624185e-03
15123.5  1.400610e-03
15133.5  1.208484e-03
15143.5  1.078845e-03
15153.5  9.294812e-04
15163.5  8.169016e-04
15173.5  7.105651e-04
15183.5  6.435616e-04
15193.5  5.650057e-04
15203.5  4.916349e-04
15213.5  4.443257e-04
15223.5  3.882781e-04
15233.5  3.645141e-04
15243.5  3.203630e-04
15253.5  2.828207e-04
15263.5  2.580984e-04
15273.5  2.324396e-04
15283.5  2.124170e-04
15293.5  1.882497e-04
15303.5  1.719132e-04
15313.5  1.555806e-04
15323.5  1.415496e-04
15333.5  1.272834e-04
15343.5  1.161701e-04
15353.5  1.053872e-04
15363.5  9.696110e-05
15373.5  8.761644e-05
15383.5  7.902786e-05
15393.5  7.315713e-05
15403.5  6.752698e-05
15413.5  5.895062e-05
15423.5  5.585192e-05
15433.5  5.120438e-05
15443.5  4.653501e-05
15453.5  4.191824e-05
15463.5  3.939922e-05
15473.5  3.758329e-05
15483.5  3.236382e-05
15493.5  3.112610e-05
15503.5  2.775234e-05
15513.5  2.389110e-05
15523.5  2.475035e-05
15533.5  2.165154e-05
15543.5  1.845791e-05
15553.5  2.119248e-05
15563.5  1.845910e-05
15573.5  1.540834e-05
15583.5  1.625108e-05
15593.5  1.518736e-05
15603.5  1.314541e-05
15613.5  1.223700e-05
15623.5  1.200752e-05
15633.5  1.078056e-05
15643.5  9.703645e-06
15653.5  9.518607e-06
15663.5  8.657751e-06
15673.5  8.857686e-06
15683.5  7.197137e-06
15693.5  8.855696e-06
15703.5  7.408319e-06
15713.5  7.323072e-06
15723.5  7.270745e-06
15733.5  7.592905e-06
15743.5  7.323441e-06
15753.5  6.414864e-06
15763.5  5.002014e-06
15773.5  7.987003e-06
15783.5  6.605614e-06
15793.5  5.613155e-06
15803.5  5.543840e-06
15813.5  6.171624e-06
15823.5  5.577193e-06
15833.5  7.251138e-06
15843.5  4.167444e-06
15853.5  3.353061e-06
15863.5  4.766745e-06
15873.5  4.465639e-06
15883.5  4.160511e-06
15893.5  3.477547e-06
15903.5  3.916644e-06
15913.5  5.845527e-06
15923.5  2.910099e-06
15933.5  3.684992e-06
15943.5  5.972169e-06
15953.5  2.570022e-06
15963.5  5.041020e-06
15973.5  4.505755e-06
15983.5  2.455584e-06
15993.5  3.720514e-06
16003.5  3.293905e-06
16013.5  3.922788e-06
16023.5  3.475344e-06
16033.5  2.978464e-06
16043.5  2.109588e-06
16053.5  4.174263e-06
16063.5  1.800617e-06
16073.5  3.382335e-06
16083.5  1.827236e-06
16093.5  4.729438e-06
16103.5  1.873083e-06
16113.5  4.976085e-07
16123.5  1.468682e-06
16133.5  1.976039e-06
16143.5  3.115141e-06
16153.5  2.187573e-06
16163.5  3.416607e-06
16173.5  1.347975e-06
16183.5  3.286124e-06
16193.5  1.606122e-06
16203.5  2.886662e-06
16213.5  1.278962e-06
16223.5  2.980066e-06
16233.5  2.830136e-06
16243.5  1.833745e-06
16253.5  3.535932e-07
16263.5  2.286403e-06
16273.5  6.666483e-07
16283.5  7.135952e-07
16293.5  3.950903e-06
16303.5  1.898779e-06
16313.5  4.812870e-06
16323.5  8.367824e-07
16333.5  3.051734e-06
16343.5  2.095866e-06
16353.5  1.934507e-06
16363.5  3.948786e-06
16373.5  7.582878e-07
16383.5  9.370079e-07
16393.5  3.201965e-06
16403.5  2.415905e-06
16413.5  3.075375e-06
16423.5  4.025468e-06
16433.5  6.348995e-07
16443.5  2.048925e-06
16453.5  3.088954e-07
16463.5  2.153329e-06
16473.5  8.362556e-07
16483.5  3.575077e-06
16493.5  1.137034e-06
16503.5  8.110067e-07
16513.5  2.446207e-06
16523.5  1.675029e-06
16533.5  2.084699e-06
16543.5  1.072632e-06
16553.5  2.323329e-06
16563.5  1.856499e-06
16573.5  2.193682e-06
16583.5  2.800712e-06
16593.5  2.762392e-06
16603.5  3.545703e-06
16613.5  1.292600e-06
16623.5  2.639092e-06
16633.5  2.314721e-06
16643.5  3.686494e-06
16653.5  4.928344e-07
16663.5  2.978800e-06
16673.5  2.657016e-06
16683.5  3.371615e-06
16693.5  4.071919e-07
16703.5  7.468087e-07
16713.5  3.273677e-06
16723.5  5.390664e-07
16733.5  1.932038e-06
16743.5  1.875360e-06
16753.5  2.567846e-06
16763.5  2.091896e-06
16773.5  3.650429e-06
16783.5  1.098430e-06
16793.5  3.629763e-06
16803.5  4.107924e-06
16813.5  3.591435e-06
16823.5  1.269792e-06
16833.5  2.487583e-06
16843.5  4.577962e-11
16853.5  1.784820e-06
16863.5  4.556057e-11
16873.5  2.997165e-06
16883.5  3.769547e-06
16893.5  4.709294e-07
16903.5  3.496919e-06
16913.5  4.470498e-06
16923.5  2.289221e-06
16933.5  2.729091e-06
16943.5  2.139251e-06
16953.5  1.397673e-06
16963.5  3.121424e-06
16973.5  1.063405e-06
16983.5  1.588981e-06
16993.5  5.863145e-07
17003.5  3.341970e-06
17013.5  1.667201e-07
17023.5  1.934063e-06
17033.5  2.716491e-06
17043.5  2.433354e-06
17053.5  2.569886e-06
17063.5  2.752443e-07
17073.5  3.407912e-06
17083.5  1.163913e-06
17093.5  2.214964e-06
17103.5  2.065737e-07
17113.5  1.999387e-06
17123.5  2.447224e-06
17133.5  1.369058e-06
17143.5  2.048382e-06
17153.5  1.228812e-06
17163.5  3.493219e-06
17173.5  5.265279e-06
17183.5  3.580514e-06
17193.5  4.672766e-11
17203.5  4.376122e-06
17213.5  3.101820e-06
17223.5  1.837312e-06
17233.5  3.085780e-06
17243.5  4.677640e-11
17253.5  4.072027e-06
17263.5  4.856246e-06
17273.5  2.824718e-06
17283.5  1.184104e-06
17293.5  1.982716e-06
17303.5  4.457791e-06
17313.5  5.678632e-07
17323.5  2.422670e-06
17333.5  1.718014e-06
17343.5  4.476459e-06
17353.5  7.677986e-07
17363.5  1.836379e-06
17373.5  4.206450e-06
17383.5  1.374072e-06
17393.5  4.394210e-06
17403.5  5.613019e-06
17413.5  1.379283e-06
17423.5  2.680270e-06
17433.5  2.642146e-06
17443.5  1.468883e-06
17453.5  2.690751e-06
17463.5  1.642332e-06
17473.5  1.340867e-06
17483.5  2.384745e-06
17493.5  4.177812e-06
17503.5  9.855506e-07
17513.5  3.499091e-06
17523.5  1.569633e-06
17533.5  7.945148e-07
17543.5  2.959049e-06
17553.5  3.947910e-06
17563.5  4.771233e-06
17573.5  1.184385e-06
17583.5  5.545391e-06
17593.5  2.438828e-06
17603.5  3.778517e-06
17613.5  2.845233e-06
17623.5  2.943141e-06
17633.5  4.702275e-11
17643.5  3.432257e-06
17653.5  8.769325e-07
17663.5  4.880693e-06
17673.5  2.071103e-06
17683.5  2.268582e-06
17693.5  1.648010e-06
17703.5  2.135161e-06
17713.5  6.869823e-07
17723.5  3.891103e-06
17733.5  1.068628e-06
17743.5  5.484483e-06
17753.5  8.664266e-07
17763.5  1.364848e-06
17773.5  1.487260e-06
17783.5  3.073482e-06
17793.5  1.724768e-06
17803.5  1.795381e-06
17813.5  2.958253e-06
17823.5  1.883508e-06
17833.5  4.071125e-06
17843.5  1.399890e-06
17853.5  6.350225e-06
17863.5  3.044905e-06
17873.5  4.553928e-06
17883.5  4.733797e-11
17893.5  1.761446e-06
17903.5  3.325652e-06
17913.5  2.994093e-06
17923.5  2.204575e-06
17933.5  2.782287e-06
17943.5  2.392607e-06
17953.5  4.732307e-06
17963.5  1.672805e-06
17973.5  3.009533e-06
17983.5  2.770427e-06
17993.5  5.934907e-06
18003.5  2.490327e-06
18013.5  1.471907e-06
18023.5  7.592691e-07
18033.5  2.750977e-06
18043.5  1.880580e-06
18053.5  1.804772e-07
18063.5  3.820693e-06
18073.5  2.634231e-06
18083.5  4.283895e-06
18093.5  2.728169e-06
18103.5  1.877563e-06
18113.5  3.877477e-06
18123.5  7.900743e-07
18133.5  2.612322e-06
18143.5  3.435399e-06
18153.5  5.325126e-06
18163.5  1.332682e-06
18173.5  3.650932e-07
18183.5  4.346165e-06
18193.5  3.487345e-06
18203.5  3.821446e-06
18213.5  1.056690e-06
18223.5  3.869781e-06
18233.5  3.688798e-06
18243.5  3.078842e-07
18253.5  2.321322e-06
18263.5  2.253593e-06
18273.5  2.489724e-06
18283.5  1.602776e-06
18293.5  6.839712e-06
18303.5  4.591759e-06
18313.5  2.209013e-06
18323.5  6.681012e-06
18333.5  4.771189e-11
18343.5  4.140518e-06
18353.5  2.896034e-06
18363.5  3.299416e-06
18373.5  3.592836e-06
18383.5  5.518946e-06
18393.5  4.474647e-06
18403.5  2.581462e-06
18413.5  3.359465e-06
18423.5  2.335372e-06
18433.5  3.459235e-06
18443.5  4.547031e-06
18453.5  6.099513e-06
18463.5  8.390822e-06
18473.5  3.525931e-06
18483.5  3.219284e-06
18493.5  4.613949e-06
18503.5  1.802789e-06
18513.5  8.520961e-06
18523.5  5.335745e-06
18533.5  3.798506e-06
18543.5  6.436202e-06
18553.5  4.091360e-06
18563.5  9.634181e-06
18573.5  3.632424e-07
18583.5  7.098751e-06
18593.5  2.923062e-06
18603.5  5.911600e-06
18613.5  2.802778e-06
18623.5  7.584319e-06
18633.5  9.468039e-07
18643.5  5.028338e-06
18653.5  7.567277e-06
18663.5  2.024948e-06
18673.5  3.142466e-06
18683.5  5.172792e-06
18693.5  3.454512e-06
18703.5  9.211800e-06
18713.5  4.764612e-11
18723.5  2.570050e-06
18733.5  5.669682e-06
18743.5  2.049371e-06
18753.5  5.901904e-06
18763.5  6.327989e-07
18773.5  2.667958e-06
18783.5  8.332264e-06
18793.5  6.110207e-06
18803.5  6.045636e-06
18813.5  2.526307e-06
18823.5  1.931485e-06
18833.5  6.901428e-06
18843.5  2.009598e-07
18853.5  8.290509e-06
18863.5  5.062237e-06
18873.5  5.406614e-06
18883.5  3.407032e-06
18893.5  7.762378e-06
18903.5  3.696670e-06
18913.5  3.777165e-06
18923.5  3.181982e-06
18933.5  9.759223e-07
18943.5  2.813978e-06
18953.5  4.969283e-06
18963.5  5.267576e-06
18973.5  8.738392e-07
18983.5  4.051699e-06
18993.5  6.613263e-06
19003.5  5.997544e-07
19013.5  1.089358e-05
19023.5  6.517965e-06
19033.5  4.374308e-06
19043.5  4.044575e-06
19053.5  8.100573e-06
19063.5  7.602361e-06
19073.5  1.020268e-05
19083.5  3.760137e-06
19093.5  7.957811e-06
19103.5  5.157566e-06
19113.5  4.010611e-06
19123.5  2.059917e-06
19133.5  7.893391e-06
19143.5  9.013404e-06
19153.5  6.900511e-06
19163.5  6.469629e-06
19173.5  5.961904e-06
19183.5  6.126000e-06
19193.5  8.347130e-06
19203.5  3.702399e-06
19213.5  6.019694e-06
19223.5  4.023828e-06
19233.5  6.394082e-06
19243.5  1.166591e-05
19253.5  5.755775e-06
19263.5  1.503468e-06
19273.5  4.825743e-11
19283.5  1.023869e-05
19293.5  1.210203e-06
19303.5  1.087220e-06
19313.5  6.777682e-06
19323.5  6.363363e-06
19333.5  4.651392e-06
19343.5  7.291036e-06
19353.5  7.722534e-06
19363.5  3.246192e-06
19373.5  8.156267e-06
19383.5  1.941615e-07
19393.5  8.606283e-06
19403.5  1.027592e-06
19413.5  4.842392e-11
19423.5  4.372384e-06
19433.5  3.056807e-06
19443.5  8.526530e-06
19453.5  6.072179e-06
19463.5  3.228407e-06
19473.5  4.143330e-06
19483.5  4.360856e-06
19493.5  3.329612e-06
19503.5  1.262243e-06
19513.5  7.178477e-06
19523.5  4.841606e-11
19533.5  8.405338e-06
19543.5  4.338305e-06
19553.5  5.111948e-06
19563.5  1.104220e-06
19573.5  4.813263e-11
19583.5  9.989571e-06
19593.5  7.376807e-06
19603.5  5.290731e-06
19613.5  3.270069e-06
19623.5  5.258320e-06
19633.5  6.017996e-06
19643.5  6.840097e-07
19653.5  4.417476e-06
19663.5  5.937774e-06
19673.5  5.317389e-06
19683.5  4.402220e-06
19693.5  7.086518e-06
19703.5  3.288055e-06
19713.5  4.604362e-06
19723.5  3.415606e-06
19733.5  1.880085e-06
19743.5  2.208020e-06
19753.5  4.597594e-06
19763.5  9.873755e-06
19773.5  6.607110e-06
19783.5  6.323653e-06
19793.5  8.306524e-06
19803.5  2.902159e-06
19813.5  6.524573e-06
19823.5  1.453200e-06
19833.5  6.597766e-06
19843.5  1.174648e-05
19853.5  1.151067e-06
19863.5  6.439058e-06
19873.5  5.197716e-09
19883.5  6.457064e-06
19893.5  3.737608e-06
19903.5  2.638098e-06
19913.5  5.854685e-06
19923.5  3.950635e-06
19933.5  1.015749e-05
19943.5  4.455390e-06
19953.5  8.104266e-06
19963.5  2.760134e-06
19973.5  3.292808e-06
19983.5  3.997807e-06
19993.5  9.506463e-06
20003.5  4.047693e-06
20013.5  2.104515e-06
20023.5  4.089717e-06
20033.5  7.164844e-06
20043.5  3.766944e-06
20053.5  5.646240e-06
20063.5  6.624099e-06
20073.5  1.010716e-05
20083.5  4.531759e-06
20093.5  3.428701e-06
20103.5  6.294230e-06
20113.5  7.924759e-06
20123.5  3.122184e-06
20133.5  6.004950e-06
20143.5  1.222471e-06
20153.5  7.683828e-06
20163.5  6.861612e-06
20173.5  6.815023e-06
20183.5  2.428954e-06
20193.5  9.154213e-06
20203.5  5.923499e-06
20213.5  7.907681e-06
20223.5  7.070997e-06
20233.5  1.044420e-05
20243.5  7.975707e-06
20253.5  6.211408e-06
20263.5  1.431057e-05
20273.5  1.069952e-05
20283.5  1.185211e-05
20293.5  1.945435e-06
20303.5  3.097971e-06
20313.5  5.465501e-06
20323.5  9.125918e-06
20333.5  6.273394e-06
20343.5  1.706333e-06
20353.5  2.511256e-06
20363.5  4.906270e-11
20373.5  1.512991e-05
20383.5  9.774493e-06
20393.5  8.154729e-06
20403.5  1.004709e-05
20413.5  5.903004e-06
20423.5  3.360552e-06
20433.5  4.500343e-06
20443.5  1.447143e-05
20453.5  3.313446e-06
20463.5  1.003240e-05
20473.5  4.643943e-06
20483.5  1.622313e-05
20493.5  2.315798e-06
20503.5  3.421083e-06
20513.5  2.987936e-06
20523.5  8.113475e-06
20533.5  4.165762e-06
20543.5  1.564633e-06
20553.5  8.879399e-06
20563.5  2.433403e-06
20573.5  8.920639e-06
20583.5  4.428320e-06
20593.5  5.842122e-06
20603.5  8.950724e-06
20613.5  5.487608e-06
20623.5  1.986448e-06
20633.5  1.468075e-05
20643.5  7.253580e-06
20653.5  2.537726e-06
20663.5  8.813396e-06
20673.5  5.881220e-06
20683.5  7.137696e-06
20693.5  6.866539e-06
20703.5  4.798967e-06
20713.5  1.738362e-06
20723.5  3.326779e-06
20733.5  4.284978e-06
20743.5  1.065299e-05
20753.5  1.364353e-05
20763.5  3.393984e-06
20773.5  5.133343e-06
20783.5  6.930450e-06
20793.5  1.079546e-05
20803.5  4.943765e-11
20813.5  7.087458e-06
20823.5  4.257974e-06
20833.5  6.203176e-06
20843.5  1.783365e-06
20853.5  1.204341e-05
20863.5  5.378257e-06
20873.5  5.844795e-07
20883.5  9.214159e-06
20893.5  1.291217e-05
20903.5  2.351946e-06
20913.5  1.081426e-05
20923.5  3.571740e-06
20933.5  4.531281e-06
20943.5  1.129126e-05
20953.5  5.920595e-08
20963.5  7.431871e-06
20973.5  7.106286e-06
20983.5  7.300527e-06
20993.5  9.620343e-06
21003.5  6.050329e-06
21013.5  3.821433e-06
21023.5  5.391212e-06
21033.5  2.940993e-06
21043.5  9.589378e-06
21053.5  1.716982e-05
21063.5  4.894628e-11
21073.5  1.232271e-05
21083.5  7.810323e-06
21093.5  9.854798e-06
21103.5  5.407262e-06
21113.5  1.048550e-05
21123.5  7.718474e-06
21133.5  8.797483e-06
21143.5  3.663420e-06
21153.5  1.210449e-05
21163.5  7.987550e-06
21173.5  8.011902e-06
21183.5  7.557559e-06
21193.5  8.489413e-06
21203.5  9.817748e-07
21213.5  1.006292e-05
21223.5  6.559407e-06
21233.5  3.074029e-06
21243.5  3.825624e-06
21253.5  4.759176e-07
21263.5  1.269574e-05
21273.5  6.803224e-07
21283.5  1.506308e-05
21293.5  9.066743e-06
21303.5  6.792466e-06
21313.5  1.914422e-05
21323.5  9.422651e-06
21333.5  4.948809e-11
21343.5  6.754161e-06
21353.5  1.238983e-05
21363.5  1.234180e-05
21373.5  5.842387e-07
21383.5  1.315206e-05
21393.5  4.558478e-06
21403.5  1.198129e-06
21413.5  1.296431e-05
21423.5  8.621228e-06
21433.5  1.988212e-06
21443.5  8.220048e-06
21453.5  1.303899e-05
21463.5  7.359043e-06
21473.5  8.708884e-06
21483.5  5.949935e-06
21493.5  6.689858e-06
21503.5  5.452522e-06
21513.5  5.576223e-06
21523.5  8.813464e-06
21533.5  1.521293e-05
21543.5  3.353155e-06
21553.5  6.196085e-06
21563.5  5.731937e-06
21573.5  8.096325e-06
21583.5  1.165909e-06
21593.5  1.159755e-05
21603.5  8.009583e-08
21613.5  1.140277e-05
21623.5  4.181778e-06
21633.5  1.248932e-05
21643.5  3.464102e-06
21653.5  3.636794e-06
21663.5  3.048237e-06
21673.5  1.106723e-05
21683.5  4.355496e-06
21693.5  4.464140e-06
21703.5  2.699806e-06
21713.5  4.504953e-06
21723.5  5.723591e-06
21733.5  7.565741e-06
21743.5  1.157513e-05
21753.5  2.069501e-06
21763.5  1.328766e-05
21773.5  6.748891e-06
21783.5  1.816339e-06
21793.5  8.486943e-06
21803.5  5.585172e-06
21813.5  8.872227e-06
21823.5  7.685527e-06
21833.5  6.369810e-06
21843.5  3.297559e-06
21853.5  1.297534e-05
21863.5  9.243365e-07
21873.5  1.202291e-05
21883.5  3.008939e-06
21893.5  5.366393e-06
21903.5  5.763895e-06
21913.5  4.998369e-11
21923.5  3.590870e-06
21933.5  6.288864e-06
21943.5  1.119172e-05
21953.5  5.152124e-06
21963.5  1.885800e-06
21973.5  3.939279e-06
21983.5  6.272101e-06
21993.5  1.138799e-05
22003.5  1.980902e-06
22013.5  6.460331e-06
22023.5  1.402298e-05
22033.5  7.415583e-06
22043.5  1.309067e-05
22053.5  4.043983e-06
22063.5  7.249820e-06
22073.5  4.617989e-06
22083.5  1.776312e-05
22093.5  3.823472e-07
22103.5  6.128878e-06
22113.5  1.621169e-05
22123.5  5.917148e-06
22133.5  5.511391e-06
22143.5  1.720355e-05
22153.5  4.973807e-06
22163.5  1.150917e-05
22173.5  8.725000e-06
22183.5  1.271895e-05
22193.5  4.878749e-11
22203.5  1.210371e-05
22213.5  1.131531e-05
22223.5  1.405344e-05
22233.5  1.111964e-05
22243.5  1.102276e-05
22253.5  2.202226e-06
22263.5  7.240697e-06
22273.5  8.187666e-06
22283.5  2.025137e-05
22293.5  1.138189e-05
22303.5  1.518348e-05
22313.5  1.690945e-05
22323.5  9.967269e-06
22333.5  7.562544e-06
22343.5  1.456671e-06
22353.5  1.404862e-05
22363.5  1.304938e-05
22373.5  6.097572e-06
22383.5  2.672388e-07
22393.5  4.918064e-11
22403.5  7.273025e-06
22413.5  4.675448e-06
22423.5  1.223914e-05
22433.5  1.644194e-05
22443.5  2.880653e-06
22453.5  1.628872e-05
22463.5  2.908067e-06
22473.5  9.840536e-06
22483.5  4.051403e-06
22493.5  6.123689e-06
22503.5  2.513647e-05
22513.5  1.267391e-05
22523.5  1.428344e-05
22533.5  9.042585e-06
22543.5  1.225562e-05
22553.5  2.572003e-06
22563.5  1.005731e-05
22573.5  8.958406e-06
22583.5  1.780027e-06
22593.5  1.502517e-05
22603.5  7.444039e-06
22613.5  3.796025e-07
22623.5  6.943364e-06
22633.5  2.564344e-05
22643.5  4.113181e-06
22653.5  1.239903e-05
22663.5  9.629609e-06
22673.5  1.490269e-05
22683.5  1.490598e-05
22693.5  1.422679e-07
22703.5  2.481029e-05
22713.5  2.236101e-06
22723.5  5.387734e-06
22733.5  1.906818e-05
22743.5  7.763737e-06
22753.5  7.831018e-06
22763.5  7.253396e-06
22773.5  7.318803e-06
22783.5  3.678915e-06
22793.5  6.651811e-06
22803.5  1.517478e-05
22813.5  6.753365e-06
22823.5  4.418507e-06
22833.5  8.718509e-06
22843.5  9.425373e-06
22853.5  2.047929e-06
22863.5  8.358750e-06
22873.5  2.754959e-06
22883.5  1.381129e-05
22893.5  6.048204e-07
22903.5  2.215703e-06
22913.5  8.228940e-06
22923.5  1.399675e-05
22933.5  2.199923e-06
22943.5  4.686098e-06
22953.5  3.912838e-06
22963.5  1.172955e-06
22973.5  9.625296e-06
22983.5  4.427850e-06
22993.5  2.126543e-06
23003.5  4.908870e-06
23013.5  1.166576e-06
23023.5  3.142953e-06
23033.5  4.330005e-06
23043.5  9.872297e-07
23053.5  4.684485e-06
23063.5  1.594374e-06
23073.5  6.012498e-06
23083.5  4.459712e-06
23093.5  3.490890e-06
23103.5  2.992432e-06
23113.5  5.398667e-06
23123.5  4.561641e-06
23133.5  4.083247e-06
23143.5  4.947891e-06
23153.5  9.931687e-07
23163.5  4.854374e-07
23173.5  1.043871e-06
23183.5  1.890814e-06
23193.5  9.074616e-07
23203.5  1.377218e-07
23213.5  2.007856e-06
23223.5  4.017935e-06
23233.5  5.256472e-07
23243.5  1.278519e-06
23253.5  3.146433e-06
23263.5  2.128968e-06
23273.5  1.327349e-06
23283.5  7.708652e-07
23293.5  1.983607e-06
23303.5  1.609999e-06
23313.5  4.326313e-07
23323.5  1.978479e-06
23333.5  1.398365e-06
23343.5  2.487278e-11
23353.5  2.833755e-06
23363.5  1.097229e-07
23373.5  8.933496e-07
23383.5  1.900062e-06
23393.5  2.398375e-06
23403.5  1.669775e-06
23413.5  6.093465e-07
23423.5  1.337208e-06
23433.5  5.415845e-07
23443.5  1.228900e-06
23453.5  2.182254e-06
23463.5  1.228584e-06
23473.5  1.214940e-06
23483.5  8.082344e-07
23493.5  1.695520e-06
23503.5  1.484665e-06
23513.5  1.466016e-06
23523.5  5.122886e-07
23533.5  9.165731e-07
23543.5  2.693223e-07
23553.5  5.567317e-07
23563.5  1.152971e-06
23573.5  8.887722e-07
23583.5  5.283316e-07
23593.5  2.797117e-07
23603.5  7.527834e-07
23613.5  8.045773e-07
23623.5  4.867750e-07
23633.5  3.413248e-07
23643.5  4.601296e-07
23653.5  9.406946e-07
23663.5  4.006224e-07
23673.5  1.149354e-08
23683.5  5.969428e-12
23693.5  2.014658e-07
23703.5  8.145426e-07
23713.5  1.498821e-07
23723.5  2.836947e-07
23733.5  3.422221e-07
23743.5  2.003853e-07
23753.5  9.796847e-09
23763.5  2.188961e-08
23773.5  1.602379e-07
23783.5  2.966316e-07
23793.5  4.725397e-08
23803.5  5.610454e-08
23813.5  7.983161e-08
23823.5  2.751247e-07
23833.5  4.464200e-08
23843.5  2.917176e-08
23853.5  7.577333e-08
23863.5  1.114047e-07
23873.5  2.869343e-08
23883.5  1.278043e-07
23893.5  7.115232e-08
23903.5  6.377882e-08
23913.5  4.569041e-08
23923.5  8.708956e-09
23933.5  5.992309e-13
23943.5  4.948319e-08
23953.5  1.300360e-07
23963.5  4.615920e-13
23973.5  7.867014e-09
23983.5  5.001198e-08
23993.5  1.348611e-08
24003.5  8.187502e-10
24013.5  7.645472e-08
24023.5  2.789050e-08
24033.5  6.640370e-08
24043.5  1.250695e-08
24053.5  2.720907e-08
24063.5  3.028154e-08
24073.5  1.608199e-08
24083.5  5.467699e-09
24093.5  1.733592e-08
24103.5  1.459306e-08
24113.5  4.146545e-09
24123.5  7.838757e-09
24133.5  3.263849e-09
24143.5  5.857910e-09
24153.5  7.722885e-09
24163.5  5.418963e-09
24173.5  3.947331e-09
24183.5  8.152388e-10
24193.5  4.891994e-09
24203.5  3.499803e-10
24213.5  3.756411e-09
24223.5  2.431744e-09
24233.5  3.868759e-09
24243.5  6.048709e-10
24253.5  1.481515e-09
24263.5  1.794920e-10
24273.5  1.871162e-09
24283.5  5.944693e-10
24293.5  8.641673e-10
24303.5  1.843454e-09
24313.5  7.351609e-10
24323.5  5.263625e-10
24333.5  4.616149e-10
24343.5  8.916518e-10
24353.5  9.349828e-10
24363.5  9.709985e-10
24373.5  1.069909e-09
24383.5  8.892571e-10
24393.5  6.632475e-10
24403.5  4.449695e-11
24413.5  7.693109e-10
24423.5  7.429398e-10
24433.5  5.131863e-10
24443.5  3.303526e-10
24453.5  2.527999e-10
24463.5  4.511968e-11
24473.5  4.709017e-10
24483.5  2.249451e-10
24493.5  1.318684e-10
24503.5  1.826448e-10
24513.5  2.808967e-10
24523.5  5.176364e-11
24533.5  2.438460e-10
24543.5  1.585595e-10
24553.5  2.081025e-10
24563.5  1.522799e-10
24573.5  7.050207e-12
24583.5  3.682553e-16
24593.5  8.724181e-11
24603.5  5.106339e-11
24613.5  9.965176e-11
24623.5  5.966118e-11
24633.5  9.371057e-11
24643.5  2.207765e-11
24653.5  4.380330e-11
24663.5  2.811115e-11
24673.5  2.009314e-11
24683.5  3.550339e-11
24693.5  8.234041e-12
24703.5  1.411810e-11
24713.5  1.087285e-11
24723.5  2.674146e-11
24733.5  1.304255e-11
24743.5  3.932230e-17
24753.5  8.567301e-12
24763.5  1.189595e-12
24773.5  1.127385e-11
24783.5  5.095350e-12
24793.5  8.627161e-12
24803.5  3.885787e-12
24813.5  1.536166e-17
24823.5  2.460853e-12
24833.5  2.238208e-12
24843.5  1.793709e-12
24853.5  6.014100e-12
24863.5  6.310010e-12
24873.5  2.685318e-12
24883.5  2.630517e-12
24893.5  3.270418e-13
24903.5  1.113263e-12
24913.5  2.036204e-13
24923.5  5.299411e-13
24933.5  5.939755e-13
24943.5  4.026835e-13
24953.5  9.809420e-13
24963.5  1.043476e-12
24973.5  1.555684e-12
24983.5  3.255646e-13
24993.5  6.181436e-13
25003.5  9.106836e-13
25013.5  7.550681e-13
25023.5  5.560475e-13
25033.5  4.614960e-13
25043.5  7.845221e-14
25053.5  1.571372e-12
25063.5  1.666912e-18
25073.5  4.972476e-13
25083.5  1.602152e-13
25093.5  9.421380e-14
25103.5  5.729759e-13
25113.5  1.226167e-12
25123.5  3.113242e-13
25133.5  2.178553e-13
25143.5  4.637930e-14
25153.5  5.466909e-14
25163.5  1.896783e-13
25173.5  3.519669e-13
25183.5  1.261267e-13
25193.5  3.242502e-13
25203.5  1.848520e-13
25213.5  1.207571e-13
25223.5  4.854834e-15
25233.5  1.332700e-13
25243.5  3.204958e-13
25253.5  1.482253e-13
25263.5  1.004015e-13
25273.5  2.645961e-13
25283.5  5.086547e-13
25293.5  3.382909e-19
25303.5  2.036842e-13
25313.5  1.571915e-13
25323.5  1.929261e-13
25333.5  2.486520e-19
25343.5  2.381722e-13
25353.5  3.481317e-14
25363.5  2.209698e-13
25373.5  7.720736e-14
25383.5  9.809873e-14
25393.5  1.884716e-13
25403.5  9.032441e-14
25413.5  9.783106e-14
25423.5  1.032676e-13
25433.5  5.206658e-14
25443.5  5.627364e-14
25453.5  4.423197e-15
25463.5  7.923944e-14
25473.5  3.490259e-14
25483.5  3.463586e-14
25493.5  1.192427e-14
25503.5  3.609376e-14
25513.5  3.032222e-14
25523.5  3.486852e-14
25533.5  4.898192e-14
25543.5  2.906127e-14
25553.5  1.952664e-14
25563.5  4.500570e-14
25573.5  1.802407e-14
25583.5  2.487158e-14
25593.5  2.874945e-14
25603.5  1.863580e-14
25613.5  2.545397e-15
25623.5  9.185546e-15
25633.5  5.858780e-15
25643.5  2.879599e-14
25653.5  1.640884e-14
25663.5  1.448247e-14
25673.5  8.581034e-15
25683.5  1.331084e-14
25693.5  2.087048e-15
25703.5  9.929309e-15
25713.5  6.282680e-15
25723.5  6.142449e-15
25733.5  1.544682e-15
25743.5  5.029279e-15
25753.5  2.830550e-15
25763.5  5.496359e-15
25773.5  3.938894e-15
25783.5  5.360653e-15
25793.5  1.753336e-15
25803.5  6.501870e-15
25813.5  3.686195e-16
25823.5  1.523811e-15
25833.5  1.428935e-15
25843.5  2.987124e-15
25853.5  1.402987e-15
25863.5  2.269892e-15
25873.5  2.673184e-15
25883.5  9.206862e-16
25893.5  1.328005e-15
25903.5  8.289194e-16
25913.5  2.554461e-16
25923.5  1.432867e-15
25933.5  1.539406e-15
25943.5  1.121499e-15
25953.5  1.897171e-15
25963.5  1.109854e-16
25973.5  8.075666e-16
25983.5  5.498011e-16
25993.5  7.233959e-16
26003.5  5.861506e-16
