# from http://www.stsci.edu/jwst/instruments/nircam/instrumentdesign/filters
# Retrieved Jan 18, 2017, dated Feb 5, 2016 (pre-flight)
# Uses modA or modB  filters+DBS+QE+OTE (nrc_plus_ote)
# Units of transmission are PCE (photon to electron conversion efficiency)
# 
20004.7  2.185082e-10
20020.7  1.820675e-10
20036.8  1.519196e-10
20052.9  1.268278e-10
20069.0  1.058314e-10
20085.1  8.883689e-11
20101.1  7.449911e-11
20117.2  6.231859e-11
20133.3  5.275009e-11
20149.4  4.482537e-11
20165.5  3.735585e-11
20181.6  3.150023e-11
20197.6  2.652333e-11
20213.7  2.272586e-11
20229.8  1.948941e-11
20245.9  1.659001e-11
20262.0  1.446702e-11
20278.0  1.273993e-11
20294.1  1.133813e-11
20310.2  1.016459e-11
20326.3  9.150857e-12
20342.4  8.226323e-12
20358.4  7.611481e-12
20374.5  6.989177e-12
20390.6  6.297422e-12
20406.7  5.784257e-12
20422.8  5.401101e-12
20438.8  4.980488e-12
20454.9  4.519473e-12
20471.0  4.109891e-12
20487.1  3.852777e-12
20503.2  3.751397e-12
20519.3  3.712299e-12
20535.3  3.797757e-12
20551.4  3.973961e-12
20567.5  4.444179e-12
20583.6  5.066869e-12
20599.7  5.614944e-12
20615.7  5.883785e-12
20631.8  5.989956e-12
20647.9  6.166221e-12
20664.0  6.220062e-12
20680.1  5.951371e-12
20696.1  5.502255e-12
20712.2  5.177145e-12
20728.3  5.510716e-12
20744.4  5.939610e-12
20760.5  6.561111e-12
20776.5  7.478948e-12
20792.6  8.950871e-12
20808.7  1.062261e-11
20824.8  1.242229e-11
20840.9  1.422876e-11
20857.0  1.544233e-11
20873.0  1.786647e-11
20889.1  2.174412e-11
20905.2  2.578441e-11
20921.3  2.969896e-11
20937.4  3.565117e-11
20953.4  4.451902e-11
20969.5  5.145991e-11
20985.6  5.733289e-11
21001.7  6.283594e-11
21017.8  6.781606e-11
21033.8  7.640732e-11
21049.9  8.731121e-11
21066.0  9.687604e-11
21082.1  1.015224e-10
21098.2  1.150216e-10
21114.2  1.358802e-10
21130.3  1.570147e-10
21146.4  1.683540e-10
21162.5  1.686583e-10
21178.6  1.644224e-10
21194.7  1.594096e-10
21210.7  1.491705e-10
21226.8  1.356683e-10
21242.9  1.206346e-10
21259.0  1.075605e-10
21275.1  9.844329e-11
21291.1  8.847766e-11
21307.2  7.946477e-11
21323.3  7.140059e-11
21339.4  7.545189e-11
21355.5  8.286598e-11
21371.5  9.204254e-11
21387.6  9.849545e-11
21403.7  1.019702e-10
21419.8  1.076678e-10
21435.9  1.153473e-10
21451.9  1.197780e-10
21468.0  1.140378e-10
21484.1  1.064154e-10
21500.2  1.008960e-10
21516.3  1.040179e-10
21532.4  1.101734e-10
21548.4  1.148953e-10
21564.5  1.170779e-10
21580.6  1.205747e-10
21596.7  1.267893e-10
21612.8  1.310344e-10
21628.8  1.279579e-10
21644.9  1.144149e-10
21661.0  9.850558e-11
21677.1  8.389611e-11
21693.2  7.172819e-11
21709.2  5.756854e-11
21725.3  4.484678e-11
21741.4  3.735241e-11
21757.5  3.774940e-11
21773.6  5.207553e-11
21789.6  6.176426e-11
21805.7  6.807612e-11
21821.8  7.484192e-11
21837.9  9.171774e-11
21854.0  1.156440e-10
21870.1  1.380014e-10
21886.1  1.563791e-10
21902.2  1.620916e-10
21918.3  1.786853e-10
21934.4  2.061413e-10
21950.5  2.378366e-10
21966.5  2.610469e-10
21982.6  2.740387e-10
21998.7  2.923697e-10
22014.8  3.380654e-10
22030.9  4.258115e-10
22046.9  5.285675e-10
22063.0  6.380984e-10
22079.1  7.636767e-10
22095.2  9.373354e-10
22111.3  1.173503e-09
22127.3  1.433512e-09
22143.4  1.678656e-09
22159.5  1.879571e-09
22175.6  2.135622e-09
22191.7  2.478582e-09
22207.7  2.907358e-09
22223.8  3.388769e-09
22239.9  3.834365e-09
22256.0  4.310452e-09
22272.1  4.866873e-09
22288.2  5.448039e-09
22304.2  5.923277e-09
22320.3  6.081493e-09
22336.4  6.022959e-09
22352.5  6.007853e-09
22368.6  6.205195e-09
22384.6  6.561697e-09
22400.7  6.872220e-09
22416.8  7.088578e-09
22432.9  7.504301e-09
22449.0  8.638338e-09
22465.0  1.043232e-08
22481.1  1.247900e-08
22497.2  1.473967e-08
22513.3  1.730080e-08
22529.4  2.030150e-08
22545.4  2.419009e-08
22561.5  2.876069e-08
22577.6  3.363499e-08
22593.7  3.817228e-08
22609.8  4.246534e-08
22625.9  4.725236e-08
22641.9  5.308945e-08
22658.0  5.887493e-08
22674.1  6.166620e-08
22690.2  6.127477e-08
22706.3  6.032606e-08
22722.3  6.095755e-08
22738.4  6.250200e-08
22754.5  6.210726e-08
22770.6  5.955412e-08
22786.7  5.775934e-08
22802.7  5.945447e-08
22818.8  6.443925e-08
22834.9  7.056034e-08
22851.0  7.908144e-08
22867.1  8.351497e-08
22883.1  8.702147e-08
22899.2  9.155127e-08
22915.3  9.784654e-08
22931.4  1.065559e-07
22947.5  1.130877e-07
22963.6  1.155842e-07
22979.6  1.121879e-07
22995.7  1.204685e-07
23011.8  1.406805e-07
23027.9  1.637933e-07
23044.0  1.836867e-07
23060.0  1.995578e-07
23076.1  2.238401e-07
23092.2  2.607241e-07
23108.3  3.139494e-07
23124.4  3.791225e-07
23140.4  4.497461e-07
23156.5  5.229432e-07
23172.6  6.140265e-07
23188.7  7.318837e-07
23204.8  8.834005e-07
23220.8  1.082565e-06
23236.9  1.182020e-06
23253.0  1.202647e-06
23269.1  1.160784e-06
23285.2  1.189514e-06
23301.3  1.353180e-06
23317.3  1.466337e-06
23333.4  1.469027e-06
23349.5  1.325512e-06
23365.6  1.375802e-06
23381.7  1.480788e-06
23397.7  1.617921e-06
23413.8  1.704419e-06
23429.9  1.614187e-06
23446.0  1.570107e-06
23462.1  1.590241e-06
23478.1  1.698197e-06
23494.2  1.935273e-06
23510.3  2.370811e-06
23526.4  2.625976e-06
23542.5  2.637364e-06
23558.5  2.521011e-06
23574.6  2.486133e-06
23590.7  2.581271e-06
23606.8  2.724683e-06
23622.9  2.562599e-06
23639.0  2.089017e-06
23655.0  1.767589e-06
23671.1  1.761884e-06
23687.2  1.934322e-06
23703.3  2.059506e-06
23719.4  2.042938e-06
23735.4  1.930783e-06
23751.5  2.060021e-06
23767.6  2.290772e-06
23783.7  2.582342e-06
23799.8  2.923396e-06
23815.8  3.352983e-06
23831.9  3.516740e-06
23848.0  3.473295e-06
23864.1  3.311013e-06
23880.2  3.158595e-06
23896.2  3.085304e-06
23912.3  3.534866e-06
23928.4  3.737118e-06
23944.5  3.676811e-06
23960.6  3.852751e-06
23976.7  4.346404e-06
23992.7  5.084829e-06
24008.8  5.656486e-06
24024.9  5.950964e-06
24041.0  5.562515e-06
24057.1  5.286908e-06
24073.1  5.111976e-06
24089.2  4.979317e-06
24105.3  4.788374e-06
24121.4  4.545017e-06
24137.5  4.438432e-06
24153.5  4.221501e-06
24169.6  3.964075e-06
24185.7  3.726398e-06
24201.8  3.623549e-06
24217.9  3.749467e-06
24233.9  3.697225e-06
24250.0  3.322087e-06
24266.1  2.821822e-06
24282.2  2.643382e-06
24298.3  2.778703e-06
24314.4  3.525598e-06
24330.4  3.879636e-06
24346.5  3.775915e-06
24362.6  3.680034e-06
24378.7  3.836575e-06
24394.8  4.144272e-06
24410.8  4.443473e-06
24426.9  4.618985e-06
24443.0  4.293874e-06
24459.1  4.310154e-06
24475.2  4.450365e-06
24491.2  4.642329e-06
24507.3  4.876031e-06
24523.4  5.333273e-06
24539.5  6.136522e-06
24555.6  6.826431e-06
24571.6  7.055230e-06
24587.7  6.961007e-06
24603.8  6.951634e-06
24619.9  7.144292e-06
24636.0  7.476140e-06
24652.0  7.139358e-06
24668.1  6.221336e-06
24684.2  5.291533e-06
24700.3  4.742162e-06
24716.4  4.488926e-06
24732.5  4.405390e-06
24748.5  4.231399e-06
24764.6  3.855765e-06
24780.7  3.910905e-06
24796.8  3.997907e-06
24812.9  4.038934e-06
24828.9  3.975680e-06
24845.0  3.939504e-06
24861.1  3.853626e-06
24877.2  3.927552e-06
24893.3  3.495071e-06
24909.3  2.929636e-06
24925.4  2.483719e-06
24941.5  2.223931e-06
24957.6  2.215187e-06
24973.7  2.329362e-06
24989.7  2.325905e-06
24997.8  2.175888e-06
25011.3  2.769524e-06
25024.8  3.424754e-06
25038.3  4.229745e-06
25051.8  4.943446e-06
25065.3  5.309270e-06
25078.9  5.575896e-06
25092.4  5.560606e-06
25105.9  5.400522e-06
25119.4  5.190802e-06
25132.9  4.959368e-06
25146.4  4.307413e-06
25159.9  3.933390e-06
25173.4  4.067768e-06
25187.0  4.125056e-06
25200.5  4.296641e-06
25214.0  4.235701e-06
25227.5  4.060767e-06
25241.0  4.084288e-06
25254.5  4.244196e-06
25268.0  4.002566e-06
25281.5  3.722966e-06
25295.1  3.437284e-06
25308.6  3.252173e-06
25322.1  3.472037e-06
25335.6  3.983403e-06
25349.1  4.144162e-06
25362.6  4.354310e-06
25376.1  4.570514e-06
25389.6  4.579610e-06
25403.2  4.544919e-06
25416.7  4.707316e-06
25430.2  5.133495e-06
25443.7  5.260694e-06
25457.2  5.354554e-06
25470.7  5.205913e-06
25484.2  5.295068e-06
25497.7  5.748224e-06
25511.2  6.345968e-06
25524.8  7.083047e-06
25538.3  7.345285e-06
25551.8  7.381416e-06
25565.3  7.455850e-06
25578.8  7.519041e-06
25592.3  7.865077e-06
25605.8  7.420020e-06
25619.3  6.760135e-06
25632.9  5.896410e-06
25646.4  5.065949e-06
25659.9  4.272096e-06
25673.4  3.629651e-06
25686.9  3.665013e-06
25700.4  2.868894e-06
25713.9  2.549022e-06
25727.4  2.487332e-06
25741.0  2.003870e-06
25754.5  2.016593e-06
25768.0  1.871499e-06
25781.5  1.786124e-06
25795.0  1.512934e-06
25808.5  1.731828e-06
25822.0  1.730510e-06
25835.5  1.752848e-06
25849.1  1.782293e-06
25862.6  1.469707e-06
25876.1  1.508691e-06
25889.6  1.590716e-06
25903.1  1.400310e-06
25916.6  1.320463e-06
25930.1  1.424922e-06
25943.6  1.067361e-06
25957.2  1.038148e-06
25970.7  1.106817e-06
25984.2  1.281243e-06
25997.7  1.068879e-06
26011.2  1.183794e-06
26024.7  1.214414e-06
26038.2  1.483784e-06
26051.7  1.746058e-06
26065.3  1.748387e-06
26078.8  1.725724e-06
26092.3  1.495669e-06
26105.8  1.697824e-06
26119.3  1.784287e-06
26132.8  1.554035e-06
26146.3  9.980308e-07
26159.8  7.275709e-07
26173.4  7.265231e-07
26186.9  6.826496e-07
26200.4  7.515827e-07
26213.9  5.534806e-07
26227.4  3.335915e-07
26240.9  3.337608e-07
26254.4  3.399267e-07
26267.9  4.340797e-07
26281.5  4.965672e-07
26295.0  5.049005e-07
26308.5  3.172798e-07
26322.0  4.238196e-07
26335.5  3.877830e-07
26349.0  3.882947e-07
26362.5  3.824080e-07
26376.0  2.881334e-07
26389.5  2.256711e-07
26403.1  1.165527e-07
26416.6  2.483271e-07
26430.1  1.446529e-07
26443.6  1.437229e-07
26457.1  1.437124e-07
26470.6  1.440865e-07
26484.1  1.444332e-07
26497.6  1.444018e-07
26511.2  2.228607e-07
26524.7  9.122747e-08
26538.2  8.365862e-08
26551.7  8.362458e-08
26565.2  9.296514e-08
26578.7  9.253086e-08
26592.2  9.211435e-08
26605.7  9.200966e-08
26619.3  1.367725e-08
26632.8  1.366784e-08
26646.3  1.365954e-08
26659.8  1.365127e-08
26673.3  4.328353e-09
26686.8  4.329176e-09
26700.3  4.328269e-09
26713.8  4.324297e-09
26727.4  4.319270e-09
26740.9  4.317450e-09
26754.4  4.315780e-09
26767.9  4.314254e-09
26781.4  4.312895e-09
26794.9  4.311721e-09
26808.4  4.310757e-09
26821.9  4.309042e-09
26835.5  4.304471e-09
26849.0  4.304112e-09
26862.5  4.305184e-09
26876.0  5.417332e-09
26889.5  5.417618e-09
26903.0  5.418006e-09
26916.5  5.418068e-09
26930.0  5.412039e-09
26943.6  5.412532e-09
26957.1  5.413201e-09
26970.6  5.414037e-09
26984.1  4.307104e-09
26997.6  4.308006e-09
27011.1  4.310403e-09
27024.6  4.310864e-09
27038.1  4.315007e-09
27051.7  4.318804e-09
27065.2  4.321713e-09
27078.7  4.324629e-09
27092.2  4.327536e-09
27105.7  4.330413e-09
27119.2  4.333247e-09
27132.7  4.334638e-09
27146.2  4.333657e-09
27159.8  4.336264e-09
27173.3  4.338754e-09
27186.8  4.341133e-09
27200.3  4.343380e-09
27213.8  4.346880e-09
27227.3  4.351432e-09
27240.8  4.347693e-09
27254.3  4.348854e-09
27267.9  4.349865e-09
27281.4  4.350711e-09
27294.9  4.351387e-09
27308.4  4.352061e-09
27321.9  4.352664e-09
27335.4  4.350364e-09
27348.9  4.348348e-09
27362.4  4.348518e-09
27375.9  4.348565e-09
27389.5  4.348507e-09
27403.0  4.349775e-09
27416.5  4.352843e-09
27430.0  4.352367e-09
27443.5  4.350043e-09
27457.0  4.346168e-09
27470.5  4.345568e-09
27484.0  4.344960e-09
27497.6  4.344361e-09
27511.1  4.343649e-09
27524.6  4.340622e-09
27538.1  4.337227e-09
27551.6  4.336656e-09
27565.1  4.333574e-09
27578.6  4.330708e-09
27592.1  4.331492e-09
27605.7  4.335373e-09
27619.2  4.331078e-09
27632.7  4.331176e-09
27646.2  4.331841e-09
27659.7  4.332651e-09
27673.2  4.328551e-09
27686.7  4.329691e-09
27700.2  4.330852e-09
27713.8  4.326819e-09
27727.3  4.327904e-09
27740.8  4.329146e-09
27754.3  4.328370e-09
27767.8  4.327014e-09
27781.3  4.329360e-09
27794.8  4.335470e-09
27808.3  4.333247e-09
27821.9  4.334606e-09
27835.4  4.336922e-09
27848.9  4.339327e-09
27862.4  4.336701e-09
27875.9  4.339261e-09
27889.4  4.341873e-09
27902.9  4.343114e-09
27916.4  4.342568e-09
27930.0  4.345660e-09
27943.5  4.346964e-09
27957.0  4.346667e-09
27970.5  4.349693e-09
27984.0  4.354637e-09
27997.5  4.356627e-09
28011.0  4.357567e-09
28024.5  4.359549e-09
28038.1  4.361428e-09
28051.6  4.358012e-09
28065.1  4.359623e-09
28078.6  4.361099e-09
28092.1  4.361327e-09
28105.6  4.358440e-09
28119.1  4.359554e-09
28132.6  4.360482e-09
28146.2  4.358050e-09
28159.7  4.356644e-09
28173.2  4.357033e-09
28186.7  4.360553e-09
28200.2  4.357047e-09
28213.7  4.356289e-09
28227.2  4.355377e-09
28240.7  4.354312e-09
28254.2  4.353084e-09
28267.8  4.351727e-09
28281.3  4.350242e-09
28294.8  4.348633e-09
28308.3  4.346599e-09
28321.8  4.344264e-09
28335.3  4.341852e-09
28348.8  4.339382e-09
28362.3  4.335652e-09
28375.9  4.329154e-09
28389.4  4.326592e-09
28402.9  4.325442e-09
28416.4  4.326381e-09
28429.9  4.323865e-09
28443.4  4.321393e-09
28456.9  4.318972e-09
28470.4  4.316614e-09
28484.0  4.314339e-09
28497.5  4.312145e-09
28511.0  4.307511e-09
28524.5  4.302405e-09
28538.0  4.297403e-09
28551.5  4.292518e-09
28565.0  4.287758e-09
28578.5  4.283114e-09
28592.1  4.278599e-09
28605.6  4.271910e-09
28619.1  4.266685e-09
28632.6  4.263848e-09
28646.1  4.264067e-09
28659.6  4.263326e-09
28673.1  4.260830e-09
28686.6  4.258431e-09
28700.2  4.256129e-09
28713.7  4.254503e-09
28727.2  4.252949e-09
28740.7  4.251461e-09
28754.2  4.250036e-09
28767.7  4.248654e-09
28781.2  4.247306e-09
28794.7  4.245983e-09
28808.3  4.244632e-09
28821.8  4.243255e-09
28835.3  4.241863e-09
28848.8  4.240444e-09
28862.3  4.233923e-09
28875.8  4.232408e-09
28889.3  4.230833e-09
28902.8  4.229444e-09
28916.4  4.228992e-09
28929.9  4.233154e-09
28943.4  6.292362e-09
28956.9  6.291196e-09
28970.4  6.289846e-09
28983.9  8.926489e-09
28997.4  1.825937e-07
29010.9  1.828892e-07
29024.5  1.858496e-07
29038.0  4.815953e-07
29051.5  6.526847e-07
29065.0  8.019351e-07
29078.5  8.013089e-07
29092.0  8.112648e-07
29105.5  9.237003e-07
29119.0  1.321362e-06
29132.5  1.925822e-06
29146.1  2.088541e-06
29159.6  2.338038e-06
29173.1  2.598235e-06
29186.6  3.061042e-06
29200.1  3.602285e-06
29213.6  3.857403e-06
29227.1  4.189129e-06
29240.6  4.167396e-06
29254.2  4.408444e-06
29267.7  4.638191e-06
29281.2  4.885051e-06
29294.7  5.141068e-06
29308.2  5.480949e-06
29321.7  5.785023e-06
29335.2  6.052996e-06
29348.7  6.259432e-06
29362.3  6.280773e-06
29375.8  6.707291e-06
29389.3  6.984860e-06
29402.8  7.173826e-06
29416.3  7.383819e-06
29429.8  7.535154e-06
29443.3  7.738613e-06
29456.8  8.269267e-06
29470.4  8.952910e-06
29483.9  9.535069e-06
29497.4  1.089938e-05
29510.9  1.248633e-05
29524.4  1.392849e-05
29537.9  1.537861e-05
29551.4  1.691219e-05
29564.9  1.879396e-05
29578.5  2.051433e-05
29592.0  2.235949e-05
29605.5  2.399058e-05
29619.0  2.619892e-05
29632.5  2.865496e-05
29646.0  3.147375e-05
29659.5  3.433672e-05
29673.0  3.741543e-05
29686.6  4.109359e-05
29700.1  4.468714e-05
29713.6  4.892930e-05
29727.1  5.261155e-05
29740.6  5.631701e-05
29754.1  6.012710e-05
29767.6  6.425806e-05
29781.1  6.838940e-05
29794.7  7.297209e-05
29808.2  7.817085e-05
29821.7  8.294506e-05
29835.2  8.836895e-05
29848.7  9.451750e-05
29862.2  1.015605e-04
29875.7  1.088952e-04
29889.2  1.168928e-04
29902.8  1.251613e-04
29916.3  1.337339e-04
29929.8  1.434203e-04
29943.3  1.540347e-04
29956.8  1.652960e-04
29970.3  1.765947e-04
29983.8  1.889863e-04
29997.3  2.022427e-04
30010.9  2.159281e-04
30024.4  2.305687e-04
30037.9  2.455683e-04
30051.4  2.608112e-04
30064.9  2.775500e-04
30078.4  2.962057e-04
30091.9  3.155725e-04
30105.4  3.357493e-04
30118.9  3.576024e-04
30132.5  3.813004e-04
30146.0  4.065890e-04
30159.5  4.345852e-04
30173.0  4.634370e-04
30186.5  4.938680e-04
30200.0  5.266349e-04
30213.5  5.616497e-04
30227.0  5.986220e-04
30240.6  6.377143e-04
30254.1  6.790436e-04
30267.6  7.226230e-04
30281.1  7.701197e-04
30294.6  8.214601e-04
30308.1  8.768861e-04
30321.6  9.362719e-04
30335.1  1.000192e-03
30348.7  1.068803e-03
30362.2  1.143134e-03
30375.7  1.224385e-03
30389.2  1.310886e-03
30402.7  1.404017e-03
30416.2  1.505872e-03
30429.7  1.616336e-03
30443.2  1.736214e-03
30456.8  1.866283e-03
30470.3  2.007618e-03
30483.8  2.161178e-03
30497.3  2.328533e-03
30510.8  2.507723e-03
30524.3  2.702433e-03
30537.8  2.914189e-03
30551.3  3.144931e-03
30564.9  3.396309e-03
30578.4  3.670306e-03
30591.9  3.969431e-03
30605.4  4.297729e-03
30618.9  4.659621e-03
30632.4  5.054658e-03
30645.9  5.486909e-03
30659.4  5.966425e-03
30673.0  6.485335e-03
30686.5  7.058439e-03
30700.0  7.684209e-03
30713.5  8.361326e-03
30727.0  9.103997e-03
30740.5  9.917632e-03
30754.0  1.080935e-02
30767.5  1.178568e-02
30781.1  1.285549e-02
30794.6  1.402737e-02
30808.1  1.532031e-02
30821.6  1.674313e-02
30835.1  1.830164e-02
30848.6  2.000825e-02
30862.1  2.187589e-02
30875.6  2.391834e-02
30889.2  2.614973e-02
30902.7  2.858783e-02
30916.2  3.125645e-02
30929.7  3.416581e-02
30943.2  3.737714e-02
30956.7  4.082464e-02
30970.2  4.456835e-02
30983.7  4.862813e-02
30997.2  5.302246e-02
31010.8  5.774490e-02
31024.3  6.282717e-02
31037.8  6.829080e-02
31051.3  7.415354e-02
31064.8  8.042595e-02
31078.3  8.711986e-02
31091.8  9.424100e-02
31105.3  1.018085e-01
31118.9  1.098317e-01
31132.4  1.182830e-01
31145.9  1.271511e-01
31159.4  1.364097e-01
31172.9  1.460365e-01
31186.4  1.559852e-01
31199.9  1.662179e-01
31213.4  1.770314e-01
31227.0  1.878310e-01
31240.5  1.987466e-01
31254.0  2.097017e-01
31267.5  2.206303e-01
31281.0  2.314407e-01
31294.5  2.420737e-01
31308.0  2.523864e-01
31321.5  2.623313e-01
31335.1  2.718813e-01
31348.6  2.809792e-01
31362.1  2.895899e-01
31375.6  2.976642e-01
31389.1  3.051954e-01
31402.6  3.121779e-01
31416.1  3.186891e-01
31429.6  3.246431e-01
31443.2  3.300467e-01
31456.7  3.349296e-01
31470.2  3.393119e-01
31483.7  3.436212e-01
31497.2  3.470942e-01
31510.7  3.501570e-01
31524.2  3.528515e-01
31537.7  3.552128e-01
31551.3  3.572811e-01
31564.8  3.590877e-01
31578.3  3.606700e-01
31591.8  3.620585e-01
31605.3  3.632598e-01
31618.8  3.642907e-01
31632.3  3.652048e-01
31645.8  3.660279e-01
31659.4  3.667770e-01
31672.9  3.674699e-01
31686.4  3.681223e-01
31699.9  3.687445e-01
31713.4  3.695801e-01
31726.9  3.707124e-01
31740.4  3.716774e-01
31753.9  3.725108e-01
31767.5  3.733551e-01
31781.0  3.742117e-01
31794.5  3.750845e-01
31808.0  3.759008e-01
31821.5  3.766837e-01
31835.0  3.774823e-01
31848.5  3.782988e-01
31862.0  3.791305e-01
31875.5  3.799770e-01
31889.1  3.808338e-01
31902.6  3.817025e-01
31916.1  3.825855e-01
31929.6  3.834784e-01
31943.1  3.843767e-01
31956.6  3.852781e-01
31970.1  3.861866e-01
31983.6  3.875424e-01
31997.2  3.884464e-01
32010.7  3.893086e-01
32024.2  3.901544e-01
32037.7  3.909934e-01
32051.2  3.918266e-01
32064.7  3.926522e-01
32078.2  3.934716e-01
32091.7  3.942814e-01
32105.3  3.950797e-01
32118.8  3.958632e-01
32132.3  3.961958e-01
32145.8  3.969632e-01
32159.3  3.977241e-01
32172.8  3.984764e-01
32186.3  3.992220e-01
32199.8  3.999589e-01
32213.4  4.009608e-01
32226.9  4.021123e-01
32240.4  4.029430e-01
32253.9  4.037683e-01
32267.4  4.045883e-01
32280.9  4.054041e-01
32294.4  4.062142e-01
32307.9  4.068895e-01
32321.5  4.074659e-01
32335.0  4.080405e-01
32348.5  4.086095e-01
32362.0  4.091762e-01
32375.5  4.097377e-01
32389.0  4.102967e-01
32402.5  4.108387e-01
32416.0  4.113287e-01
32429.6  4.118164e-01
32443.1  4.124498e-01
32456.6  4.132678e-01
32470.1  4.137427e-01
32483.6  4.142136e-01
32497.1  4.146801e-01
32510.6  4.152370e-01
32524.1  4.158121e-01
32537.7  4.163846e-01
32551.2  4.169522e-01
32564.7  4.175201e-01
32578.2  4.180864e-01
32591.7  4.186528e-01
32605.2  4.191894e-01
32618.7  4.196817e-01
32632.2  4.201752e-01
32645.8  4.206688e-01
32659.3  4.211655e-01
32672.8  4.218006e-01
32686.3  4.226614e-01
32699.8  4.231631e-01
32713.3  4.235586e-01
32726.8  4.239576e-01
32740.3  4.243636e-01
32753.9  4.247749e-01
32767.4  4.251918e-01
32780.9  4.256169e-01
32794.4  4.260510e-01
32807.9  4.264977e-01
32821.4  4.269528e-01
32834.9  4.274194e-01
32848.4  4.278922e-01
32861.9  4.283776e-01
32875.5  4.288738e-01
32889.0  4.293833e-01
32902.5  4.304117e-01
32916.0  4.309456e-01
32929.5  4.314921e-01
32943.0  4.320484e-01
32956.5  4.326195e-01
32970.0  4.332015e-01
32983.6  4.337993e-01
32997.1  4.344059e-01
33010.6  4.349224e-01
33024.1  4.354206e-01
33037.6  4.359279e-01
33051.1  4.364466e-01
33064.6  4.369741e-01
33078.1  4.375126e-01
33091.7  4.380567e-01
33105.2  4.385867e-01
33118.7  4.395323e-01
33132.2  4.401069e-01
33145.7  4.406182e-01
33159.2  4.411326e-01
33172.7  4.416505e-01
33186.2  4.421671e-01
33199.8  4.426863e-01
33213.3  4.431596e-01
33226.8  4.436342e-01
33240.3  4.441044e-01
33253.8  4.445739e-01
33267.3  4.450404e-01
33280.8  4.455026e-01
33294.3  4.459623e-01
33307.9  4.460859e-01
33321.4  4.459693e-01
33334.9  4.458432e-01
33348.4  4.461523e-01
33361.9  4.460986e-01
33375.4  4.459556e-01
33388.9  4.458076e-01
33402.4  4.454391e-01
33416.0  4.440956e-01
33429.5  4.427406e-01
33443.0  4.413816e-01
33456.5  4.400140e-01
33470.0  4.386397e-01
33483.5  4.372559e-01
33497.0  4.358630e-01
33510.5  4.329066e-01
33524.1  4.294991e-01
33537.6  4.260849e-01
33551.1  4.226583e-01
33564.6  4.192238e-01
33578.1  4.157812e-01
33591.6  4.123308e-01
33605.1  4.103767e-01
33618.6  4.108747e-01
33632.2  4.113733e-01
33645.7  4.118680e-01
33659.2  4.123639e-01
33672.7  4.128585e-01
33686.2  4.133537e-01
33699.7  4.138516e-01
33713.2  4.177505e-01
33726.7  4.220508e-01
33740.2  4.266929e-01
33753.8  4.306903e-01
33767.3  4.346918e-01
33780.8  4.386984e-01
33794.3  4.427116e-01
33807.8  4.451474e-01
33821.3  4.464354e-01
33834.8  4.477231e-01
33848.3  4.490154e-01
33861.9  4.503093e-01
33875.4  4.516036e-01
33888.9  4.528986e-01
33902.4  4.539263e-01
33915.9  4.537405e-01
33929.4  4.535449e-01
33942.9  4.533435e-01
33956.4  4.531342e-01
33970.0  4.529154e-01
33983.5  4.526894e-01
33997.0  4.524521e-01
34010.5  4.521633e-01
34024.0  4.518516e-01
34037.5  4.515319e-01
34051.0  4.512050e-01
34064.5  4.508695e-01
34078.1  4.505296e-01
34091.6  4.502628e-01
34105.1  4.504253e-01
34118.6  4.502533e-01
34132.1  4.500738e-01
34145.6  4.498905e-01
34159.1  4.501607e-01
34172.6  4.500104e-01
34186.2  4.498100e-01
34199.7  4.496067e-01
34213.2  4.497665e-01
34226.7  4.499287e-01
34240.2  4.500903e-01
34253.7  4.502482e-01
34267.2  4.504069e-01
34280.7  4.505645e-01
34294.3  4.507208e-01
34307.8  4.507770e-01
34321.3  4.507520e-01
34334.8  4.507235e-01
34348.3  4.506882e-01
34361.8  4.506490e-01
34375.3  4.506069e-01
34388.8  4.505591e-01
34402.4  4.504764e-01
34415.9  4.502272e-01
34429.4  4.499819e-01
34442.9  4.502689e-01
34456.4  4.500306e-01
34469.9  4.497968e-01
34483.4  4.497353e-01
34496.9  4.498352e-01
34510.5  4.498087e-01
34524.0  4.498433e-01
34537.5  4.498817e-01
34551.0  4.499213e-01
34564.5  4.499665e-01
34578.0  4.500141e-01
34591.5  4.500656e-01
34605.0  4.502644e-01
34618.5  4.507033e-01
34632.1  4.511479e-01
34645.6  4.515945e-01
34659.1  4.520439e-01
34672.6  4.524966e-01
34686.1  4.529485e-01
34699.6  4.534033e-01
34713.1  4.535517e-01
34726.6  4.536934e-01
34740.2  4.538380e-01
34753.7  4.539846e-01
34767.2  4.545185e-01
34780.7  4.548221e-01
34794.2  4.551955e-01
34807.7  4.558359e-01
34821.2  4.563195e-01
34834.7  4.568072e-01
34848.3  4.572952e-01
34861.8  4.577850e-01
34875.3  4.582762e-01
34888.8  4.587670e-01
34902.3  4.592830e-01
34915.8  4.599114e-01
34929.3  4.605395e-01
34942.8  4.611671e-01
34956.4  4.617921e-01
34969.9  4.624182e-01
34983.4  4.630428e-01
34996.9  4.636687e-01
35010.4  4.642397e-01
35023.9  4.647919e-01
35037.4  4.653435e-01
35050.9  4.658916e-01
35064.5  4.664389e-01
35078.0  4.674209e-01
35091.5  4.680781e-01
35105.0  4.689145e-01
35118.5  4.697944e-01
35132.0  4.704084e-01
35145.5  4.710185e-01
35159.0  4.716237e-01
35172.6  4.722282e-01
35186.1  4.728309e-01
35199.6  4.734303e-01
35213.1  4.739537e-01
35226.6  4.744662e-01
35240.1  4.749779e-01
35253.6  4.754903e-01
35267.1  4.760032e-01
35280.7  4.765160e-01
35294.2  4.770242e-01
35307.7  4.774938e-01
35321.2  4.779338e-01
35334.7  4.783725e-01
35348.2  4.792725e-01
35361.7  4.798122e-01
35375.2  4.802512e-01
35388.8  4.806897e-01
35402.3  4.811019e-01
35415.8  4.813909e-01
35429.3  4.821792e-01
35442.8  4.825047e-01
35456.3  4.827911e-01
35469.8  4.830754e-01
35483.3  4.833609e-01
35496.8  4.836477e-01
35510.4  4.839176e-01
35523.9  4.847032e-01
35537.4  4.849472e-01
35550.9  4.851944e-01
35564.4  4.854437e-01
35577.9  4.856949e-01
35591.4  4.859501e-01
35604.9  4.862316e-01
35618.5  4.865570e-01
35632.0  4.868857e-01
35645.5  4.872174e-01
35659.0  4.875525e-01
35672.5  4.878904e-01
35686.0  4.885740e-01
35699.5  4.891445e-01
35713.0  4.894233e-01
35726.6  4.897009e-01
35740.1  4.899814e-01
35753.6  4.902642e-01
35767.1  4.905494e-01
35780.6  4.913858e-01
35794.1  4.916766e-01
35807.6  4.919338e-01
35821.1  4.921658e-01
35834.7  4.924008e-01
35848.2  4.931043e-01
35861.7  4.934445e-01
35875.2  4.936811e-01
35888.7  4.939176e-01
35902.2  4.941435e-01
35915.7  4.943152e-01
35929.2  4.944888e-01
35942.8  4.946634e-01
35956.3  4.948383e-01
35969.8  4.950142e-01
35983.3  4.951920e-01
35996.8  4.953710e-01
36010.3  4.955527e-01
36023.8  4.957364e-01
36037.3  4.963450e-01
36050.9  4.966853e-01
36064.4  4.968753e-01
36077.9  4.970661e-01
36091.4  4.972570e-01
36104.9  4.974268e-01
36118.4  4.975576e-01
36131.9  4.976868e-01
36145.4  4.978161e-01
36159.0  4.979467e-01
36172.5  4.980779e-01
36186.0  4.982112e-01
36199.5  4.988739e-01
36213.0  4.990291e-01
36226.5  4.991561e-01
36240.0  4.992838e-01
36253.5  4.994110e-01
36267.1  4.995360e-01
36280.6  4.996603e-01
36294.1  4.997834e-01
36307.6  4.999443e-01
36321.1  5.001355e-01
36334.6  5.003264e-01
36348.1  5.005162e-01
36361.6  5.007066e-01
36375.2  5.008968e-01
36388.7  5.010850e-01
36402.2  5.012822e-01
36415.7  5.015336e-01
36429.2  5.017847e-01
36442.7  5.020353e-01
36456.2  5.022849e-01
36469.7  5.025346e-01
36483.2  5.027817e-01
36496.8  5.034232e-01
36510.3  5.039139e-01
36523.8  5.042277e-01
36537.3  5.045372e-01
36550.8  5.048445e-01
36564.3  5.051478e-01
36577.8  5.054486e-01
36591.3  5.057486e-01
36604.9  5.060187e-01
36618.4  5.062410e-01
36631.9  5.064622e-01
36645.4  5.066798e-01
36658.9  5.068935e-01
36672.4  5.071022e-01
36685.9  5.073066e-01
36699.4  5.080425e-01
36713.0  5.083401e-01
36726.5  5.086074e-01
36740.0  5.088717e-01
36753.5  5.091329e-01
36767.0  5.093941e-01
36780.5  5.096513e-01
36794.0  5.099043e-01
36807.5  5.101540e-01
36821.1  5.103968e-01
36834.6  5.106368e-01
36848.1  5.108780e-01
36861.6  5.111153e-01
36875.1  5.113508e-01
36888.6  5.115887e-01
36902.1  5.118026e-01
36915.6  5.118989e-01
36929.2  5.119955e-01
36942.7  5.126820e-01
36956.2  5.127738e-01
36969.7  5.128665e-01
36983.2  5.129571e-01
36996.7  5.130481e-01
37010.2  5.131412e-01
37023.7  5.132349e-01
37037.3  5.133312e-01
37050.8  5.134284e-01
37064.3  5.135256e-01
37077.8  5.136236e-01
37091.3  5.137197e-01
37104.8  5.138390e-01
37118.3  5.140020e-01
37131.8  5.141649e-01
37145.4  5.143298e-01
37158.9  5.144962e-01
37172.4  5.146625e-01
37185.9  5.148308e-01
37199.4  5.150000e-01
37212.9  5.151715e-01
37226.4  5.153455e-01
37239.9  5.155186e-01
37253.5  5.156904e-01
37267.0  5.158627e-01
37280.5  5.160338e-01
37294.0  5.162056e-01
37307.5  5.163820e-01
37321.0  5.165588e-01
37334.5  5.167355e-01
37348.0  5.169114e-01
37361.5  5.176827e-01
37375.1  5.178532e-01
37388.6  5.180203e-01
37402.1  5.182906e-01
37415.6  5.188332e-01
37429.1  5.189151e-01
37442.6  5.189912e-01
37456.1  5.190653e-01
37469.6  5.191353e-01
37483.2  5.192002e-01
37496.7  5.192625e-01
37510.2  5.193169e-01
37523.7  5.193630e-01
37537.2  5.194040e-01
37550.7  5.194369e-01
37564.2  5.194630e-01
37577.7  5.194856e-01
37591.3  5.195007e-01
37604.8  5.195106e-01
37618.3  5.195189e-01
37631.8  5.195203e-01
37645.3  5.195161e-01
37658.8  5.195078e-01
37672.3  5.194914e-01
37685.8  5.194690e-01
37699.4  5.194419e-01
37712.9  5.193997e-01
37726.4  5.193524e-01
37739.9  5.193019e-01
37753.4  5.192457e-01
37766.9  5.196029e-01
37780.4  5.197277e-01
37793.9  5.196618e-01
37807.5  5.196388e-01
37821.0  5.196503e-01
37834.5  5.196575e-01
37848.0  5.196657e-01
37861.5  5.196748e-01
37875.0  5.196813e-01
37888.5  5.196903e-01
37902.0  5.196797e-01
37915.6  5.195476e-01
37929.1  5.194215e-01
37942.6  5.192992e-01
37956.1  5.191775e-01
37969.6  5.190628e-01
37983.1  5.189515e-01
37996.6  5.188420e-01
38010.1  5.188502e-01
38023.7  5.188995e-01
38037.2  5.189528e-01
38050.7  5.190170e-01
38064.2  5.190883e-01
38077.7  5.191650e-01
38091.2  5.192541e-01
38104.7  5.193243e-01
38118.2  5.193503e-01
38131.8  5.193884e-01
38145.3  5.194344e-01
38158.8  5.194864e-01
38172.3  5.196870e-01
38185.8  5.202205e-01
38199.3  5.202964e-01
38212.8  5.203906e-01
38226.3  5.204925e-01
38239.8  5.205995e-01
38253.4  5.207152e-01
38266.9  5.208348e-01
38280.4  5.209557e-01
38293.9  5.210835e-01
38307.4  5.212132e-01
38320.9  5.213429e-01
38334.4  5.214785e-01
38347.9  5.216140e-01
38361.5  5.217456e-01
38375.0  5.218781e-01
38388.5  5.225009e-01
38402.0  5.227121e-01
38415.5  5.228291e-01
38429.0  5.229392e-01
38442.5  5.230378e-01
38456.0  5.231318e-01
38469.6  5.232192e-01
38483.1  5.232947e-01
38496.6  5.233626e-01
38510.1  5.234156e-01
38523.6  5.234522e-01
38537.1  5.234787e-01
38550.6  5.234917e-01
38564.1  5.234859e-01
38577.7  5.239298e-01
38591.2  5.240362e-01
38604.7  5.239826e-01
38618.2  5.239171e-01
38631.7  5.238348e-01
38645.2  5.237314e-01
38658.7  5.236113e-01
38672.2  5.234757e-01
38685.8  5.233187e-01
38699.3  5.231458e-01
38712.8  5.229466e-01
38726.3  5.227261e-01
38739.8  5.224883e-01
38753.3  5.222359e-01
38766.8  5.219626e-01
38780.3  5.216737e-01
38793.9  5.213736e-01
38807.4  5.210648e-01
38820.9  5.207494e-01
38834.4  5.204249e-01
38847.9  5.200884e-01
38861.4  5.197419e-01
38874.9  5.193916e-01
38888.4  5.190324e-01
38902.0  5.186627e-01
38915.5  5.182855e-01
38929.0  5.179027e-01
38942.5  5.175147e-01
38956.0  5.171296e-01
38969.5  5.167422e-01
38983.0  5.169466e-01
38996.5  5.165575e-01
39010.1  5.161636e-01
39023.6  5.157663e-01
39037.1  5.153717e-01
39050.6  5.149792e-01
39064.1  5.145823e-01
39077.6  5.141857e-01
39091.1  5.137907e-01
39104.6  5.133934e-01
39118.2  5.130008e-01
39131.7  5.126036e-01
39145.2  5.124863e-01
39158.7  5.123339e-01
39172.2  5.118920e-01
39185.7  5.114278e-01
39199.2  5.109370e-01
39212.7  5.104216e-01
39226.2  5.098691e-01
39239.8  5.092713e-01
39253.3  5.086316e-01
39266.8  5.079374e-01
39280.3  5.071754e-01
39293.8  5.063422e-01
39307.3  5.054207e-01
39320.8  5.044010e-01
39334.3  5.032814e-01
39347.9  5.020505e-01
39361.4  5.006912e-01
39374.9  4.994765e-01
39388.4  4.981306e-01
39401.9  4.963389e-01
39415.4  4.944362e-01
39428.9  4.923487e-01
39442.4  4.900554e-01
39456.0  4.875445e-01
39469.5  4.848060e-01
39483.0  4.818233e-01
39496.5  4.785806e-01
39510.0  4.750140e-01
39523.5  4.711481e-01
39537.0  4.669902e-01
39550.5  4.625373e-01
39564.1  4.577757e-01
39577.6  4.526931e-01
39591.1  4.472874e-01
39604.6  4.415576e-01
39618.1  4.354992e-01
39631.6  4.291082e-01
39645.1  4.223913e-01
39658.6  4.153494e-01
39672.2  4.079905e-01
39685.7  4.003241e-01
39699.2  3.927574e-01
39712.7  3.845402e-01
39726.2  3.760198e-01
39739.7  3.672496e-01
39753.2  3.582459e-01
39766.7  3.490328e-01
39780.3  3.400290e-01
39793.8  3.304632e-01
39807.3  3.207585e-01
39820.8  3.109455e-01
39834.3  3.010532e-01
39847.8  2.911102e-01
39861.3  2.811471e-01
39874.8  2.711912e-01
39888.4  2.612667e-01
39901.9  2.514071e-01
39915.4  2.416361e-01
39928.9  2.319748e-01
39942.4  2.224482e-01
39955.9  2.130781e-01
39969.4  2.038823e-01
39982.9  1.948785e-01
39996.5  1.860849e-01
40010.0  1.775117e-01
40023.5  1.691739e-01
40037.0  1.610853e-01
40050.5  1.532519e-01
40064.0  1.456783e-01
40077.5  1.383697e-01
40091.0  1.313298e-01
40104.5  1.245644e-01
40118.1  1.180772e-01
40131.6  1.118583e-01
40145.1  1.059038e-01
40158.6  1.002102e-01
40172.1  9.477410e-02
40185.6  8.964773e-02
40199.1  8.474760e-02
40212.6  8.012051e-02
40226.2  7.563359e-02
40239.7  7.137328e-02
40253.2  6.733184e-02
40266.7  6.350142e-02
40280.2  5.987340e-02
40293.7  5.643926e-02
40307.2  5.319133e-02
40320.7  5.012201e-02
40334.3  4.722205e-02
40347.8  4.448417e-02
40361.3  4.190141e-02
40374.8  3.946608e-02
40388.3  3.717059e-02
40401.8  3.500865e-02
40415.3  3.297650e-02
40428.8  3.106214e-02
40442.4  2.925998e-02
40455.9  2.756399e-02
40469.4  2.596768e-02
40482.9  2.446533e-02
40496.4  2.305229e-02
40509.9  2.172132e-02
40523.4  2.046835e-02
40536.9  1.929039e-02
40550.5  1.818341e-02
40564.0  1.714301e-02
40577.5  1.616487e-02
40591.0  1.524534e-02
40604.5  1.438824e-02
40618.0  1.358357e-02
40631.5  1.281936e-02
40645.0  1.210112e-02
40658.6  1.142529e-02
40672.1  1.078922e-02
40685.6  1.019150e-02
40699.1  9.629545e-03
40712.6  9.101689e-03
40726.1  8.610582e-03
40739.6  8.145777e-03
40753.1  7.704879e-03
40766.7  7.290689e-03
40780.2  6.901851e-03
40793.7  6.535248e-03
40807.2  6.188932e-03
40820.7  5.862369e-03
40834.2  5.555005e-03
40847.7  5.265477e-03
40861.2  4.992812e-03
40874.8  4.735471e-03
40888.3  4.491970e-03
40901.8  4.262608e-03
40915.3  4.047232e-03
40928.8  3.844755e-03
40942.3  3.653084e-03
40955.8  3.471855e-03
40969.3  3.300511e-03
40982.8  3.138637e-03
40996.4  2.986033e-03
41009.9  2.841757e-03
41023.4  2.704613e-03
41036.9  2.576012e-03
41050.4  2.453683e-03
41063.9  2.337419e-03
41077.4  2.227222e-03
41090.9  2.122608e-03
41104.5  2.023983e-03
41118.0  1.930512e-03
41131.5  1.841733e-03
41145.0  1.757638e-03
41158.5  1.677736e-03
41172.0  1.601622e-03
41185.5  1.530619e-03
41199.0  1.463650e-03
41212.6  1.398962e-03
41226.1  1.337283e-03
41239.6  1.278996e-03
41253.1  1.224371e-03
41266.6  1.172538e-03
41280.1  1.123372e-03
41293.6  1.076401e-03
41307.1  1.031252e-03
41320.7  9.882315e-04
41334.2  9.479060e-04
41347.7  9.095005e-04
41361.2  8.719803e-04
41374.7  8.358100e-04
41388.2  8.013411e-04
41401.7  7.682721e-04
41415.2  7.361951e-04
41428.8  7.054505e-04
41442.3  6.759405e-04
41455.8  6.481548e-04
41469.3  6.225002e-04
41482.8  5.998095e-04
41496.3  5.774828e-04
41509.8  5.560075e-04
41523.3  5.359040e-04
41536.9  5.169100e-04
41550.4  4.980345e-04
41563.9  4.794399e-04
41577.4  4.617345e-04
41590.9  4.445534e-04
41604.4  4.281351e-04
41617.9  4.121358e-04
41631.4  3.965236e-04
41645.0  3.811247e-04
41658.5  3.667815e-04
41672.0  3.535856e-04
41685.5  3.410912e-04
41699.0  3.284651e-04
41712.5  3.164786e-04
41726.0  3.056982e-04
41739.5  2.956922e-04
41753.1  2.861795e-04
41766.6  2.774208e-04
41780.1  2.690987e-04
41793.6  2.606817e-04
41807.1  2.527117e-04
41820.6  2.451270e-04
41834.1  2.375890e-04
41847.6  2.301250e-04
41861.1  2.233902e-04
41874.7  2.170548e-04
41888.2  2.104928e-04
41901.7  2.037133e-04
41915.2  1.975400e-04
41928.7  1.918232e-04
41942.2  1.865123e-04
41955.7  1.808460e-04
41969.2  1.753454e-04
41982.8  1.696354e-04
41996.3  1.641176e-04
42009.8  1.590815e-04
42023.3  1.542809e-04
42036.8  1.494521e-04
42050.3  1.448582e-04
42063.8  1.408949e-04
42077.3  1.370960e-04
42090.9  1.332263e-04
42104.4  1.298307e-04
42117.9  1.270796e-04
42131.4  1.244993e-04
42144.9  1.219097e-04
42158.4  1.192817e-04
42171.9  1.166163e-04
42185.4  1.137826e-04
42199.0  1.112518e-04
42212.5  1.089443e-04
42226.0  1.063795e-04
42239.5  1.033896e-04
42253.0  1.006341e-04
42266.5  9.835478e-05
42280.0  9.644198e-05
42293.5  9.476138e-05
42307.1  9.313583e-05
42320.6  9.098764e-05
42334.1  8.816891e-05
42347.6  8.558177e-05
42361.1  8.362585e-05
42374.6  8.180502e-05
42388.1  7.958852e-05
42401.6  7.719514e-05
42415.2  7.522382e-05
42428.7  7.376222e-05
42442.2  7.298184e-05
42455.7  7.264174e-05
42469.2  7.246372e-05
42482.7  7.188441e-05
42496.2  7.094449e-05
42509.7  6.978570e-05
42523.3  6.838325e-05
42536.8  6.672535e-05
42550.3  6.510861e-05
42563.8  6.340221e-05
42577.3  6.133838e-05
42590.8  5.926808e-05
42604.3  5.773552e-05
42617.8  5.672315e-05
42631.4  5.585840e-05
42644.9  5.523631e-05
42658.4  5.517521e-05
42671.9  5.553849e-05
42685.4  5.612466e-05
42698.9  5.690074e-05
42712.4  5.757128e-05
42725.9  5.772181e-05
42739.5  5.716515e-05
42753.0  5.614010e-05
42766.5  5.478017e-05
42780.0  5.282542e-05
42793.5  5.042891e-05
42807.0  4.836806e-05
42820.5  4.706098e-05
42834.0  4.627320e-05
42847.5  4.619788e-05
42861.1  4.684718e-05
42874.6  4.775788e-05
42888.1  4.854261e-05
42901.6  4.908736e-05
42915.1  4.914815e-05
42928.6  4.839515e-05
42942.1  4.716472e-05
42955.6  4.565795e-05
42969.2  4.406082e-05
42982.7  4.226777e-05
42996.2  4.056022e-05
43009.7  3.922583e-05
43023.2  3.834645e-05
43036.7  3.798347e-05
43050.2  3.790418e-05
43063.7  3.809868e-05
43077.3  3.829105e-05
43090.8  3.817173e-05
43104.3  3.801951e-05
43117.8  3.806363e-05
43131.3  3.826999e-05
43144.8  3.824527e-05
43158.3  3.831682e-05
43171.8  3.853419e-05
43185.4  3.893666e-05
43198.9  3.931702e-05
43212.4  3.969196e-05
43225.9  3.992405e-05
43239.4  3.963631e-05
43252.9  3.903105e-05
43266.4  3.828562e-05
43279.9  3.727074e-05
43293.5  3.595833e-05
43307.0  3.457632e-05
43320.5  3.337586e-05
43334.0  3.230402e-05
43347.5  3.171997e-05
43361.0  3.146243e-05
43374.5  3.171846e-05
43388.0  3.237725e-05
43401.6  3.299375e-05
43415.1  3.332073e-05
43428.6  3.360450e-05
43442.1  3.384690e-05
43455.6  3.399278e-05
43469.1  3.378407e-05
43482.6  3.295951e-05
43496.1  3.156121e-05
43509.7  3.038480e-05
43523.2  2.970708e-05
43536.7  2.930205e-05
43550.2  2.908039e-05
43563.7  2.879999e-05
43577.2  2.875980e-05
43590.7  2.905920e-05
43604.2  2.985498e-05
43617.8  3.026973e-05
43631.3  3.035214e-05
43644.8  3.005451e-05
43658.3  2.973450e-05
43671.8  2.936191e-05
43685.3  2.943309e-05
43698.8  2.994350e-05
43712.3  3.071163e-05
43725.8  3.107808e-05
43739.4  3.128914e-05
43752.9  3.156525e-05
43766.4  3.205051e-05
43779.9  3.242686e-05
43793.4  3.248193e-05
43806.9  3.197671e-05
43820.4  3.094498e-05
43833.9  3.038589e-05
43847.5  3.038546e-05
43861.0  3.059405e-05
43874.5  3.042071e-05
43888.0  3.021020e-05
43901.5  2.992791e-05
43915.0  2.977401e-05
43928.5  2.948078e-05
43942.0  2.900369e-05
43955.6  2.833741e-05
43969.1  2.783499e-05
43982.6  2.757339e-05
43996.1  2.759405e-05
44009.6  2.759128e-05
44023.1  2.749614e-05
44036.6  2.761925e-05
44050.1  2.757302e-05
44063.7  2.725101e-05
44077.2  2.671839e-05
44090.7  2.597133e-05
44104.2  2.522776e-05
44117.7  2.484484e-05
44131.2  2.489368e-05
44144.7  2.501502e-05
44158.2  2.528193e-05
44171.8  2.580512e-05
44185.3  2.625047e-05
44198.8  2.679065e-05
44212.3  2.690279e-05
44225.8  2.653297e-05
44239.3  2.569770e-05
44252.8  2.489517e-05
44266.3  2.432166e-05
44279.9  2.414286e-05
44293.4  2.427273e-05
44306.9  2.463003e-05
44320.4  2.542920e-05
44333.9  2.661412e-05
44347.4  2.807892e-05
44360.9  2.932211e-05
44374.4  3.056341e-05
44388.0  3.159918e-05
44401.5  3.252640e-05
44415.0  3.273451e-05
44428.5  3.227960e-05
44442.0  3.105171e-05
44455.5  2.980841e-05
44469.0  2.875878e-05
44482.5  2.784264e-05
44496.1  2.692138e-05
44509.6  2.613298e-05
44523.1  2.615793e-05
44536.6  2.697716e-05
44550.1  2.859724e-05
44563.6  3.025195e-05
44577.1  3.204955e-05
44590.6  3.339393e-05
44604.1  3.448422e-05
44617.7  3.508036e-05
44631.2  3.550413e-05
44644.7  3.567595e-05
44658.2  3.561070e-05
44671.7  3.528241e-05
44685.2  3.489095e-05
44698.7  3.505435e-05
44712.2  3.561256e-05
44725.8  3.652576e-05
44739.3  3.708970e-05
44752.8  3.745070e-05
44766.3  3.744200e-05
44779.8  3.768159e-05
44793.3  3.806995e-05
44806.8  3.859242e-05
44820.3  3.846976e-05
44833.9  3.772150e-05
44847.4  3.689722e-05
44860.9  3.643298e-05
44874.4  3.646717e-05
44887.9  3.620725e-05
44901.4  3.556666e-05
44914.9  3.444669e-05
44928.4  3.360860e-05
44942.0  3.293389e-05
44955.5  3.259806e-05
44969.0  3.233287e-05
44982.5  3.211803e-05
44996.0  3.185620e-05
45009.5  3.144281e-05
45023.0  3.109464e-05
45036.5  3.069270e-05
45050.1  3.051667e-05
45063.6  3.037181e-05
45077.1  3.033599e-05
45090.6  3.026939e-05
45104.1  3.029672e-05
45117.6  3.088094e-05
45131.1  3.196136e-05
45144.6  3.347564e-05
45158.2  3.452968e-05
45171.7  3.537586e-05
45185.2  3.606922e-05
45198.7  3.701512e-05
45212.2  3.745085e-05
45225.7  3.703680e-05
45239.2  3.597880e-05
45252.7  3.478689e-05
45266.3  3.396427e-05
45279.8  3.296249e-05
45293.3  3.204569e-05
45306.8  3.098060e-05
45320.3  3.044349e-05
45333.8  3.000413e-05
45347.3  2.979922e-05
45360.8  2.972118e-05
45374.4  2.961716e-05
45387.9  2.946972e-05
45401.4  2.894132e-05
45414.9  2.851773e-05
45428.4  2.799728e-05
45441.9  2.764345e-05
45455.4  2.720748e-05
45468.9  2.691050e-05
45482.5  2.690358e-05
45496.0  2.682378e-05
45509.5  2.666943e-05
45523.0  2.626904e-05
45536.5  2.621716e-05
45550.0  2.603075e-05
45563.5  2.573549e-05
45577.0  2.520393e-05
45590.5  2.482242e-05
45604.1  2.472267e-05
45617.6  2.452488e-05
45631.1  2.422314e-05
45644.6  2.368569e-05
45658.1  2.354526e-05
45671.6  2.339673e-05
45685.1  2.325973e-05
45698.6  2.294195e-05
45712.2  2.254959e-05
45725.7  2.217702e-05
45739.2  2.143160e-05
45752.7  2.048853e-05
45766.2  1.952859e-05
45779.7  1.879465e-05
45793.2  1.797255e-05
45806.7  1.728101e-05
45820.3  1.723970e-05
45833.8  1.722651e-05
45847.3  1.707015e-05
45860.8  1.645365e-05
45874.3  1.598098e-05
45887.8  1.587472e-05
45901.3  1.623840e-05
45914.8  1.646929e-05
45928.4  1.635088e-05
45941.9  1.690576e-05
45955.4  1.791501e-05
45968.9  1.944935e-05
45982.4  2.063061e-05
45995.9  2.161293e-05
46009.4  2.219390e-05
46022.9  2.241744e-05
46036.5  2.260070e-05
46050.0  2.272696e-05
46063.5  2.350214e-05
46077.0  2.403814e-05
46090.5  2.431186e-05
46104.0  2.412444e-05
46117.5  2.383087e-05
46131.0  2.348027e-05
46144.6  2.241783e-05
46158.1  2.099838e-05
46171.6  1.918225e-05
46185.1  1.799532e-05
46198.6  1.707509e-05
46212.1  1.629859e-05
46225.6  1.578804e-05
46239.1  1.544549e-05
46252.7  1.530155e-05
46266.2  1.468602e-05
46279.7  1.405050e-05
46293.2  1.364827e-05
46306.7  1.377711e-05
46320.2  1.413204e-05
46333.7  1.419933e-05
46347.2  1.462323e-05
46360.8  1.549615e-05
46374.3  1.680472e-05
46387.8  1.765547e-05
46401.3  1.793483e-05
46414.8  1.794456e-05
46428.3  1.758389e-05
46441.8  1.712398e-05
46455.3  1.623020e-05
46468.8  1.545810e-05
46482.4  1.506575e-05
46495.9  1.491934e-05
46509.4  1.482229e-05
46522.9  1.470825e-05
46536.4  1.539547e-05
46549.9  1.642576e-05
46563.4  1.752863e-05
46576.9  1.826610e-05
46590.5  1.870232e-05
46604.0  1.940590e-05
46617.5  1.956423e-05
46631.0  1.939989e-05
46644.5  1.857943e-05
46658.0  1.773081e-05
46671.5  1.708015e-05
46685.0  1.626887e-05
46698.6  1.555344e-05
46712.1  1.495356e-05
46725.6  1.526461e-05
46739.1  1.564468e-05
46752.6  1.579733e-05
46766.1  1.568905e-05
46779.6  1.549360e-05
46793.1  1.569008e-05
46806.7  1.597137e-05
46820.2  1.638513e-05
46833.7  1.708606e-05
46847.2  1.789895e-05
46860.7  1.878831e-05
46874.2  1.937140e-05
46887.7  2.006859e-05
46901.2  2.102796e-05
46914.8  2.198146e-05
46928.3  2.266469e-05
46941.8  2.271213e-05
46955.3  2.285736e-05
46968.8  2.303008e-05
46982.3  2.309455e-05
46995.8  2.236120e-05
47009.3  2.094553e-05
47022.9  1.953924e-05
47036.4  1.823385e-05
47049.9  1.724874e-05
47063.4  1.658883e-05
47076.9  1.651938e-05
47090.4  1.723567e-05
47103.9  1.803630e-05
47117.4  1.879221e-05
47131.0  1.938121e-05
47144.5  2.014219e-05
47158.0  2.108619e-05
47171.5  2.154648e-05
47185.0  2.162681e-05
47198.5  2.155338e-05
47212.0  2.216735e-05
47225.5  2.318451e-05
47239.1  2.410113e-05
47252.6  2.489460e-05
47266.1  2.554909e-05
47279.6  2.632331e-05
47293.1  2.689692e-05
47306.6  2.707053e-05
47320.1  2.730868e-05
47333.6  2.759710e-05
47347.1  2.791159e-05
47360.7  2.757366e-05
47374.2  2.656755e-05
47387.7  2.560032e-05
47401.2  2.478677e-05
47414.7  2.420314e-05
47428.2  2.316770e-05
47441.7  2.192382e-05
47455.2  2.090740e-05
47468.8  2.024606e-05
47482.3  1.985978e-05
47495.8  1.957449e-05
47509.3  1.969906e-05
47522.8  2.047534e-05
47536.3  2.139226e-05
47549.8  2.230495e-05
47563.3  2.303712e-05
47576.9  2.383497e-05
47590.4  2.472233e-05
47603.9  2.465340e-05
47617.4  2.385668e-05
47630.9  2.241745e-05
47644.4  2.146110e-05
47657.9  2.106713e-05
47671.4  2.052568e-05
47685.0  1.974175e-05
47698.5  1.872400e-05
47712.0  1.824711e-05
47725.5  1.782230e-05
47739.0  1.705761e-05
47752.5  1.604744e-05
47766.0  1.499489e-05
47779.5  1.456617e-05
47793.1  1.461545e-05
47806.6  1.473734e-05
47820.1  1.504050e-05
47833.6  1.555050e-05
47847.1  1.600508e-05
47860.6  1.579525e-05
47874.1  1.475875e-05
47887.6  1.351800e-05
47901.2  1.247032e-05
47914.7  1.151166e-05
47928.2  1.006098e-05
47941.7  8.490725e-06
47955.2  7.538315e-06
47968.7  7.267367e-06
47982.2  7.499225e-06
47995.7  7.369516e-06
48009.3  6.627343e-06
48022.8  5.978360e-06
48036.3  6.210320e-06
48049.8  6.548138e-06
48063.3  6.582275e-06
48076.8  6.460158e-06
48090.3  6.335253e-06
48103.8  6.466001e-06
48117.4  6.582619e-06
48130.9  6.587983e-06
48144.4  6.306352e-06
48157.9  6.392115e-06
48171.4  6.949811e-06
48184.9  7.463382e-06
48198.4  7.829098e-06
48211.9  7.941364e-06
48225.5  8.105292e-06
48239.0  7.997279e-06
48252.5  7.652535e-06
48266.0  7.098640e-06
48279.5  6.341323e-06
48293.0  5.628264e-06
48306.5  4.904558e-06
48320.0  4.301456e-06
48333.5  4.168074e-06
48347.1  4.949841e-06
48360.6  6.246166e-06
48374.1  7.761391e-06
48387.6  9.154568e-06
48401.1  1.075815e-05
48414.6  1.268367e-05
48428.1  1.460250e-05
48441.6  1.609401e-05
48455.2  1.682125e-05
48468.7  1.720975e-05
48482.2  1.743508e-05
48495.7  1.738266e-05
48509.2  1.698374e-05
48522.7  1.638594e-05
48536.2  1.620498e-05
48549.7  1.681731e-05
48563.3  1.755973e-05
48576.8  1.819786e-05
48590.3  1.850224e-05
48603.8  1.905377e-05
48617.3  1.979626e-05
48630.8  2.012337e-05
48644.3  1.977988e-05
48657.8  1.872515e-05
48671.4  1.784511e-05
48684.9  1.735258e-05
48698.4  1.675061e-05
48711.9  1.590826e-05
48725.4  1.498593e-05
48738.9  1.458750e-05
48752.4  1.470404e-05
48765.9  1.449015e-05
48779.5  1.380400e-05
48793.0  1.253481e-05
48806.5  1.146320e-05
48820.0  1.068345e-05
48833.5  9.942605e-06
48847.0  9.009170e-06
48860.5  8.053976e-06
48874.0  7.641120e-06
48887.6  7.475837e-06
48901.1  7.187834e-06
48914.6  6.966367e-06
48928.1  6.910245e-06
48941.6  7.054923e-06
48955.1  7.022622e-06
48968.6  6.289615e-06
48982.1  5.221282e-06
48995.7  4.275456e-06
49009.2  4.243857e-06
49022.7  4.178441e-06
49036.2  3.835389e-06
49049.7  3.293506e-06
49063.2  3.110998e-06
49076.7  3.860027e-06
49090.2  4.424526e-06
49103.8  4.507064e-06
49117.3  3.826669e-06
49130.8  3.268513e-06
49144.3  2.853138e-06
49157.8  2.464560e-06
49171.3  1.950855e-06
49184.8  9.625951e-07
49198.3  2.754260e-07
49211.8  3.591903e-08
49225.4  2.293772e-07
49238.9  4.234898e-07
49252.4  6.665144e-07
49265.9  9.950078e-07
49279.4  1.388763e-06
49292.9  1.569398e-06
49306.4  1.627527e-06
49319.9  1.687002e-06
49333.5  1.715158e-06
49347.0  1.985296e-06
49360.5  2.779291e-06
49374.0  3.296911e-06
49387.5  3.631890e-06
49401.0  4.278699e-06
49414.5  4.990918e-06
49428.0  5.503778e-06
49441.6  5.289295e-06
49455.1  4.821996e-06
49468.6  3.812623e-06
49482.1  3.332936e-06
49495.6  3.097328e-06
49509.1  2.509887e-06
49522.6  1.838713e-06
49536.1  1.283913e-06
49549.7  1.282228e-06
49563.2  1.284688e-06
49576.7  1.267241e-06
49590.2  9.052697e-07
49603.7  4.189766e-07
49617.2  2.994908e-07
49630.7  4.509086e-07
49644.2  6.650820e-07
49657.8  8.001955e-07
49671.3  8.630822e-07
49684.8  8.668230e-07
49698.3  8.675744e-07
49711.8  8.647177e-07
49725.3  7.454560e-07
49738.8  4.964871e-07
49752.3  2.398844e-07
49765.9  8.842916e-08
49779.4  2.074065e-08
49792.9  7.602358e-09
49806.4  2.078541e-08
49819.9  1.096247e-07
49833.4  3.749825e-07
49846.9  5.371996e-07
49860.4  5.955449e-07
49874.0  5.963298e-07
49887.5  5.954658e-07
49901.0  5.940553e-07
49914.5  5.778067e-07
49928.0  4.889927e-07
49941.5  2.296322e-07
49955.0  2.668470e-07
49968.5  3.677087e-07
49982.1  4.265078e-07
49995.6  4.365597e-07
50009.1  5.178755e-07
50022.6  6.835384e-07
50036.1  7.014566e-07
50049.6  7.814408e-07
50063.1  6.573623e-07
50076.6  5.268404e-07
50090.1  4.799425e-07
50103.7  7.101632e-07
50117.2  9.142577e-07
50130.7  7.927889e-07
50144.2  7.735839e-07
50157.7  6.886626e-07
50171.2  6.152370e-07
50184.7  5.863680e-07
50198.2  5.721510e-07
50211.8  3.413285e-07
50225.3  2.179379e-07
50238.8  5.624457e-07
50252.3  1.023415e-06
50265.8  1.265850e-06
50279.3  1.279062e-06
50292.8  1.277399e-06
50306.3  1.275541e-06
50319.9  1.265051e-06
50333.4  1.104907e-06
50346.9  7.188524e-07
50360.4  2.607525e-07
50373.9  1.947415e-08
50387.4  6.921510e-09
50400.9  1.706826e-08
50414.4  5.100433e-08
50428.0  5.473443e-08
50441.5  5.467005e-08
50455.0  5.646164e-08
50468.5  6.792596e-08
50482.0  6.838875e-08
50495.5  6.602114e-08
50509.0  5.575176e-08
50522.5  2.210480e-08
50536.1  1.831237e-08
50549.6  1.826990e-08
50563.1  1.639316e-08
50576.6  4.958186e-09
50590.1  4.188732e-09
50603.6  4.182372e-09
50617.1  4.175998e-09
50630.6  4.169672e-09
50644.2  4.164586e-09
50657.7  4.159482e-09
50671.2  4.154358e-09
50684.7  4.149213e-09
50698.2  4.144048e-09
50711.7  4.138862e-09
50725.2  4.133654e-09
50738.7  4.128426e-09
50752.3  4.123175e-09
50765.8  4.117902e-09
50779.3  4.116760e-09
50792.8  4.515081e-09
50806.3  2.596674e-08
50819.8  1.741103e-07
50833.3  3.450712e-07
50846.8  4.656724e-07
50860.4  5.301331e-07
50873.9  6.150981e-07
50887.4  7.566066e-07
50900.9  7.596929e-07
50914.4  7.374276e-07
50927.9  5.898235e-07
50941.4  4.196614e-07
50954.9  2.993310e-07
50968.4  2.345411e-07
50982.0  1.494750e-07
50995.5  9.348261e-09
