# from http://www.stsci.edu/jwst/instruments/nircam/instrumentdesign/filters
# Retrieved March, 2023, dated Nov, 2022 (post-flight)
# Uses modA or modB  filters+DBS+QE+OTE (nrc_plus_ote)
# Units of transmission are PCE (photon to electron conversion efficiency)
# 
3980.0  0.000000e+00
3990.0  0.000000e+00
4000.0  0.000000e+00
4010.0  0.000000e+00
4020.0  0.000000e+00
4030.0  0.000000e+00
4040.0  0.000000e+00
4050.0  0.000000e+00
4060.0  0.000000e+00
4070.0  0.000000e+00
4080.0  0.000000e+00
4090.0  0.000000e+00
4100.0  0.000000e+00
4110.0  0.000000e+00
4120.0  0.000000e+00
4130.0  0.000000e+00
4140.0  0.000000e+00
4150.0  0.000000e+00
4160.0  0.000000e+00
4170.0  0.000000e+00
4180.0  0.000000e+00
4190.0  0.000000e+00
4200.0  0.000000e+00
4210.0  0.000000e+00
4220.0  0.000000e+00
4230.0  0.000000e+00
4240.0  0.000000e+00
4250.0  0.000000e+00
4260.0  0.000000e+00
4270.0  0.000000e+00
4280.0  0.000000e+00
4290.0  0.000000e+00
4300.0  0.000000e+00
4310.0  0.000000e+00
4320.0  0.000000e+00
4330.0  0.000000e+00
4340.0  0.000000e+00
4350.0  0.000000e+00
4360.0  0.000000e+00
4370.0  0.000000e+00
4380.0  0.000000e+00
4390.0  0.000000e+00
4400.0  0.000000e+00
4410.0  0.000000e+00
4420.0  0.000000e+00
4430.0  0.000000e+00
4440.0  0.000000e+00
4450.0  0.000000e+00
4460.0  0.000000e+00
4470.0  0.000000e+00
4480.0  0.000000e+00
4490.0  0.000000e+00
4500.0  0.000000e+00
4510.0  0.000000e+00
4520.0  0.000000e+00
4530.0  0.000000e+00
4540.0  0.000000e+00
4550.0  0.000000e+00
4560.0  0.000000e+00
4570.0  0.000000e+00
4580.0  0.000000e+00
4590.0  0.000000e+00
4600.0  0.000000e+00
4610.0  0.000000e+00
4620.0  0.000000e+00
4630.0  0.000000e+00
4640.0  0.000000e+00
4650.0  0.000000e+00
4660.0  0.000000e+00
4670.0  0.000000e+00
4680.0  0.000000e+00
4690.0  0.000000e+00
4700.0  0.000000e+00
4710.0  0.000000e+00
4720.0  0.000000e+00
4730.0  0.000000e+00
4740.0  0.000000e+00
4750.0  0.000000e+00
4760.0  0.000000e+00
4770.0  0.000000e+00
4780.0  0.000000e+00
4790.0  0.000000e+00
4800.0  0.000000e+00
4810.0  0.000000e+00
4820.0  0.000000e+00
4830.0  0.000000e+00
4840.0  0.000000e+00
4850.0  0.000000e+00
4860.0  0.000000e+00
4870.0  0.000000e+00
4880.0  0.000000e+00
4890.0  0.000000e+00
4900.0  0.000000e+00
4910.0  0.000000e+00
4920.0  0.000000e+00
4930.0  0.000000e+00
4940.0  0.000000e+00
4950.0  0.000000e+00
4960.0  0.000000e+00
4970.0  0.000000e+00
4980.0  0.000000e+00
4990.0  0.000000e+00
5000.0  0.000000e+00
5010.0  0.000000e+00
5020.0  0.000000e+00
5030.0  0.000000e+00
5040.0  0.000000e+00
5050.0  0.000000e+00
5060.0  0.000000e+00
5070.0  0.000000e+00
5080.0  0.000000e+00
5090.0  0.000000e+00
5100.0  0.000000e+00
5110.0  0.000000e+00
5120.0  0.000000e+00
5130.0  0.000000e+00
5140.0  0.000000e+00
5150.0  0.000000e+00
5160.0  0.000000e+00
5170.0  0.000000e+00
5180.0  0.000000e+00
5190.0  0.000000e+00
5200.0  0.000000e+00
5210.0  0.000000e+00
5220.0  0.000000e+00
5230.0  0.000000e+00
5240.0  0.000000e+00
5250.0  2.136212e-07
5260.0  9.039524e-07
5270.0  1.568704e-06
5280.0  1.985407e-06
5290.0  2.040397e-06
5300.0  1.881744e-06
5310.0  1.755539e-06
5320.0  1.718232e-06
5330.0  1.761027e-06
5340.0  1.839008e-06
5350.0  2.108657e-06
5360.0  2.598214e-06
5370.0  3.441883e-06
5380.0  4.747512e-06
5390.0  7.217200e-06
5400.0  1.123646e-05
5410.0  1.596693e-05
5420.0  1.860990e-05
5430.0  1.776407e-05
5440.0  1.416049e-05
5450.0  1.027256e-05
5460.0  7.271868e-06
5470.0  5.555910e-06
5480.0  4.626892e-06
5490.0  4.163190e-06
5500.0  4.116818e-06
5510.0  4.433148e-06
5520.0  4.889674e-06
5530.0  5.500302e-06
5540.0  6.215255e-06
5550.0  6.890911e-06
5560.0  7.097035e-06
5570.0  7.179988e-06
5580.0  6.127866e-06
5590.0  4.310920e-06
5600.0  4.266398e-06
5610.0  4.829179e-06
5620.0  4.595706e-06
5630.0  4.271820e-06
5640.0  4.723030e-06
5650.0  5.373171e-06
5660.0  5.937131e-06
5670.0  6.019557e-06
5680.0  6.310891e-06
5690.0  6.619794e-06
5700.0  6.516873e-06
5710.0  6.873619e-06
5720.0  8.130041e-06
5730.0  9.664456e-06
5740.0  1.049819e-05
5750.0  1.170368e-05
5760.0  1.408947e-05
5770.0  1.614819e-05
5780.0  1.697640e-05
5790.0  1.776192e-05
5800.0  1.969131e-05
5810.0  2.421529e-05
5820.0  3.263590e-05
5830.0  4.899625e-05
5840.0  8.734414e-05
5850.0  1.795252e-04
5860.0  3.329256e-04
5870.0  4.484278e-04
5880.0  4.212281e-04
5890.0  2.767882e-04
5900.0  1.468270e-04
5910.0  8.281937e-05
5920.0  5.773856e-05
5930.0  4.431876e-05
5940.0  3.693686e-05
5950.0  3.613648e-05
5960.0  3.384775e-05
5970.0  3.477599e-05
5980.0  3.776259e-05
5990.0  3.926382e-05
6000.0  4.261857e-05
6010.0  4.756811e-05
6020.0  5.523314e-05
6030.0  6.740862e-05
6040.0  8.215024e-05
6050.0  9.533249e-05
6060.0  1.097347e-04
6070.0  1.225726e-04
6080.0  1.260981e-04
6090.0  1.219116e-04
6100.0  1.124294e-04
6110.0  9.955081e-05
6120.0  8.434440e-05
6130.0  7.177883e-05
6140.0  6.147070e-05
6150.0  5.530119e-05
6160.0  5.010380e-05
6170.0  4.726850e-05
6180.0  4.673444e-05
6190.0  4.357729e-05
6200.0  4.055781e-05
6210.0  3.871044e-05
6220.0  4.331853e-05
6230.0  4.659603e-05
6240.0  5.190269e-05
6250.0  6.178559e-05
6260.0  7.641418e-05
6270.0  9.983984e-05
6280.0  1.400261e-04
6290.0  2.062870e-04
6300.0  3.078616e-04
6310.0  4.348007e-04
6320.0  5.295322e-04
6330.0  5.351612e-04
6340.0  4.555200e-04
6350.0  3.543883e-04
6360.0  2.751513e-04
6370.0  2.296111e-04
6380.0  2.069414e-04
6390.0  2.001182e-04
6400.0  2.115573e-04
6410.0  2.338750e-04
6420.0  2.658133e-04
6430.0  2.994472e-04
6440.0  3.267679e-04
6450.0  3.308151e-04
6460.0  3.017487e-04
6470.0  2.517012e-04
6480.0  1.971903e-04
6490.0  1.568255e-04
6500.0  1.272995e-04
6510.0  1.049473e-04
6520.0  9.079697e-05
6530.0  8.745820e-05
6540.0  8.651238e-05
6550.0  8.919357e-05
6560.0  9.640045e-05
6570.0  1.133355e-04
6580.0  1.337095e-04
6590.0  1.611341e-04
6600.0  1.940664e-04
6610.0  2.282776e-04
6620.0  2.411666e-04
6630.0  2.300852e-04
6640.0  2.059824e-04
6650.0  1.812114e-04
6660.0  1.560521e-04
6670.0  1.347374e-04
6680.0  1.247080e-04
6690.0  1.192825e-04
6700.0  1.181251e-04
6710.0  1.191476e-04
6720.0  1.321658e-04
6730.0  1.531257e-04
6740.0  1.818741e-04
6750.0  2.091685e-04
6760.0  2.354678e-04
6770.0  2.513962e-04
6780.0  2.576984e-04
6790.0  2.465168e-04
6800.0  2.200473e-04
6810.0  1.828927e-04
6820.0  1.545128e-04
6830.0  1.444721e-04
6840.0  1.395844e-04
6850.0  1.341016e-04
6860.0  1.298749e-04
6870.0  1.338178e-04
6880.0  1.411533e-04
6890.0  1.464850e-04
6900.0  1.575130e-04
6910.0  1.681251e-04
6920.0  1.694121e-04
6930.0  1.614088e-04
6940.0  1.495895e-04
6950.0  1.347610e-04
6960.0  1.155479e-04
6970.0  1.021632e-04
6980.0  9.341914e-05
6990.0  8.673542e-05
7000.0  8.052580e-05
7010.0  7.313947e-05
7020.0  6.952806e-05
7030.0  7.337935e-05
7040.0  8.485058e-05
7050.0  9.921313e-05
7060.0  1.171321e-04
7070.0  1.377744e-04
7080.0  1.638644e-04
7090.0  2.070067e-04
7100.0  2.882731e-04
7110.0  4.224249e-04
7120.0  6.248926e-04
7130.0  9.005915e-04
7140.0  1.273037e-03
7150.0  1.653736e-03
7160.0  1.882216e-03
7170.0  1.775393e-03
7180.0  1.428604e-03
7190.0  1.039772e-03
7200.0  7.334126e-04
7210.0  5.065525e-04
7220.0  3.498732e-04
7230.0  2.595214e-04
7240.0  1.898840e-04
7250.0  1.444554e-04
7260.0  1.155044e-04
7270.0  9.726948e-05
7280.0  7.856397e-05
7290.0  6.073909e-05
7300.0  5.553950e-05
7310.0  5.292647e-05
7320.0  5.001658e-05
7330.0  4.571074e-05
7340.0  5.033085e-05
7350.0  5.230442e-05
7360.0  4.719806e-05
7370.0  4.963141e-05
7380.0  6.088742e-05
7390.0  7.669248e-05
7400.0  8.434047e-05
7410.0  1.053193e-04
7420.0  1.389663e-04
7430.0  2.003040e-04
7440.0  2.987133e-04
7450.0  4.537101e-04
7460.0  6.784946e-04
7470.0  9.729217e-04
7480.0  1.278577e-03
7490.0  1.499134e-03
7500.0  1.592052e-03
7510.0  1.653720e-03
7520.0  1.936427e-03
7530.0  2.619517e-03
7540.0  3.376394e-03
7550.0  3.371853e-03
7560.0  2.390548e-03
7570.0  1.179092e-03
7580.0  4.838093e-04
7590.0  2.380076e-04
7600.0  1.356391e-04
7610.0  7.663832e-05
7620.0  4.592064e-05
7630.0  3.725387e-05
7640.0  2.586358e-05
7650.0  1.458159e-05
7660.0  1.403197e-05
7670.0  1.498615e-05
7680.0  1.470697e-05
7690.0  1.008912e-05
7700.0  1.047160e-05
7710.0  8.754993e-06
7720.0  1.103713e-05
7730.0  1.068021e-05
7740.0  4.804805e-06
7750.0  6.287080e-06
7760.0  9.099482e-06
7770.0  1.657601e-05
7780.0  6.449691e-06
7790.0  7.488780e-06
7800.0  1.047769e-05
7810.0  1.547570e-05
7820.0  8.817149e-06
7830.0  1.704770e-05
7840.0  1.707399e-05
7850.0  1.318025e-05
7860.0  1.137130e-05
7870.0  1.772887e-05
7880.0  2.756749e-05
7890.0  5.107179e-05
7900.0  1.001633e-04
7910.0  1.525734e-04
7920.0  1.771312e-04
7930.0  1.457190e-04
7940.0  9.683197e-05
7950.0  6.485210e-05
7960.0  4.770514e-05
7970.0  -8.206405e-05
7980.0  3.379342e-04
7990.0  9.827715e-04
8000.0  2.084740e-03
8010.0  1.534314e-03
8020.0  2.277049e-03
8030.0  2.038580e-03
8040.0  2.077855e-03
8050.0  4.364872e-04
8060.0  1.681274e-04
8070.0  7.635604e-04
8080.0  1.746984e-03
8090.0  1.940715e-03
8100.0  9.452199e-04
8110.0  1.199951e-03
8120.0  1.119460e-03
8130.0  1.628953e-03
8140.0  1.552130e-03
8150.0  1.734511e-03
8160.0  1.214706e-03
8170.0  1.364010e-03
8180.0  1.268004e-03
8190.0  1.021732e-03
8200.0  1.416042e-03
8210.0  2.298319e-03
8220.0  1.922927e-03
8230.0  5.739311e-04
8240.0  -3.611809e-04
8250.0  2.428162e-04
8260.0  1.524799e-03
8270.0  1.883716e-03
8280.0  8.402852e-04
8290.0  5.231164e-06
8300.0  5.460615e-04
8310.0  1.050026e-03
8320.0  1.351502e-03
8330.0  1.187306e-03
8340.0  1.158114e-03
8350.0  1.053954e-03
8360.0  1.121548e-03
8370.0  1.043152e-03
8380.0  1.304781e-03
8390.0  1.347357e-03
8400.0  1.086209e-03
8410.0  8.857450e-04
8420.0  1.063467e-03
8430.0  9.321006e-04
8440.0  8.030783e-04
8450.0  7.251552e-04
8460.0  9.048971e-04
8470.0  1.249283e-03
8480.0  1.379909e-03
8490.0  1.020593e-03
8500.0  8.887373e-04
8510.0  1.141573e-03
8520.0  1.322593e-03
8530.0  1.347263e-03
8540.0  1.566661e-03
8550.0  1.049377e-03
8560.0  5.893704e-04
8570.0  3.670848e-04
8580.0  9.479604e-04
8590.0  1.187250e-03
8600.0  1.598729e-03
8610.0  1.051413e-03
8620.0  8.398731e-04
8630.0  5.875665e-04
8640.0  1.080528e-03
8650.0  1.144308e-03
8660.0  1.275422e-03
8670.0  7.262903e-04
8680.0  8.874996e-04
8690.0  1.192490e-03
8700.0  1.429898e-03
8710.0  1.129008e-03
8720.0  1.273660e-03
8730.0  1.278289e-03
8740.0  1.108187e-03
8750.0  1.094867e-03
8760.0  1.218760e-03
8770.0  1.248087e-03
8780.0  1.171202e-03
8790.0  1.122852e-03
8800.0  1.017235e-03
8810.0  8.802044e-04
8820.0  8.533006e-04
8830.0  9.014721e-04
8840.0  8.056982e-04
8850.0  6.600621e-04
8860.0  7.377447e-04
8870.0  9.213676e-04
8880.0  8.004355e-04
8890.0  6.593373e-04
8900.0  8.443430e-04
8910.0  9.775520e-04
8920.0  9.525335e-04
8930.0  9.994063e-04
8940.0  1.110955e-03
8950.0  1.141568e-03
8960.0  1.130894e-03
8970.0  1.069551e-03
8980.0  1.046855e-03
8990.0  1.049407e-03
9000.0  1.112154e-03
9010.0  1.231053e-03
9020.0  1.271255e-03
9030.0  1.231826e-03
9040.0  1.177125e-03
9050.0  1.168519e-03
9060.0  1.034917e-03
9070.0  8.957389e-04
9080.0  9.224428e-04
9090.0  9.852640e-04
9100.0  9.045179e-04
9110.0  7.636681e-04
9120.0  7.923565e-04
9130.0  9.408835e-04
9140.0  9.030322e-04
9150.0  7.876461e-04
9160.0  6.319761e-04
9170.0  5.025260e-04
9180.0  5.198393e-04
9190.0  6.628236e-04
9200.0  7.507401e-04
9210.0  7.069518e-04
9220.0  6.699487e-04
9230.0  7.598167e-04
9240.0  9.005840e-04
9250.0  1.004996e-03
9260.0  1.016192e-03
9270.0  1.166132e-03
9280.0  1.326006e-03
9290.0  1.463800e-03
9300.0  1.498800e-03
9310.0  1.601224e-03
9320.0  1.804572e-03
9330.0  1.999044e-03
9340.0  2.094870e-03
9350.0  2.147522e-03
9360.0  2.262379e-03
9370.0  2.408442e-03
9380.0  2.524725e-03
9390.0  2.616775e-03
9400.0  2.646639e-03
9410.0  2.642735e-03
9420.0  2.642317e-03
9430.0  2.690290e-03
9440.0  2.652996e-03
9450.0  2.606973e-03
9460.0  2.547286e-03
9470.0  2.474397e-03
9480.0  2.369549e-03
9490.0  2.281096e-03
9500.0  2.179597e-03
9510.0  2.070710e-03
9520.0  2.009885e-03
9530.0  1.931696e-03
9540.0  1.813441e-03
9550.0  1.739307e-03
9560.0  1.692414e-03
9570.0  1.634534e-03
9580.0  1.576868e-03
9590.0  1.566002e-03
9600.0  1.561046e-03
9610.0  1.603741e-03
9620.0  1.707593e-03
9630.0  1.835509e-03
9640.0  1.911455e-03
9650.0  2.048706e-03
9660.0  2.254686e-03
9670.0  2.501534e-03
9680.0  2.763771e-03
9690.0  3.114764e-03
9700.0  3.606787e-03
9710.0  4.162160e-03
9720.0  4.818616e-03
9730.0  5.635849e-03
9740.0  6.648663e-03
9750.0  7.793655e-03
9760.0  9.262408e-03
9770.0  1.101098e-02
9780.0  1.308035e-02
9790.0  1.546770e-02
9800.0  1.849082e-02
9810.0  2.180903e-02
9820.0  2.573850e-02
9830.0  3.017107e-02
9840.0  3.521063e-02
9850.0  4.120671e-02
9860.0  4.750341e-02
9870.0  5.432835e-02
9880.0  6.158636e-02
9890.0  7.022013e-02
9900.0  7.923227e-02
9910.0  8.852652e-02
9920.0  9.954718e-02
9930.0  1.101987e-01
9940.0  1.208655e-01
9950.0  1.315868e-01
9960.0  1.444544e-01
9970.0  1.571535e-01
9980.0  1.699970e-01
9990.0  1.826342e-01
10000.0  1.943127e-01
10010.0  2.056912e-01
10020.0  2.171931e-01
10030.0  2.288398e-01
10040.0  2.405102e-01
10050.0  2.509459e-01
10060.0  2.605903e-01
10070.0  2.686565e-01
10080.0  2.770473e-01
10090.0  2.846703e-01
10100.0  2.919646e-01
10110.0  2.994758e-01
10120.0  3.059249e-01
10130.0  3.119572e-01
10140.0  3.171799e-01
10150.0  3.222470e-01
10160.0  3.255559e-01
10170.0  3.289606e-01
10180.0  3.330184e-01
10190.0  3.367467e-01
10200.0  3.405421e-01
10210.0  3.440126e-01
10220.0  3.468819e-01
10230.0  3.482771e-01
10240.0  3.496932e-01
10250.0  3.505578e-01
10260.0  3.512106e-01
10270.0  3.524690e-01
10280.0  3.544715e-01
10290.0  3.562731e-01
10300.0  3.575890e-01
10310.0  3.589913e-01
10320.0  3.599818e-01
10330.0  3.604158e-01
10340.0  3.617401e-01
10350.0  3.628429e-01
10360.0  3.641416e-01
10370.0  3.655000e-01
10380.0  3.664008e-01
10390.0  3.662833e-01
10400.0  3.657759e-01
10410.0  3.659682e-01
10420.0  3.663980e-01
10430.0  3.680718e-01
10440.0  3.696614e-01
10450.0  3.700264e-01
10460.0  3.701765e-01
10470.0  3.705645e-01
10480.0  3.715901e-01
10490.0  3.716704e-01
10500.0  3.714372e-01
10510.0  3.713881e-01
10520.0  3.722792e-01
10530.0  3.736942e-01
10540.0  3.739817e-01
10550.0  3.734539e-01
10560.0  3.723214e-01
10570.0  3.719580e-01
10580.0  3.721044e-01
10590.0  3.724054e-01
10600.0  3.730888e-01
10610.0  3.733831e-01
10620.0  3.737612e-01
10630.0  3.739467e-01
10640.0  3.738773e-01
10650.0  3.735412e-01
10660.0  3.736935e-01
10670.0  3.746818e-01
10680.0  3.754191e-01
10690.0  3.760494e-01
10700.0  3.753587e-01
10710.0  3.749130e-01
10720.0  3.745668e-01
10730.0  3.751926e-01
10740.0  3.761522e-01
10750.0  3.776661e-01
10760.0  3.796499e-01
10770.0  3.812440e-01
10780.0  3.826249e-01
10790.0  3.834832e-01
10800.0  3.849617e-01
10810.0  3.862712e-01
10820.0  3.870812e-01
10830.0  3.875289e-01
10840.0  3.883228e-01
10850.0  3.897376e-01
10860.0  3.911423e-01
10870.0  3.925445e-01
10880.0  3.929905e-01
10890.0  3.926555e-01
10900.0  3.923075e-01
10910.0  3.936235e-01
10920.0  3.959729e-01
10930.0  3.974002e-01
10940.0  3.978969e-01
10950.0  3.975269e-01
10960.0  3.975614e-01
10970.0  3.976263e-01
10980.0  3.983781e-01
10990.0  3.992908e-01
11000.0  4.000233e-01
11010.0  4.008674e-01
11020.0  4.014066e-01
11030.0  4.016038e-01
11040.0  4.015552e-01
11050.0  4.014960e-01
11060.0  4.017390e-01
11070.0  4.023386e-01
11080.0  4.036524e-01
11090.0  4.037468e-01
11100.0  4.036867e-01
11110.0  4.036437e-01
11120.0  4.038889e-01
11130.0  4.037406e-01
11140.0  4.038651e-01
11150.0  4.046976e-01
11160.0  4.049983e-01
11170.0  4.053856e-01
11180.0  4.057331e-01
11190.0  4.057696e-01
11200.0  4.048050e-01
11210.0  4.038637e-01
11220.0  4.036597e-01
11230.0  4.031741e-01
11240.0  4.031769e-01
11250.0  4.040456e-01
11260.0  4.047465e-01
11270.0  4.042361e-01
11280.0  4.033284e-01
11290.0  4.028875e-01
11300.0  4.033791e-01
11310.0  4.047854e-01
11320.0  4.054713e-01
11330.0  4.052142e-01
11340.0  4.048706e-01
11350.0  4.048252e-01
11360.0  4.053957e-01
11370.0  4.060462e-01
11380.0  4.067522e-01
11390.0  4.069848e-01
11400.0  4.081761e-01
11410.0  4.100684e-01
11420.0  4.120491e-01
11430.0  4.133107e-01
11440.0  4.133869e-01
11450.0  4.134841e-01
11460.0  4.143083e-01
11470.0  4.157701e-01
11480.0  4.176128e-01
11490.0  4.180692e-01
11500.0  4.184919e-01
11510.0  4.189627e-01
11520.0  4.201181e-01
11530.0  4.206921e-01
11540.0  4.211762e-01
11550.0  4.219402e-01
11560.0  4.224965e-01
11570.0  4.237508e-01
11580.0  4.249365e-01
11590.0  4.260028e-01
11600.0  4.256276e-01
11610.0  4.253737e-01
11620.0  4.257034e-01
11630.0  4.269081e-01
11640.0  4.277933e-01
11650.0  4.284952e-01
11660.0  4.287100e-01
11670.0  4.286465e-01
11680.0  4.281795e-01
11690.0  4.283961e-01
11700.0  4.282191e-01
11710.0  4.279541e-01
11720.0  4.272629e-01
11730.0  4.274863e-01
11740.0  4.270784e-01
11750.0  4.260325e-01
11760.0  4.239264e-01
11770.0  4.214205e-01
11780.0  4.191282e-01
11790.0  4.161635e-01
11800.0  4.127611e-01
11810.0  4.088080e-01
11820.0  4.035250e-01
11830.0  3.964872e-01
11840.0  3.873598e-01
11850.0  3.784179e-01
11860.0  3.682664e-01
11870.0  3.568928e-01
11880.0  3.441000e-01
11890.0  3.320167e-01
11900.0  3.204208e-01
11910.0  3.075021e-01
11920.0  2.946695e-01
11930.0  2.823957e-01
11940.0  2.714948e-01
11950.0  2.621319e-01
11960.0  2.545023e-01
11970.0  2.490026e-01
11980.0  2.470648e-01
11990.0  2.478269e-01
12000.0  2.495530e-01
12010.0  2.524446e-01
12020.0  2.578823e-01
12030.0  2.658938e-01
12040.0  2.753354e-01
12050.0  2.856567e-01
12060.0  2.976391e-01
12070.0  3.100009e-01
12080.0  3.225051e-01
12090.0  3.354378e-01
12100.0  3.499237e-01
12110.0  3.633092e-01
12120.0  3.752218e-01
12130.0  3.869716e-01
12140.0  3.974033e-01
12150.0  4.062249e-01
12160.0  4.136045e-01
12170.0  4.207789e-01
12180.0  4.274709e-01
12190.0  4.326342e-01
12200.0  4.358381e-01
12210.0  4.376504e-01
12220.0  4.393964e-01
12230.0  4.412913e-01
12240.0  4.417941e-01
12250.0  4.422162e-01
12260.0  4.425738e-01
12270.0  4.435991e-01
12280.0  4.440264e-01
12290.0  4.439875e-01
12300.0  4.433687e-01
12310.0  4.426800e-01
12320.0  4.430989e-01
12330.0  4.439590e-01
12340.0  4.445947e-01
12350.0  4.445742e-01
12360.0  4.445003e-01
12370.0  4.448500e-01
12380.0  4.447811e-01
12390.0  4.446056e-01
12400.0  4.445938e-01
12410.0  4.453158e-01
12420.0  4.462387e-01
12430.0  4.467084e-01
12440.0  4.469605e-01
12450.0  4.463371e-01
12460.0  4.464056e-01
12470.0  4.461749e-01
12480.0  4.464234e-01
12490.0  4.469804e-01
12500.0  4.477672e-01
12510.0  4.480825e-01
12520.0  4.481650e-01
12530.0  4.485127e-01
12540.0  4.481519e-01
12550.0  4.481522e-01
12560.0  4.480483e-01
12570.0  4.481122e-01
12580.0  4.483462e-01
12590.0  4.490284e-01
12600.0  4.496998e-01
12610.0  4.499718e-01
12620.0  4.499973e-01
12630.0  4.497802e-01
12640.0  4.499062e-01
12650.0  4.506429e-01
12660.0  4.513416e-01
12670.0  4.519772e-01
12680.0  4.517524e-01
12690.0  4.512233e-01
12700.0  4.507257e-01
12710.0  4.510367e-01
12720.0  4.512178e-01
12730.0  4.512505e-01
12740.0  4.513587e-01
12750.0  4.515702e-01
12760.0  4.517613e-01
12770.0  4.521440e-01
12780.0  4.521129e-01
12790.0  4.513892e-01
12800.0  4.507469e-01
12810.0  4.512416e-01
12820.0  4.518275e-01
12830.0  4.524659e-01
12840.0  4.526774e-01
12850.0  4.529372e-01
12860.0  4.524697e-01
12870.0  4.518701e-01
12880.0  4.515536e-01
12890.0  4.514911e-01
12900.0  4.512182e-01
12910.0  4.509616e-01
12920.0  4.513505e-01
12930.0  4.516209e-01
12940.0  4.513004e-01
12950.0  4.500837e-01
12960.0  4.490698e-01
12970.0  4.499933e-01
12980.0  4.521091e-01
12990.0  4.543002e-01
13000.0  4.546193e-01
13010.0  4.542596e-01
13020.0  4.529843e-01
13030.0  4.525333e-01
13040.0  4.522830e-01
13050.0  4.528198e-01
13060.0  4.529758e-01
13070.0  4.532647e-01
13080.0  4.532635e-01
13090.0  4.539485e-01
13100.0  4.542458e-01
13110.0  4.551067e-01
13120.0  4.556357e-01
13130.0  4.561436e-01
13140.0  4.566821e-01
13150.0  4.582055e-01
13160.0  4.593454e-01
13170.0  4.594541e-01
13180.0  4.590789e-01
13190.0  4.598461e-01
13200.0  4.607518e-01
13210.0  4.610738e-01
13220.0  4.603888e-01
13230.0  4.608988e-01
13240.0  4.621025e-01
13250.0  4.632062e-01
13260.0  4.631283e-01
13270.0  4.625948e-01
13280.0  4.620709e-01
13290.0  4.618647e-01
13300.0  4.627940e-01
13310.0  4.640082e-01
13320.0  4.649370e-01
13330.0  4.647414e-01
13340.0  4.640543e-01
13350.0  4.632557e-01
13360.0  4.635375e-01
13370.0  4.647083e-01
13380.0  4.654964e-01
13390.0  4.657025e-01
13400.0  4.660130e-01
13410.0  4.666667e-01
13420.0  4.674015e-01
13430.0  4.677161e-01
13440.0  4.676635e-01
13450.0  4.674736e-01
13460.0  4.676180e-01
13470.0  4.682254e-01
13480.0  4.696757e-01
13490.0  4.706899e-01
13500.0  4.701980e-01
13510.0  4.691800e-01
13520.0  4.687581e-01
13530.0  4.691496e-01
13540.0  4.707546e-01
13550.0  4.717563e-01
13560.0  4.716079e-01
13570.0  4.714373e-01
13580.0  4.721209e-01
13590.0  4.717962e-01
13600.0  4.706770e-01
13610.0  4.700554e-01
13620.0  4.708641e-01
13630.0  4.720108e-01
13640.0  4.728575e-01
13650.0  4.724863e-01
13660.0  4.714801e-01
13670.0  4.694606e-01
13680.0  4.681915e-01
13690.0  4.679575e-01
13700.0  4.687552e-01
13710.0  4.689244e-01
13720.0  4.679346e-01
13730.0  4.658789e-01
13740.0  4.636359e-01
13750.0  4.624089e-01
13760.0  4.619313e-01
13770.0  4.612117e-01
13780.0  4.596813e-01
13790.0  4.583015e-01
13800.0  4.575465e-01
13810.0  4.564815e-01
13820.0  4.552935e-01
13830.0  4.539336e-01
13840.0  4.526114e-01
13850.0  4.522639e-01
13860.0  4.529783e-01
13870.0  4.535350e-01
13880.0  4.529903e-01
13890.0  4.526194e-01
13900.0  4.526952e-01
13910.0  4.533272e-01
13920.0  4.533818e-01
13930.0  4.543762e-01
13940.0  4.558125e-01
13950.0  4.572853e-01
13960.0  4.572597e-01
13970.0  4.575112e-01
13980.0  4.583412e-01
13990.0  4.592899e-01
14000.0  4.600813e-01
14010.0  4.611390e-01
14020.0  4.620570e-01
14030.0  4.625949e-01
14040.0  4.633353e-01
14050.0  4.638631e-01
14060.0  4.635605e-01
14070.0  4.638251e-01
14080.0  4.649510e-01
14090.0  4.663321e-01
14100.0  4.671537e-01
14110.0  4.684488e-01
14120.0  4.699675e-01
14130.0  4.709856e-01
14140.0  4.714664e-01
14150.0  4.712351e-01
14160.0  4.719043e-01
14170.0  4.734585e-01
14180.0  4.747787e-01
14190.0  4.749511e-01
14200.0  4.739613e-01
14210.0  4.733331e-01
14220.0  4.720401e-01
14230.0  4.709661e-01
14240.0  4.689593e-01
14250.0  4.670378e-01
14260.0  4.648887e-01
14270.0  4.622399e-01
14280.0  4.583965e-01
14290.0  4.538878e-01
14300.0  4.496108e-01
14310.0  4.442657e-01
14320.0  4.381897e-01
14330.0  4.321818e-01
14340.0  4.259475e-01
14350.0  4.189782e-01
14360.0  4.108513e-01
14370.0  4.041510e-01
14380.0  3.959895e-01
14390.0  3.866997e-01
14400.0  3.761084e-01
14410.0  3.672614e-01
14420.0  3.587864e-01
14430.0  3.492819e-01
14440.0  3.391721e-01
14450.0  3.293502e-01
14460.0  3.197127e-01
14470.0  3.112303e-01
14480.0  3.036060e-01
14490.0  2.973638e-01
14500.0  2.910689e-01
14510.0  2.859690e-01
14520.0  2.813930e-01
14530.0  2.773822e-01
14540.0  2.750478e-01
14550.0  2.746169e-01
14560.0  2.758304e-01
14570.0  2.775953e-01
14580.0  2.810587e-01
14590.0  2.863449e-01
14600.0  2.932277e-01
14610.0  3.007433e-01
14620.0  3.088092e-01
14630.0  3.183790e-01
14640.0  3.292236e-01
14650.0  3.426605e-01
14660.0  3.559398e-01
14670.0  3.695060e-01
14680.0  3.804956e-01
14690.0  3.923727e-01
14700.0  4.041976e-01
14710.0  4.167563e-01
14720.0  4.296132e-01
14730.0  4.412210e-01
14740.0  4.525146e-01
14750.0  4.609552e-01
14760.0  4.695380e-01
14770.0  4.756558e-01
14780.0  4.812723e-01
14790.0  4.856983e-01
14800.0  4.906119e-01
14810.0  4.942631e-01
14820.0  4.972604e-01
14830.0  4.999075e-01
14840.0  5.021538e-01
14850.0  5.024019e-01
14860.0  5.023756e-01
14870.0  5.016622e-01
14880.0  5.023226e-01
14890.0  5.031618e-01
14900.0  5.048267e-01
14910.0  5.056131e-01
14920.0  5.057871e-01
14930.0  5.052557e-01
14940.0  5.039824e-01
14950.0  5.032162e-01
14960.0  5.028119e-01
14970.0  5.041424e-01
14980.0  5.048424e-01
14990.0  5.056179e-01
15000.0  5.051387e-01
15010.0  5.051903e-01
15020.0  5.051268e-01
15030.0  5.049115e-01
15040.0  5.049879e-01
15050.0  5.061921e-01
15060.0  5.078218e-01
15070.0  5.080467e-01
15080.0  5.086117e-01
15090.0  5.091729e-01
15100.0  5.091961e-01
15110.0  5.093578e-01
15120.0  5.096971e-01
15130.0  5.105193e-01
15140.0  5.113129e-01
15150.0  5.121044e-01
15160.0  5.129153e-01
15170.0  5.133865e-01
15180.0  5.132829e-01
15190.0  5.118547e-01
15200.0  5.111338e-01
15210.0  5.109572e-01
15220.0  5.115998e-01
15230.0  5.134038e-01
15240.0  5.147101e-01
15250.0  5.144448e-01
15260.0  5.143129e-01
15270.0  5.144210e-01
15280.0  5.158034e-01
15290.0  5.161020e-01
15300.0  5.169722e-01
15310.0  5.169931e-01
15320.0  5.178898e-01
15330.0  5.179779e-01
15340.0  5.174847e-01
15350.0  5.172091e-01
15360.0  5.170917e-01
15370.0  5.176689e-01
15380.0  5.187233e-01
15390.0  5.197254e-01
15400.0  5.198445e-01
15410.0  5.195058e-01
15420.0  5.190192e-01
15430.0  5.174639e-01
15440.0  5.165874e-01
15450.0  5.163645e-01
15460.0  5.180002e-01
15470.0  5.183902e-01
15480.0  5.190690e-01
15490.0  5.188923e-01
15500.0  5.186198e-01
15510.0  5.178226e-01
15520.0  5.179343e-01
15530.0  5.188052e-01
15540.0  5.192190e-01
15550.0  5.203915e-01
15560.0  5.213742e-01
15570.0  5.211556e-01
15580.0  5.196755e-01
15590.0  5.184432e-01
15600.0  5.185951e-01
15610.0  5.193283e-01
15620.0  5.200791e-01
15630.0  5.208728e-01
15640.0  5.220862e-01
15650.0  5.220682e-01
15660.0  5.201464e-01
15670.0  5.188214e-01
15680.0  5.184079e-01
15690.0  5.187365e-01
15700.0  5.189850e-01
15710.0  5.194189e-01
15720.0  5.202919e-01
15730.0  5.203842e-01
15740.0  5.198613e-01
15750.0  5.188122e-01
15760.0  5.186695e-01
15770.0  5.189056e-01
15780.0  5.194800e-01
15790.0  5.204828e-01
15800.0  5.214621e-01
15810.0  5.221142e-01
15820.0  5.199848e-01
15830.0  5.185097e-01
15840.0  5.187185e-01
15850.0  5.200948e-01
15860.0  5.192357e-01
15870.0  5.184985e-01
15880.0  5.186342e-01
15890.0  5.180953e-01
15900.0  5.175658e-01
15910.0  5.164218e-01
15920.0  5.166452e-01
15930.0  5.169385e-01
15940.0  5.173639e-01
15950.0  5.174238e-01
15960.0  5.175731e-01
15970.0  5.185751e-01
15980.0  5.179042e-01
15990.0  5.173833e-01
16000.0  5.169582e-01
16010.0  5.174741e-01
16020.0  5.189177e-01
16030.0  5.210926e-01
16040.0  5.232647e-01
16050.0  5.223984e-01
16060.0  5.213105e-01
16070.0  5.201784e-01
16080.0  5.199498e-01
16090.0  5.202869e-01
16100.0  5.213402e-01
16110.0  5.220682e-01
16120.0  5.211428e-01
16130.0  5.215419e-01
16140.0  5.225589e-01
16150.0  5.226381e-01
16160.0  5.211313e-01
16170.0  5.205755e-01
16180.0  5.215592e-01
16190.0  5.232895e-01
16200.0  5.244155e-01
16210.0  5.246273e-01
16220.0  5.235180e-01
16230.0  5.226336e-01
16240.0  5.219339e-01
16250.0  5.235642e-01
16260.0  5.258405e-01
16270.0  5.277707e-01
16280.0  5.276915e-01
16290.0  5.288868e-01
16300.0  5.287944e-01
16310.0  5.263729e-01
16320.0  5.245998e-01
16330.0  5.249313e-01
16340.0  5.265475e-01
16350.0  5.275523e-01
16360.0  5.293686e-01
16370.0  5.290637e-01
16380.0  5.283758e-01
16390.0  5.270127e-01
16400.0  5.272050e-01
16410.0  5.280969e-01
16420.0  5.290109e-01
16430.0  5.284357e-01
16440.0  5.283378e-01
16450.0  5.279984e-01
16460.0  5.279912e-01
16470.0  5.274451e-01
16480.0  5.275781e-01
16490.0  5.265711e-01
16500.0  5.270190e-01
16510.0  5.283289e-01
16520.0  5.299042e-01
16530.0  5.296964e-01
16540.0  5.283102e-01
16550.0  5.275902e-01
16560.0  5.271203e-01
16570.0  5.269005e-01
16580.0  5.267406e-01
16590.0  5.276814e-01
16600.0  5.282524e-01
16610.0  5.276107e-01
16620.0  5.266763e-01
16630.0  5.262321e-01
16640.0  5.247630e-01
16650.0  5.238248e-01
16660.0  5.234982e-01
16670.0  5.241557e-01
16680.0  5.234607e-01
16690.0  5.227734e-01
16700.0  5.206342e-01
16710.0  5.185113e-01
16720.0  5.161659e-01
16730.0  5.164579e-01
16740.0  5.186413e-01
16750.0  5.207892e-01
16760.0  5.223052e-01
16770.0  5.227283e-01
16780.0  5.229484e-01
16790.0  5.236508e-01
16800.0  5.259158e-01
16810.0  5.263348e-01
16820.0  5.258043e-01
16830.0  5.269915e-01
16840.0  5.289444e-01
16850.0  5.312075e-01
16860.0  5.315386e-01
16870.0  5.308946e-01
16880.0  5.301028e-01
16890.0  5.311715e-01
16900.0  5.310111e-01
16910.0  5.317384e-01
16920.0  5.325228e-01
16930.0  5.339888e-01
16940.0  5.334539e-01
16950.0  5.330968e-01
16960.0  5.312702e-01
16970.0  5.313391e-01
16980.0  5.310180e-01
16990.0  5.314300e-01
17000.0  5.318682e-01
17010.0  5.332729e-01
17020.0  5.329864e-01
17030.0  5.311320e-01
17040.0  5.290538e-01
17050.0  5.278633e-01
17060.0  5.280579e-01
17070.0  5.283093e-01
17080.0  5.283408e-01
17090.0  5.282314e-01
17100.0  5.273168e-01
17110.0  5.266604e-01
17120.0  5.254642e-01
17130.0  5.241226e-01
17140.0  5.233004e-01
17150.0  5.237336e-01
17160.0  5.246856e-01
17170.0  5.250366e-01
17180.0  5.266651e-01
17190.0  5.267969e-01
17200.0  5.265221e-01
17210.0  5.252117e-01
17220.0  5.264545e-01
17230.0  5.275979e-01
17240.0  5.285949e-01
17250.0  5.300840e-01
17260.0  5.321552e-01
17270.0  5.336934e-01
17280.0  5.320402e-01
17290.0  5.305699e-01
17300.0  5.292380e-01
17310.0  5.299735e-01
17320.0  5.306827e-01
17330.0  5.315190e-01
17340.0  5.316894e-01
17350.0  5.311506e-01
17360.0  5.308398e-01
17370.0  5.308875e-01
17380.0  5.316984e-01
17390.0  5.323332e-01
17400.0  5.330412e-01
17410.0  5.332482e-01
17420.0  5.337949e-01
17430.0  5.349989e-01
17440.0  5.348014e-01
17450.0  5.340769e-01
17460.0  5.333971e-01
17470.0  5.334783e-01
17480.0  5.336873e-01
17490.0  5.350088e-01
17500.0  5.372232e-01
17510.0  5.376608e-01
17520.0  5.363393e-01
17530.0  5.353702e-01
17540.0  5.347498e-01
17550.0  5.353234e-01
17560.0  5.357706e-01
17570.0  5.368654e-01
17580.0  5.362510e-01
17590.0  5.365282e-01
17600.0  5.363878e-01
17610.0  5.354022e-01
17620.0  5.338207e-01
17630.0  5.335954e-01
17640.0  5.345651e-01
17650.0  5.357686e-01
17660.0  5.365826e-01
17670.0  5.368394e-01
17680.0  5.352558e-01
17690.0  5.340707e-01
17700.0  5.328131e-01
17710.0  5.334419e-01
17720.0  5.335892e-01
17730.0  5.330006e-01
17740.0  5.335929e-01
17750.0  5.362356e-01
17760.0  5.415922e-01
17770.0  5.395058e-01
17780.0  5.353004e-01
17790.0  5.318299e-01
17800.0  5.344440e-01
17810.0  5.359108e-01
17820.0  5.376029e-01
17830.0  5.390400e-01
17840.0  5.391842e-01
17850.0  5.379645e-01
17860.0  5.372925e-01
17870.0  5.378252e-01
17880.0  5.388364e-01
17890.0  5.399410e-01
17900.0  5.406420e-01
17910.0  5.408283e-01
17920.0  5.401771e-01
17930.0  5.388222e-01
17940.0  5.380654e-01
17950.0  5.380574e-01
17960.0  5.373910e-01
17970.0  5.374511e-01
17980.0  5.386395e-01
17990.0  5.406652e-01
18000.0  5.407776e-01
18010.0  5.406554e-01
18020.0  5.403776e-01
18030.0  5.400526e-01
18040.0  5.400528e-01
18050.0  5.404894e-01
18060.0  5.419454e-01
18070.0  5.423272e-01
18080.0  5.426775e-01
18090.0  5.422829e-01
18100.0  5.421355e-01
18110.0  5.418700e-01
18120.0  5.419978e-01
18130.0  5.430767e-01
18140.0  5.447462e-01
18150.0  5.458348e-01
18160.0  5.456396e-01
18170.0  5.451174e-01
18180.0  5.438734e-01
18190.0  5.420594e-01
18200.0  5.408403e-01
18210.0  5.408576e-01
18220.0  5.418322e-01
18230.0  5.423016e-01
18240.0  5.426233e-01
18250.0  5.422189e-01
18260.0  5.415161e-01
18270.0  5.405236e-01
18280.0  5.403231e-01
18290.0  5.401978e-01
18300.0  5.407788e-01
18310.0  5.418314e-01
18320.0  5.433242e-01
18330.0  5.430771e-01
18340.0  5.421095e-01
18350.0  5.416980e-01
18360.0  5.417919e-01
18370.0  5.419796e-01
18380.0  5.427570e-01
18390.0  5.450988e-01
18400.0  5.454936e-01
18410.0  5.443828e-01
18420.0  5.423403e-01
18430.0  5.412396e-01
18440.0  5.410629e-01
18450.0  5.421872e-01
18460.0  5.437262e-01
18470.0  5.443048e-01
18480.0  5.444998e-01
18490.0  5.435655e-01
18500.0  5.425899e-01
18510.0  5.414192e-01
18520.0  5.410507e-01
18530.0  5.414342e-01
18540.0  5.424640e-01
18550.0  5.435129e-01
18560.0  5.432179e-01
18570.0  5.421841e-01
18580.0  5.408382e-01
18590.0  5.405212e-01
18600.0  5.404817e-01
18610.0  5.402727e-01
18620.0  5.412941e-01
18630.0  5.426683e-01
18640.0  5.443268e-01
18650.0  5.441863e-01
18660.0  5.429089e-01
18670.0  5.411706e-01
18680.0  5.410319e-01
18690.0  5.430447e-01
18700.0  5.439354e-01
18710.0  5.444039e-01
18720.0  5.441390e-01
18730.0  5.454872e-01
18740.0  5.458727e-01
18750.0  5.458693e-01
18760.0  5.452246e-01
18770.0  5.456950e-01
18780.0  5.464188e-01
18790.0  5.473677e-01
18800.0  5.480292e-01
18810.0  5.470441e-01
18820.0  5.447784e-01
18830.0  5.430141e-01
18840.0  5.424546e-01
18850.0  5.432560e-01
18860.0  5.442051e-01
18870.0  5.451193e-01
18880.0  5.448379e-01
18890.0  5.444743e-01
18900.0  5.434051e-01
18910.0  5.422130e-01
18920.0  5.419127e-01
18930.0  5.417743e-01
18940.0  5.418755e-01
18950.0  5.424265e-01
18960.0  5.437089e-01
18970.0  5.446025e-01
18980.0  5.436476e-01
18990.0  5.423987e-01
19000.0  5.415363e-01
19010.0  5.426223e-01
19020.0  5.431441e-01
19030.0  5.432731e-01
19040.0  5.434812e-01
19050.0  5.435330e-01
19060.0  5.425694e-01
19070.0  5.411102e-01
19080.0  5.411157e-01
19090.0  5.422277e-01
19100.0  5.436828e-01
19110.0  5.449570e-01
19120.0  5.450729e-01
19130.0  5.453290e-01
19140.0  5.445088e-01
19150.0  5.434138e-01
19160.0  5.417627e-01
19170.0  5.414924e-01
19180.0  5.428848e-01
19190.0  5.436384e-01
19200.0  5.440525e-01
19210.0  5.432506e-01
19220.0  5.431253e-01
19230.0  5.422280e-01
19240.0  5.412816e-01
19250.0  5.401976e-01
19260.0  5.398801e-01
19270.0  5.404810e-01
19280.0  5.408836e-01
19290.0  5.409179e-01
19300.0  5.403043e-01
19310.0  5.392550e-01
19320.0  5.376295e-01
19330.0  5.359930e-01
19340.0  5.365549e-01
19350.0  5.378471e-01
19360.0  5.391909e-01
19370.0  5.389727e-01
19380.0  5.392401e-01
19390.0  5.387040e-01
19400.0  5.384188e-01
19410.0  5.382502e-01
19420.0  5.390573e-01
19430.0  5.407612e-01
19440.0  5.422398e-01
19450.0  5.434569e-01
19460.0  5.438075e-01
19470.0  5.433729e-01
19480.0  5.420079e-01
19490.0  5.409088e-01
19500.0  5.414057e-01
19510.0  5.428772e-01
19520.0  5.440419e-01
19530.0  5.440685e-01
19540.0  5.439918e-01
19550.0  5.437731e-01
19560.0  5.433994e-01
19570.0  5.431547e-01
19580.0  5.431906e-01
19590.0  5.432569e-01
19600.0  5.436913e-01
19610.0  5.438076e-01
19620.0  5.442171e-01
19630.0  5.439650e-01
19640.0  5.437522e-01
19650.0  5.428641e-01
19660.0  5.433874e-01
19670.0  5.446609e-01
19680.0  5.449157e-01
19690.0  5.443851e-01
19700.0  5.432651e-01
19710.0  5.434185e-01
19720.0  5.430023e-01
19730.0  5.432502e-01
19740.0  5.428543e-01
19750.0  5.432643e-01
19760.0  5.437510e-01
19770.0  5.442449e-01
19780.0  5.450370e-01
19790.0  5.453140e-01
19800.0  5.452168e-01
19810.0  5.443691e-01
19820.0  5.442418e-01
19830.0  5.446761e-01
19840.0  5.450803e-01
19850.0  5.459313e-01
19860.0  5.465206e-01
19870.0  5.474235e-01
19880.0  5.470138e-01
19890.0  5.467273e-01
19900.0  5.461923e-01
19910.0  5.464640e-01
19920.0  5.465790e-01
19930.0  5.457618e-01
19940.0  5.442154e-01
19950.0  5.413217e-01
19960.0  5.381732e-01
19970.0  5.352400e-01
19980.0  5.372286e-01
19990.0  5.399725e-01
20000.0  5.418101e-01
20010.0  5.418468e-01
20020.0  5.419165e-01
20030.0  5.416562e-01
20040.0  5.410354e-01
20050.0  5.416954e-01
20060.0  5.420475e-01
20070.0  5.434268e-01
20080.0  5.437771e-01
20090.0  5.435991e-01
20100.0  5.429398e-01
20110.0  5.419830e-01
20120.0  5.417093e-01
20130.0  5.420264e-01
20140.0  5.428802e-01
20150.0  5.424198e-01
20160.0  5.420220e-01
20170.0  5.423075e-01
20180.0  5.425035e-01
20190.0  5.418209e-01
20200.0  5.404159e-01
20210.0  5.406117e-01
20220.0  5.424572e-01
20230.0  5.435534e-01
20240.0  5.427303e-01
20250.0  5.411860e-01
20260.0  5.410763e-01
20270.0  5.406494e-01
20280.0  5.403133e-01
20290.0  5.396410e-01
20300.0  5.407405e-01
20310.0  5.422288e-01
20320.0  5.427997e-01
20330.0  5.418952e-01
20340.0  5.410292e-01
20350.0  5.411578e-01
20360.0  5.411214e-01
20370.0  5.408436e-01
20380.0  5.408891e-01
20390.0  5.405401e-01
20400.0  5.394825e-01
20410.0  5.381182e-01
20420.0  5.375603e-01
20430.0  5.376838e-01
20440.0  5.375827e-01
20450.0  5.373981e-01
20460.0  5.367575e-01
20470.0  5.370290e-01
20480.0  5.369097e-01
20490.0  5.366433e-01
20500.0  5.362831e-01
20510.0  5.355940e-01
20520.0  5.347829e-01
20530.0  5.336034e-01
20540.0  5.344773e-01
20550.0  5.350650e-01
20560.0  5.362043e-01
20570.0  5.366070e-01
20580.0  5.378659e-01
20590.0  5.383778e-01
20600.0  5.376761e-01
20610.0  5.371875e-01
20620.0  5.372159e-01
20630.0  5.389131e-01
20640.0  5.391967e-01
20650.0  5.389707e-01
20660.0  5.384736e-01
20670.0  5.377133e-01
20680.0  5.377901e-01
20690.0  5.375326e-01
20700.0  5.388203e-01
20710.0  5.398928e-01
20720.0  5.419543e-01
20730.0  5.425975e-01
20740.0  5.429558e-01
20750.0  5.440865e-01
20760.0  5.442261e-01
20770.0  5.431287e-01
20780.0  5.413440e-01
20790.0  5.421749e-01
20800.0  5.440593e-01
20810.0  5.452584e-01
20820.0  5.456757e-01
20830.0  5.457015e-01
20840.0  5.465046e-01
20850.0  5.456298e-01
20860.0  5.462409e-01
20870.0  5.464381e-01
20880.0  5.477811e-01
20890.0  5.463010e-01
20900.0  5.444221e-01
20910.0  5.431837e-01
20920.0  5.439145e-01
20930.0  5.451239e-01
20940.0  5.443994e-01
20950.0  5.431239e-01
20960.0  5.427063e-01
20970.0  5.441771e-01
20980.0  5.454981e-01
20990.0  5.454098e-01
21000.0  5.445365e-01
21010.0  5.441193e-01
21020.0  5.438923e-01
21030.0  5.433349e-01
21040.0  5.428669e-01
21050.0  5.438355e-01
21060.0  5.444898e-01
21070.0  5.445194e-01
21080.0  5.442283e-01
21090.0  5.448247e-01
21100.0  5.455604e-01
21110.0  5.446286e-01
21120.0  5.434531e-01
21130.0  5.437584e-01
21140.0  5.450112e-01
21150.0  5.446929e-01
21160.0  5.442263e-01
21170.0  5.442894e-01
21180.0  5.448874e-01
21190.0  5.456658e-01
21200.0  5.465568e-01
21210.0  5.473466e-01
21220.0  5.471743e-01
21230.0  5.462496e-01
21240.0  5.458714e-01
21250.0  5.470277e-01
21260.0  5.485006e-01
21270.0  5.476565e-01
21280.0  5.462549e-01
21290.0  5.454958e-01
21300.0  5.466989e-01
21310.0  5.477307e-01
21320.0  5.474204e-01
21330.0  5.463896e-01
21340.0  5.448466e-01
21350.0  5.447378e-01
21360.0  5.442365e-01
21370.0  5.436936e-01
21380.0  5.423023e-01
21390.0  5.409401e-01
21400.0  5.394128e-01
21410.0  5.383691e-01
21420.0  5.388172e-01
21430.0  5.386401e-01
21440.0  5.382786e-01
21450.0  5.370945e-01
21460.0  5.370113e-01
21470.0  5.371851e-01
21480.0  5.375555e-01
21490.0  5.377603e-01
21500.0  5.372638e-01
21510.0  5.362612e-01
21520.0  5.346039e-01
21530.0  5.336966e-01
21540.0  5.333755e-01
21550.0  5.335923e-01
21560.0  5.341966e-01
21570.0  5.331328e-01
21580.0  5.322035e-01
21590.0  5.325559e-01
21600.0  5.334308e-01
21610.0  5.329343e-01
21620.0  5.317366e-01
21630.0  5.316377e-01
21640.0  5.304605e-01
21650.0  5.287465e-01
21660.0  5.270906e-01
21670.0  5.272206e-01
21680.0  5.275541e-01
21690.0  5.265030e-01
21700.0  5.254442e-01
21710.0  5.247833e-01
21720.0  5.249691e-01
21730.0  5.246904e-01
21740.0  5.246307e-01
21750.0  5.236558e-01
21760.0  5.212725e-01
21770.0  5.184589e-01
21780.0  5.156410e-01
21790.0  5.137242e-01
21800.0  5.116136e-01
21810.0  5.100472e-01
21820.0  5.090004e-01
21830.0  5.076236e-01
21840.0  5.049247e-01
21850.0  5.011103e-01
21860.0  4.981750e-01
21870.0  4.947414e-01
21880.0  4.931905e-01
21890.0  4.900833e-01
21900.0  4.884975e-01
21910.0  4.847186e-01
21920.0  4.825236e-01
21930.0  4.788257e-01
21940.0  4.761677e-01
21950.0  4.723158e-01
21960.0  4.695225e-01
21970.0  4.662360e-01
21980.0  4.623479e-01
21990.0  4.581014e-01
22000.0  4.551804e-01
22010.0  4.513625e-01
22020.0  4.469299e-01
22030.0  4.419580e-01
22040.0  4.382873e-01
22050.0  4.355613e-01
22060.0  4.337083e-01
22070.0  4.315117e-01
22080.0  4.287199e-01
22090.0  4.255679e-01
22100.0  4.228468e-01
22110.0  4.215422e-01
22120.0  4.215702e-01
22130.0  4.217289e-01
22140.0  4.212500e-01
22150.0  4.202620e-01
22160.0  4.204680e-01
22170.0  4.216577e-01
22180.0  4.230858e-01
22190.0  4.238689e-01
22200.0  4.249703e-01
22210.0  4.264609e-01
22220.0  4.274530e-01
22230.0  4.293123e-01
22240.0  4.312219e-01
22250.0  4.325775e-01
22260.0  4.326732e-01
22270.0  4.331043e-01
22280.0  4.338582e-01
22290.0  4.352282e-01
22300.0  4.368003e-01
22310.0  4.375641e-01
22320.0  4.379773e-01
22330.0  4.389516e-01
22340.0  4.401414e-01
22350.0  4.410287e-01
22360.0  4.417852e-01
22370.0  4.422021e-01
22380.0  4.424754e-01
22390.0  4.436879e-01
22400.0  4.450937e-01
22410.0  4.447420e-01
22420.0  4.433194e-01
22430.0  4.427144e-01
22440.0  4.440830e-01
22450.0  4.459491e-01
22460.0  4.473794e-01
22470.0  4.475962e-01
22480.0  4.463881e-01
22490.0  4.460612e-01
22500.0  4.465089e-01
22510.0  4.478648e-01
22520.0  4.477320e-01
22530.0  4.471708e-01
22540.0  4.468302e-01
22550.0  4.474814e-01
22560.0  4.485843e-01
22570.0  4.485024e-01
22580.0  4.484322e-01
22590.0  4.483544e-01
22600.0  4.487957e-01
22610.0  4.489533e-01
22620.0  4.499090e-01
22630.0  4.500826e-01
22640.0  4.494816e-01
22650.0  4.488440e-01
22660.0  4.497964e-01
22670.0  4.508226e-01
22680.0  4.517670e-01
22690.0  4.532836e-01
22700.0  4.559583e-01
22710.0  4.589021e-01
22720.0  4.620760e-01
22730.0  4.641569e-01
22740.0  4.656967e-01
22750.0  4.672609e-01
22760.0  4.694746e-01
22770.0  4.717441e-01
22780.0  4.734182e-01
22790.0  4.749088e-01
22800.0  4.756938e-01
22810.0  4.767990e-01
22820.0  4.788024e-01
22830.0  4.819011e-01
22840.0  4.845139e-01
22850.0  4.852118e-01
22860.0  4.858509e-01
22870.0  4.870348e-01
22880.0  4.890976e-01
22890.0  4.906957e-01
22900.0  4.919592e-01
22910.0  4.923807e-01
22920.0  4.926015e-01
22930.0  4.938843e-01
22940.0  4.962740e-01
22950.0  4.986051e-01
22960.0  4.992215e-01
22970.0  4.994819e-01
22980.0  5.000553e-01
22990.0  5.021634e-01
23000.0  5.043337e-01
23010.0  5.051338e-01
23020.0  5.054223e-01
23030.0  5.066615e-01
23040.0  5.098310e-01
23050.0  5.130164e-01
23060.0  5.155621e-01
23070.0  5.168922e-01
23080.0  5.190905e-01
23090.0  5.224945e-01
23100.0  5.253016e-01
23110.0  5.274254e-01
23120.0  5.291560e-01
23130.0  5.295048e-01
23140.0  5.291301e-01
23150.0  5.290114e-01
23160.0  5.313138e-01
23170.0  5.333700e-01
23180.0  5.346370e-01
23190.0  5.346850e-01
23200.0  5.350235e-01
23210.0  5.359491e-01
23220.0  5.380499e-01
23230.0  5.396572e-01
23240.0  5.392648e-01
23250.0  5.386103e-01
23260.0  5.387677e-01
23270.0  5.389154e-01
23280.0  5.402674e-01
23290.0  5.408858e-01
23300.0  5.413720e-01
23310.0  5.402404e-01
23320.0  5.419700e-01
23330.0  5.445036e-01
23340.0  5.458911e-01
23350.0  5.450853e-01
23360.0  5.444194e-01
23370.0  5.444962e-01
23380.0  5.448078e-01
23390.0  5.453765e-01
23400.0  5.452017e-01
23410.0  5.449535e-01
23420.0  5.449077e-01
23430.0  5.446034e-01
23440.0  5.451561e-01
23450.0  5.446918e-01
23460.0  5.448391e-01
23470.0  5.448749e-01
23480.0  5.466607e-01
23490.0  5.485596e-01
23500.0  5.494098e-01
23510.0  5.501110e-01
23520.0  5.499442e-01
23530.0  5.510618e-01
23540.0  5.519603e-01
23550.0  5.535777e-01
23560.0  5.546628e-01
23570.0  5.550651e-01
23580.0  5.558898e-01
23590.0  5.568473e-01
23600.0  5.588459e-01
23610.0  5.587614e-01
23620.0  5.583362e-01
23630.0  5.567485e-01
23640.0  5.566378e-01
23650.0  5.577861e-01
23660.0  5.590307e-01
23670.0  5.600273e-01
23680.0  5.597677e-01
23690.0  5.592059e-01
23700.0  5.590690e-01
23710.0  5.597678e-01
23720.0  5.604967e-01
23730.0  5.595871e-01
23740.0  5.588698e-01
23750.0  5.589854e-01
23760.0  5.601431e-01
23770.0  5.599925e-01
23780.0  5.597875e-01
23790.0  5.589033e-01
23800.0  5.575316e-01
23810.0  0.000000e+00
23820.0  0.000000e+00
