# from http://www.stsci.edu/jwst/instruments/nircam/instrumentdesign/filters
# Retrieved March, 2023, dated Nov, 2022 (post-flight)
# Uses modA or modB  filters+DBS+QE+OTE (nrc_plus_ote)
# Units of transmission are PCE (photon to electron conversion efficiency)
# 
22986.5  0.000000e+00
22998.5  0.000000e+00
23010.5  1.327282e-06
23022.5  1.501676e-06
23034.5  1.688671e-06
23046.5  1.896067e-06
23058.5  2.135671e-06
23070.6  2.593397e-06
23082.6  2.893805e-06
23094.6  3.280739e-06
23106.6  3.707845e-06
23118.6  4.194391e-06
23130.6  5.216886e-06
23142.6  5.922423e-06
23154.6  6.782520e-06
23166.6  7.822027e-06
23178.6  8.972046e-06
23190.7  1.136476e-05
23202.7  1.293085e-05
23214.7  1.484871e-05
23226.7  1.704603e-05
23238.7  1.947429e-05
23250.7  2.423469e-05
23262.7  2.713305e-05
23274.7  3.067481e-05
23286.7  3.474053e-05
23298.7  3.927920e-05
23310.7  4.696153e-05
23322.8  5.255415e-05
23334.8  5.924550e-05
23346.8  6.701365e-05
23358.8  7.596953e-05
23370.8  8.972428e-05
23382.8  1.020297e-04
23394.8  1.159979e-04
23406.8  1.322921e-04
23418.8  1.506894e-04
23430.8  1.739199e-04
23442.9  1.979914e-04
23454.9  2.262108e-04
23466.9  2.592052e-04
23478.9  2.974082e-04
23490.9  3.447189e-04
23502.9  4.002472e-04
23514.9  4.675679e-04
23526.9  5.489191e-04
23538.9  6.472127e-04
23550.9  7.757156e-04
23563.0  9.233056e-04
23575.0  1.100502e-03
23587.0  1.311430e-03
23599.0  1.560632e-03
23611.0  1.892164e-03
23623.0  2.237453e-03
23635.0  2.629733e-03
23647.0  3.068925e-03
23659.0  3.554059e-03
23671.0  4.169516e-03
23683.0  4.743843e-03
23695.1  5.353357e-03
23707.1  5.994409e-03
23719.1  6.666385e-03
23731.1  7.447915e-03
23743.1  8.175687e-03
23755.1  8.880495e-03
23767.1  9.646000e-03
23779.1  1.047759e-02
23791.1  1.140335e-02
23803.1  1.241595e-02
23815.2  1.355003e-02
23827.2  1.483403e-02
23839.2  1.629840e-02
23851.2  1.799416e-02
23863.2  1.993231e-02
23875.2  2.218448e-02
23887.2  2.481137e-02
23899.2  2.787975e-02
23911.2  3.148616e-02
23923.2  3.567128e-02
23935.3  4.053180e-02
23947.3  4.613824e-02
23959.3  5.254481e-02
23971.3  5.981099e-02
23983.3  6.784464e-02
23995.3  7.659492e-02
24007.3  8.591860e-02
24019.3  9.561986e-02
24031.3  1.055214e-01
24043.3  1.152395e-01
24055.3  1.245839e-01
24067.4  1.333441e-01
24079.4  1.413768e-01
24091.4  1.487142e-01
24103.4  1.552126e-01
24115.4  1.610700e-01
24127.4  1.664694e-01
24139.4  1.716418e-01
24151.4  1.769389e-01
24163.4  1.824027e-01
24175.4  1.883389e-01
24187.5  1.948942e-01
24199.5  2.021386e-01
24211.5  2.101698e-01
24223.5  2.186471e-01
24235.5  2.274875e-01
24247.5  2.364383e-01
24259.5  2.452202e-01
24271.5  2.537014e-01
24283.5  2.613834e-01
24295.5  2.682400e-01
24307.6  2.741975e-01
24319.6  2.792693e-01
24331.6  2.836976e-01
24343.6  2.873329e-01
24355.6  2.905085e-01
24367.6  2.934123e-01
24379.6  2.962206e-01
24391.6  2.992407e-01
24403.6  3.022831e-01
24415.6  3.055905e-01
24427.6  3.092244e-01
24439.7  3.132217e-01
24451.7  3.177554e-01
24463.7  3.224918e-01
24475.7  3.275591e-01
24487.7  3.329076e-01
24499.7  3.384740e-01
24511.7  3.436382e-01
24523.7  3.490299e-01
24535.7  3.543762e-01
24547.7  3.595842e-01
24559.8  3.645704e-01
24571.8  3.690635e-01
24583.8  3.733972e-01
24595.8  3.773292e-01
24607.8  3.808316e-01
24619.8  3.838930e-01
24631.8  3.863086e-01
24643.8  3.885212e-01
24655.8  3.903519e-01
24667.8  3.918389e-01
24679.8  3.930257e-01
24691.9  3.939510e-01
24703.9  3.946751e-01
24715.9  3.954423e-01
24727.9  3.958734e-01
24739.9  3.964197e-01
24751.9  3.966827e-01
24763.9  3.969053e-01
24775.9  3.973105e-01
24787.9  3.974883e-01
24799.9  3.978614e-01
24812.0  3.980082e-01
24824.0  3.983591e-01
24836.0  3.986911e-01
24848.0  3.989997e-01
24860.0  3.990652e-01
24872.0  3.992942e-01
24884.0  3.994752e-01
24896.0  3.993879e-01
24908.0  3.994446e-01
24920.0  3.994241e-01
24932.1  3.993285e-01
24944.1  3.991510e-01
24956.1  3.988897e-01
24968.1  3.985472e-01
24980.1  3.981267e-01
24992.1  3.976304e-01
25004.1  3.970646e-01
25016.1  3.964464e-01
25028.1  3.957749e-01
25040.1  3.950675e-01
25052.1  3.943207e-01
25064.2  3.935522e-01
25076.2  3.927691e-01
25088.2  3.919858e-01
25100.2  3.912223e-01
25112.2  3.904662e-01
25124.2  3.897374e-01
25136.2  3.890470e-01
25148.2  3.883992e-01
25160.2  3.878139e-01
25172.2  3.872752e-01
25184.3  3.867971e-01
25196.3  3.863840e-01
25208.3  3.860415e-01
25220.3  3.857597e-01
25232.3  3.855498e-01
25244.3  3.854148e-01
25256.3  3.853533e-01
25268.3  3.853642e-01
25280.3  3.854530e-01
25292.3  3.856109e-01
25304.4  3.858366e-01
25316.4  3.861285e-01
25328.4  3.864834e-01
25340.4  3.869026e-01
25352.4  3.873740e-01
25364.4  3.878973e-01
25376.4  3.884643e-01
25388.4  3.890708e-01
25400.4  3.897210e-01
25412.4  3.903947e-01
25424.4  3.910940e-01
25436.5  3.918115e-01
25448.5  3.925419e-01
25460.5  3.932917e-01
25472.5  3.940372e-01
25484.5  3.947833e-01
25496.5  3.955249e-01
25508.5  3.962590e-01
25520.5  3.970580e-01
25532.5  3.977974e-01
25544.5  3.985174e-01
25556.6  3.992146e-01
25568.6  3.998858e-01
25580.6  4.005777e-01
25592.6  4.011939e-01
25604.6  4.017797e-01
25616.6  4.023385e-01
25628.6  4.028682e-01
25640.6  4.034194e-01
25652.6  4.038892e-01
25664.6  4.043329e-01
25676.7  4.047561e-01
25688.7  4.051490e-01
25700.7  4.055693e-01
25712.7  4.059207e-01
25724.7  4.062485e-01
25736.7  4.065610e-01
25748.7  4.068658e-01
25760.7  4.072129e-01
25772.7  4.074902e-01
25784.7  4.077668e-01
25796.7  4.080337e-01
25808.8  4.082954e-01
25820.8  4.086211e-01
25832.8  4.089267e-01
25844.8  4.092335e-01
25856.8  4.095424e-01
25868.8  4.098575e-01
25880.8  4.102733e-01
25892.8  4.105966e-01
25904.8  4.109051e-01
25916.8  4.112154e-01
25928.9  4.115411e-01
25940.9  4.119677e-01
25952.9  4.122917e-01
25964.9  4.126109e-01
25976.9  4.129250e-01
25988.9  4.132329e-01
26000.9  4.136481e-01
26012.9  4.135033e-01
26024.9  4.132541e-01
26036.9  4.129920e-01
26049.0  4.127134e-01
26061.0  4.119984e-01
26073.0  4.116864e-01
26085.0  4.113551e-01
26097.0  4.110036e-01
26109.0  4.106402e-01
26121.0  4.098325e-01
26133.0  4.094142e-01
26145.0  4.082683e-01
26157.0  4.082492e-01
26169.0  4.082046e-01
26181.1  4.081716e-01
26193.1  4.081075e-01
26205.1  4.080280e-01
26217.1  4.079407e-01
26229.1  4.078430e-01
26241.1  4.077544e-01
26253.1  4.076485e-01
26265.1  4.075381e-01
26277.1  4.074220e-01
26289.1  4.073147e-01
26301.2  4.072260e-01
26313.2  4.071339e-01
26325.2  4.070584e-01
26337.2  4.069885e-01
26349.2  4.069329e-01
26361.2  4.069179e-01
26373.2  4.068990e-01
26385.2  4.068952e-01
26397.2  4.069155e-01
26409.2  4.069520e-01
26421.3  4.070230e-01
26433.3  4.071028e-01
26445.3  4.072058e-01
26457.3  4.073300e-01
26469.3  4.074760e-01
26481.3  4.076568e-01
26493.3  4.078396e-01
26505.3  4.080436e-01
26517.3  4.073441e-01
26529.3  4.074577e-01
26541.3  4.074504e-01
26553.4  4.075628e-01
26565.4  4.076780e-01
26577.4  4.077992e-01
26589.4  4.079233e-01
26601.4  4.078774e-01
26613.4  4.079469e-01
26625.4  4.080140e-01
26637.4  4.080725e-01
26649.4  4.081331e-01
26661.4  4.079578e-01
26673.5  4.079934e-01
26685.5  4.080326e-01
26697.5  4.080646e-01
26709.5  4.080996e-01
26721.5  4.079277e-01
26733.5  4.079585e-01
26745.5  4.079833e-01
26757.5  4.080169e-01
26769.5  4.080472e-01
26781.5  4.079058e-01
26793.5  4.079153e-01
26805.6  4.079104e-01
26817.6  4.078940e-01
26829.6  4.078589e-01
26841.6  4.077113e-01
26853.6  4.076553e-01
26865.6  4.075818e-01
26877.6  4.074986e-01
26889.6  4.074110e-01
26901.6  4.072813e-01
26913.6  4.071988e-01
26925.7  4.071176e-01
26937.7  4.070409e-01
26949.7  4.069714e-01
26961.7  4.069243e-01
26973.7  4.068761e-01
26985.7  4.068394e-01
26997.7  4.068177e-01
27009.7  4.076232e-01
27021.7  4.078003e-01
27033.7  4.078704e-01
27045.8  4.079423e-01
27057.8  4.080172e-01
27069.8  4.080923e-01
27081.8  4.082825e-01
27093.8  4.083666e-01
27105.8  4.084485e-01
27117.8  4.085312e-01
27129.8  4.086100e-01
27141.8  4.087980e-01
27153.8  4.088713e-01
27165.8  4.089365e-01
27177.9  4.090030e-01
27189.9  4.090648e-01
27201.9  4.092284e-01
27213.9  4.092807e-01
27225.9  4.093341e-01
27237.9  4.093883e-01
27249.9  4.094396e-01
27261.9  4.096097e-01
27273.9  4.096606e-01
27285.9  4.097042e-01
27298.0  4.097538e-01
27310.0  4.097918e-01
27322.0  4.099402e-01
27334.0  4.099769e-01
27346.0  4.100108e-01
27358.0  4.100422e-01
27370.0  4.101860e-01
27382.0  4.102277e-01
27394.0  4.102763e-01
27406.0  4.103380e-01
27418.1  4.104035e-01
27430.1  4.105875e-01
27442.1  4.106760e-01
27454.1  4.107766e-01
27466.1  4.108895e-01
27478.1  4.110078e-01
27490.1  4.112489e-01
27502.1  4.113907e-01
27514.1  4.109119e-01
27526.1  4.104510e-01
27538.1  4.100065e-01
27550.2  4.090610e-01
27562.2  4.086445e-01
27574.2  4.082454e-01
27586.2  4.078566e-01
27598.2  4.074833e-01
27610.2  4.066162e-01
27622.2  4.062712e-01
27634.2  4.065222e-01
27646.2  4.066406e-01
27658.2  4.067803e-01
27670.3  4.068847e-01
27682.3  4.070694e-01
27694.3  4.072703e-01
27706.3  4.074848e-01
27718.3  4.077166e-01
27730.3  4.079597e-01
27742.3  4.082237e-01
27754.3  4.084938e-01
27766.3  4.087731e-01
27778.3  4.090555e-01
27790.4  4.093861e-01
27802.4  4.096813e-01
27814.4  4.099742e-01
27826.4  4.102641e-01
27838.4  4.105479e-01
27850.4  4.109104e-01
27862.4  4.111893e-01
27874.4  4.114601e-01
27886.4  4.117220e-01
27898.4  4.119714e-01
27910.4  4.123066e-01
27922.5  4.125329e-01
27934.5  4.127458e-01
27946.5  4.129396e-01
27958.5  4.131198e-01
27970.5  4.133757e-01
27982.5  4.135189e-01
27994.5  4.136448e-01
28006.5  4.137545e-01
28018.5  4.138503e-01
28030.5  4.139958e-01
28042.6  4.140560e-01
28054.6  4.141003e-01
28066.6  4.141335e-01
28078.6  4.141542e-01
28090.6  4.141883e-01
28102.6  4.141782e-01
28114.6  4.141577e-01
28126.6  4.141308e-01
28138.6  4.140961e-01
28150.6  4.140258e-01
28162.7  4.139710e-01
28174.7  4.139160e-01
28186.7  4.138586e-01
28198.7  4.138047e-01
28210.7  4.136651e-01
28222.7  4.136856e-01
28234.7  4.137105e-01
28246.7  4.137414e-01
28258.7  4.137782e-01
28270.7  4.137639e-01
28282.7  4.138072e-01
28294.8  4.138573e-01
28306.8  4.139192e-01
28318.8  4.139891e-01
28330.8  4.139808e-01
28342.8  4.140657e-01
28354.8  4.141636e-01
28366.8  4.142727e-01
28378.8  4.143928e-01
28390.8  4.144218e-01
28402.8  4.145654e-01
28414.9  4.147212e-01
28426.9  4.148876e-01
28438.9  4.150662e-01
28450.9  4.151563e-01
28462.9  4.153577e-01
28474.9  4.155700e-01
28486.9  4.157928e-01
28498.9  4.160217e-01
28510.9  4.161876e-01
28522.9  4.164387e-01
28535.0  4.166989e-01
28547.0  4.169663e-01
28559.0  4.172401e-01
28571.0  4.174813e-01
28583.0  4.177720e-01
28595.0  4.180685e-01
28607.0  4.183681e-01
28619.0  4.186710e-01
28631.0  4.189772e-01
28643.0  4.192931e-01
28655.0  4.196109e-01
28667.1  4.199308e-01
28679.1  4.202497e-01
28691.1  4.206069e-01
28703.1  4.209312e-01
28715.1  4.212560e-01
28727.1  4.215783e-01
28739.1  4.218982e-01
28751.1  4.222745e-01
28763.1  4.225896e-01
28775.1  4.228995e-01
28787.2  4.232032e-01
28799.2  4.234986e-01
28811.2  4.238561e-01
28823.2  4.241347e-01
28835.2  4.244023e-01
28847.2  4.246591e-01
28859.2  4.249032e-01
28871.2  4.251952e-01
28883.2  4.254074e-01
28895.2  4.256046e-01
28907.2  4.257842e-01
28919.3  4.259478e-01
28931.3  4.261261e-01
28943.3  4.262475e-01
28955.3  4.263475e-01
28967.3  4.264274e-01
28979.3  4.264866e-01
28991.3  4.265161e-01
29003.3  4.265264e-01
29015.3  4.265152e-01
29027.3  4.264808e-01
29039.4  4.264259e-01
29051.4  4.262866e-01
29063.4  4.261811e-01
29075.4  4.260545e-01
29087.4  4.259082e-01
29099.4  4.257423e-01
29111.4  4.254403e-01
29123.4  4.252318e-01
29135.4  4.250079e-01
29147.4  4.247695e-01
29159.5  4.245195e-01
29171.5  4.240910e-01
29183.5  4.238163e-01
29195.5  4.235372e-01
29207.5  4.232549e-01
29219.5  4.229714e-01
29231.5  4.224826e-01
29243.5  4.221966e-01
29255.5  4.219156e-01
29267.5  4.216415e-01
29279.5  4.213760e-01
29291.6  4.208967e-01
29303.6  4.206517e-01
29315.6  4.204192e-01
29327.6  4.202018e-01
29339.6  4.200014e-01
29351.6  4.195983e-01
29363.6  4.194377e-01
29375.6  4.192977e-01
29387.6  4.191783e-01
29399.6  4.190803e-01
29411.7  4.188419e-01
29423.7  4.188284e-01
29435.7  4.188375e-01
29447.7  4.188694e-01
29459.7  4.189230e-01
29471.7  4.188770e-01
29483.7  4.189801e-01
29495.7  4.191023e-01
29507.7  4.192424e-01
29519.7  4.193989e-01
29531.8  4.195065e-01
29543.8  4.197004e-01
29555.8  4.199059e-01
29567.8  4.201224e-01
29579.8  4.203470e-01
29591.8  4.205791e-01
29603.8  4.208245e-01
29615.8  4.210725e-01
29627.8  4.213218e-01
29639.8  4.215713e-01
29651.8  4.218878e-01
29663.9  4.221411e-01
29675.9  4.223883e-01
29687.9  4.226294e-01
29699.9  4.228636e-01
29711.9  4.232217e-01
29723.9  4.234482e-01
29735.9  4.236642e-01
29747.9  4.238713e-01
29759.9  4.240691e-01
29771.9  4.244432e-01
29784.0  4.246299e-01
29796.0  4.248082e-01
29808.0  4.249785e-01
29820.0  4.251429e-01
29832.0  4.255238e-01
29844.0  4.256814e-01
29856.0  4.258334e-01
29868.0  4.259840e-01
29880.0  4.263743e-01
29892.0  4.265254e-01
29904.1  4.266763e-01
29916.1  4.268309e-01
29928.1  4.269889e-01
29940.1  4.274001e-01
29952.1  4.275715e-01
29964.1  4.277510e-01
29976.1  4.279394e-01
29988.1  4.281409e-01
30000.1  4.283664e-01
30012.1  4.286258e-01
30024.1  4.288992e-01
30036.2  4.291868e-01
30048.2  4.294882e-01
30060.2  4.300136e-01
30072.2  4.303386e-01
30084.2  4.306761e-01
30096.2  4.310265e-01
30108.2  4.313873e-01
30120.2  4.319228e-01
30132.2  4.322951e-01
30144.2  4.326764e-01
30156.3  4.330618e-01
30168.3  4.334524e-01
30180.3  4.339538e-01
30192.3  4.343385e-01
30204.3  4.347211e-01
30216.3  4.351008e-01
30228.3  4.354717e-01
30240.3  4.358883e-01
30252.3  4.362302e-01
30264.3  4.365603e-01
30276.4  4.368746e-01
30288.4  4.371717e-01
30300.4  4.374500e-01
30312.4  4.376999e-01
30324.4  4.379312e-01
30336.4  4.381415e-01
30348.4  4.383307e-01
30360.4  4.384510e-01
30372.4  4.385886e-01
30384.4  4.387024e-01
30396.4  4.387957e-01
30408.5  4.388659e-01
30420.5  4.388404e-01
30432.5  4.388647e-01
30444.5  4.388723e-01
30456.5  4.388635e-01
30468.5  4.388419e-01
30480.5  4.387161e-01
30492.5  4.386705e-01
30504.5  4.386185e-01
30516.5  4.385610e-01
30528.6  4.385036e-01
30540.6  4.383553e-01
30552.6  4.383043e-01
30564.6  4.382568e-01
30576.6  4.382195e-01
30588.6  4.381913e-01
30600.6  4.381032e-01
30612.6  4.381149e-01
30624.6  4.381450e-01
30636.6  4.381931e-01
30648.7  4.382617e-01
30660.7  4.383105e-01
30672.7  4.384257e-01
30684.7  4.385622e-01
30696.7  4.387163e-01
30708.7  4.388912e-01
30720.7  4.390763e-01
30732.7  4.392888e-01
30744.7  4.395091e-01
30756.7  4.397371e-01
30768.7  4.399658e-01
30780.8  4.402281e-01
30792.8  4.404509e-01
30804.8  4.406548e-01
30816.8  4.408309e-01
30828.8  4.409673e-01
30840.8  4.411348e-01
30852.8  4.411693e-01
30864.8  4.411318e-01
30876.8  4.410031e-01
30888.8  4.407709e-01
30900.9  4.405237e-01
30912.9  4.400236e-01
30924.9  4.393602e-01
30936.9  4.385084e-01
30948.9  4.374451e-01
30960.9  4.362886e-01
30972.9  4.347325e-01
30984.9  4.328803e-01
30996.9  4.307157e-01
31008.9  4.282082e-01
31021.0  4.254871e-01
31033.0  4.222059e-01
31045.0  4.185043e-01
31057.0  4.143543e-01
31069.0  4.097288e-01
31081.0  4.047863e-01
31093.0  3.991812e-01
31105.0  3.930599e-01
31117.0  3.864226e-01
31129.0  3.792757e-01
31141.0  3.717685e-01
31153.1  3.636047e-01
31165.1  3.549660e-01
31177.1  3.458748e-01
31189.1  3.363498e-01
31201.1  3.265640e-01
31213.1  3.162994e-01
31225.1  3.057258e-01
31237.1  2.948933e-01
31249.1  2.838574e-01
31261.1  2.727694e-01
31273.2  2.614749e-01
31285.2  2.501391e-01
31297.2  2.388199e-01
31309.2  2.275662e-01
31321.2  2.164969e-01
31333.2  2.055237e-01
31345.2  1.947659e-01
31357.2  1.842611e-01
31369.2  1.740474e-01
31381.2  1.642027e-01
31393.2  1.546606e-01
31405.3  1.454901e-01
31417.3  1.367080e-01
31429.3  1.283271e-01
31441.3  1.203752e-01
31453.3  1.128040e-01
31465.3  1.056416e-01
31477.3  9.888032e-02
31489.3  9.251360e-02
31501.3  8.654111e-02
31513.3  8.092644e-02
31525.4  7.566768e-02
31537.4  7.075107e-02
31549.4  6.615982e-02
31561.4  6.188204e-02
31573.4  5.788878e-02
31585.4  5.416919e-02
31597.4  5.070987e-02
31609.4  4.749199e-02
31621.4  4.450440e-02
31633.4  4.172395e-02
31645.5  3.913967e-02
31657.5  3.674037e-02
31669.5  3.451030e-02
31681.5  3.244060e-02
31693.5  3.051420e-02
31705.5  2.872440e-02
31717.5  2.706022e-02
31729.5  2.551254e-02
31741.5  2.407381e-02
31753.5  2.273247e-02
31765.5  2.148500e-02
31777.6  2.032235e-02
31789.6  1.923900e-02
31801.6  1.822803e-02
31813.6  1.728366e-02
31825.6  1.640228e-02
31837.6  1.557719e-02
31849.6  1.480666e-02
31861.6  1.408436e-02
31873.6  1.340784e-02
31885.6  1.277354e-02
31897.7  1.217787e-02
31909.7  1.161969e-02
31921.7  1.109419e-02
31933.7  1.060104e-02
31945.7  1.013610e-02
31957.7  9.698331e-03
31969.7  9.285495e-03
31981.7  8.894884e-03
31993.7  8.526220e-03
32005.7  8.175057e-03
32017.8  7.842621e-03
32029.8  7.526428e-03
32041.8  7.225735e-03
32053.8  6.939968e-03
32065.8  6.666639e-03
32077.8  6.407073e-03
32089.8  6.158641e-03
32101.8  5.922313e-03
32113.8  5.695794e-03
32125.8  5.478062e-03
32137.8  5.270346e-03
32149.9  5.069870e-03
32161.9  4.877921e-03
32173.9  4.692128e-03
32185.9  4.512773e-03
32197.9  4.340148e-03
32209.9  4.173137e-03
32221.9  4.012822e-03
32233.9  3.856613e-03
32245.9  3.705931e-03
32257.9  3.559964e-03
32270.0  3.418522e-03
32282.0  3.281982e-03
32294.0  3.148578e-03
32306.0  3.020184e-03
32318.0  2.894981e-03
32330.0  2.773395e-03
32342.0  2.656045e-03
32354.0  2.541373e-03
32366.0  2.431122e-03
32378.0  2.323596e-03
32390.1  2.219574e-03
32402.1  2.118795e-03
32414.1  2.020968e-03
32426.1  1.927165e-03
32438.1  1.835420e-03
32450.1  1.747577e-03
32462.1  1.663121e-03
32474.1  1.581792e-03
32486.1  1.504014e-03
32498.1  1.428246e-03
32510.1  1.355876e-03
32522.2  1.285954e-03
32534.2  1.219296e-03
32546.2  1.155743e-03
32558.2  1.093971e-03
32570.2  1.035510e-03
32582.2  9.792379e-04
32594.2  9.257780e-04
32606.2  8.749050e-04
32618.2  8.261666e-04
32630.2  7.803788e-04
32642.3  7.357920e-04
32654.3  6.934738e-04
32666.3  6.531802e-04
32678.3  6.145149e-04
32690.3  5.785857e-04
32702.3  5.440895e-04
32714.3  5.118010e-04
32726.3  4.810404e-04
32738.3  4.518036e-04
32750.3  4.250178e-04
32762.4  3.991874e-04
32774.4  3.756662e-04
32786.4  3.534808e-04
32798.4  3.320056e-04
32810.4  3.125087e-04
32822.4  2.936461e-04
32834.4  2.763960e-04
32846.4  2.599056e-04
32858.4  2.445186e-04
32870.4  2.308954e-04
32882.4  2.174459e-04
32894.5  2.055314e-04
32906.5  1.941296e-04
32918.5  1.834671e-04
32930.5  1.740310e-04
32942.5  1.645579e-04
32954.5  1.560008e-04
32966.5  1.475696e-04
32978.5  1.395528e-04
32990.5  1.324614e-04
33002.5  1.251533e-04
33014.6  1.185727e-04
33026.6  1.122921e-04
33038.6  1.063484e-04
33050.6  1.014274e-04
33062.6  9.637523e-05
33074.6  9.198102e-05
33086.6  8.784105e-05
33098.6  8.390768e-05
33110.6  8.069304e-05
33122.6  7.731059e-05
33134.7  7.452458e-05
33146.7  7.192893e-05
33158.7  6.935711e-05
33170.7  6.765516e-05
33182.7  6.565668e-05
33194.7  6.382683e-05
33206.7  6.203624e-05
33218.7  6.032288e-05
33230.7  5.950684e-05
33242.7  5.820323e-05
33254.7  5.657651e-05
33266.8  5.512161e-05
33278.8  5.379942e-05
33290.8  5.299478e-05
33302.8  5.208133e-05
33314.8  5.065645e-05
33326.8  4.928536e-05
33338.8  4.765884e-05
33350.8  4.641054e-05
33362.8  4.483875e-05
33374.8  4.317709e-05
33386.9  4.181881e-05
33398.9  4.043577e-05
33410.9  3.973370e-05
33422.9  3.900799e-05
33434.9  3.788128e-05
33446.9  3.710776e-05
33458.9  3.637452e-05
33470.9  3.558235e-05
33482.9  3.474667e-05
33494.9  3.371921e-05
33506.9  3.301139e-05
33519.0  3.234164e-05
33531.0  3.186904e-05
33543.0  3.153913e-05
33555.0  3.099128e-05
33567.0  3.051197e-05
33579.0  3.000201e-05
33591.0  2.936777e-05
33603.0  2.889382e-05
33615.0  2.836352e-05
33627.0  2.801923e-05
33639.1  2.783724e-05
33651.1  2.758596e-05
33663.1  2.761822e-05
33675.1  2.793862e-05
33687.1  2.821936e-05
33699.1  2.841125e-05
33711.1  2.820582e-05
33723.1  2.795738e-05
33735.1  2.781012e-05
33747.1  2.780276e-05
33759.2  2.788920e-05
33771.2  2.787017e-05
33783.2  2.784683e-05
33795.2  2.827631e-05
33807.2  2.891126e-05
33819.2  2.947040e-05
33831.2  2.978963e-05
33843.2  2.976326e-05
33855.2  2.982263e-05
33867.2  2.996853e-05
33879.2  3.023200e-05
33891.3  3.040892e-05
33903.3  3.020934e-05
33915.3  3.003000e-05
33927.3  3.047247e-05
33939.3  3.113114e-05
33951.3  3.180246e-05
33963.3  3.242225e-05
33975.3  3.318596e-05
33987.3  3.410359e-05
33999.3  3.529572e-05
34011.4  3.662827e-05
34023.4  3.751312e-05
34035.4  3.821115e-05
34047.4  3.892885e-05
34059.4  3.963192e-05
34071.4  4.013902e-05
34083.4  4.081162e-05
34095.4  4.183286e-05
34107.4  4.286547e-05
34119.4  4.440803e-05
34131.5  4.627619e-05
34143.5  4.773113e-05
34155.5  4.881397e-05
34167.5  4.991996e-05
34179.5  5.082915e-05
34191.5  5.181824e-05
34203.5  5.271824e-05
34215.5  5.307880e-05
34227.5  5.336003e-05
34239.5  5.404405e-05
34251.5  5.537638e-05
34263.6  5.641151e-05
34275.6  5.669690e-05
34287.6  5.671615e-05
34299.6  5.669427e-05
34311.6  5.735182e-05
34323.6  5.846041e-05
34335.6  5.882945e-05
34347.6  5.878213e-05
34359.6  5.920572e-05
34371.6  5.966073e-05
34383.7  6.020566e-05
34395.7  6.081493e-05
34407.7  6.063629e-05
34419.7  6.055052e-05
34431.7  6.094303e-05
34443.7  6.150634e-05
34455.7  6.196038e-05
34467.7  6.219837e-05
34479.7  6.289628e-05
34491.7  6.373091e-05
34503.8  6.400720e-05
34515.8  6.429235e-05
34527.8  6.386169e-05
34539.8  6.294995e-05
34551.8  6.272568e-05
34563.8  6.239972e-05
34575.8  6.156523e-05
34587.8  6.097349e-05
34599.8  6.037181e-05
34611.8  5.991368e-05
34623.8  6.025410e-05
34635.9  6.042500e-05
34647.9  6.089719e-05
34659.9  6.165196e-05
34671.9  6.190555e-05
34683.9  6.212413e-05
34695.9  6.212770e-05
34707.9  6.182295e-05
34719.9  6.166494e-05
34731.9  6.128445e-05
34743.9  6.041909e-05
34756.0  5.937872e-05
34768.0  5.800878e-05
34780.0  5.697242e-05
34792.0  5.630532e-05
34804.0  5.535351e-05
34816.0  5.481211e-05
34828.0  5.427358e-05
34840.0  5.381403e-05
34852.0  5.411009e-05
34864.0  5.384210e-05
34876.1  5.311799e-05
34888.1  5.270910e-05
34900.1  5.164828e-05
34912.1  5.084164e-05
34924.1  5.069088e-05
34936.1  4.972039e-05
34948.1  4.909329e-05
34960.1  4.938956e-05
34972.1  4.936996e-05
34984.1  4.988870e-05
34996.1  5.038062e-05
35008.2  4.953125e-05
35020.2  4.905357e-05
35032.2  4.884168e-05
35044.2  4.793003e-05
35056.2  4.768906e-05
35068.2  4.739787e-05
35080.2  4.700728e-05
35092.2  0.000000e+00
35104.2  0.000000e+00
