# from http://www.stsci.edu/jwst/instruments/nircam/instrumentdesign/filters
# Retrieved Jan 18, 2017, dated Feb 5, 2016 (pre-flight)
# Uses modA or modB  filters+DBS+QE+OTE (nrc_plus_ote)
# Units of transmission are PCE (photon to electron conversion efficiency)
# 
5507.9  2.227180e-09
5517.9  2.348246e-09
5527.9  9.225933e-13
5537.9  1.811181e-09
5547.9  9.545836e-11
5557.9  1.033944e-09
5567.9  9.918232e-10
5577.9  2.319231e-10
5587.9  4.581082e-10
5597.9  8.165652e-13
5607.9  9.803806e-13
5617.9  1.087263e-09
5627.9  1.911799e-09
5637.9  1.908011e-09
5647.9  6.906628e-11
5657.9  1.907972e-09
5667.9  4.294516e-10
5677.9  3.567432e-09
5687.9  2.771436e-09
5697.9  2.480520e-09
5707.9  3.130452e-09
5717.9  2.023097e-09
5727.9  2.081235e-09
5737.9  1.523362e-09
5747.9  7.229359e-10
5757.9  1.482101e-09
5767.9  5.148223e-10
5777.9  6.223836e-09
5787.9  3.942475e-09
5797.9  4.949227e-09
5807.9  1.151797e-10
5817.9  2.847012e-12
5827.9  2.976350e-09
5837.9  4.377650e-09
5847.9  1.616831e-09
5857.9  1.392764e-08
5867.9  6.470909e-09
5877.9  1.150043e-08
5887.9  6.930632e-12
5897.9  9.638453e-09
5907.9  7.735096e-10
5917.9  1.053712e-08
5927.9  1.371831e-08
5937.9  2.040231e-08
5947.9  1.155563e-08
5957.9  9.422100e-12
5967.9  5.502729e-08
5977.9  4.700157e-10
5987.9  2.891150e-09
5997.9  7.541540e-09
6007.9  2.570367e-08
6017.9  1.041320e-08
6027.9  1.956557e-08
6037.9  4.931192e-08
6047.9  6.496014e-09
6057.9  9.841119e-09
6067.9  1.099810e-08
6077.9  1.160218e-11
6087.9  1.538723e-08
6097.9  1.144782e-09
6107.9  1.572469e-08
6117.9  1.032310e-08
6127.9  2.739613e-08
6137.9  3.885444e-08
6147.9  1.238604e-08
6157.9  9.832782e-09
6167.9  3.207077e-08
6177.9  1.239134e-08
6187.9  1.340999e-11
6197.9  2.800089e-08
6207.9  1.430248e-08
6217.9  2.731642e-08
6227.9  1.031423e-08
6237.9  1.408362e-11
6247.9  1.564160e-08
6257.9  1.119028e-08
6267.9  2.661325e-08
6277.9  1.481199e-11
6287.9  2.434748e-08
6297.9  1.510511e-11
6307.9  4.270544e-08
6317.9  2.076843e-08
6327.9  1.552727e-11
6337.9  1.693683e-08
6347.9  9.971596e-09
6357.9  8.837130e-08
6367.9  2.925297e-08
6377.9  2.134787e-08
6387.9  3.372505e-08
6397.9  8.198125e-08
6407.9  2.996466e-08
6417.9  1.464988e-08
6427.9  2.206289e-08
6437.9  2.798377e-08
6447.9  2.738216e-08
6457.9  4.775198e-08
6467.9  2.520453e-08
6477.9  1.940505e-08
6487.9  1.414791e-08
6497.9  6.432357e-08
6507.9  1.782314e-08
6517.9  2.705394e-08
6527.9  2.904845e-08
6537.9  6.525715e-08
6547.9  5.980827e-08
6557.9  3.948655e-08
6567.9  2.858530e-08
6577.9  5.566568e-08
6587.9  2.521414e-08
6597.9  4.269718e-08
6607.9  5.629943e-08
6617.9  8.252857e-08
6627.9  5.472462e-08
6637.9  6.240698e-08
6647.9  3.501736e-08
6657.9  6.813702e-08
6667.9  2.920829e-08
6677.9  8.813962e-08
6687.9  7.352815e-08
6697.9  6.543584e-08
6707.9  6.305526e-08
6717.9  7.898126e-08
6727.9  4.679947e-08
6737.9  5.263882e-08
6747.9  3.402495e-08
6757.9  5.311336e-08
6767.9  6.000417e-08
6777.9  5.956700e-08
6787.9  5.098396e-08
6797.9  1.213126e-07
6807.9  1.028735e-07
6817.9  5.726174e-08
6827.9  5.686992e-08
6837.9  6.218362e-08
6847.9  7.467485e-08
6857.9  8.878319e-08
6867.9  8.473105e-08
6877.9  9.847192e-08
6887.9  7.363642e-08
6897.9  7.857799e-08
6907.9  1.107428e-07
6917.9  1.066397e-07
6927.9  6.993768e-08
6937.9  7.619006e-08
6947.9  8.635528e-08
6957.9  6.349330e-08
6967.9  1.052633e-07
6977.9  6.484740e-08
6987.9  5.784507e-08
6997.9  3.857151e-08
7007.9  1.017827e-07
7017.9  8.022596e-08
7027.9  8.517633e-08
7037.9  7.856016e-08
7047.9  1.016614e-07
7057.9  8.145438e-08
7067.9  8.260464e-08
7077.9  4.269524e-08
7087.9  7.458107e-08
7097.9  7.134222e-08
7107.9  5.247101e-08
7117.9  3.765019e-08
7127.9  6.929797e-08
7137.9  1.031803e-07
7147.9  6.830494e-08
7157.9  6.655357e-08
7167.9  4.953063e-08
7177.9  1.229387e-07
7187.9  1.193990e-07
7197.9  1.043184e-07
7207.9  1.308736e-07
7217.9  7.020804e-08
7227.9  1.279546e-07
7237.9  1.091806e-07
7247.9  1.030213e-07
7257.9  1.112085e-07
7267.9  6.336744e-08
7277.9  7.358414e-08
7287.9  1.093422e-07
7297.9  7.720677e-08
7307.9  9.185108e-08
7317.9  7.501688e-09
7327.9  6.190156e-08
7337.9  7.456304e-08
7347.9  5.849903e-08
7357.9  9.091165e-08
7367.9  8.412742e-08
7377.9  1.203270e-07
7387.9  1.187975e-07
7397.9  1.016190e-07
7407.9  1.089283e-07
7417.9  1.068726e-07
7427.9  1.077422e-07
7437.9  7.165956e-08
7447.9  8.702467e-08
7457.9  2.787728e-08
7467.9  5.254285e-08
7477.9  6.238123e-08
7487.9  1.063837e-07
7497.9  1.314513e-07
7507.9  1.015789e-07
7517.9  9.296167e-08
7527.9  1.185079e-07
7537.9  1.033614e-07
7547.9  7.835075e-08
7557.9  6.387714e-08
7567.9  1.153324e-07
7577.9  1.075197e-07
7587.9  1.001362e-07
7597.9  6.259913e-08
7607.9  9.192765e-08
7617.9  7.095762e-08
7627.9  4.717437e-08
7637.9  7.751692e-08
7647.9  1.002310e-07
7657.9  5.893841e-08
7667.9  6.058061e-08
7677.9  1.926673e-08
7687.9  3.606657e-08
7697.9  5.855175e-08
7707.9  8.842746e-08
7717.9  2.770902e-08
7727.9  2.831957e-08
7737.9  9.065746e-08
7747.9  1.093500e-07
7757.9  6.228285e-08
7767.9  4.825208e-08
7777.9  1.772506e-08
7787.9  1.024559e-07
7797.9  5.806288e-08
7807.9  2.573618e-08
7817.9  8.013956e-08
7827.9  5.909086e-08
7837.9  1.222083e-07
7847.9  7.076773e-08
7857.9  5.442944e-08
7867.9  6.271822e-08
7877.9  1.375214e-07
7887.9  1.166022e-07
7897.9  4.905359e-08
7907.9  1.102376e-07
7917.9  3.986205e-08
7927.9  1.321153e-07
7937.9  2.819500e-08
7947.9  4.222457e-08
7957.9  4.426851e-08
7967.9  1.276325e-09
7977.9  4.772188e-08
7987.9  2.701342e-08
7997.9  5.444876e-08
8007.9  6.909140e-08
8017.9  7.083014e-08
8027.9  3.921605e-08
8037.9  6.436775e-08
8047.9  2.031211e-08
8057.9  5.279560e-08
8067.9  3.924487e-08
8077.9  2.974449e-08
8087.9  5.132903e-08
8097.9  2.728572e-08
8107.9  6.388810e-08
8117.9  1.039045e-08
8127.9  7.250609e-08
8137.9  4.909368e-08
8147.9  6.977567e-08
8157.9  1.042586e-07
8167.9  4.834683e-08
8177.9  4.561016e-08
8187.9  5.720202e-08
8197.9  8.446782e-08
8207.9  5.135531e-08
8217.9  9.605086e-08
8227.9  9.850586e-08
8237.9  3.758479e-08
8247.9  5.219886e-08
8257.9  6.629601e-08
8267.9  9.288414e-09
8277.9  3.469375e-08
8287.9  7.467811e-08
8297.9  7.461375e-08
8307.9  6.296059e-08
8317.9  5.848788e-08
8327.9  6.718501e-08
8337.9  1.099132e-07
8347.9  1.257032e-07
8357.9  1.493903e-07
8367.9  8.802055e-08
8377.9  6.413120e-08
8387.9  1.242645e-07
8397.9  1.379812e-07
8407.9  9.787341e-08
8417.9  3.848664e-08
8427.9  7.974259e-08
8437.9  1.089496e-07
8447.9  1.021527e-07
8457.9  1.341724e-07
8467.9  7.365586e-08
8477.9  1.157214e-07
8487.9  1.476306e-07
8497.9  9.609453e-08
8507.9  1.126248e-07
8517.9  1.299716e-07
8527.9  9.558713e-08
8537.9  5.173736e-08
8547.9  1.763988e-07
8557.9  1.501645e-07
8567.9  1.432423e-07
8577.9  1.113562e-07
8587.9  6.097399e-09
8597.9  1.145432e-07
8607.9  2.096901e-07
8617.9  1.817754e-07
8627.9  1.508100e-07
8637.9  9.267872e-08
8647.9  8.023626e-08
8657.9  5.294800e-08
8667.9  7.798050e-08
8677.9  3.060220e-11
8687.9  7.303306e-08
8697.9  3.067762e-11
8707.9  3.072665e-11
8717.9  3.078393e-11
8727.9  8.453427e-08
8737.9  3.082367e-11
8747.9  1.039999e-07
8757.9  2.883187e-07
8767.9  3.458544e-07
8777.9  3.094067e-11
8787.9  3.094868e-11
8797.9  3.569403e-07
8807.9  8.413867e-08
8817.9  7.656928e-08
8827.9  2.897099e-07
8837.9  3.023063e-07
8847.9  2.407805e-07
8857.9  6.526305e-07
8867.9  4.368148e-07
8877.9  8.235988e-09
8887.9  6.338685e-07
8897.9  3.129664e-11
8907.9  8.842706e-07
8917.9  3.137437e-11
8927.9  3.138443e-11
8937.9  7.955145e-07
8947.9  3.140905e-11
8957.9  1.438550e-06
8967.9  3.133766e-11
8977.9  1.294648e-07
8987.9  3.890605e-08
8997.9  1.132329e-07
9007.9  2.000390e-08
9017.9  7.324289e-08
9027.9  3.028995e-08
9037.9  8.474081e-08
9047.9  1.354101e-07
9057.9  1.365683e-07
9067.9  9.537106e-08
9077.9  5.928852e-08
9087.9  9.686410e-08
9097.9  1.185913e-07
9107.9  1.819984e-08
9117.9  1.122355e-07
9127.9  1.878180e-07
9137.9  8.148066e-08
9147.9  1.306156e-07
9157.9  8.275185e-08
9167.9  1.312274e-07
9177.9  1.167336e-07
9187.9  7.098202e-08
9197.9  1.581098e-07
9207.9  1.150759e-07
9217.9  1.217031e-07
9227.9  1.710165e-07
9237.9  1.186539e-07
9247.9  1.603806e-07
9257.9  1.477228e-07
9267.9  7.721194e-08
9277.9  1.808427e-07
9287.9  2.423961e-07
9297.9  2.443608e-07
9307.9  1.259561e-07
9317.9  2.141987e-07
9327.9  2.475674e-07
9337.9  1.479331e-07
9347.9  2.156264e-07
9357.9  2.275666e-07
9367.9  2.433393e-07
9377.9  2.000189e-07
9387.9  2.482523e-07
9397.9  1.603973e-07
9407.9  1.804900e-07
9417.9  1.508558e-07
9427.9  2.150063e-07
9437.9  2.054694e-07
9447.9  1.567473e-07
9457.9  1.149165e-07
9467.9  2.287897e-07
9477.9  2.382231e-07
9487.9  2.324953e-07
9497.9  1.485046e-07
9507.9  2.551337e-07
9517.9  2.254640e-07
9527.9  2.535106e-07
9537.9  3.083064e-07
9547.9  2.336604e-07
9557.9  2.316423e-07
9567.9  2.532898e-07
9577.9  3.353229e-07
9587.9  2.694373e-07
9597.9  2.002506e-07
9607.9  2.242221e-07
9617.9  2.410168e-07
9627.9  1.393432e-07
9637.9  2.165552e-07
9647.9  2.056393e-07
9657.9  2.651746e-07
9667.9  2.278060e-07
9677.9  1.844057e-07
9687.9  3.158734e-07
9697.9  2.721219e-07
9707.9  2.473664e-07
9717.9  2.788931e-07
9727.9  3.160754e-07
9737.9  2.200229e-07
9747.9  2.228670e-07
9757.9  2.757864e-07
9767.9  2.286082e-07
9777.9  1.780320e-07
9787.9  1.132223e-07
9797.9  2.160341e-07
9807.9  1.926445e-07
9817.9  2.244348e-07
9827.9  1.389126e-07
9837.9  1.594318e-07
9847.9  1.915218e-07
9857.9  2.238199e-07
9867.9  2.909702e-07
9877.9  1.426769e-07
9887.9  2.410253e-07
9897.9  2.958587e-07
9907.9  2.475901e-07
9917.9  1.969036e-07
9927.9  2.144794e-07
9937.9  2.295944e-07
9947.9  2.576507e-07
9957.9  2.548852e-07
9967.9  2.342211e-07
9977.9  2.452406e-07
9987.9  1.851737e-06
9997.9  1.621027e-06
10007.9  1.304680e-06
10017.9  1.821096e-06
10027.9  1.470623e-06
10037.9  1.295572e-06
10047.9  1.873810e-06
10057.9  2.229751e-06
10067.9  2.083366e-06
10077.9  8.652058e-07
10087.9  1.065122e-06
10097.9  1.488883e-06
10107.9  1.574906e-06
10117.9  1.352495e-06
10127.9  1.143751e-06
10137.9  1.305743e-06
10147.9  1.288458e-06
10157.9  1.530475e-06
10167.9  1.184919e-06
10177.9  7.717604e-07
10187.9  7.790303e-07
10197.9  1.545495e-06
10207.9  1.389459e-06
10217.9  1.887561e-06
10227.9  9.627882e-07
10237.9  1.331833e-06
10247.9  1.898804e-06
10257.9  1.490056e-06
10267.9  1.018909e-06
10277.9  1.381684e-06
10287.9  1.025765e-06
10297.9  3.973342e-07
10307.9  7.913330e-07
10317.9  1.135374e-06
10327.9  9.079609e-07
10337.9  1.258904e-06
10347.9  1.055131e-06
10357.9  9.264956e-07
10367.9  1.302792e-06
10377.9  8.164815e-07
10387.9  7.396799e-07
10397.9  1.538580e-06
10407.9  1.398009e-06
10417.9  1.112753e-06
10427.9  7.610842e-07
10437.9  1.628613e-06
10447.9  1.209138e-06
10457.9  1.506350e-06
10467.9  1.117092e-06
10477.9  1.246061e-06
10487.9  1.153602e-06
10497.9  1.186838e-06
10507.9  1.266745e-06
10517.9  1.104653e-06
10527.9  1.035786e-06
10537.9  1.073683e-06
10547.9  9.833316e-07
10557.9  7.327243e-07
10567.9  6.199910e-07
10577.9  8.887541e-07
10587.9  8.994108e-07
10597.9  1.018444e-06
10607.9  1.061240e-06
10617.9  1.137619e-06
10627.9  1.160572e-06
10637.9  9.857870e-07
10647.9  1.331726e-06
10657.9  1.475595e-06
10667.9  1.416100e-06
10677.9  1.126352e-06
10687.9  6.108439e-07
10697.9  8.717968e-07
10707.9  1.327111e-06
10717.9  1.444359e-06
10727.9  1.478017e-06
10737.9  1.077532e-06
10747.9  1.545857e-06
10757.9  1.052122e-06
10767.9  1.066990e-06
10777.9  9.014071e-07
10787.9  8.370699e-07
10797.9  9.217762e-07
10807.9  6.279608e-07
10817.9  8.010524e-07
10827.9  6.678562e-07
10837.9  6.627731e-07
10847.9  1.463642e-06
10857.9  7.611431e-07
10867.9  1.031753e-06
10877.9  1.128771e-06
10887.9  9.908787e-07
10897.9  8.987471e-07
10907.9  1.124935e-06
10917.9  1.015454e-06
10927.9  1.033537e-06
10937.9  5.609901e-07
10947.9  4.439502e-07
10957.9  7.885318e-07
10967.9  9.263528e-07
10977.9  7.864177e-07
10987.9  1.137830e-06
10997.9  1.136208e-06
11007.9  1.260918e-06
11017.9  1.063474e-06
11027.9  7.430630e-07
11037.9  8.500163e-07
11047.9  1.233538e-06
11057.9  1.547127e-06
11067.9  1.137480e-06
11077.9  5.722593e-07
11087.9  7.176742e-07
11097.9  7.768852e-07
11107.9  5.991086e-07
11117.9  1.510582e-06
11127.9  1.410474e-06
11137.9  1.400405e-06
11147.9  1.267385e-06
11157.9  9.241850e-07
11167.9  1.080362e-06
11177.9  7.867958e-07
11187.9  1.070695e-06
11197.9  1.097501e-06
11207.9  9.736519e-07
11217.9  6.862395e-07
11227.9  5.718775e-07
11237.9  1.121252e-06
11247.9  9.351289e-07
11257.9  6.797811e-07
11267.9  1.178648e-06
11277.9  1.135182e-06
11287.9  1.153670e-06
11297.9  1.568345e-06
11307.9  1.265481e-06
11317.9  1.335096e-06
11327.9  7.009262e-07
11337.9  9.860670e-07
11347.9  9.001650e-07
11357.9  1.001622e-06
11367.9  1.011024e-06
11377.9  8.974469e-07
11387.9  9.387846e-07
11397.9  8.290859e-07
11407.9  1.047780e-06
11417.9  1.131754e-06
11427.9  8.249069e-07
11437.9  1.090195e-06
11447.9  1.331074e-06
11457.9  1.292444e-06
11467.9  7.209417e-07
11477.9  8.513486e-07
11487.9  1.120344e-06
11497.9  1.149626e-06
11507.9  9.150324e-07
11517.9  1.187546e-06
11527.9  1.246804e-06
11537.9  1.126180e-06
11547.9  1.035576e-06
11557.9  1.222670e-06
11567.9  1.171472e-06
11577.9  1.233687e-06
11587.9  9.192389e-07
11597.9  9.243411e-07
11607.9  1.121682e-06
11617.9  9.672635e-07
11627.9  1.350274e-06
11637.9  1.330784e-06
11647.9  1.205257e-06
11657.9  9.380323e-07
11667.9  1.526110e-06
11677.9  1.444847e-06
11687.9  1.400719e-06
11697.9  1.739377e-06
11707.9  1.383123e-06
11717.9  1.177766e-06
11727.9  1.063587e-06
11737.9  1.416256e-06
11747.9  1.432694e-06
11757.9  1.255323e-06
11767.9  1.551761e-06
11777.9  1.542700e-06
11787.9  1.396455e-06
11797.9  1.217742e-06
11807.9  1.642266e-06
11817.9  9.233445e-07
11827.9  1.434948e-06
11837.9  1.246971e-06
11847.9  1.122685e-06
11857.9  1.191685e-06
11867.9  1.084886e-06
11877.9  1.035707e-06
11887.9  1.042612e-06
11897.9  9.692895e-07
11907.9  9.149915e-07
11917.9  1.023125e-06
11927.9  6.679939e-07
11937.9  1.062317e-06
11947.9  1.455755e-06
11957.9  1.416146e-06
11967.9  1.331201e-06
11977.9  1.373416e-06
11987.9  6.619463e-07
11997.9  1.374123e-06
12007.9  1.353760e-06
12017.9  1.893365e-06
12027.9  1.853509e-06
12037.9  1.463919e-06
12047.9  2.035490e-06
12057.9  1.768933e-06
12067.9  1.401947e-06
12077.9  1.853386e-06
12087.9  1.354012e-06
12097.9  1.500796e-06
12107.9  1.549626e-06
12117.9  1.687581e-06
12127.9  1.840172e-06
12137.9  1.443875e-06
12147.9  1.678648e-06
12157.9  1.382375e-06
12167.9  1.360173e-06
12177.9  1.584271e-06
12187.9  1.533448e-06
12197.9  2.279297e-06
12207.9  1.843047e-06
12217.9  1.647819e-06
12227.9  1.856823e-06
12237.9  1.600841e-06
12247.9  1.823509e-06
12257.9  2.207598e-06
12267.9  2.101418e-06
12277.9  2.750313e-06
12287.9  2.106008e-06
12297.9  2.316137e-06
12307.9  2.356167e-06
12317.9  2.307770e-06
12327.9  1.960043e-06
12337.9  2.409173e-06
12347.9  2.021265e-06
12357.9  2.206680e-06
12367.9  2.207353e-06
12377.9  2.941043e-06
12387.9  3.127406e-06
12397.9  3.250476e-06
12407.9  3.285229e-06
12417.9  3.093639e-06
12427.9  3.759919e-06
12437.9  3.249239e-06
12447.9  4.016194e-06
12457.9  4.279692e-06
12467.9  4.498872e-06
12477.9  4.848113e-06
12487.9  4.990497e-06
12497.9  5.776701e-06
12507.9  5.993740e-06
12517.9  6.693908e-06
12527.9  6.882566e-06
12537.9  7.936773e-06
12547.9  8.524970e-06
12557.9  9.083879e-06
12567.9  9.832672e-06
12577.9  1.063272e-05
12587.9  1.191483e-05
12597.9  1.281615e-05
12607.9  1.425155e-05
12617.9  1.505224e-05
12627.9  1.745234e-05
12637.9  1.914732e-05
12647.9  2.096009e-05
12657.9  2.330468e-05
12667.9  2.562626e-05
12677.9  2.835169e-05
12687.9  3.107686e-05
12697.9  3.513780e-05
12707.9  3.985455e-05
12717.9  4.440827e-05
12727.9  5.019292e-05
12737.9  5.652869e-05
12747.9  6.438554e-05
12757.9  7.316135e-05
12767.9  8.417138e-05
12777.9  9.576258e-05
12787.9  1.097390e-04
12797.9  1.259059e-04
12807.9  1.443594e-04
12817.9  1.665236e-04
12827.9  1.911521e-04
12837.9  2.189663e-04
12847.9  2.512069e-04
12857.9  2.896309e-04
12867.9  3.355965e-04
12877.9  3.839404e-04
12887.9  4.462358e-04
12897.9  5.204802e-04
12907.9  6.025043e-04
12917.9  6.996363e-04
12927.9  8.287976e-04
12937.9  9.711125e-04
12947.9  1.137103e-03
12957.9  1.360341e-03
12967.9  1.614342e-03
12977.9  1.931214e-03
12987.9  2.337925e-03
12997.9  2.820128e-03
13007.9  3.422427e-03
13017.9  4.167045e-03
13027.9  5.099507e-03
13037.9  6.199614e-03
13047.9  7.486474e-03
13057.9  8.856110e-03
13067.9  9.957057e-03
13077.9  1.050342e-02
13087.9  1.161950e-02
13097.9  1.298051e-02
13107.9  1.423318e-02
13117.9  1.561649e-02
13127.9  1.779126e-02
13137.9  1.993205e-02
13147.9  2.276190e-02
13157.9  2.520725e-02
13167.9  2.902002e-02
13177.9  3.300908e-02
13187.9  3.888920e-02
13197.9  4.564440e-02
13207.9  5.405062e-02
13217.9  6.306842e-02
13227.9  7.476116e-02
13237.9  8.727849e-02
13247.9  1.029802e-01
13257.9  1.183272e-01
13267.9  1.375443e-01
13277.9  1.582664e-01
13287.9  1.818627e-01
13297.9  2.064360e-01
13307.9  2.318761e-01
13317.9  2.563891e-01
13327.9  2.797002e-01
13337.9  3.021998e-01
13347.9  3.223296e-01
13357.9  3.372401e-01
13367.9  3.510916e-01
13377.9  3.621824e-01
13387.9  3.701225e-01
13397.9  3.749343e-01
13407.9  3.784316e-01
13417.9  3.811330e-01
13427.9  3.828494e-01
13437.9  3.860273e-01
13447.9  3.848651e-01
13457.9  3.872975e-01
13467.9  3.881554e-01
13477.9  3.892494e-01
13487.9  3.903765e-01
13497.9  3.912487e-01
13507.9  3.932714e-01
13517.9  3.927366e-01
13527.9  3.931029e-01
13537.9  3.950420e-01
13547.9  3.939456e-01
13557.9  3.948544e-01
13567.9  3.944509e-01
13577.9  3.942025e-01
13587.9  3.940228e-01
13597.9  3.931146e-01
13607.9  3.924741e-01
13617.9  3.912579e-01
13627.9  3.910320e-01
13637.9  3.895471e-01
13647.9  3.920396e-01
13657.9  3.926490e-01
13667.9  3.912069e-01
13677.9  3.916056e-01
13687.9  3.914217e-01
13697.9  3.922536e-01
13707.9  3.932680e-01
13717.9  3.923671e-01
13727.9  3.921847e-01
13737.9  3.917041e-01
13747.9  3.914697e-01
13757.9  3.923080e-01
13767.9  3.915148e-01
13777.9  3.914645e-01
13787.9  3.914843e-01
13797.9  3.911963e-01
13807.9  3.893443e-01
13817.9  3.892226e-01
13827.9  3.913613e-01
13837.9  3.901407e-01
13847.9  3.889007e-01
13857.9  3.903676e-01
13867.9  3.896954e-01
13877.9  3.879173e-01
13887.9  3.887536e-01
13897.9  3.904483e-01
13907.9  3.910862e-01
13917.9  3.898851e-01
13927.9  3.913659e-01
13937.9  3.906485e-01
13947.9  3.925113e-01
13957.9  3.919381e-01
13967.9  3.924402e-01
13977.9  3.945895e-01
13987.9  3.945731e-01
13997.9  3.934918e-01
14007.9  3.960032e-01
14017.9  3.957877e-01
14027.9  3.959826e-01
14037.9  3.978930e-01
14047.9  3.982952e-01
14057.9  3.996176e-01
14067.9  3.993111e-01
14077.9  3.996152e-01
14087.9  3.996243e-01
14097.9  4.015091e-01
14107.9  4.009794e-01
14117.9  4.032549e-01
14127.9  4.034559e-01
14137.9  4.055793e-01
14147.9  4.055762e-01
14157.9  4.063879e-01
14167.9  4.073070e-01
14177.9  4.058079e-01
14187.9  4.086581e-01
14197.9  4.086959e-01
14207.9  4.092689e-01
14217.9  4.092268e-01
14227.9  4.116761e-01
14237.9  4.121886e-01
14247.9  4.125521e-01
14257.9  4.126508e-01
14267.9  4.124030e-01
14277.9  4.134397e-01
14287.9  4.131314e-01
14297.9  4.151672e-01
14307.9  4.165659e-01
14317.9  4.170797e-01
14327.9  4.162190e-01
14337.9  4.154267e-01
14347.9  4.171090e-01
14357.9  4.179634e-01
14367.9  4.168183e-01
14377.9  4.177446e-01
14387.9  4.183388e-01
14397.9  4.172918e-01
14407.9  4.195844e-01
14417.9  4.185146e-01
14427.9  4.196162e-01
14437.9  4.190130e-01
14447.9  4.199757e-01
14457.9  4.197428e-01
14467.9  4.202099e-01
14477.9  4.193666e-01
14487.9  4.222022e-01
14497.9  4.219013e-01
14507.9  4.203584e-01
14517.9  4.221471e-01
14527.9  4.230952e-01
14537.9  4.204361e-01
14547.9  4.194936e-01
14557.9  4.207849e-01
14567.9  4.188677e-01
14577.9  4.190002e-01
14587.9  4.196874e-01
14597.9  4.188859e-01
14607.9  4.165295e-01
14617.9  4.161067e-01
14627.9  4.161279e-01
14637.9  4.160117e-01
14647.9  4.158148e-01
14657.9  4.152806e-01
14667.9  4.138203e-01
14677.9  4.131198e-01
14687.9  4.132287e-01
14697.9  4.125107e-01
14707.9  4.112704e-01
14717.9  4.096414e-01
14727.9  4.108799e-01
14737.9  4.090975e-01
14747.9  4.116300e-01
14757.9  4.105457e-01
14767.9  4.126716e-01
14777.9  4.104511e-01
14787.9  4.112070e-01
14797.9  4.115089e-01
14807.9  4.115180e-01
14817.9  4.105164e-01
14827.9  4.124368e-01
14837.9  4.125586e-01
14847.9  4.143751e-01
14857.9  4.159398e-01
14867.9  4.151424e-01
14877.9  4.159389e-01
14887.9  4.165734e-01
14897.9  4.172351e-01
14907.9  4.172071e-01
14917.9  4.200800e-01
14927.9  4.197304e-01
14937.9  4.207017e-01
14947.9  4.201947e-01
14957.9  4.216706e-01
14967.9  4.230154e-01
14977.9  4.226465e-01
14987.9  4.237017e-01
14997.9  4.269131e-01
15007.9  4.260836e-01
15017.9  4.265048e-01
15027.9  4.262563e-01
15037.9  4.282735e-01
15047.9  4.295392e-01
15057.9  4.292435e-01
15067.9  4.317322e-01
15077.9  4.308754e-01
15087.9  4.320462e-01
15097.9  4.330925e-01
15107.9  4.346209e-01
15117.9  4.336172e-01
15127.9  4.353465e-01
15137.9  4.355081e-01
15147.9  4.357182e-01
15157.9  4.359922e-01
15167.9  4.374614e-01
15177.9  4.384926e-01
15187.9  4.358949e-01
15197.9  4.378978e-01
15207.9  4.369787e-01
15217.9  4.353090e-01
15227.9  4.395861e-01
15237.9  4.350653e-01
15247.9  4.348293e-01
15257.9  4.354866e-01
15267.9  4.365547e-01
15277.9  4.358567e-01
15287.9  4.345156e-01
15297.9  4.341975e-01
15307.9  4.344791e-01
15317.9  4.341883e-01
15327.9  4.346393e-01
15337.9  4.342667e-01
15347.9  4.323309e-01
15357.9  4.334765e-01
15367.9  4.326034e-01
15377.9  4.344907e-01
15387.9  4.330834e-01
15397.9  4.324709e-01
15407.9  4.325418e-01
15417.9  4.322752e-01
15427.9  4.323016e-01
15437.9  4.338317e-01
15447.9  4.296701e-01
15457.9  4.325350e-01
15467.9  4.327743e-01
15477.9  4.320574e-01
15487.9  4.331162e-01
15497.9  4.298876e-01
15507.9  4.322173e-01
15517.9  4.312411e-01
15527.9  4.321096e-01
15537.9  4.306405e-01
15547.9  4.325799e-01
15557.9  4.297033e-01
15567.9  4.294828e-01
15577.9  4.295293e-01
15587.9  4.295536e-01
15597.9  4.300507e-01
15607.9  4.300923e-01
15617.9  4.304560e-01
15627.9  4.284232e-01
15637.9  4.289830e-01
15647.9  4.284523e-01
15657.9  4.289927e-01
15667.9  4.298213e-01
15677.9  4.311372e-01
15687.9  4.304284e-01
15697.9  4.297798e-01
15707.9  4.309387e-01
15717.9  4.306465e-01
15727.9  4.332847e-01
15737.9  4.313009e-01
15747.9  4.345517e-01
15757.9  4.343494e-01
15767.9  4.364095e-01
15777.9  4.370853e-01
15787.9  4.364642e-01
15797.9  4.377946e-01
15807.9  4.383251e-01
15817.9  4.395668e-01
15827.9  4.406917e-01
15837.9  4.412965e-01
15847.9  4.435971e-01
15857.9  4.429110e-01
15867.9  4.423544e-01
15877.9  4.434894e-01
15887.9  4.431249e-01
15897.9  4.428993e-01
15907.9  4.438523e-01
15917.9  4.450726e-01
15927.9  4.463770e-01
15937.9  4.455889e-01
15947.9  4.445339e-01
15957.9  4.461422e-01
15967.9  4.466938e-01
15977.9  4.467283e-01
15987.9  4.466335e-01
15997.9  4.446288e-01
16007.9  4.464794e-01
16017.9  4.470898e-01
16027.9  4.462828e-01
16037.9  4.459427e-01
16047.9  4.455819e-01
16057.9  4.457861e-01
16067.9  4.466883e-01
16077.9  4.476248e-01
16087.9  4.451111e-01
16097.9  4.454177e-01
16107.9  4.460879e-01
16117.9  4.461946e-01
16127.9  4.449713e-01
16137.9  4.458572e-01
16147.9  4.451960e-01
16157.9  4.469402e-01
16167.9  4.462478e-01
16177.9  4.485629e-01
16187.9  4.462261e-01
16197.9  4.475026e-01
16207.9  4.461475e-01
16217.9  4.478683e-01
16227.9  4.472910e-01
16237.9  4.464707e-01
16247.9  4.465719e-01
16257.9  4.469666e-01
16267.9  4.457927e-01
16277.9  4.470824e-01
16287.9  4.482961e-01
16297.9  4.465839e-01
16307.9  4.477126e-01
16317.9  4.483492e-01
16327.9  4.482792e-01
16337.9  4.477105e-01
16347.9  4.474871e-01
16357.9  4.482757e-01
16367.9  4.479612e-01
16377.9  4.483915e-01
16387.9  4.465358e-01
16397.9  4.482102e-01
16407.9  4.463017e-01
16417.9  4.462910e-01
16427.9  4.471119e-01
16437.9  4.466730e-01
16447.9  4.439114e-01
16457.9  4.459278e-01
16467.9  4.461414e-01
16477.9  4.483622e-01
16487.9  4.480853e-01
16497.9  4.473806e-01
16507.9  4.494462e-01
16517.9  4.490128e-01
16527.9  4.506429e-01
16537.9  4.510710e-01
16547.9  4.508258e-01
16557.9  4.479096e-01
16567.9  4.452934e-01
16577.9  4.409571e-01
16587.9  4.322933e-01
16597.9  4.209302e-01
16607.9  4.063938e-01
16617.9  3.881079e-01
16627.9  3.654703e-01
16637.9  3.391545e-01
16647.9  3.126081e-01
16657.9  2.851147e-01
16667.9  2.542761e-01
16677.9  2.256738e-01
16687.9  1.971108e-01
16697.9  1.703749e-01
16707.9  1.471449e-01
16717.9  1.254422e-01
16727.9  1.067926e-01
16737.9  9.157864e-02
16747.9  7.919192e-02
16757.9  6.983498e-02
16767.9  6.091361e-02
16777.9  5.372032e-02
16787.9  4.666704e-02
16797.9  4.122805e-02
16807.9  3.642298e-02
16817.9  3.294583e-02
16827.9  2.896456e-02
16837.9  2.559695e-02
16847.9  2.198421e-02
16857.9  1.851366e-02
16867.9  1.562693e-02
16877.9  1.314997e-02
16887.9  1.095951e-02
16897.9  9.240340e-03
16907.9  7.759693e-03
16917.9  6.523440e-03
16927.9  5.466206e-03
16937.9  4.625304e-03
16947.9  3.903504e-03
16957.9  3.288238e-03
16967.9  2.812173e-03
16977.9  2.382662e-03
16987.9  2.029707e-03
16997.9  1.740672e-03
17007.9  1.504492e-03
17017.9  1.287754e-03
17027.9  1.112248e-03
17037.9  9.633521e-04
17047.9  8.367968e-04
17057.9  7.312056e-04
17067.9  6.384599e-04
17077.9  5.569152e-04
17087.9  4.885920e-04
17097.9  4.309546e-04
17107.9  3.796686e-04
17117.9  3.370783e-04
17127.9  3.001997e-04
17137.9  2.632300e-04
17147.9  2.366197e-04
17157.9  2.105614e-04
17167.9  1.895679e-04
17177.9  1.699948e-04
17187.9  1.524353e-04
17197.9  1.377786e-04
17207.9  1.251551e-04
17217.9  1.144212e-04
17227.9  1.018440e-04
17237.9  9.331776e-05
17247.9  8.528059e-05
17257.9  7.771617e-05
17267.9  6.971831e-05
17277.9  6.534098e-05
17287.9  5.831819e-05
17297.9  5.493425e-05
17307.9  5.023019e-05
17317.9  4.607500e-05
17327.9  4.229906e-05
17337.9  3.749006e-05
17347.9  3.641841e-05
17357.9  3.245764e-05
17367.9  3.045398e-05
17377.9  2.906795e-05
17387.9  2.561941e-05
17397.9  2.440466e-05
17407.9  2.245946e-05
17417.9  2.021908e-05
17427.9  1.922722e-05
17437.9  1.904331e-05
17447.9  1.707537e-05
17457.9  1.685472e-05
17467.9  1.534511e-05
17477.9  1.530181e-05
17487.9  1.452506e-05
17497.9  1.254195e-05
17507.9  1.278080e-05
17517.9  1.134769e-05
17527.9  1.047434e-05
17537.9  1.022087e-05
17547.9  1.069837e-05
17557.9  9.455618e-06
17567.9  9.043360e-06
17577.9  6.777839e-06
17587.9  8.872712e-06
17597.9  7.914746e-06
17607.9  8.705939e-06
17617.9  7.401320e-06
17627.9  6.859269e-06
17637.9  6.966128e-06
17647.9  6.180555e-06
17657.9  7.199583e-06
17667.9  5.923956e-06
17677.9  6.361840e-06
17687.9  5.124843e-06
17697.9  6.081090e-06
17707.9  7.204003e-06
17717.9  4.711164e-06
17727.9  6.125346e-06
17737.9  5.280783e-06
17747.9  4.496292e-06
17757.9  5.979153e-06
17767.9  6.059609e-06
17777.9  5.516470e-06
17787.9  6.085765e-06
17797.9  3.862105e-06
17807.9  3.777400e-06
17817.9  4.672946e-06
17827.9  4.026621e-06
17837.9  3.570657e-06
17847.9  5.020843e-06
17857.9  4.993991e-06
17867.9  5.772593e-06
17877.9  5.556469e-06
17887.9  3.966100e-06
17897.9  5.020858e-06
17907.9  4.551507e-06
17917.9  5.926494e-06
17927.9  4.480139e-06
17937.9  4.885308e-06
17947.9  4.494765e-06
17957.9  6.101343e-06
17967.9  4.895839e-06
17977.9  4.559970e-06
17987.9  3.497862e-06
17997.9  3.536861e-06
18007.9  5.921466e-06
18017.9  4.683512e-06
18027.9  5.875995e-06
18037.9  6.256328e-06
18047.9  3.833918e-06
18057.9  4.390622e-06
18067.9  4.311953e-06
18077.9  4.961723e-06
18087.9  4.999015e-06
18097.9  5.566126e-06
18107.9  6.571869e-06
18117.9  4.712805e-06
18127.9  5.296620e-06
18137.9  4.559484e-06
18147.9  5.088932e-06
18157.9  4.029820e-06
18167.9  4.146784e-06
18177.9  5.747450e-06
18187.9  6.483352e-06
18197.9  4.060559e-06
18207.9  5.367642e-06
18217.9  4.888444e-06
18227.9  4.811051e-06
18237.9  5.496369e-06
18247.9  5.081921e-06
18257.9  5.257441e-06
18267.9  4.441360e-06
18277.9  3.255049e-06
18287.9  5.954092e-06
18297.9  4.254881e-06
18307.9  5.940738e-06
18317.9  4.029470e-06
18327.9  5.895851e-06
18337.9  3.010775e-06
18347.9  5.876664e-06
18357.9  5.081749e-06
18367.9  5.072516e-06
18377.9  2.845158e-06
18387.9  6.170524e-06
18397.9  3.469711e-06
18407.9  5.037527e-06
18417.9  3.649550e-06
18427.9  5.727272e-06
18437.9  5.576414e-06
18447.9  4.433894e-06
18457.9  4.996837e-06
18467.9  6.849420e-06
18477.9  5.938854e-06
18487.9  4.369530e-06
18497.9  6.171790e-06
18507.9  5.211430e-06
18517.9  9.226812e-06
18527.9  5.379314e-06
18537.9  5.242716e-06
18547.9  5.215835e-06
18557.9  7.185388e-06
18567.9  5.942407e-06
18577.9  4.241873e-06
18587.9  7.067385e-06
18597.9  2.808088e-06
18607.9  6.865225e-06
18617.9  6.198147e-06
18627.9  8.103708e-06
18637.9  4.914150e-06
18647.9  7.021607e-06
18657.9  5.167889e-06
18667.9  4.132513e-06
18677.9  7.472699e-06
18687.9  5.375322e-06
18697.9  5.823719e-06
18707.9  6.255535e-06
18717.9  7.080638e-06
18727.9  4.618835e-06
18737.9  5.248490e-06
18747.9  5.054950e-06
18757.9  5.243080e-06
18767.9  5.764308e-06
18777.9  6.722568e-06
18787.9  5.015663e-06
18797.9  4.052732e-06
18807.9  4.919054e-06
18817.9  3.034423e-06
18827.9  5.970981e-06
18837.9  5.662953e-06
18847.9  7.029087e-06
18857.9  4.838042e-06
18867.9  3.864784e-06
18877.9  5.695068e-06
18887.9  5.024167e-06
18897.9  5.804128e-06
18907.9  5.159990e-06
18917.9  5.789252e-06
18927.9  5.235698e-06
18937.9  5.544434e-06
18947.9  3.685682e-06
18957.9  7.331774e-06
18967.9  7.533253e-06
18977.9  7.171077e-06
18987.9  6.242528e-06
18997.9  4.582432e-06
19007.9  4.960038e-06
19017.9  5.862195e-06
19027.9  6.393274e-06
19037.9  4.057924e-06
19047.9  5.522068e-06
19057.9  5.563537e-06
19067.9  5.614281e-06
19077.9  6.205151e-06
19087.9  4.982852e-06
19097.9  5.768823e-06
19107.9  6.674996e-06
19117.9  5.774511e-06
19127.9  7.619516e-06
19137.9  5.745629e-06
19147.9  5.599749e-06
19157.9  4.994156e-06
19167.9  5.925708e-06
19177.9  5.090318e-06
19187.9  7.174660e-06
19197.9  5.432169e-06
19207.9  6.119228e-06
19217.9  6.513647e-06
19227.9  7.121382e-06
19237.9  5.596853e-06
19247.9  6.523086e-06
19257.9  3.825234e-06
19267.9  7.046460e-06
19277.9  6.456790e-06
19287.9  4.879855e-06
19297.9  5.592050e-06
19307.9  6.434919e-06
19317.9  5.215954e-06
19327.9  4.896793e-06
19337.9  6.150470e-06
19347.9  5.837781e-06
19357.9  7.304628e-06
19367.9  6.199820e-06
19377.9  5.740713e-06
19387.9  3.217147e-06
19397.9  7.780716e-06
19407.9  5.297301e-06
19417.9  6.696975e-06
19427.9  7.207987e-06
19437.9  6.005720e-06
19447.9  8.897196e-06
19457.9  6.886088e-06
19467.9  7.680229e-06
19477.9  7.004599e-06
19487.9  3.716004e-06
19497.9  7.928445e-06
19507.9  7.602830e-06
19517.9  4.954535e-06
19527.9  5.265131e-06
19537.9  6.068501e-06
19547.9  3.928587e-06
19557.9  6.915243e-06
19567.9  5.062171e-06
19577.9  7.317805e-06
19587.9  5.539337e-06
19597.9  5.663411e-06
19607.9  5.555840e-06
19617.9  6.237742e-06
19627.9  4.936337e-06
19637.9  5.184118e-06
19647.9  5.346645e-06
19657.9  6.581861e-06
19667.9  7.574721e-06
19677.9  4.753048e-06
19687.9  8.325487e-06
19697.9  5.056055e-06
19707.9  6.569156e-06
19717.9  6.164041e-06
19727.9  6.988686e-06
19737.9  6.788382e-06
19747.9  6.844481e-06
19757.9  4.256465e-06
19767.9  5.571586e-06
19777.9  6.884422e-06
19787.9  7.563219e-06
19797.9  7.197881e-06
19807.9  4.037930e-06
19817.9  6.110938e-06
19827.9  8.854685e-06
19837.9  8.026615e-06
19847.9  4.706457e-06
19857.9  5.889389e-06
19867.9  6.881385e-06
19877.9  6.674084e-06
19887.9  7.884498e-06
19897.9  7.494021e-06
19907.9  4.173533e-06
19917.9  6.993175e-06
19927.9  5.946496e-06
19937.9  4.451026e-06
19947.9  6.302396e-06
19957.9  8.704817e-06
19967.9  5.674856e-06
19977.9  6.579272e-06
19987.9  7.373772e-06
19997.9  4.423490e-06
20007.9  4.980835e-06
20017.9  5.009415e-06
20027.9  6.320041e-06
20037.9  8.046641e-06
20047.9  7.355500e-06
20057.9  4.503248e-06
20067.9  6.775309e-06
20077.9  8.530592e-06
20087.9  5.143896e-06
20097.9  7.310819e-06
20107.9  7.834927e-06
20117.9  8.705474e-06
20127.9  5.505178e-06
20137.9  8.258108e-06
20147.9  6.140043e-06
20157.9  8.039450e-06
20167.9  5.111687e-06
20177.9  8.876447e-06
20187.9  7.814035e-06
20197.9  8.644921e-06
20207.9  7.035323e-06
20217.9  8.300986e-06
20227.9  4.821999e-06
20237.9  6.246629e-06
20247.9  9.226426e-06
20257.9  7.563665e-06
20267.9  6.916595e-06
20277.9  5.388746e-06
20287.9  7.770009e-06
20297.9  9.604959e-06
20307.9  7.635054e-06
20317.9  7.019356e-06
20327.9  1.146343e-05
20337.9  6.131204e-06
20347.9  4.577292e-06
20357.9  7.899217e-06
20367.9  5.265718e-06
20377.9  8.270653e-06
20387.9  7.673339e-06
20397.9  6.656889e-06
20407.9  5.357870e-06
20417.9  1.210763e-05
20427.9  6.246155e-06
20437.9  7.748596e-06
20447.9  5.335111e-06
20457.9  8.922822e-06
20467.9  5.135681e-06
20477.9  5.788068e-06
20487.9  9.182372e-06
20497.9  7.187491e-06
20507.9  7.257866e-06
20517.9  8.172218e-06
20527.9  6.902337e-06
20537.9  6.218255e-06
20547.9  7.197836e-06
20557.9  7.940475e-06
20567.9  6.695398e-06
20577.9  5.573341e-06
20587.9  9.473227e-06
20597.9  5.787139e-06
20607.9  8.533623e-06
20617.9  8.055525e-06
20627.9  6.534332e-06
20637.9  8.129439e-06
20647.9  9.810063e-06
20657.9  9.798002e-06
20667.9  5.756289e-06
20677.9  7.393487e-06
20687.9  1.108363e-05
20697.9  7.181207e-06
20707.9  9.647919e-06
20717.9  6.531347e-06
20727.9  7.946977e-06
20737.9  7.625011e-06
20747.9  9.675695e-06
20757.9  8.246100e-06
20767.9  7.810669e-06
20777.9  7.101327e-06
20787.9  8.904967e-06
20797.9  9.010170e-06
20807.9  1.162005e-05
20817.9  6.473864e-06
20827.9  1.121218e-05
20837.9  6.585828e-06
20847.9  8.985566e-06
20857.9  6.898879e-06
20867.9  8.357411e-06
20877.9  7.749934e-06
20887.9  6.550679e-06
20897.9  9.391608e-06
20907.9  1.044009e-05
20917.9  8.206390e-06
20927.9  7.422635e-06
20937.9  9.471144e-06
20947.9  5.718682e-06
20957.9  9.136287e-06
20967.9  9.266836e-06
20977.9  1.047144e-05
20987.9  7.988562e-06
20997.9  8.569373e-06
21007.9  9.082113e-06
21017.9  8.224919e-06
21027.9  8.322718e-06
21037.9  9.145466e-06
21047.9  1.189357e-05
21057.9  7.677019e-06
21067.9  1.082684e-05
21077.9  1.146029e-05
21087.9  6.789014e-06
21097.9  8.431141e-06
21107.9  7.327590e-06
21117.9  9.213171e-06
21127.9  8.038451e-06
21137.9  8.580884e-06
21147.9  8.746783e-06
21157.9  9.305650e-06
21167.9  1.036772e-05
21177.9  8.894737e-06
21187.9  1.129570e-05
21197.9  1.118946e-05
21207.9  1.219780e-05
21217.9  1.152971e-05
21227.9  9.972627e-06
21237.9  7.752033e-06
21247.9  6.230894e-06
21257.9  1.174975e-05
21267.9  1.129275e-05
21277.9  1.474297e-05
21287.9  9.679416e-06
21297.9  1.049582e-05
21307.9  1.116323e-05
21317.9  9.899754e-06
21327.9  1.403638e-05
21337.9  8.155275e-06
21347.9  8.306116e-06
21357.9  9.661039e-06
21367.9  1.042193e-05
21377.9  6.574493e-06
21387.9  1.026303e-05
21397.9  1.153321e-05
21407.9  1.014421e-05
21417.9  1.409338e-05
21427.9  8.010040e-06
21437.9  9.580078e-06
21447.9  1.119786e-05
21457.9  1.047105e-05
21467.9  9.108547e-06
21477.9  9.159780e-06
21487.9  1.284898e-05
21497.9  1.076528e-05
21507.9  8.066692e-06
21517.9  1.111612e-05
21527.9  1.554942e-05
21537.9  1.210290e-05
21547.9  1.212989e-05
21557.9  1.211895e-05
21567.9  8.552762e-06
21577.9  1.094118e-05
21587.9  9.152073e-06
21597.9  1.327387e-05
21607.9  9.582602e-06
21617.9  1.200831e-05
21627.9  1.210458e-05
21637.9  1.205499e-05
21647.9  1.294336e-05
21657.9  8.518585e-06
21667.9  8.890128e-06
21677.9  8.890341e-06
21687.9  7.572305e-06
21697.9  1.215744e-05
21707.9  1.375891e-05
21717.9  8.944256e-06
21727.9  6.855493e-06
21737.9  1.351835e-05
21747.9  1.029985e-05
21757.9  1.270370e-05
21767.9  7.569613e-06
21777.9  7.380589e-06
21787.9  1.203084e-05
21797.9  9.207220e-06
21807.9  6.721843e-06
21817.9  1.369210e-05
21827.9  9.410993e-06
21837.9  1.003887e-05
21847.9  1.073500e-05
21857.9  1.087625e-05
21867.9  7.780231e-06
21877.9  7.059178e-06
21887.9  7.918775e-06
21897.9  1.006339e-05
21907.9  1.022035e-05
21917.9  1.341030e-05
21927.9  1.294100e-05
21937.9  8.585148e-06
21947.9  1.108956e-05
21957.9  1.167722e-05
21967.9  1.394506e-05
21977.9  1.246735e-05
21987.9  1.559409e-05
21997.9  1.062272e-05
22007.9  1.294049e-05
22017.9  1.373699e-05
22027.9  1.245181e-05
22037.9  1.238570e-05
22047.9  1.422599e-05
22057.9  1.530961e-05
22067.9  1.290126e-05
22077.9  1.208124e-05
22087.9  1.273037e-05
22097.9  1.548344e-05
22107.9  1.538541e-05
22117.9  1.614273e-05
22127.9  2.105294e-05
22137.9  1.988938e-05
22147.9  1.477787e-05
22157.9  4.466466e-06
22167.9  1.897081e-05
22177.9  2.007969e-05
22187.9  1.828254e-05
22197.9  1.373858e-05
22207.9  1.537245e-05
22217.9  1.777977e-05
22227.9  1.652944e-05
22237.9  1.488748e-05
22247.9  1.417561e-05
22257.9  1.077945e-05
22267.9  2.172472e-05
22277.9  1.461117e-05
22287.9  1.616762e-05
22297.9  2.210396e-05
22307.9  1.454865e-05
22317.9  1.450208e-05
22327.9  1.642156e-05
22337.9  1.614875e-05
22347.9  1.397241e-05
22357.9  2.140835e-05
22367.9  1.506187e-05
22377.9  1.994767e-05
22387.9  1.196851e-05
22397.9  2.138992e-05
22407.9  2.474193e-05
22417.9  1.681451e-05
22427.9  2.033342e-05
22437.9  2.006670e-05
22447.9  1.294215e-05
22457.9  2.010228e-05
22467.9  1.481105e-05
22477.9  2.118477e-05
22487.9  1.578506e-05
22497.9  1.854471e-05
22507.9  1.701894e-05
22517.9  1.870592e-05
22527.9  1.593234e-05
22537.9  2.253686e-05
22547.9  2.475520e-05
22557.9  2.334841e-05
22567.9  2.350309e-05
22577.9  1.489192e-05
22587.9  1.629169e-05
22597.9  2.410351e-05
22607.9  2.631526e-05
22617.9  2.040022e-05
22627.9  1.824024e-05
22637.9  1.824015e-05
22647.9  1.629227e-05
22657.9  1.613761e-05
22667.9  1.928383e-05
22677.9  1.447104e-05
22687.9  2.252155e-05
22697.9  1.881724e-05
22707.9  1.795717e-05
22717.9  1.614515e-05
22727.9  1.570394e-05
22737.9  1.890647e-05
22747.9  1.650323e-05
22757.9  1.743893e-05
22767.9  1.168912e-05
22777.9  1.269156e-05
22787.9  1.449025e-05
22797.9  1.551081e-05
22807.9  1.206366e-05
22817.9  1.228668e-05
22827.9  7.908896e-06
22837.9  1.146180e-05
22847.9  1.547430e-05
22857.9  9.463242e-06
22867.9  1.112010e-05
22877.9  9.902625e-06
22887.9  1.122595e-05
22897.9  1.063235e-05
22907.9  7.601235e-06
22917.9  1.250827e-05
22927.9  8.889487e-06
22937.9  8.804660e-06
22947.9  1.316098e-05
22957.9  7.592921e-06
22967.9  1.015010e-05
22977.9  8.021159e-06
22987.9  5.473688e-06
22997.9  8.612748e-06
23007.9  7.291775e-06
23017.9  8.226917e-06
23027.9  6.517076e-06
23037.9  6.594358e-06
23047.9  6.652490e-06
23057.9  8.426221e-06
23067.9  8.644019e-06
23077.9  4.073595e-06
23087.9  9.185877e-06
23097.9  7.058210e-06
23107.9  6.605412e-06
23117.9  4.347454e-06
23127.9  4.864957e-06
23137.9  6.801838e-06
23147.9  6.260125e-06
23157.9  4.995920e-06
23167.9  4.911228e-06
23177.9  4.639062e-06
23187.9  3.648413e-06
23197.9  5.768629e-06
23207.9  4.828178e-06
23217.9  3.897465e-06
23227.9  4.536106e-06
23237.9  3.339696e-06
23247.9  4.091251e-06
23257.9  3.992307e-06
23267.9  4.198551e-06
23277.9  4.614503e-06
23287.9  2.776565e-06
23297.9  2.518838e-06
23307.9  3.410876e-06
23317.9  2.887553e-06
23327.9  2.801659e-06
23337.9  2.773219e-06
23347.9  2.329748e-06
23357.9  2.261979e-06
23367.9  2.258084e-06
23377.9  1.783328e-06
23387.9  2.418504e-06
23397.9  1.702685e-06
23407.9  2.124990e-06
23417.9  2.362232e-06
23427.9  2.242997e-06
23437.9  2.004069e-06
23447.9  1.636870e-06
23457.9  1.494084e-06
23467.9  1.470118e-06
23477.9  1.620000e-06
23487.9  1.909783e-06
23497.9  2.177784e-06
23507.9  1.662947e-06
23517.9  1.837727e-06
23527.9  1.206847e-06
23537.9  1.447849e-06
23547.9  1.741187e-06
23557.9  1.518622e-06
23567.9  2.045504e-06
23577.9  1.439607e-06
23587.9  1.423774e-06
23597.9  1.327985e-06
23607.9  1.000725e-06
23617.9  1.057653e-06
23627.9  1.407924e-06
23637.9  1.276150e-06
23647.9  1.179609e-06
23657.9  7.434539e-07
23667.9  8.296955e-07
23677.9  9.271107e-07
23687.9  5.083822e-07
23697.9  5.102637e-07
23707.9  4.882125e-07
23717.9  4.745366e-07
23727.9  3.187369e-07
23737.9  2.586218e-07
23747.9  3.271698e-07
23757.9  2.724272e-07
23767.9  2.963602e-07
23777.9  3.066725e-07
23787.9  3.007531e-07
23797.9  2.934330e-07
23807.9  1.527858e-07
23817.9  2.481837e-07
23827.9  2.315792e-07
23837.9  1.831674e-07
23847.9  1.700901e-07
23857.9  1.490616e-07
23867.9  1.234006e-07
23877.9  9.387123e-08
23887.9  1.029040e-07
23897.9  7.813706e-08
23907.9  9.269277e-08
23917.9  1.029229e-07
23927.9  7.600771e-08
23937.9  6.783032e-08
23947.9  5.262118e-08
23957.9  3.924284e-08
23967.9  4.464549e-08
23977.9  4.693195e-08
23987.9  3.315886e-08
23997.9  4.572435e-08
24007.9  2.859887e-08
24017.9  2.345786e-08
24027.9  3.021358e-08
24037.9  2.705620e-08
24047.9  1.992458e-08
24057.9  1.614705e-08
24067.9  1.708270e-08
24077.9  1.131669e-08
24087.9  1.468585e-08
24097.9  9.250417e-09
24107.9  1.215874e-08
24117.9  7.863076e-09
24127.9  1.008638e-08
24137.9  6.429153e-09
24147.9  4.854398e-09
24157.9  5.892932e-09
24167.9  4.562682e-09
24177.9  5.114253e-09
24187.9  5.225035e-09
24197.9  3.511361e-09
24207.9  3.053852e-09
24217.9  3.177546e-09
24227.9  3.589980e-09
24237.9  1.874465e-09
24247.9  1.980082e-09
24257.9  1.348062e-09
24267.9  1.472183e-09
24277.9  5.843500e-10
24287.9  1.174821e-09
24297.9  1.135258e-09
24307.9  9.019468e-10
24317.9  6.447780e-10
24327.9  6.398450e-10
24337.9  7.884927e-10
24347.9  5.553648e-10
24357.9  4.503152e-10
24367.9  4.989524e-10
24377.9  2.821977e-10
24387.9  2.971701e-10
24397.9  3.225815e-10
24407.9  1.821163e-10
24417.9  1.684778e-10
24427.9  1.110410e-10
24437.9  1.208752e-10
24447.9  1.283339e-10
24457.9  1.122013e-10
24467.9  8.776577e-11
24477.9  8.529132e-11
24487.9  4.352887e-11
24497.9  6.377582e-11
24507.9  3.883365e-11
24517.9  5.201019e-11
24527.9  6.401711e-11
24537.9  5.180848e-11
24547.9  4.479157e-11
24557.9  3.138143e-11
24567.9  3.302713e-11
24577.9  3.551506e-11
24587.9  5.696983e-11
24597.9  3.731313e-11
24607.9  4.995865e-11
24617.9  3.322508e-11
24627.9  4.454128e-11
24637.9  2.112322e-11
24647.9  2.673759e-11
24657.9  2.256039e-11
24667.9  2.252260e-11
24677.9  2.523969e-11
24687.9  2.574505e-11
24697.9  2.278530e-11
24707.9  1.343037e-11
24717.9  1.738008e-11
24727.9  1.123088e-11
24737.9  1.483696e-11
24747.9  1.542874e-11
24757.9  1.051042e-11
24767.9  1.332529e-11
24777.9  8.858319e-12
24787.9  5.842531e-12
24797.9  7.822595e-12
24807.9  9.360856e-12
24817.9  6.502724e-12
24827.9  5.920570e-12
24837.9  5.810151e-12
24847.9  3.464765e-12
24857.9  5.164949e-12
24867.9  2.828747e-12
24877.9  4.538781e-12
24887.9  4.027162e-12
24897.9  3.979382e-12
24907.9  3.752799e-12
24917.9  2.439390e-12
24927.9  2.451426e-12
24937.9  1.863000e-12
24947.9  2.281084e-12
24957.9  1.485958e-12
24967.9  2.147517e-12
24977.9  1.324249e-12
24987.9  1.562370e-12
24997.9  1.020327e-12
25007.9  5.795088e-13
25017.9  9.435898e-13
25027.9  9.980915e-13
25037.9  7.718331e-13
25047.9  2.092145e-13
25057.9  6.643400e-13
25067.9  5.004086e-13
25077.9  6.002999e-13
25087.9  3.589709e-13
25097.9  1.517246e-13
25107.9  2.953002e-13
25117.9  3.781973e-13
25127.9  3.329683e-13
25137.9  3.383223e-13
25147.9  2.914857e-13
25157.9  2.358029e-13
25167.9  2.376871e-13
25177.9  1.861345e-13
25187.9  2.027755e-13
25197.9  1.297320e-13
25207.9  1.301129e-13
25217.9  1.206047e-13
25227.9  1.092699e-13
25237.9  8.258607e-14
25247.9  1.076031e-13
25257.9  9.398985e-14
25267.9  4.661584e-14
25277.9  7.163477e-14
25287.9  6.671088e-14
25297.9  7.260665e-14
25307.9  4.198781e-14
25317.9  6.324459e-14
25327.9  6.227777e-14
25337.9  5.171367e-14
25347.9  3.498714e-14
25357.9  4.291704e-14
25367.9  3.141346e-14
25377.9  2.978640e-14
25387.9  3.807304e-14
25397.9  1.602896e-14
25407.9  3.065484e-14
25417.9  2.325287e-14
25427.9  1.616208e-14
25437.9  1.246943e-14
25447.9  2.044983e-14
25457.9  8.508881e-15
25467.9  1.669363e-14
25477.9  1.643723e-14
25487.9  1.330339e-14
25497.9  1.352021e-14
25507.9  1.062762e-14
25517.9  1.178023e-14
25527.9  5.087651e-15
25537.9  8.080250e-15
25547.9  4.611840e-15
25557.9  8.039262e-15
25567.9  5.903612e-15
25577.9  4.131809e-15
25587.9  6.407952e-15
25597.9  5.894138e-15
25607.9  4.789223e-15
25617.9  4.778377e-15
25627.9  3.571195e-15
25637.9  4.354057e-15
25647.9  3.197741e-15
25657.9  2.139750e-15
25667.9  2.595352e-15
25677.9  3.025732e-15
25687.9  2.108128e-15
25697.9  1.039362e-15
25707.9  1.371228e-15
25717.9  1.400483e-15
25727.9  1.635232e-15
25737.9  1.012972e-15
25747.9  1.175253e-15
25757.9  9.027381e-16
25767.9  1.065345e-15
25777.9  6.373920e-16
25787.9  8.292137e-16
25797.9  6.014554e-16
25807.9  6.099514e-16
25817.9  4.730792e-16
25827.9  4.217040e-16
25837.9  4.128180e-16
25847.9  4.113276e-16
25857.9  3.900975e-16
25867.9  3.220301e-16
25877.9  1.614619e-16
25887.9  1.882040e-16
25897.9  2.036164e-16
25907.9  1.840398e-16
25917.9  1.621028e-16
25927.9  1.309722e-16
25937.9  5.954596e-17
25947.9  1.027792e-16
25957.9  8.700196e-17
25967.9  5.654963e-17
25977.9  4.115766e-17
