# from http://www.stsci.edu/jwst/instruments/nircam/instrumentdesign/filters
# Retrieved March, 2023, dated Nov, 2022 (post-flight)
# Uses modA or modB  filters+DBS+QE+OTE (nrc_plus_ote)
# Units of transmission are PCE (photon to electron conversion efficiency)
# 
18986.0  0.000000e+00
18996.0  0.000000e+00
19006.0  7.055102e-06
19016.0  7.161393e-06
19026.0  7.821244e-06
19036.0  8.849384e-06
19046.0  9.079975e-06
19056.0  9.967975e-06
19066.0  9.890507e-06
19076.0  1.103415e-05
19086.0  1.280273e-05
19096.0  1.279456e-05
19106.0  1.506587e-05
19116.0  1.569038e-05
19126.0  1.595866e-05
19136.0  1.964833e-05
19146.0  2.058973e-05
19156.0  2.275811e-05
19166.0  2.471622e-05
19176.0  2.747064e-05
19186.0  3.079988e-05
19196.0  3.421913e-05
19206.0  3.755405e-05
19216.0  4.023809e-05
19226.0  4.673867e-05
19236.0  5.088708e-05
19246.0  5.638683e-05
19256.0  6.414146e-05
19266.0  7.143659e-05
19276.0  7.838169e-05
19286.0  8.639886e-05
19296.0  1.024197e-04
19306.0  1.097981e-04
19316.0  1.232134e-04
19326.0  1.390088e-04
19336.0  1.554889e-04
19346.0  1.789768e-04
19356.0  1.968622e-04
19366.0  2.235148e-04
19376.0  2.523263e-04
19386.0  2.826141e-04
19396.0  3.162590e-04
19406.0  3.585787e-04
19416.0  4.173765e-04
19426.0  4.560527e-04
19436.0  5.265536e-04
19446.0  5.914086e-04
19456.0  6.759681e-04
19466.0  7.586598e-04
19476.0  8.759313e-04
19486.0  9.976854e-04
19496.0  1.096975e-03
19506.0  1.271920e-03
19516.0  1.441609e-03
19526.0  1.659207e-03
19536.0  1.871322e-03
19546.0  2.141241e-03
19556.0  2.518491e-03
19566.0  2.827223e-03
19576.0  3.214131e-03
19586.0  3.785863e-03
19596.0  4.289589e-03
19606.0  5.019252e-03
19616.0  5.691678e-03
19626.0  6.494110e-03
19636.0  7.645239e-03
19646.0  8.814558e-03
19656.0  1.026308e-02
19666.0  1.183027e-02
19676.0  1.380100e-02
19686.0  1.565805e-02
19696.0  1.829105e-02
19706.0  2.226143e-02
19716.0  2.520830e-02
19726.0  2.888502e-02
19736.0  3.258370e-02
19746.0  3.774877e-02
19756.0  4.126352e-02
19766.0  4.649702e-02
19776.0  5.279381e-02
19786.0  5.707117e-02
19796.0  6.583521e-02
19806.0  7.251264e-02
19816.0  8.143406e-02
19826.0  9.025228e-02
19836.0  1.010727e-01
19846.0  1.148869e-01
19856.0  1.266714e-01
19866.0  1.463527e-01
19876.0  1.661372e-01
19886.0  1.891136e-01
19896.0  2.177368e-01
19906.0  2.364510e-01
19916.0  2.668922e-01
19926.0  2.945884e-01
19936.0  3.226976e-01
19946.0  3.516630e-01
19956.0  3.781763e-01
19966.0  4.024920e-01
19976.0  4.193491e-01
19986.0  4.368346e-01
19996.0  4.591922e-01
20006.0  4.799865e-01
20016.0  4.910621e-01
20026.0  5.034391e-01
20036.0  5.043900e-01
20046.0  5.127448e-01
20056.0  5.239666e-01
20066.0  5.273133e-01
20076.0  5.297559e-01
20086.0  5.312716e-01
20096.0  5.328026e-01
20106.0  5.281940e-01
20116.0  5.355553e-01
20126.0  5.324092e-01
20136.0  5.356771e-01
20146.0  5.378442e-01
20156.0  5.331394e-01
20166.0  5.383674e-01
20176.0  5.318772e-01
20186.0  5.332110e-01
20196.0  5.367371e-01
20206.0  5.328391e-01
20216.0  5.353266e-01
20226.0  5.293643e-01
20236.0  5.374574e-01
20246.0  5.299328e-01
20256.0  5.391726e-01
20266.0  5.323473e-01
20276.0  5.353238e-01
20286.0  5.308826e-01
20296.0  5.336205e-01
20306.0  5.357348e-01
20316.0  5.300874e-01
20326.0  5.366665e-01
20336.0  5.369739e-01
20346.0  5.307957e-01
20356.0  5.267168e-01
20366.0  5.412045e-01
20376.0  5.317062e-01
20386.0  5.356335e-01
20396.0  5.311346e-01
20406.0  5.242920e-01
20416.0  5.350853e-01
20426.0  5.283684e-01
20436.0  5.289642e-01
20446.0  5.272979e-01
20456.0  5.286110e-01
20466.0  5.278703e-01
20476.0  5.293895e-01
20486.0  5.220988e-01
20496.0  5.167196e-01
20506.0  5.358303e-01
20516.0  5.236539e-01
20526.0  5.258416e-01
20536.0  5.274075e-01
20546.0  5.232074e-01
20556.0  5.213298e-01
20566.0  5.267669e-01
20576.0  5.250681e-01
20586.0  5.276708e-01
20596.0  5.232783e-01
20606.0  5.337916e-01
20616.0  5.278098e-01
20626.0  5.372352e-01
20636.0  5.260336e-01
20646.0  5.288623e-01
20656.0  5.332085e-01
20666.0  5.316134e-01
20676.0  5.329491e-01
20686.0  5.404891e-01
20696.0  5.369621e-01
20706.0  5.401708e-01
20716.0  5.416892e-01
20726.0  5.387252e-01
20736.0  5.421323e-01
20746.0  5.379664e-01
20756.0  5.413604e-01
20766.0  5.397397e-01
20776.0  5.424373e-01
20786.0  5.417424e-01
20796.0  5.427483e-01
20806.0  5.377544e-01
20816.0  5.470467e-01
20826.0  5.352008e-01
20836.0  5.500634e-01
20846.0  5.418235e-01
20856.0  5.428217e-01
20866.0  5.442822e-01
20876.0  5.411561e-01
20886.0  5.507447e-01
20896.0  5.432262e-01
20906.0  5.421495e-01
20916.0  5.354738e-01
20926.0  5.410735e-01
20936.0  5.436534e-01
20946.0  5.526205e-01
20956.0  5.364138e-01
20966.0  5.470364e-01
20976.0  5.370181e-01
20986.0  5.378754e-01
20996.0  5.502268e-01
21006.0  5.381933e-01
21016.0  5.351110e-01
21026.0  5.364158e-01
21036.0  5.419466e-01
21046.0  5.322849e-01
21056.0  5.386447e-01
21066.0  5.397723e-01
21076.0  5.245101e-01
21086.0  5.453830e-01
21096.0  5.367530e-01
21106.0  5.321691e-01
21116.0  5.341970e-01
21126.0  5.315570e-01
21136.0  5.426028e-01
21146.0  5.325241e-01
21156.0  5.353900e-01
21166.0  5.287753e-01
21176.0  5.407204e-01
21186.0  5.352273e-01
21196.0  5.375270e-01
21206.0  5.335562e-01
21216.0  5.323746e-01
21226.0  5.324379e-01
21236.0  5.324994e-01
21246.0  5.308402e-01
21256.0  5.377819e-01
21266.0  5.367564e-01
21276.0  5.311809e-01
21286.0  5.433977e-01
21296.0  5.357133e-01
21306.0  5.413629e-01
21316.0  5.332255e-01
21326.0  5.326809e-01
21336.0  5.386662e-01
21346.0  5.340496e-01
21356.0  5.407381e-01
21366.0  5.327808e-01
21376.0  5.364985e-01
21386.0  5.338674e-01
21396.0  5.412866e-01
21406.0  5.340108e-01
21416.0  5.324419e-01
21426.0  5.361780e-01
21436.0  5.359910e-01
21446.0  5.298344e-01
21456.0  5.366664e-01
21466.0  5.369837e-01
21476.0  5.346082e-01
21486.0  5.301593e-01
21496.0  5.339807e-01
21506.0  5.306785e-01
21516.0  5.288898e-01
21526.0  5.285350e-01
21536.0  5.298408e-01
21546.0  5.308959e-01
21556.0  5.308002e-01
21566.0  5.349065e-01
21576.0  5.246452e-01
21586.0  5.310124e-01
21596.0  5.250889e-01
21606.0  5.256023e-01
21616.0  5.247468e-01
21626.0  5.279251e-01
21636.0  5.240099e-01
21646.0  5.157527e-01
21656.0  5.275161e-01
21666.0  5.196176e-01
21676.0  5.243788e-01
21686.0  5.166205e-01
21696.0  5.252092e-01
21706.0  5.177408e-01
21716.0  5.163832e-01
21726.0  5.244115e-01
21736.0  5.112227e-01
21746.0  5.165792e-01
21756.0  5.245986e-01
21766.0  5.176588e-01
21776.0  5.180986e-01
21786.0  5.124134e-01
21796.0  5.102672e-01
21806.0  5.217188e-01
21816.0  5.173036e-01
21826.0  5.145323e-01
21836.0  5.150964e-01
21846.0  5.050263e-01
21856.0  5.106883e-01
21866.0  5.016420e-01
21876.0  4.996298e-01
21886.0  4.932071e-01
21896.0  4.897490e-01
21906.0  4.778935e-01
21916.0  4.656433e-01
21926.0  4.536373e-01
21936.0  4.326484e-01
21946.0  4.195286e-01
21956.0  3.965635e-01
21966.0  3.743683e-01
21976.0  3.520271e-01
21986.0  3.253962e-01
21996.0  3.023351e-01
22006.0  2.779713e-01
22016.0  2.647699e-01
22026.0  2.414076e-01
22036.0  2.221643e-01
22046.0  2.081296e-01
22056.0  1.915222e-01
22066.0  1.790549e-01
22076.0  1.629905e-01
22086.0  1.499504e-01
22096.0  1.363740e-01
22106.0  1.240291e-01
22116.0  1.114745e-01
22126.0  9.838736e-02
22136.0  8.977800e-02
22146.0  7.943322e-02
22156.0  6.965763e-02
22166.0  6.073445e-02
22176.0  5.220475e-02
22186.0  4.549862e-02
22196.0  3.993541e-02
22206.0  3.500258e-02
22216.0  2.962466e-02
22226.0  2.569517e-02
22236.0  2.205436e-02
22246.0  1.913243e-02
22256.0  1.659451e-02
22266.0  1.426281e-02
22276.0  1.226685e-02
22286.0  1.088717e-02
22296.0  9.417987e-03
22306.0  8.192494e-03
22316.0  7.128157e-03
22326.0  6.188720e-03
22336.0  5.389181e-03
22346.0  4.717881e-03
22356.0  4.139138e-03
22366.0  3.607627e-03
22376.0  3.183833e-03
22386.0  2.786293e-03
22396.0  2.434591e-03
22406.0  2.155169e-03
22416.0  1.853413e-03
22426.0  1.691640e-03
22436.0  1.466790e-03
22446.0  1.315580e-03
22456.0  1.146048e-03
22466.0  1.009906e-03
22476.0  8.987527e-04
22486.0  7.894927e-04
22496.0  7.197683e-04
22506.0  6.290730e-04
22516.0  5.514868e-04
22526.0  4.987074e-04
22536.0  4.427569e-04
22546.0  3.898996e-04
22556.0  3.461429e-04
22566.0  3.133466e-04
22576.0  2.843748e-04
22586.0  2.537901e-04
22596.0  2.277098e-04
22606.0  2.002009e-04
22616.0  1.837492e-04
22626.0  1.625657e-04
22636.0  1.485957e-04
22646.0  1.329629e-04
22656.0  1.244584e-04
22666.0  1.016509e-04
22676.0  9.606243e-05
22686.0  9.157349e-05
22696.0  8.150272e-05
22706.0  7.428931e-05
22716.0  7.161447e-05
22726.0  6.509733e-05
22736.0  5.809458e-05
22746.0  5.351466e-05
22756.0  5.126963e-05
22766.0  4.665085e-05
22776.0  4.413586e-05
22786.0  3.948488e-05
22796.0  3.742764e-05
22806.0  3.684176e-05
22816.0  3.292221e-05
22826.0  3.160024e-05
22836.0  2.859340e-05
22846.0  2.470462e-05
22856.0  2.561741e-05
22866.0  2.289945e-05
22876.0  2.283467e-05
22886.0  2.248468e-05
22896.0  2.048629e-05
22906.0  1.925005e-05
22916.0  1.973658e-05
22926.0  1.897087e-05
22936.0  1.740297e-05
22946.0  1.702291e-05
22956.0  1.562614e-05
22966.0  1.463464e-05
22976.0  1.442697e-05
22986.0  1.357239e-05
22996.0  1.351957e-05
23006.0  1.198512e-05
23016.0  1.200876e-05
23026.0  0.000000e+00
23036.0  0.000000e+00
