# from http://www.stsci.edu/jwst/instruments/nircam/instrumentdesign/filters
# Retrieved Jan 18, 2017, dated Feb 5, 2016 (pre-flight)
# Uses modA or modB  filters+DBS+QE+OTE (nrc_plus_ote)
# Units of transmission are PCE (photon to electron conversion efficiency)
# 
5506.0  9.471223e-11
5516.0  4.892417e-13
5526.0  6.932596e-13
5536.0  7.246177e-13
5546.0  3.051601e-11
5556.0  2.030219e-10
5566.0  7.495037e-11
5576.0  8.812657e-13
5586.0  1.109746e-10
5596.0  1.285633e-12
5606.0  1.470498e-12
5616.0  4.298184e-10
5626.0  1.789165e-12
5636.0  8.940586e-11
5646.0  2.314758e-10
5656.0  3.249758e-11
5666.0  4.558145e-10
5676.0  2.423682e-10
5686.0  2.224509e-12
5696.0  2.264142e-12
5706.0  2.316048e-12
5716.0  6.970315e-11
5726.0  2.451822e-12
5736.0  2.527711e-12
5746.0  3.481364e-12
5756.0  1.692088e-10
5766.0  4.343858e-12
5776.0  1.157978e-11
5786.0  1.356800e-10
5796.0  1.287497e-10
5806.0  4.653546e-12
5816.0  5.064397e-12
5826.0  2.730057e-10
5836.0  7.241164e-11
5846.0  6.362058e-12
5856.0  1.677257e-10
5866.0  7.448701e-12
5876.0  7.879752e-12
5886.0  1.308760e-11
5896.0  2.848742e-10
5906.0  8.700602e-12
5916.0  3.061052e-10
5926.0  1.466232e-10
5936.0  9.240934e-12
5946.0  3.647790e-10
5956.0  9.524622e-12
5966.0  9.645105e-12
5976.0  7.459232e-11
5986.0  9.873142e-12
5996.0  8.663360e-11
6006.0  1.013852e-11
6016.0  1.818348e-11
6026.0  5.460937e-11
6036.0  1.831563e-10
6046.0  1.465962e-10
6056.0  1.117056e-11
6066.0  1.135969e-11
6076.0  1.909203e-10
6086.0  1.173836e-11
6096.0  1.519113e-10
6106.0  9.048366e-11
6116.0  1.390176e-10
6126.0  1.388123e-10
6136.0  3.082954e-10
6146.0  1.266949e-11
6156.0  1.278346e-11
6166.0  4.544148e-10
6176.0  1.317086e-11
6186.0  1.338099e-11
6196.0  1.913084e-10
6206.0  1.372630e-11
6216.0  4.755676e-11
6226.0  6.309475e-10
6236.0  1.418139e-11
6246.0  1.171578e-09
6256.0  1.448509e-11
6266.0  1.463764e-11
6276.0  2.860655e-10
6286.0  4.628525e-10
6296.0  1.507635e-11
6306.0  1.523194e-11
6316.0  1.195184e-09
6326.0  1.606997e-09
6336.0  1.815942e-09
6346.0  7.249345e-10
6356.0  1.589930e-11
6366.0  2.001410e-09
6376.0  6.821500e-11
6386.0  1.094178e-09
6396.0  1.641066e-11
6406.0  1.930389e-09
6416.0  2.084678e-10
6426.0  8.079942e-10
6436.0  6.548712e-11
6446.0  2.016846e-09
6456.0  2.017576e-09
6466.0  9.178025e-10
6476.0  1.052099e-09
6486.0  6.271910e-11
6496.0  1.781031e-09
6506.0  5.366866e-10
6516.0  6.368531e-11
6526.0  8.551504e-10
6536.0  9.437965e-10
6546.0  5.869872e-10
6556.0  3.189276e-09
6566.0  9.255115e-10
6576.0  1.546918e-09
6586.0  2.322069e-09
6596.0  4.670824e-10
6606.0  6.554721e-10
6616.0  1.881832e-11
6626.0  3.710423e-09
6636.0  1.167349e-09
6646.0  1.249238e-09
6656.0  1.514486e-09
6666.0  1.918118e-11
6676.0  3.004241e-09
6686.0  2.821388e-09
6696.0  2.736514e-10
6706.0  7.265099e-11
6716.0  8.295009e-10
6726.0  1.030615e-09
6736.0  7.601277e-10
6746.0  3.086568e-11
6756.0  8.500045e-10
6766.0  3.833773e-09
6776.0  1.594875e-09
6786.0  1.760509e-09
6796.0  2.545485e-09
6806.0  1.092769e-09
6816.0  2.021849e-11
6826.0  3.535489e-09
6836.0  3.953788e-09
6846.0  1.584939e-09
6856.0  1.984955e-09
6866.0  3.850447e-09
6876.0  1.928364e-09
6886.0  2.062654e-11
6896.0  2.542734e-09
6906.0  2.766728e-09
6916.0  8.795213e-10
6926.0  2.922984e-09
6936.0  2.301150e-09
6946.0  1.419099e-09
6956.0  1.537720e-10
6966.0  4.272910e-09
6976.0  1.149674e-09
6986.0  8.988625e-10
6996.0  1.276000e-09
7006.0  1.355953e-09
7016.0  1.525420e-09
7026.0  7.333831e-10
7036.0  8.427171e-11
7046.0  1.739705e-09
7056.0  2.179233e-11
7066.0  8.544521e-10
7076.0  5.892811e-10
7086.0  2.549360e-09
7096.0  1.944453e-09
7106.0  2.439914e-09
7116.0  1.945346e-09
7126.0  1.624150e-09
7136.0  2.498378e-09
7146.0  9.306264e-10
7156.0  2.214575e-09
7166.0  9.686756e-10
7176.0  2.276653e-11
7186.0  9.137572e-10
7196.0  4.156982e-09
7206.0  1.984405e-09
7216.0  6.988353e-10
7226.0  3.613142e-09
7236.0  1.755977e-10
7246.0  1.941923e-10
7256.0  1.827022e-09
7266.0  1.131752e-09
7276.0  4.328640e-10
7286.0  2.374756e-11
7296.0  2.385145e-11
7306.0  2.548098e-09
7316.0  5.893005e-10
7326.0  4.137557e-09
7336.0  6.277688e-09
7346.0  2.972940e-09
7356.0  4.363218e-09
7366.0  3.833465e-09
7376.0  4.282306e-09
7386.0  3.660400e-09
7396.0  6.839672e-09
7406.0  2.794911e-09
7416.0  3.648547e-09
7426.0  1.492601e-09
7436.0  5.006745e-10
7446.0  1.119405e-09
7456.0  2.165500e-09
7466.0  4.430045e-09
7476.0  2.536619e-11
7486.0  2.395346e-09
7496.0  1.808819e-09
7506.0  3.539452e-09
7516.0  9.996132e-11
7526.0  2.828303e-09
7536.0  2.579208e-11
7546.0  7.909561e-09
7556.0  2.234481e-10
7566.0  2.918622e-10
7576.0  2.057369e-09
7586.0  2.172921e-09
7596.0  2.614590e-11
7606.0  6.256226e-09
7616.0  2.624574e-11
7626.0  5.664135e-09
7636.0  2.638150e-11
7646.0  6.893806e-09
7656.0  1.833420e-09
7666.0  4.884181e-09
7676.0  2.659105e-11
7686.0  4.733521e-09
7696.0  1.101792e-09
7706.0  3.545399e-09
7716.0  1.185248e-10
7726.0  4.998499e-09
7736.0  2.193859e-09
7746.0  3.192191e-09
7756.0  1.215923e-08
7766.0  7.919161e-09
7776.0  3.137368e-09
7786.0  3.139393e-10
7796.0  4.502454e-09
7806.0  3.476345e-09
7816.0  4.952053e-09
7826.0  2.316374e-09
7836.0  4.099810e-09
7846.0  1.566494e-09
7856.0  3.517613e-09
7866.0  7.169022e-09
7876.0  3.653077e-09
7886.0  8.267363e-09
7896.0  1.949927e-09
7906.0  1.069023e-09
7916.0  2.714817e-11
7926.0  2.485277e-09
7936.0  1.206549e-08
7946.0  1.771017e-09
7956.0  9.480992e-10
7966.0  8.451546e-09
7976.0  6.996471e-10
7986.0  3.505561e-09
7996.0  2.793999e-11
8006.0  7.731830e-10
8016.0  2.803378e-11
8026.0  2.809800e-11
8036.0  1.489798e-09
8046.0  2.402442e-10
8056.0  1.911643e-08
8066.0  8.916545e-09
8076.0  8.635577e-09
8086.0  2.073094e-08
8096.0  2.499329e-08
8106.0  2.600789e-08
8116.0  5.158712e-09
8126.0  2.853659e-11
8136.0  3.162895e-11
8146.0  4.978783e-09
8156.0  2.862158e-11
8166.0  8.580039e-09
8176.0  9.498766e-09
8186.0  4.537946e-09
8196.0  1.125756e-08
8206.0  1.179814e-08
8216.0  9.102827e-09
8226.0  1.776536e-08
8236.0  4.256332e-10
8246.0  3.003975e-09
8256.0  2.893966e-11
8266.0  1.535735e-09
8276.0  9.952239e-09
8286.0  2.904141e-11
8296.0  2.905632e-11
8306.0  2.894468e-08
8316.0  2.916399e-11
8326.0  1.828952e-08
8336.0  1.099718e-08
8346.0  2.661578e-08
8356.0  2.928626e-11
8366.0  1.761991e-09
8376.0  1.353651e-08
8386.0  1.076910e-08
8396.0  2.940224e-11
8406.0  2.758576e-09
8416.0  2.948839e-11
8426.0  4.096362e-09
8436.0  8.250787e-09
8446.0  2.961981e-11
8456.0  2.970244e-11
8466.0  4.073458e-08
8476.0  1.650747e-08
8486.0  2.139003e-08
8496.0  6.388685e-08
8506.0  1.176360e-08
8516.0  1.817604e-09
8526.0  3.000601e-11
8536.0  3.006697e-11
8546.0  3.010338e-11
8556.0  1.094626e-07
8566.0  1.950960e-08
8576.0  8.611933e-08
8586.0  8.615342e-08
8596.0  3.026293e-11
8606.0  3.029158e-11
8616.0  1.353395e-07
8626.0  1.125741e-07
8636.0  3.311744e-07
8646.0  3.038742e-11
8656.0  5.685075e-08
8666.0  7.218610e-08
8676.0  3.546088e-08
8686.0  2.151420e-07
8696.0  3.613702e-07
8706.0  3.048242e-11
8716.0  1.276077e-07
8726.0  3.692512e-07
8736.0  3.965199e-08
8746.0  3.074325e-11
8756.0  2.559140e-07
8766.0  4.274641e-07
8776.0  3.092855e-11
8786.0  3.097491e-11
8796.0  3.100143e-11
8806.0  1.131103e-06
8816.0  8.134893e-07
8826.0  1.176660e-06
8836.0  3.449535e-06
8846.0  3.114084e-11
8856.0  9.190179e-08
8866.0  7.813207e-07
8876.0  2.150280e-06
8886.0  8.192550e-07
8896.0  8.206023e-07
8906.0  6.123444e-07
8916.0  3.135564e-11
8926.0  6.330643e-07
8936.0  5.722848e-07
8946.0  5.922779e-07
8956.0  1.156397e-06
8966.0  1.964944e-06
8976.0  6.222638e-07
8986.0  1.010128e-06
8996.0  4.278036e-07
9006.0  5.862473e-07
9016.0  2.247052e-06
9026.0  3.154727e-07
9036.0  8.952598e-07
9046.0  5.995206e-07
9056.0  1.095411e-06
9066.0  4.167412e-07
9076.0  1.370188e-06
9086.0  1.658329e-06
9096.0  1.149916e-06
9106.0  5.319329e-07
9116.0  6.953031e-08
9126.0  2.361721e-06
9136.0  1.162852e-06
9146.0  1.452167e-06
9156.0  3.170808e-07
9166.0  6.266188e-07
9176.0  9.409695e-07
9186.0  3.139249e-07
9196.0  8.924437e-07
9206.0  7.354507e-07
9216.0  7.560535e-07
9226.0  3.507910e-07
9236.0  1.111592e-06
9246.0  1.017184e-06
9256.0  2.138502e-07
9266.0  6.120110e-07
9276.0  9.921250e-07
9286.0  4.047128e-07
9296.0  6.484610e-07
9306.0  3.579844e-07
9316.0  6.917407e-07
9326.0  1.648656e-07
9336.0  4.662222e-07
9346.0  2.865923e-07
9356.0  6.834763e-07
9366.0  5.726167e-07
9376.0  4.250286e-07
9386.0  1.115598e-06
9396.0  7.718146e-07
9406.0  4.671374e-07
9416.0  4.312337e-07
9426.0  3.541218e-07
9436.0  9.244788e-07
9446.0  3.288337e-07
9456.0  4.165362e-07
9466.0  1.730698e-07
9476.0  3.598795e-08
9486.0  1.639054e-06
9496.0  1.537316e-07
9506.0  1.125692e-06
9516.0  3.232886e-11
9526.0  4.840961e-07
9536.0  2.871945e-07
9546.0  5.228966e-07
9556.0  6.351144e-07
9566.0  5.303872e-07
9576.0  4.744188e-07
9586.0  1.349652e-07
9596.0  6.718259e-07
9606.0  1.383465e-07
9616.0  2.556026e-07
9626.0  6.209716e-07
9636.0  1.146054e-07
9646.0  1.952192e-07
9656.0  8.077829e-07
9666.0  2.099339e-07
9676.0  5.712632e-07
9686.0  3.865558e-07
9696.0  4.059597e-07
9706.0  8.044710e-08
9716.0  6.572487e-07
9726.0  1.746847e-07
9736.0  4.689951e-07
9746.0  1.224817e-07
9756.0  8.032952e-07
9766.0  2.075986e-07
9776.0  3.730078e-07
9786.0  7.264479e-07
9796.0  2.451267e-07
9806.0  8.733838e-07
9816.0  1.160400e-08
9826.0  4.630070e-07
9836.0  7.060075e-07
9846.0  7.319757e-08
9856.0  2.904907e-07
9866.0  3.360023e-07
9876.0  1.735052e-07
9886.0  5.212923e-07
9896.0  1.186446e-07
9906.0  1.828707e-07
9916.0  4.966448e-08
9926.0  4.174776e-07
9936.0  3.134708e-07
9946.0  4.891567e-07
9956.0  9.771439e-08
9966.0  1.568963e-07
9976.0  4.047656e-07
9986.0  3.884162e-09
9996.0  3.674981e-07
10006.0  5.113503e-07
10016.0  3.310578e-07
10026.0  2.390478e-07
10036.0  1.265664e-07
10046.0  2.947975e-07
10056.0  1.091304e-07
10066.0  2.189132e-07
10076.0  1.642891e-07
10086.0  5.064429e-07
10096.0  5.614682e-08
10106.0  3.449678e-07
10116.0  3.174289e-07
10126.0  2.260900e-07
10136.0  2.245899e-07
10146.0  5.222839e-07
10156.0  4.584977e-07
10166.0  3.480554e-07
10176.0  2.278130e-07
10186.0  1.306719e-07
10196.0  1.746844e-07
10206.0  3.759657e-07
10216.0  3.309004e-07
10226.0  5.016731e-07
10236.0  3.297163e-11
10246.0  1.142517e-07
10256.0  2.264852e-07
10266.0  5.298191e-07
10276.0  9.579128e-08
10286.0  1.559444e-07
10296.0  3.893799e-07
10306.0  4.345500e-07
10316.0  1.335241e-07
10326.0  1.589419e-07
10336.0  3.997159e-07
10346.0  2.122425e-07
10356.0  2.710107e-07
10366.0  2.886513e-07
10376.0  4.074099e-07
10386.0  1.777653e-07
10396.0  2.579006e-07
10406.0  2.350570e-07
10416.0  1.952139e-07
10426.0  2.861880e-07
10436.0  2.179024e-07
10446.0  3.288505e-07
10456.0  3.068862e-07
10466.0  7.974288e-08
10476.0  2.220694e-07
10486.0  1.988979e-07
10496.0  3.351150e-07
10506.0  1.704252e-07
10516.0  2.396373e-07
10526.0  1.442382e-07
10536.0  2.553790e-07
10546.0  2.684030e-07
10556.0  3.011325e-07
10566.0  3.434341e-07
10576.0  3.886976e-07
10586.0  2.630686e-07
10596.0  2.460073e-07
10606.0  1.520756e-07
10616.0  3.057029e-07
10626.0  5.976604e-08
10636.0  2.161565e-07
10646.0  8.857201e-08
10656.0  2.534835e-07
10666.0  1.836087e-07
10676.0  2.735541e-07
10686.0  1.586173e-07
10696.0  1.899996e-07
10706.0  1.609008e-07
10716.0  9.848451e-08
10726.0  2.574664e-07
10736.0  1.879994e-07
10746.0  3.767038e-07
10756.0  2.254872e-07
10766.0  1.005916e-07
10776.0  9.437120e-08
10786.0  1.900373e-07
10796.0  2.004453e-07
10806.0  1.261341e-07
10816.0  1.091553e-07
10826.0  2.474732e-07
10836.0  1.205430e-07
10846.0  4.949643e-08
10856.0  3.967065e-07
10866.0  1.080628e-07
10876.0  1.291472e-07
10886.0  2.930276e-07
10896.0  1.433379e-07
10906.0  1.075751e-07
10916.0  2.268930e-07
10926.0  1.754608e-07
10936.0  1.932946e-07
10946.0  1.790603e-07
10956.0  5.115816e-08
10966.0  9.775002e-08
10976.0  2.301743e-07
10986.0  6.593976e-08
10996.0  2.434099e-07
11006.0  2.082861e-07
11016.0  1.396889e-07
11026.0  2.338514e-07
11036.0  1.613129e-07
11046.0  2.396885e-07
11056.0  1.656578e-07
11066.0  1.213065e-07
11076.0  2.401315e-07
11086.0  1.749277e-07
11096.0  3.478842e-07
11106.0  2.276403e-07
11116.0  1.015631e-07
11126.0  2.158176e-07
11136.0  1.613963e-07
11146.0  8.800749e-08
11156.0  1.293813e-07
11166.0  8.577796e-08
11176.0  1.709106e-07
11186.0  1.312434e-07
11196.0  7.854856e-08
11206.0  2.234989e-07
11216.0  7.222983e-08
11226.0  2.139505e-07
11236.0  1.192451e-07
11246.0  7.313659e-08
11256.0  2.366083e-07
11266.0  1.406128e-07
11276.0  1.664944e-07
11286.0  1.858205e-07
11296.0  1.013246e-07
11306.0  1.480697e-07
11316.0  2.329303e-07
11326.0  1.199346e-07
11336.0  2.572807e-07
11346.0  2.827855e-07
11356.0  5.791707e-08
11366.0  8.827655e-09
11376.0  3.910018e-07
11386.0  2.620361e-08
11396.0  2.443489e-07
11406.0  1.372661e-07
11416.0  1.808340e-07
11426.0  2.882698e-07
11436.0  6.671730e-08
11446.0  1.123982e-08
11456.0  2.360377e-07
11466.0  1.222541e-07
11476.0  1.841031e-07
11486.0  2.345828e-07
11496.0  3.796250e-11
11506.0  1.082437e-07
11516.0  8.065851e-08
11526.0  2.994312e-08
11536.0  6.785605e-08
11546.0  2.989470e-07
11556.0  1.396131e-07
11566.0  1.071159e-07
11576.0  1.585290e-07
11586.0  3.955455e-08
11596.0  1.109264e-07
11606.0  2.567536e-07
11616.0  1.787643e-07
11626.0  9.163794e-08
11636.0  1.797260e-07
11646.0  2.082068e-07
11656.0  1.421730e-07
11666.0  1.776959e-07
11676.0  1.175323e-07
11686.0  8.130732e-08
11696.0  1.143525e-07
11706.0  2.499586e-07
11716.0  4.860712e-08
11726.0  1.161103e-07
11736.0  7.267599e-08
11746.0  2.403439e-07
11756.0  1.938275e-07
11766.0  8.910470e-08
11776.0  2.081561e-07
11786.0  3.066852e-08
11796.0  1.712225e-07
11806.0  1.051183e-07
11816.0  3.173492e-07
11826.0  2.645199e-07
11836.0  2.565545e-07
11846.0  1.318791e-07
11856.0  1.837313e-07
11866.0  1.900272e-07
11876.0  2.477906e-07
11886.0  1.959202e-07
11896.0  4.225240e-08
11906.0  1.267732e-07
11916.0  8.110326e-08
11926.0  2.179054e-07
11936.0  1.691107e-07
11946.0  2.662188e-07
11956.0  3.837303e-11
11966.0  1.243887e-07
11976.0  8.062422e-08
11986.0  2.919342e-07
11996.0  7.705116e-08
12006.0  2.632707e-07
12016.0  2.221110e-07
12026.0  8.782941e-08
12036.0  2.339841e-07
12046.0  2.123655e-07
12056.0  2.249291e-07
12066.0  1.949909e-07
12076.0  7.222629e-08
12086.0  2.732540e-07
12096.0  3.561723e-07
12106.0  1.933448e-07
12116.0  9.144022e-08
12126.0  1.384183e-07
12136.0  3.094732e-07
12146.0  1.643895e-07
12156.0  1.155117e-07
12166.0  2.935111e-07
12176.0  2.499114e-07
12186.0  1.752705e-07
12196.0  2.195731e-07
12206.0  1.567088e-07
12216.0  1.512456e-07
12226.0  4.848026e-08
12236.0  3.937539e-07
12246.0  1.834595e-08
12256.0  2.602120e-07
12266.0  3.587941e-07
12276.0  2.497548e-07
12286.0  7.782238e-08
12296.0  2.736125e-07
12306.0  2.222764e-07
12316.0  1.319134e-07
12326.0  5.221130e-08
12336.0  2.613888e-07
12346.0  1.759521e-07
12356.0  2.242155e-07
12366.0  1.249598e-07
12376.0  2.480684e-07
12386.0  2.931650e-07
12396.0  1.724251e-07
12406.0  3.031866e-07
12416.0  1.268646e-07
12426.0  6.987144e-08
12436.0  1.886476e-07
12446.0  4.281688e-08
12456.0  2.950601e-07
12466.0  1.745164e-07
12476.0  1.227205e-07
12486.0  1.718955e-07
12496.0  3.426376e-07
12506.0  2.710506e-07
12516.0  1.807281e-07
12526.0  2.178960e-07
12536.0  2.830321e-07
12546.0  3.105967e-08
12556.0  1.647683e-07
12566.0  3.358801e-07
12576.0  3.577356e-07
12586.0  2.145161e-07
12596.0  2.999474e-07
12606.0  2.068039e-07
12616.0  3.559977e-07
12626.0  2.486604e-07
12636.0  1.473344e-07
12646.0  2.861360e-07
12656.0  2.579907e-07
12666.0  3.174900e-07
12676.0  3.367096e-07
12686.0  1.915076e-07
12696.0  2.869301e-07
12706.0  8.263113e-08
12716.0  2.583802e-07
12726.0  3.459485e-07
12736.0  1.204465e-07
12746.0  3.301495e-07
12756.0  1.708100e-07
12766.0  3.771152e-07
12776.0  2.545612e-07
12786.0  3.131204e-07
12796.0  2.244795e-07
12806.0  1.127301e-07
12816.0  1.950860e-07
12826.0  1.269038e-07
12836.0  3.278263e-07
12846.0  3.692660e-07
12856.0  1.914856e-07
12866.0  2.053268e-07
12876.0  2.230906e-07
12886.0  3.339156e-07
12896.0  1.008067e-07
12906.0  1.521296e-07
12916.0  2.705178e-07
12926.0  1.365113e-07
12936.0  1.980370e-07
12946.0  4.421175e-07
12956.0  2.432755e-07
12966.0  4.473632e-07
12976.0  1.388459e-07
12986.0  1.551767e-07
12996.0  1.424852e-07
13006.0  5.212932e-08
13016.0  4.555563e-08
13026.0  2.939921e-08
13036.0  3.650337e-07
13046.0  2.067015e-07
13056.0  2.136541e-07
13066.0  2.189152e-07
13076.0  1.964363e-07
13086.0  6.383195e-08
13096.0  2.158440e-07
13106.0  1.784190e-07
13116.0  1.677992e-07
13126.0  3.372522e-07
13136.0  2.222228e-07
13146.0  1.828427e-07
13156.0  5.715009e-08
13166.0  1.392606e-07
13176.0  1.070470e-07
13186.0  1.542844e-07
13196.0  1.124378e-07
13206.0  1.452161e-07
13216.0  1.718098e-07
13226.0  1.297415e-07
13236.0  8.575627e-08
13246.0  2.151922e-07
13256.0  1.289105e-07
13266.0  1.120461e-07
13276.0  2.390248e-07
13286.0  6.689372e-08
13296.0  2.096658e-07
13306.0  3.313071e-07
13316.0  4.452191e-08
13326.0  3.342987e-07
13336.0  7.347011e-08
13346.0  2.667790e-07
13356.0  1.984416e-07
13366.0  2.483798e-07
13376.0  3.168269e-07
13386.0  2.974464e-07
13396.0  1.973742e-07
13406.0  2.145462e-07
13416.0  1.590897e-07
13426.0  2.998413e-07
13436.0  3.355492e-07
13446.0  9.099304e-08
13456.0  2.535251e-07
13466.0  2.217535e-07
13476.0  2.788697e-07
13486.0  2.437639e-07
13496.0  1.686254e-07
13506.0  3.750071e-07
13516.0  2.313785e-07
13526.0  2.432944e-07
13536.0  2.807053e-07
13546.0  3.355840e-07
13556.0  8.226926e-08
13566.0  2.238162e-07
13576.0  6.452290e-08
13586.0  3.389309e-08
13596.0  2.141704e-07
13606.0  3.192341e-07
13616.0  1.538169e-07
13626.0  2.222249e-07
13636.0  1.842482e-07
13646.0  2.589460e-07
13656.0  1.128165e-07
13666.0  3.326500e-07
13676.0  4.532347e-08
13686.0  3.350873e-07
13696.0  7.790094e-08
13706.0  4.558099e-07
13716.0  1.950854e-07
13726.0  2.061147e-07
13736.0  2.815275e-07
13746.0  1.614132e-07
13756.0  2.407144e-07
13766.0  9.508309e-08
13776.0  2.720909e-07
13786.0  2.852357e-07
13796.0  5.179086e-08
13806.0  2.022153e-07
13816.0  1.151511e-07
13826.0  1.949683e-07
13836.0  5.464744e-07
13846.0  2.579092e-07
13856.0  2.756463e-07
13866.0  2.040151e-07
13876.0  2.553612e-07
13886.0  1.031175e-07
13896.0  3.094453e-07
13906.0  2.782146e-07
13916.0  8.232598e-08
13926.0  1.703766e-07
13936.0  7.059922e-08
13946.0  1.862133e-07
13956.0  3.447962e-07
13966.0  1.056161e-07
13976.0  1.873595e-07
13986.0  1.239557e-07
13996.0  3.116606e-07
14006.0  3.117797e-07
14016.0  3.702250e-07
14026.0  2.349974e-07
14036.0  2.320518e-07
14046.0  4.670329e-07
14056.0  1.487191e-07
14066.0  1.585983e-07
14076.0  1.904810e-07
14086.0  1.613313e-07
14096.0  4.154848e-07
14106.0  2.788079e-07
14116.0  2.011957e-07
14126.0  1.030428e-07
14136.0  4.588482e-07
14146.0  1.566427e-07
14156.0  1.136054e-07
14166.0  3.773805e-07
14176.0  8.658922e-08
14186.0  3.696163e-07
14196.0  1.978134e-07
14206.0  2.070408e-07
14216.0  3.658319e-07
14226.0  2.183242e-07
14236.0  3.172298e-07
14246.0  1.036147e-07
14256.0  2.045153e-07
14266.0  3.000748e-07
14276.0  1.146969e-07
14286.0  1.321491e-07
14296.0  2.441934e-07
14306.0  2.294796e-07
14316.0  1.987398e-07
14326.0  5.219633e-08
14336.0  2.385750e-07
14346.0  1.561596e-07
14356.0  2.099173e-07
14366.0  3.348916e-08
14376.0  2.525776e-07
14386.0  2.438701e-07
14396.0  1.560900e-07
14406.0  9.838071e-08
14416.0  1.637283e-07
14426.0  2.248329e-07
14436.0  2.446342e-07
14446.0  1.099001e-07
14456.0  1.929798e-07
14466.0  4.592236e-08
14476.0  4.011516e-07
14486.0  2.034450e-07
14496.0  2.901718e-07
14506.0  3.568901e-07
14516.0  6.865360e-08
14526.0  2.120913e-07
14536.0  3.424953e-07
14546.0  2.969204e-07
14556.0  3.094365e-07
14566.0  3.360449e-07
14576.0  1.744053e-07
14586.0  2.438080e-07
14596.0  2.699446e-07
14606.0  2.316245e-07
14616.0  4.410939e-07
14626.0  3.525341e-07
14636.0  1.930425e-07
14646.0  1.877817e-07
14656.0  2.963925e-07
14666.0  1.933417e-07
14676.0  2.837357e-07
14686.0  2.193618e-07
14696.0  1.801163e-07
14706.0  4.702434e-07
14716.0  3.819457e-07
14726.0  2.707363e-07
14736.0  1.948541e-07
14746.0  4.124695e-07
14756.0  5.376540e-07
14766.0  2.074954e-07
14776.0  2.975896e-07
14786.0  4.827946e-07
14796.0  4.762333e-07
14806.0  1.937582e-07
14816.0  5.287081e-07
14826.0  3.109491e-07
14836.0  3.822353e-07
14846.0  1.410693e-07
14856.0  3.508675e-07
14866.0  2.673368e-07
14876.0  5.240981e-07
14886.0  3.254957e-07
14896.0  1.256017e-07
14906.0  7.163645e-07
14916.0  5.141440e-07
14926.0  3.223432e-07
14936.0  3.413704e-07
14946.0  2.927096e-07
14956.0  4.664855e-07
14966.0  5.493260e-07
14976.0  3.491877e-07
14986.0  3.196227e-07
14996.0  3.125408e-07
15006.0  2.132015e-07
15016.0  6.320811e-07
15026.0  2.336451e-07
15036.0  4.629105e-07
15046.0  6.147529e-07
15056.0  1.581928e-07
15066.0  5.389635e-07
15076.0  4.743878e-07
15086.0  1.529095e-07
15096.0  2.273222e-07
15106.0  3.428052e-07
15116.0  2.670644e-07
15126.0  5.277051e-07
15136.0  1.145060e-07
15146.0  5.396612e-07
15156.0  2.854057e-07
15166.0  4.258283e-07
15176.0  3.923293e-07
15186.0  3.532123e-07
15196.0  3.786709e-07
15206.0  4.409084e-07
15216.0  6.412279e-07
15226.0  3.160931e-07
15236.0  3.464111e-07
15246.0  1.888155e-07
15256.0  4.855922e-07
15266.0  2.585525e-07
15276.0  4.915476e-07
15286.0  4.584443e-07
15296.0  2.648747e-07
15306.0  4.567559e-07
15316.0  4.328286e-07
15326.0  3.842931e-07
15336.0  4.723239e-07
15346.0  3.736724e-07
15356.0  2.752600e-07
15366.0  2.036079e-07
15376.0  2.619725e-07
15386.0  4.841183e-07
15396.0  3.888144e-07
15406.0  2.422465e-07
15416.0  5.685380e-07
15426.0  1.794465e-07
15436.0  2.881328e-07
15446.0  3.441464e-07
15456.0  4.632526e-07
15466.0  2.729949e-07
15476.0  2.461222e-07
15486.0  3.668658e-07
15496.0  3.564519e-07
15506.0  5.413385e-07
15516.0  4.748829e-07
15526.0  1.216523e-07
15536.0  1.555348e-07
15546.0  5.134167e-07
15556.0  4.320450e-07
15566.0  3.831853e-07
15576.0  2.295852e-07
15586.0  3.013179e-07
15596.0  8.182568e-07
15606.0  5.097452e-07
15616.0  2.830261e-07
15626.0  2.489876e-07
15636.0  3.494810e-07
15646.0  8.178723e-07
15656.0  4.464599e-11
15666.0  2.056733e-07
15676.0  3.043699e-07
15686.0  6.320658e-07
15696.0  2.287568e-07
15706.0  3.907025e-07
15716.0  2.470931e-07
15726.0  2.659848e-07
15736.0  2.830763e-07
15746.0  3.054771e-07
15756.0  3.952899e-07
15766.0  3.135719e-08
15776.0  3.689512e-07
15786.0  3.680320e-07
15796.0  3.897825e-07
15806.0  3.305190e-07
15816.0  7.039082e-07
15826.0  1.829775e-07
15836.0  4.589413e-07
15846.0  3.876362e-07
15856.0  4.664911e-07
15866.0  3.157847e-07
15876.0  4.530161e-07
15886.0  2.449714e-07
15896.0  5.341496e-07
15906.0  2.939344e-07
15916.0  2.690267e-07
15926.0  4.225084e-07
15936.0  1.973505e-07
15946.0  2.368212e-07
15956.0  4.019263e-07
15966.0  9.211800e-07
15976.0  2.266091e-07
15986.0  1.176345e-07
15996.0  6.774202e-07
16006.0  4.607780e-07
16016.0  5.694073e-07
16026.0  1.092789e-07
16036.0  2.706092e-07
16046.0  7.165852e-07
16056.0  1.716737e-07
16066.0  3.347399e-07
16076.0  4.258319e-07
16086.0  2.547310e-07
16096.0  4.986776e-07
16106.0  1.307220e-07
16116.0  2.152811e-07
16126.0  4.364019e-07
16136.0  3.658721e-07
16146.0  3.926890e-07
16156.0  3.530226e-07
16166.0  4.149312e-07
16176.0  2.159482e-07
16186.0  6.754653e-07
16196.0  2.273030e-07
16206.0  1.912896e-07
16216.0  4.184532e-07
16226.0  4.616025e-07
16236.0  1.433293e-07
16246.0  3.125852e-07
16256.0  5.539239e-07
16266.0  2.231459e-07
16276.0  4.939507e-07
16286.0  2.904019e-07
16296.0  5.990541e-07
16306.0  7.524021e-08
16316.0  5.443385e-07
16326.0  3.501744e-07
16336.0  4.384004e-07
16346.0  5.662527e-07
16356.0  3.033017e-07
16366.0  2.159759e-07
16376.0  3.356162e-07
16386.0  5.692427e-07
16396.0  4.800830e-07
16406.0  4.529909e-07
16416.0  6.638992e-07
16426.0  8.022305e-07
16436.0  4.223320e-07
16446.0  6.081128e-07
16456.0  6.886165e-08
16466.0  2.614490e-07
16476.0  7.806758e-07
16486.0  5.581734e-07
16496.0  4.413335e-07
16506.0  2.911690e-07
16516.0  7.863536e-07
16526.0  7.147965e-07
16536.0  3.387498e-07
16546.0  4.773059e-07
16556.0  3.539101e-07
16566.0  5.309406e-07
16576.0  4.645362e-07
16586.0  5.014303e-07
16596.0  2.532434e-07
16606.0  7.609714e-07
16616.0  4.785147e-07
16626.0  9.878473e-07
16636.0  9.713003e-08
16646.0  6.033511e-07
16656.0  4.170689e-07
16666.0  1.444188e-07
16676.0  7.999145e-07
16686.0  2.140583e-07
16696.0  5.242037e-07
16706.0  2.452047e-07
16716.0  4.991648e-07
16726.0  4.968736e-07
16736.0  3.688554e-07
16746.0  6.114697e-07
16756.0  3.032420e-07
16766.0  5.201392e-07
16776.0  3.291579e-07
16786.0  7.251000e-07
16796.0  5.207939e-07
16806.0  3.740740e-07
16816.0  7.323270e-07
16826.0  3.555519e-07
16836.0  8.201654e-08
16846.0  1.223662e-06
16856.0  5.307573e-08
16866.0  5.881624e-07
16876.0  6.596652e-07
16886.0  3.630855e-07
16896.0  5.369315e-07
16906.0  5.010072e-07
16916.0  1.690267e-07
16926.0  4.923825e-07
16936.0  4.369167e-07
16946.0  2.838091e-07
16956.0  9.154027e-08
16966.0  1.116468e-06
16976.0  5.164539e-07
16986.0  4.414811e-07
16996.0  5.561326e-07
17006.0  4.963532e-07
17016.0  5.927822e-07
17026.0  5.313357e-07
17036.0  5.445072e-07
17046.0  5.415499e-07
17056.0  3.791973e-07
17066.0  7.096239e-07
17076.0  4.247834e-07
17086.0  8.272228e-07
17096.0  5.010906e-07
17106.0  3.677701e-07
17116.0  1.805247e-07
17126.0  9.667045e-07
17136.0  4.087356e-07
17146.0  6.967268e-07
17156.0  5.199176e-07
17166.0  7.225638e-07
17176.0  5.688209e-07
17186.0  6.284617e-07
17196.0  5.705267e-07
17206.0  1.160346e-06
17216.0  3.176894e-07
17226.0  5.760765e-07
17236.0  2.897274e-07
17246.0  4.462794e-07
17256.0  9.263314e-07
17266.0  2.005249e-07
17276.0  6.009979e-07
17286.0  5.482183e-07
17296.0  4.726281e-07
17306.0  8.566259e-07
17316.0  6.660967e-07
17326.0  3.582005e-07
17336.0  7.594402e-07
17346.0  4.425923e-07
17356.0  7.088498e-07
17366.0  1.823761e-07
17376.0  1.081357e-06
17386.0  4.149989e-07
17396.0  5.272675e-07
17406.0  4.073513e-07
17416.0  4.051056e-07
17426.0  8.858674e-07
17436.0  8.997271e-07
17446.0  9.390466e-07
17456.0  1.206434e-06
17466.0  1.016900e-06
17476.0  1.507977e-07
17486.0  1.075785e-06
17496.0  1.468641e-07
17506.0  9.582846e-07
17516.0  6.299500e-07
17526.0  8.484989e-07
17536.0  6.394239e-07
17546.0  9.702107e-07
17556.0  4.694072e-07
17566.0  1.168330e-06
17576.0  7.868038e-07
17586.0  9.420777e-07
17596.0  3.114035e-07
17606.0  8.575211e-07
17616.0  1.061291e-06
17626.0  4.699803e-11
17636.0  9.121273e-07
17646.0  8.644461e-07
17656.0  1.242710e-06
17666.0  8.300362e-07
17676.0  6.136633e-07
17686.0  6.164030e-07
17696.0  9.617269e-07
17706.0  9.045322e-07
17716.0  5.291405e-07
17726.0  7.398637e-07
17736.0  4.548844e-07
17746.0  1.189218e-06
17756.0  1.080186e-06
17766.0  6.348029e-07
17776.0  2.030131e-07
17786.0  1.282353e-06
17796.0  1.043978e-06
17806.0  8.977115e-07
17816.0  6.962144e-07
17826.0  3.216795e-09
17836.0  9.640741e-07
17846.0  1.039254e-06
17856.0  4.149741e-07
17866.0  5.591555e-07
17876.0  6.486369e-07
17886.0  7.606554e-07
17896.0  9.598122e-07
17906.0  9.933831e-07
17916.0  1.639351e-07
17926.0  1.561717e-06
17936.0  5.359251e-07
17946.0  1.497721e-06
17956.0  1.622946e-06
17966.0  1.874480e-07
17976.0  5.356018e-07
17986.0  4.288730e-07
17996.0  5.174162e-07
18006.0  3.411096e-07
18016.0  1.157651e-06
18026.0  4.313818e-07
18036.0  1.727671e-07
18046.0  8.151031e-07
18056.0  1.456427e-06
18066.0  8.945091e-07
18076.0  1.199235e-06
18086.0  7.671866e-07
18096.0  6.813462e-07
18106.0  9.418311e-07
18116.0  4.969670e-07
18126.0  7.557228e-07
18136.0  8.227575e-07
18146.0  7.513299e-07
18156.0  1.828282e-06
18166.0  1.185173e-06
18176.0  4.781032e-07
18186.0  8.176082e-07
18196.0  6.586849e-07
18206.0  1.708936e-06
18216.0  1.300420e-06
18226.0  8.969955e-07
18236.0  1.639457e-06
18246.0  5.880393e-07
18256.0  6.043916e-07
18266.0  1.324593e-06
18276.0  6.241521e-07
18286.0  2.942305e-07
18296.0  1.212398e-06
18306.0  9.457850e-07
18316.0  1.158225e-06
18326.0  1.004415e-06
18336.0  5.921914e-07
18346.0  1.793063e-06
18356.0  3.065843e-07
18366.0  1.077085e-06
18376.0  1.286111e-06
18386.0  1.635416e-06
18396.0  1.096676e-06
18406.0  2.478226e-06
18416.0  1.095959e-06
18426.0  6.605964e-07
18436.0  2.535070e-07
18446.0  9.499145e-07
18456.0  1.552193e-06
18466.0  4.593799e-07
18476.0  1.561736e-06
18486.0  2.051591e-06
18496.0  9.151641e-07
18506.0  5.713133e-07
18516.0  1.055069e-06
18526.0  7.143437e-07
18536.0  1.546362e-06
18546.0  2.223712e-06
18556.0  6.482622e-07
18566.0  6.474850e-07
18576.0  8.323684e-07
18586.0  1.282034e-06
18596.0  2.130392e-06
18606.0  1.971342e-06
18616.0  4.027425e-07
18626.0  8.478968e-07
18636.0  1.044410e-06
18646.0  2.136609e-06
18656.0  1.611906e-06
18666.0  8.833222e-07
18676.0  1.196364e-06
18686.0  2.549828e-06
18696.0  2.303655e-06
18706.0  1.946922e-06
18716.0  3.982630e-07
18726.0  1.713338e-06
18736.0  1.450048e-06
18746.0  1.686783e-06
18756.0  2.909681e-06
18766.0  1.093177e-06
18776.0  2.060631e-06
18786.0  1.024943e-06
18796.0  1.885456e-06
18806.0  2.828153e-06
18816.0  2.363665e-06
18826.0  2.337216e-06
18836.0  2.249628e-06
18846.0  1.984737e-06
18856.0  1.802963e-06
18866.0  2.419714e-06
18876.0  2.442359e-06
18886.0  2.405616e-06
18896.0  2.147771e-06
18906.0  3.526380e-06
18916.0  3.285769e-06
18926.0  3.492625e-06
18936.0  4.939899e-06
18946.0  3.349687e-06
18956.0  4.164153e-06
18966.0  3.519634e-06
18976.0  5.217744e-06
18986.0  4.394565e-06
18996.0  5.086647e-06
19006.0  5.878799e-06
19016.0  5.748746e-06
19026.0  6.450356e-06
19036.0  6.661150e-06
19046.0  7.793157e-06
19056.0  8.332616e-06
19066.0  8.520023e-06
19076.0  8.933407e-06
19086.0  1.077134e-05
19096.0  1.003729e-05
19106.0  1.198316e-05
19116.0  1.300266e-05
19126.0  1.364768e-05
19136.0  1.642756e-05
19146.0  1.713668e-05
19156.0  1.930298e-05
19166.0  1.919561e-05
19176.0  2.136834e-05
19186.0  2.413456e-05
19196.0  2.698921e-05
19206.0  3.007563e-05
19216.0  3.206932e-05
19226.0  3.716843e-05
19236.0  4.086346e-05
19246.0  4.420820e-05
19256.0  5.139096e-05
19266.0  5.679824e-05
19276.0  6.290921e-05
19286.0  6.863888e-05
19296.0  8.017251e-05
19306.0  8.614556e-05
19316.0  9.781665e-05
19326.0  1.114782e-04
19336.0  1.221184e-04
19346.0  1.390841e-04
19356.0  1.539024e-04
19366.0  1.773278e-04
19376.0  1.997987e-04
19386.0  2.229141e-04
19396.0  2.485611e-04
19406.0  2.797267e-04
19416.0  3.258253e-04
19426.0  3.547258e-04
19436.0  4.094923e-04
19446.0  4.585243e-04
19456.0  5.266074e-04
19466.0  5.942726e-04
19476.0  6.614828e-04
19486.0  7.704266e-04
19496.0  8.354800e-04
19506.0  9.780259e-04
19516.0  1.090962e-03
19526.0  1.269141e-03
19536.0  1.403615e-03
19546.0  1.621986e-03
19556.0  1.915355e-03
19566.0  2.120776e-03
19576.0  2.395361e-03
19586.0  2.805967e-03
19596.0  3.181325e-03
19606.0  3.692181e-03
19616.0  4.195075e-03
19626.0  4.854105e-03
19636.0  5.662610e-03
19646.0  6.574355e-03
19656.0  7.652355e-03
19666.0  8.795134e-03
19676.0  1.023466e-02
19686.0  1.189374e-02
19696.0  1.385592e-02
19706.0  1.657432e-02
19716.0  1.881943e-02
19726.0  2.182015e-02
19736.0  2.491450e-02
19746.0  2.900087e-02
19756.0  3.196121e-02
19766.0  3.648734e-02
19776.0  4.150325e-02
19786.0  4.411229e-02
19796.0  5.093186e-02
19806.0  5.623979e-02
19816.0  6.332765e-02
19826.0  7.023725e-02
19836.0  7.846716e-02
19846.0  9.031445e-02
19856.0  9.963960e-02
19866.0  1.129730e-01
19876.0  1.280674e-01
19886.0  1.471913e-01
19896.0  1.671718e-01
19906.0  1.824158e-01
19916.0  2.058793e-01
19926.0  2.310551e-01
19936.0  2.560623e-01
19946.0  2.841338e-01
19956.0  3.077339e-01
19966.0  3.335764e-01
19976.0  3.516837e-01
19986.0  3.745168e-01
19996.0  3.948687e-01
20006.0  4.188025e-01
20016.0  4.243425e-01
20026.0  4.423137e-01
20036.0  4.452054e-01
20046.0  4.571078e-01
20056.0  4.575924e-01
20066.0  4.677653e-01
20076.0  4.741116e-01
20086.0  4.740742e-01
20096.0  4.722539e-01
20106.0  4.714305e-01
20116.0  4.784412e-01
20126.0  4.752266e-01
20136.0  4.714068e-01
20146.0  4.788495e-01
20156.0  4.770003e-01
20166.0  4.771952e-01
20176.0  4.740370e-01
20186.0  4.761814e-01
20196.0  4.800454e-01
20206.0  4.729642e-01
20216.0  4.770822e-01
20226.0  4.683012e-01
20236.0  4.793991e-01
20246.0  4.701591e-01
20256.0  4.796142e-01
20266.0  4.742907e-01
20276.0  4.749765e-01
20286.0  4.724794e-01
20296.0  4.728563e-01
20306.0  4.794614e-01
20316.0  4.752458e-01
20326.0  4.774472e-01
20336.0  4.792399e-01
20346.0  4.721155e-01
20356.0  4.700577e-01
20366.0  4.802146e-01
20376.0  4.746471e-01
20386.0  4.765623e-01
20396.0  4.735365e-01
20406.0  4.708584e-01
20416.0  4.829544e-01
20426.0  4.737487e-01
20436.0  4.741411e-01
20446.0  4.709942e-01
20456.0  4.725694e-01
20466.0  4.742770e-01
20476.0  4.723186e-01
20486.0  4.739402e-01
20496.0  4.659867e-01
20506.0  4.781122e-01
20516.0  4.706876e-01
20526.0  4.699759e-01
20536.0  4.750997e-01
20546.0  4.692761e-01
20556.0  4.622267e-01
20566.0  4.768097e-01
20576.0  4.679791e-01
20586.0  4.729020e-01
20596.0  4.697364e-01
20606.0  4.741889e-01
20616.0  4.679585e-01
20626.0  4.782122e-01
20636.0  4.728831e-01
20646.0  4.732575e-01
20656.0  4.694238e-01
20666.0  4.763894e-01
20676.0  4.744270e-01
20686.0  4.751607e-01
20696.0  4.693863e-01
20706.0  4.819738e-01
20716.0  4.829001e-01
20726.0  4.762632e-01
20736.0  4.850906e-01
20746.0  4.776218e-01
20756.0  4.749994e-01
20766.0  4.754537e-01
20776.0  4.782596e-01
20786.0  4.778417e-01
20796.0  4.784499e-01
20806.0  4.770267e-01
20816.0  4.835752e-01
20826.0  4.631730e-01
20836.0  4.903798e-01
20846.0  4.780729e-01
20856.0  4.798516e-01
20866.0  4.790154e-01
20876.0  4.792052e-01
20886.0  4.832101e-01
20896.0  4.767065e-01
20906.0  4.753094e-01
20916.0  4.677263e-01
20926.0  4.707100e-01
20936.0  4.855416e-01
20946.0  4.820311e-01
20956.0  4.707564e-01
20966.0  4.821178e-01
20976.0  4.731291e-01
20986.0  4.688208e-01
20996.0  4.868132e-01
21006.0  4.624730e-01
21016.0  4.715028e-01
21026.0  4.613515e-01
21036.0  4.713403e-01
21046.0  4.594454e-01
21056.0  4.762465e-01
21066.0  4.690789e-01
21076.0  4.586808e-01
21086.0  4.581012e-01
21096.0  4.648247e-01
21106.0  4.626640e-01
21116.0  4.615279e-01
21126.0  4.525956e-01
21136.0  4.762383e-01
21146.0  4.584568e-01
21156.0  4.604817e-01
21166.0  4.541941e-01
21176.0  4.746778e-01
21186.0  4.606929e-01
21196.0  4.649645e-01
21206.0  4.594025e-01
21216.0  4.563019e-01
21226.0  4.643494e-01
21236.0  4.639246e-01
21246.0  4.632280e-01
21256.0  4.656546e-01
21266.0  4.667981e-01
21276.0  4.643592e-01
21286.0  4.711794e-01
21296.0  4.710275e-01
21306.0  4.769829e-01
21316.0  4.623626e-01
21326.0  4.674612e-01
21336.0  4.679953e-01
21346.0  4.687124e-01
21356.0  4.743903e-01
21366.0  4.682243e-01
21376.0  4.679970e-01
21386.0  4.708293e-01
21396.0  4.796588e-01
21406.0  4.691749e-01
21416.0  4.669960e-01
21426.0  4.752354e-01
21436.0  4.732933e-01
21446.0  4.683901e-01
21456.0  4.710514e-01
21466.0  4.744895e-01
21476.0  4.721114e-01
21486.0  4.679416e-01
21496.0  4.729284e-01
21506.0  4.710494e-01
21516.0  4.686176e-01
21526.0  4.651874e-01
21536.0  4.675020e-01
21546.0  4.710849e-01
21556.0  4.704821e-01
21566.0  4.719040e-01
21576.0  4.694554e-01
21586.0  4.714418e-01
21596.0  4.657331e-01
21606.0  4.638460e-01
21616.0  4.619716e-01
21626.0  4.669125e-01
21636.0  4.647268e-01
21646.0  4.638774e-01
21656.0  4.685404e-01
21666.0  4.659654e-01
21676.0  4.587801e-01
21686.0  4.626228e-01
21696.0  4.686739e-01
21706.0  4.628956e-01
21716.0  4.630465e-01
21726.0  4.673011e-01
21736.0  4.613506e-01
21746.0  4.671321e-01
21756.0  4.678710e-01
21766.0  4.648846e-01
21776.0  4.626479e-01
21786.0  4.642165e-01
21796.0  4.519452e-01
21806.0  4.758110e-01
21816.0  4.664873e-01
21826.0  4.615518e-01
21836.0  4.598693e-01
21846.0  4.579715e-01
21856.0  4.556611e-01
21866.0  4.513362e-01
21876.0  4.477134e-01
21886.0  4.359861e-01
21896.0  4.328615e-01
21906.0  4.208914e-01
21916.0  4.085170e-01
21926.0  3.937156e-01
21936.0  3.725280e-01
21946.0  3.620331e-01
21956.0  3.395549e-01
21966.0  3.174808e-01
21976.0  2.982023e-01
21986.0  2.737357e-01
21996.0  2.526586e-01
22006.0  2.344582e-01
22016.0  2.210723e-01
22026.0  1.998251e-01
22036.0  1.824457e-01
22046.0  1.709788e-01
22056.0  1.554318e-01
22066.0  1.437938e-01
22076.0  1.295886e-01
22086.0  1.193010e-01
22096.0  1.087477e-01
22106.0  9.795749e-02
22116.0  8.833151e-02
22126.0  7.719054e-02
22136.0  7.010312e-02
22146.0  6.093910e-02
22156.0  5.259163e-02
22166.0  4.560125e-02
22176.0  3.910227e-02
22186.0  3.278389e-02
22196.0  2.970455e-02
22206.0  2.534187e-02
22216.0  2.109378e-02
22226.0  1.861542e-02
22236.0  1.572682e-02
22246.0  1.347261e-02
22256.0  1.182229e-02
22266.0  9.995908e-03
22276.0  8.698709e-03
22286.0  7.591111e-03
22296.0  6.702936e-03
22306.0  5.818456e-03
22316.0  5.071739e-03
22326.0  4.432691e-03
22336.0  3.841400e-03
22346.0  3.370487e-03
22356.0  3.025393e-03
22366.0  2.628481e-03
22376.0  2.320984e-03
22386.0  2.035964e-03
22396.0  1.783403e-03
22406.0  1.572582e-03
22416.0  1.369010e-03
22426.0  1.251394e-03
22436.0  1.081154e-03
22446.0  9.739655e-04
22456.0  8.494699e-04
22466.0  7.454654e-04
22476.0  6.693384e-04
22486.0  5.844820e-04
22496.0  5.461560e-04
22506.0  4.713522e-04
22516.0  4.113865e-04
22526.0  3.712124e-04
22536.0  3.336022e-04
22546.0  2.865811e-04
22556.0  2.627742e-04
22566.0  2.394742e-04
22576.0  2.133963e-04
22586.0  1.886714e-04
22596.0  1.750342e-04
22606.0  1.541008e-04
22616.0  1.437990e-04
22626.0  1.268164e-04
22636.0  1.159468e-04
22646.0  1.018184e-04
22656.0  9.234469e-05
22666.0  8.403821e-05
22676.0  7.902860e-05
22686.0  7.092148e-05
22696.0  6.414940e-05
22706.0  5.786162e-05
22716.0  5.357913e-05
22726.0  5.302344e-05
22736.0  4.906587e-05
22746.0  4.247337e-05
22756.0  4.114032e-05
22766.0  3.561456e-05
22776.0  3.470051e-05
22786.0  2.882960e-05
22796.0  2.931616e-05
22806.0  2.736019e-05
22816.0  2.631917e-05
22826.0  2.467021e-05
22836.0  2.233760e-05
22846.0  1.856977e-05
22856.0  2.138138e-05
22866.0  1.619645e-05
22876.0  1.773067e-05
22886.0  1.701781e-05
22896.0  1.685536e-05
22906.0  1.518154e-05
22916.0  1.568881e-05
22926.0  1.391452e-05
22936.0  1.336248e-05
22946.0  1.344346e-05
22956.0  1.311065e-05
22966.0  1.043924e-05
22976.0  1.154626e-05
22986.0  1.017865e-05
22996.0  9.282828e-06
23006.0  1.004770e-05
23016.0  1.053470e-05
23026.0  1.046889e-05
23036.0  7.286257e-06
23046.0  8.596919e-06
23056.0  8.141773e-06
23066.0  7.931336e-06
23076.0  6.862135e-06
23086.0  6.689027e-06
23096.0  5.665196e-06
23106.0  6.615901e-06
23116.0  6.696348e-06
23126.0  5.909011e-06
23136.0  5.675075e-06
23146.0  5.460637e-06
23156.0  4.252092e-06
23166.0  5.451594e-06
23176.0  4.125725e-06
23186.0  4.636859e-06
23196.0  4.511353e-06
23206.0  2.981614e-06
23216.0  3.684996e-06
23226.0  3.399788e-06
23236.0  2.990084e-06
23246.0  2.819099e-06
23256.0  2.810421e-06
23266.0  2.664982e-06
23276.0  2.031783e-06
23286.0  1.795649e-06
23296.0  2.394895e-06
23306.0  3.119517e-06
23316.0  8.117840e-07
23326.0  1.931023e-06
23336.0  1.590435e-06
23346.0  1.120376e-06
23356.0  1.544933e-06
23366.0  1.186991e-06
23376.0  1.167404e-06
23386.0  1.330633e-06
23396.0  1.191146e-06
23406.0  1.089878e-06
23416.0  6.548726e-07
23426.0  8.593385e-07
23436.0  1.065721e-06
23446.0  1.086804e-06
23456.0  8.729378e-07
23466.0  7.961961e-07
23476.0  7.791685e-07
23486.0  8.233420e-07
23496.0  6.120017e-07
23506.0  6.020660e-07
23516.0  7.133807e-07
23526.0  9.387569e-07
23536.0  4.793578e-07
23546.0  9.683380e-07
23556.0  8.514668e-07
23566.0  3.542931e-07
23576.0  7.662635e-07
23586.0  4.849331e-07
23596.0  4.566252e-07
23606.0  4.816537e-07
23616.0  5.935252e-07
23626.0  4.725956e-07
23636.0  2.200864e-07
23646.0  4.823075e-07
23656.0  3.570786e-07
23666.0  3.492119e-07
23676.0  3.157923e-07
23686.0  2.365060e-07
23696.0  2.388189e-07
23706.0  1.984270e-07
23716.0  1.933116e-07
23726.0  1.361547e-07
23736.0  1.664523e-07
23746.0  7.872828e-08
23756.0  7.985516e-08
23766.0  4.602259e-08
23776.0  9.828365e-08
23786.0  7.671401e-08
23796.0  5.357250e-08
23806.0  8.155846e-08
23816.0  4.834595e-08
23826.0  4.363348e-08
23836.0  4.100335e-08
23846.0  5.147988e-08
23856.0  5.889174e-08
23866.0  3.695009e-08
23876.0  5.654507e-08
23886.0  3.373683e-08
23896.0  4.406537e-08
23906.0  1.948662e-08
23916.0  2.733907e-08
23926.0  3.720596e-08
23936.0  3.176389e-08
23946.0  3.011667e-08
23956.0  1.691954e-08
23966.0  3.514605e-08
23976.0  2.971946e-08
23986.0  1.965733e-08
23996.0  1.544356e-08
24006.0  1.309774e-08
24016.0  1.004589e-08
24026.0  1.603872e-08
24036.0  6.418550e-09
24046.0  1.081935e-08
24056.0  1.033014e-08
24066.0  7.241815e-09
24076.0  7.499886e-09
24086.0  4.495267e-09
24096.0  1.847368e-09
24106.0  3.452683e-09
24116.0  3.874058e-09
24126.0  4.100679e-09
24136.0  2.808455e-09
24146.0  3.104288e-09
24156.0  2.452270e-09
24166.0  2.735772e-09
24176.0  1.771513e-09
24186.0  8.083100e-10
24196.0  1.655358e-09
24206.0  7.839674e-10
24216.0  5.052987e-10
24226.0  1.265907e-09
24236.0  6.375024e-10
24246.0  1.134608e-09
24256.0  4.968598e-10
24266.0  9.080568e-10
24276.0  1.833206e-10
24286.0  4.087638e-10
24296.0  2.633858e-10
24306.0  5.129369e-10
24316.0  2.120861e-10
24326.0  4.216523e-10
24336.0  2.856233e-10
24346.0  2.085434e-10
24356.0  1.535021e-10
24366.0  3.454437e-10
24376.0  2.268436e-10
24386.0  7.848581e-11
24396.0  1.622194e-10
24406.0  1.210619e-10
24416.0  1.320964e-10
24426.0  1.862446e-10
24436.0  1.791875e-10
24446.0  1.426964e-10
24456.0  1.430535e-11
24466.0  1.374200e-10
24476.0  9.608053e-11
24486.0  9.350786e-11
24496.0  1.619454e-11
24506.0  7.959798e-11
24516.0  3.255904e-11
24526.0  1.044504e-10
24536.0  5.137342e-11
24546.0  5.387007e-11
24556.0  2.180025e-11
24566.0  9.928342e-11
24576.0  5.325932e-13
24586.0  3.362772e-11
24596.0  5.243194e-11
24606.0  2.269532e-11
24616.0  2.065737e-11
24626.0  1.047767e-11
24636.0  2.927553e-12
24646.0  1.170923e-11
24656.0  1.770202e-11
24666.0  5.549619e-12
24676.0  1.657276e-11
24686.0  5.198752e-12
24696.0  1.157505e-11
24706.0  4.340754e-12
24716.0  7.015429e-12
24726.0  4.951137e-12
24736.0  2.892692e-12
24746.0  4.577701e-12
24756.0  5.198962e-12
24766.0  8.317562e-13
24776.0  2.113477e-12
24786.0  7.294943e-13
24796.0  1.270425e-12
24806.0  2.291924e-12
24816.0  1.301460e-12
24826.0  7.304374e-13
24836.0  1.785405e-12
24846.0  3.509418e-13
24856.0  7.647148e-13
24866.0  7.589711e-13
24876.0  3.572910e-13
24886.0  3.231745e-13
24896.0  4.955470e-13
24906.0  8.340172e-13
24916.0  5.856446e-13
24926.0  8.818952e-13
24936.0  5.041721e-14
24946.0  8.157606e-13
24956.0  3.631107e-13
24966.0  1.675168e-13
24976.0  4.116389e-13
24986.0  6.411711e-13
24996.0  2.864532e-13
25006.0  2.635294e-13
25016.0  2.316287e-18
25026.0  4.498555e-13
25036.0  4.038875e-13
25046.0  1.040304e-13
25056.0  4.875654e-14
25066.0  7.280303e-14
25076.0  1.547551e-13
25086.0  1.756684e-13
25096.0  2.131817e-13
25106.0  4.112775e-13
25116.0  1.191926e-13
25126.0  1.208845e-13
25136.0  1.133064e-13
25146.0  1.415676e-13
25156.0  6.248489e-14
25166.0  1.260776e-13
25176.0  8.316426e-14
25186.0  1.064403e-13
25196.0  9.767861e-14
25206.0  1.348748e-13
25216.0  1.179429e-13
25226.0  2.079035e-14
25236.0  7.342457e-14
25246.0  1.040098e-13
25256.0  3.363004e-14
25266.0  1.283935e-13
25276.0  6.928339e-14
25286.0  3.415444e-14
25296.0  3.715718e-14
25306.0  5.480291e-15
25316.0  7.248388e-14
25326.0  8.368001e-14
25336.0  4.690494e-14
25346.0  4.235393e-14
25356.0  5.041539e-14
25366.0  6.153767e-14
25376.0  1.870103e-14
25386.0  3.730744e-14
25396.0  2.521630e-14
25406.0  3.820739e-14
25416.0  2.216618e-14
25426.0  5.005366e-14
25436.0  6.765436e-15
25446.0  3.693056e-14
25456.0  2.432808e-14
25466.0  2.884097e-14
25476.0  1.405201e-14
25486.0  1.163948e-14
25496.0  2.720537e-14
25506.0  1.034112e-14
25516.0  7.474616e-15
25526.0  1.144570e-14
25536.0  1.102912e-14
25546.0  6.289272e-15
25556.0  1.834125e-14
25566.0  1.240815e-14
25576.0  1.091253e-14
25586.0  6.587508e-15
25596.0  1.223973e-14
25606.0  6.967163e-15
25616.0  4.505649e-15
25626.0  8.592887e-15
25636.0  7.922762e-15
25646.0  6.203867e-15
25656.0  2.865609e-15
25666.0  2.874050e-15
25676.0  3.033320e-15
25686.0  3.754411e-15
25696.0  7.670888e-16
25706.0  3.392903e-15
25716.0  2.227879e-15
25726.0  1.868026e-15
25736.0  1.751781e-15
25746.0  2.602503e-15
25756.0  3.375848e-15
25766.0  2.527332e-15
25776.0  1.473058e-15
25786.0  2.099311e-15
25796.0  5.932638e-16
25806.0  1.188421e-15
25816.0  2.188535e-15
25826.0  4.249095e-16
25836.0  8.909457e-16
25846.0  9.446109e-16
25856.0  1.432723e-15
25866.0  8.930386e-16
25876.0  6.839923e-16
25886.0  9.628451e-16
25896.0  8.209674e-16
25906.0  4.307275e-16
25916.0  7.184226e-16
25926.0  6.762043e-16
25936.0  1.148745e-16
25946.0  3.379262e-16
25956.0  9.792727e-17
25966.0  2.441706e-16
25976.0  3.475346e-16
25986.0  1.966275e-16
25996.0  1.840798e-16
26006.0  1.860346e-16
