# from http://www.stsci.edu/jwst/instruments/nircam/instrumentdesign/filters
# Retrieved Jan 18, 2017, dated Feb 5, 2016 (pre-flight)
# Uses modA or modB  filters+DBS+QE+OTE (nrc_plus_ote)
# Units of transmission are PCE (photon to electron conversion efficiency)
# 
5503.5  1.299319e-09
5513.5  2.287657e-09
5523.5  2.601500e-09
5533.5  2.304095e-09
5543.5  2.370885e-09
5553.5  3.677684e-09
5563.5  5.095117e-09
5573.5  2.766544e-09
5583.5  2.121868e-09
5593.5  2.229556e-09
5603.5  1.547168e-09
5613.5  1.709892e-09
5623.5  3.151352e-09
5633.5  4.546614e-09
5643.5  5.696420e-09
5653.5  7.884569e-09
5663.5  9.187535e-09
5673.5  1.264894e-08
5683.5  1.870177e-08
5693.5  4.032279e-09
5703.5  9.000786e-10
5713.5  7.314578e-09
5723.5  2.061213e-09
5733.5  4.882836e-10
5743.5  2.967334e-12
5753.5  1.222004e-09
5763.5  2.741987e-12
5773.5  7.204018e-10
5783.5  2.423882e-12
5793.5  2.397448e-10
5803.5  1.836358e-09
5813.5  3.902625e-09
5823.5  7.564688e-09
5833.5  6.387453e-09
5843.5  3.202812e-09
5853.5  7.682665e-09
5863.5  2.366775e-09
5873.5  6.226569e-12
5883.5  6.731948e-12
5893.5  7.164546e-12
5903.5  2.556491e-09
5913.5  1.013477e-08
5923.5  1.668112e-08
5933.5  2.153970e-08
5943.5  5.294380e-09
5953.5  1.156711e-08
5963.5  5.066786e-09
5973.5  7.064852e-09
5983.5  2.370433e-08
5993.5  2.333044e-08
6003.5  7.188904e-09
6013.5  1.310576e-08
6023.5  1.587414e-08
6033.5  1.072366e-11
6043.5  1.448948e-08
6053.5  1.427934e-08
6063.5  8.774398e-09
6073.5  2.439199e-08
6083.5  1.014001e-08
6093.5  1.013934e-08
6103.5  1.387920e-08
6113.5  4.013859e-09
6123.5  1.806923e-08
6133.5  2.230268e-08
6143.5  7.233459e-11
6153.5  3.168422e-08
6163.5  9.765274e-09
6173.5  1.545933e-08
6183.5  5.875260e-09
6193.5  5.422215e-09
6203.5  8.942583e-09
6213.5  1.425039e-08
6223.5  1.389035e-11
6233.5  5.673969e-09
6243.5  1.626801e-09
6253.5  6.879862e-09
6263.5  3.970255e-09
6273.5  1.149400e-08
6283.5  4.064012e-09
6293.5  5.737150e-09
6303.5  9.674985e-09
6313.5  7.941514e-09
6323.5  1.385991e-08
6333.5  3.286446e-08
6343.5  6.054007e-09
6353.5  4.239733e-09
6363.5  1.728541e-08
6373.5  1.642337e-08
6383.5  2.386109e-08
6393.5  1.058181e-08
6403.5  3.553283e-08
6413.5  8.358319e-09
6423.5  1.894055e-08
6433.5  2.894419e-08
6443.5  1.744437e-08
6453.5  1.567795e-08
6463.5  7.987345e-09
6473.5  1.658637e-08
6483.5  1.924488e-09
6493.5  2.135895e-08
6503.5  9.561754e-09
6513.5  1.486139e-08
6523.5  1.076356e-08
6533.5  1.699416e-08
6543.5  6.763024e-08
6553.5  3.918842e-08
6563.5  2.781980e-08
6573.5  2.567320e-08
6583.5  4.281626e-08
6593.5  1.442682e-08
6603.5  2.057502e-08
6613.5  6.013257e-08
6623.5  3.692393e-08
6633.5  4.757858e-08
6643.5  5.565849e-08
6653.5  8.234165e-08
6663.5  1.093760e-07
6673.5  4.887176e-08
6683.5  5.888788e-08
6693.5  4.958313e-08
6703.5  7.856944e-08
6713.5  5.630982e-08
6723.5  1.871815e-08
6733.5  3.255912e-08
6743.5  5.136028e-08
6753.5  5.229674e-08
6763.5  2.530670e-08
6773.5  6.921791e-08
6783.5  5.106158e-08
6793.5  2.268966e-08
6803.5  2.015404e-11
6813.5  1.520763e-08
6823.5  3.937336e-09
6833.5  3.376969e-08
6843.5  2.141319e-08
6853.5  4.210450e-08
6863.5  3.608303e-08
6873.5  1.551440e-08
6883.5  6.032281e-08
6893.5  4.897097e-08
6903.5  6.913887e-08
6913.5  5.364999e-08
6923.5  3.346060e-08
6933.5  2.252517e-08
6943.5  8.285078e-08
6953.5  3.236249e-08
6963.5  5.422374e-09
6973.5  8.010363e-08
6983.5  7.427359e-09
6993.5  2.961629e-08
7003.5  1.419177e-08
7013.5  4.507257e-08
7023.5  7.570888e-09
7033.5  1.314182e-08
7043.5  3.903588e-08
7053.5  5.603551e-08
7063.5  7.412260e-08
7073.5  2.190090e-11
7083.5  2.590444e-09
7093.5  2.279691e-08
7103.5  1.309813e-08
7113.5  5.660660e-08
7123.5  5.486931e-08
7133.5  6.196897e-08
7143.5  7.877787e-08
7153.5  4.443034e-08
7163.5  8.050665e-08
7173.5  7.591089e-08
7183.5  2.332879e-08
7193.5  5.553818e-08
7203.5  7.002252e-08
7213.5  4.297885e-08
7223.5  9.407251e-08
7233.5  5.763518e-08
7243.5  8.325902e-08
7253.5  5.132524e-08
7263.5  8.667281e-08
7273.5  9.185789e-08
7283.5  9.095576e-08
7293.5  4.386953e-08
7303.5  9.453333e-08
7313.5  4.191504e-08
7323.5  5.525266e-08
7333.5  8.370509e-08
7343.5  7.848153e-08
7353.5  1.268402e-07
7363.5  4.096761e-08
7373.5  1.010808e-07
7383.5  9.378369e-08
7393.5  9.503179e-08
7403.5  6.241650e-08
7413.5  6.969653e-08
7423.5  1.274746e-07
7433.5  1.006589e-07
7443.5  4.403027e-08
7453.5  1.581762e-07
7463.5  1.020252e-07
7473.5  1.017388e-07
7483.5  1.557814e-07
7493.5  9.041497e-08
7503.5  1.447722e-07
7513.5  4.138058e-08
7523.5  6.741598e-08
7533.5  1.190476e-07
7543.5  9.470136e-08
7553.5  1.167919e-07
7563.5  1.136431e-07
7573.5  3.862484e-08
7583.5  2.533016e-07
7593.5  5.529899e-08
7603.5  9.592283e-08
7613.5  1.078789e-07
7623.5  1.431018e-07
7633.5  1.002928e-07
7643.5  2.093350e-07
7653.5  1.235153e-07
7663.5  1.419066e-07
7673.5  8.339200e-08
7683.5  1.704915e-07
7693.5  1.373346e-07
7703.5  1.253726e-07
7713.5  1.505968e-07
7723.5  2.451297e-07
7733.5  8.947298e-08
7743.5  2.259468e-07
7753.5  1.440869e-07
7763.5  1.789484e-07
7773.5  8.213603e-08
7783.5  7.033351e-08
7793.5  8.136990e-08
7803.5  7.509417e-08
7813.5  6.000216e-08
7823.5  1.755886e-07
7833.5  1.299610e-07
7843.5  1.504975e-07
7853.5  2.028972e-08
7863.5  2.331859e-07
7873.5  1.237387e-07
7883.5  1.151365e-07
7893.5  1.434707e-07
7903.5  9.311973e-08
7913.5  1.234258e-07
7923.5  5.223917e-08
7933.5  3.789924e-08
7943.5  1.238640e-07
7953.5  9.314233e-08
7963.5  6.123891e-08
7973.5  3.680147e-08
7983.5  2.624479e-08
7993.5  1.047909e-07
8003.5  4.077612e-07
8013.5  4.189221e-07
8023.5  4.439228e-07
8033.5  3.483800e-07
8043.5  3.644858e-07
8053.5  3.051125e-07
8063.5  3.622953e-07
8073.5  4.988748e-07
8083.5  2.102985e-07
8093.5  2.300008e-07
8103.5  3.555001e-07
8113.5  2.830681e-07
8123.5  1.958786e-07
8133.5  1.605859e-07
8143.5  2.576122e-07
8153.5  1.456048e-07
8163.5  2.215909e-07
8173.5  2.460846e-07
8183.5  1.916826e-07
8193.5  2.495922e-07
8203.5  1.981606e-07
8213.5  3.821848e-07
8223.5  1.573975e-07
8233.5  2.058315e-07
8243.5  2.158352e-07
8253.5  2.288288e-07
8263.5  1.642440e-07
8273.5  3.504976e-07
8283.5  3.214662e-07
8293.5  2.606287e-07
8303.5  1.675382e-07
8313.5  2.284426e-07
8323.5  3.332157e-07
8333.5  1.978146e-07
8343.5  2.515820e-07
8353.5  2.646569e-07
8363.5  2.168433e-07
8373.5  2.775988e-07
8383.5  2.278912e-07
8393.5  3.312233e-07
8403.5  3.445793e-07
8413.5  3.238915e-07
8423.5  3.881644e-07
8433.5  3.778553e-07
8443.5  4.022152e-07
8453.5  4.337939e-07
8463.5  4.299410e-07
8473.5  4.589982e-07
8483.5  4.515470e-07
8493.5  5.061281e-07
8503.5  5.218797e-07
8513.5  5.775638e-07
8523.5  5.479600e-07
8533.5  5.504309e-07
8543.5  5.578636e-07
8553.5  5.539557e-07
8563.5  6.075392e-07
8573.5  5.601363e-07
8583.5  5.873339e-07
8593.5  5.931634e-07
8603.5  5.131002e-07
8613.5  4.714466e-07
8623.5  5.912520e-07
8633.5  5.698902e-07
8643.5  5.707896e-07
8653.5  6.066067e-07
8663.5  5.777972e-07
8673.5  6.485154e-07
8683.5  7.113110e-07
8693.5  7.014469e-07
8703.5  6.989439e-07
8713.5  6.437427e-07
8723.5  6.444726e-07
8733.5  6.578740e-07
8743.5  7.038353e-07
8753.5  6.462744e-07
8763.5  6.361511e-07
8773.5  6.210541e-07
8783.5  7.129275e-07
8793.5  7.728003e-07
8803.5  7.237394e-07
8813.5  7.320552e-07
8823.5  8.310095e-07
8833.5  8.361396e-07
8843.5  8.808295e-07
8853.5  9.579239e-07
8863.5  9.289670e-07
8873.5  9.449606e-07
8883.5  9.469306e-07
8893.5  9.801540e-07
8903.5  9.451861e-07
8913.5  9.392299e-07
8923.5  8.873976e-07
8933.5  8.725901e-07
8943.5  8.731415e-07
8953.5  8.273651e-07
8963.5  8.285150e-07
8973.5  7.749242e-07
8983.5  8.372629e-07
8993.5  7.639376e-07
9003.5  7.008503e-07
9013.5  7.788276e-07
9023.5  6.701696e-07
9033.5  6.532987e-07
9043.5  6.792634e-07
9053.5  6.567716e-07
9063.5  6.428862e-07
9073.5  7.059363e-07
9083.5  6.517963e-07
9093.5  6.235062e-07
9103.5  7.078717e-07
9113.5  5.847308e-07
9123.5  6.019526e-07
9133.5  5.283479e-07
9143.5  5.803604e-07
9153.5  5.727288e-07
9163.5  5.742335e-07
9173.5  6.423671e-07
9183.5  6.890378e-07
9193.5  7.448382e-07
9203.5  7.193404e-07
9213.5  7.735790e-07
9223.5  7.486560e-07
9233.5  7.226973e-07
9243.5  7.065533e-07
9253.5  6.361115e-07
9263.5  6.253788e-07
9273.5  5.885208e-07
9283.5  5.564295e-07
9293.5  4.638525e-07
9303.5  4.576100e-07
9313.5  4.130328e-07
9323.5  3.329948e-07
9333.5  3.686588e-07
9343.5  4.153616e-07
9353.5  3.947505e-07
9363.5  3.676164e-07
9373.5  3.817500e-07
9383.5  3.253438e-07
9393.5  2.719804e-07
9403.5  3.307957e-07
9413.5  3.509597e-07
9423.5  3.307359e-07
9433.5  3.699247e-07
9443.5  3.236327e-07
9453.5  3.340572e-07
9463.5  3.913655e-07
9473.5  3.811596e-07
9483.5  3.470325e-07
9493.5  2.809697e-07
9503.5  2.742506e-07
9513.5  3.950387e-07
9523.5  3.862613e-07
9533.5  4.298664e-07
9543.5  5.769959e-07
9553.5  6.099782e-07
9563.5  7.169870e-07
9573.5  7.182150e-07
9583.5  8.215445e-07
9593.5  6.824221e-07
9603.5  7.084422e-07
9613.5  7.642176e-07
9623.5  7.428289e-07
9633.5  7.777960e-07
9643.5  7.202164e-07
9653.5  6.837869e-07
9663.5  6.137096e-07
9673.5  5.243567e-07
9683.5  4.177490e-07
9693.5  2.798735e-07
9703.5  2.542164e-07
9713.5  2.755191e-07
9723.5  2.658862e-07
9733.5  3.115146e-07
9743.5  2.822092e-07
9753.5  3.291015e-07
9763.5  3.875748e-07
9773.5  4.584316e-07
9783.5  6.484921e-07
9793.5  8.611234e-07
9803.5  1.023928e-06
9813.5  1.129976e-06
9823.5  1.201311e-06
9833.5  1.189969e-06
9843.5  1.131403e-06
9853.5  1.107505e-06
9863.5  1.121369e-06
9873.5  1.118444e-06
9883.5  1.145298e-06
9893.5  1.175383e-06
9903.5  1.177709e-06
9913.5  1.127245e-06
9923.5  9.902298e-07
9933.5  8.212338e-07
9943.5  5.588600e-07
9953.5  3.865411e-07
9963.5  2.691017e-07
9973.5  3.062013e-07
9983.5  4.232684e-07
9993.5  3.637180e-07
10003.5  4.406430e-07
10013.5  1.648334e-06
10023.5  1.079623e-06
10033.5  2.769115e-06
10043.5  1.663404e-06
10053.5  1.295952e-06
10063.5  2.202782e-06
10073.5  9.593657e-07
10083.5  1.637579e-06
10093.5  8.078790e-07
10103.5  1.543360e-06
10113.5  1.438287e-06
10123.5  1.372364e-06
10133.5  1.326127e-06
10143.5  2.167371e-06
10153.5  8.871964e-07
10163.5  1.489920e-06
10173.5  2.180623e-06
10183.5  5.885829e-07
10193.5  2.439231e-06
10203.5  8.669331e-07
10213.5  6.295043e-07
10223.5  2.350090e-06
10233.5  1.238234e-06
10243.5  1.143843e-06
10253.5  2.723588e-06
10263.5  7.964916e-07
10273.5  1.343686e-06
10283.5  1.386964e-06
10293.5  1.705328e-06
10303.5  8.724362e-07
10313.5  1.413248e-06
10323.5  1.768087e-06
10333.5  3.202753e-07
10343.5  2.161288e-06
10353.5  9.724778e-07
10363.5  2.010971e-06
10373.5  4.310184e-07
10383.5  1.700095e-06
10393.5  2.534584e-06
10403.5  3.366057e-11
10413.5  1.860362e-06
10423.5  2.021618e-06
10433.5  3.988331e-07
10443.5  1.254500e-06
10453.5  5.483381e-07
10463.5  9.064919e-07
10473.5  3.246906e-07
10483.5  1.936637e-07
10493.5  6.440880e-07
10503.5  2.973648e-07
10513.5  1.328147e-06
10523.5  1.379201e-06
10533.5  1.375439e-06
10543.5  2.377152e-07
10553.5  1.817525e-06
10563.5  1.033572e-06
10573.5  5.598867e-07
10583.5  1.360136e-06
10593.5  7.208318e-07
10603.5  1.392373e-06
10613.5  6.762639e-07
10623.5  1.444219e-06
10633.5  6.226362e-07
10643.5  5.398877e-07
10653.5  3.282146e-07
10663.5  1.812068e-06
10673.5  1.147611e-06
10683.5  8.633689e-07
10693.5  1.565272e-06
10703.5  1.072120e-06
10713.5  1.090936e-06
10723.5  1.189841e-06
10733.5  3.408945e-11
10743.5  2.318119e-06
10753.5  1.191349e-06
10763.5  4.754642e-07
10773.5  1.177863e-06
10783.5  7.874485e-07
10793.5  5.059513e-07
10803.5  1.200043e-06
10813.5  1.273877e-06
10823.5  7.224024e-07
10833.5  5.549839e-07
10843.5  1.630835e-06
10853.5  7.292276e-07
10863.5  7.764043e-07
10873.5  6.233405e-07
10883.5  9.589688e-07
10893.5  9.270196e-07
10903.5  8.231041e-07
10913.5  1.079726e-06
10923.5  1.292427e-06
10933.5  1.274084e-06
10943.5  2.574337e-07
10953.5  1.397072e-06
10963.5  1.203716e-06
10973.5  7.945763e-07
10983.5  1.003118e-07
10993.5  1.604422e-06
11003.5  9.054448e-07
11013.5  5.184113e-07
11023.5  8.013764e-07
11033.5  1.290620e-06
11043.5  1.725634e-07
11053.5  5.298394e-07
11063.5  6.515454e-07
11073.5  4.003246e-07
11083.5  8.803222e-08
11093.5  6.047073e-07
11103.5  8.242123e-07
11113.5  1.833899e-06
11123.5  1.260731e-06
11133.5  1.212462e-06
11143.5  2.287978e-06
11153.5  1.535455e-06
11163.5  1.340775e-07
11173.5  5.067070e-07
11183.5  6.587075e-07
11193.5  1.112042e-07
11203.5  8.636324e-07
11213.5  1.529684e-06
11223.5  9.020088e-07
11233.5  1.064463e-06
11243.5  7.095624e-07
11253.5  1.471688e-06
11263.5  7.487302e-07
11273.5  1.942957e-06
11283.5  4.003077e-07
11293.5  8.237400e-07
11303.5  8.447525e-07
11313.5  3.122738e-07
11323.5  1.653981e-06
11333.5  4.452019e-07
11343.5  7.943299e-07
11353.5  5.248358e-07
11363.5  1.689553e-06
11373.5  9.288966e-07
11383.5  1.155397e-06
11393.5  7.355688e-07
11403.5  1.264296e-07
11413.5  1.168637e-06
11423.5  1.698255e-06
11433.5  9.488444e-07
11443.5  1.897158e-06
11453.5  3.751940e-11
11463.5  2.286395e-06
11473.5  1.727401e-07
11483.5  8.193243e-07
11493.5  1.711205e-06
11503.5  2.545028e-06
11513.5  3.968981e-08
11523.5  1.022288e-06
11533.5  8.020282e-07
11543.5  1.072786e-06
11553.5  1.499313e-06
11563.5  1.134852e-06
11573.5  1.629044e-06
11583.5  3.903128e-07
11593.5  9.407699e-07
11603.5  1.264749e-06
11613.5  1.291473e-06
11623.5  1.534745e-06
11633.5  8.240966e-07
11643.5  2.194232e-07
11653.5  1.743055e-06
11663.5  1.471284e-06
11673.5  7.507984e-07
11683.5  1.380773e-06
11693.5  1.959345e-06
11703.5  1.343948e-06
11713.5  6.187878e-07
11723.5  2.114739e-06
11733.5  2.298444e-06
11743.5  3.854112e-11
11753.5  8.703558e-07
11763.5  7.219802e-07
11773.5  9.561875e-07
11783.5  1.298734e-06
11793.5  2.336958e-07
11803.5  1.506179e-06
11813.5  1.822398e-06
11823.5  6.245255e-07
11833.5  1.177300e-06
11843.5  2.120974e-06
11853.5  1.301965e-06
11863.5  7.536209e-07
11873.5  1.511581e-06
11883.5  1.491795e-06
11893.5  1.913226e-07
11903.5  9.952372e-07
11913.5  1.521912e-06
11923.5  1.110577e-06
11933.5  1.164260e-06
11943.5  6.870328e-07
11953.5  2.472670e-06
11963.5  1.201769e-06
11973.5  4.360099e-07
11983.5  9.837606e-07
11993.5  1.756144e-06
12003.5  9.775647e-07
12013.5  1.503910e-06
12023.5  9.355155e-07
12033.5  1.202282e-06
12043.5  1.801371e-06
12053.5  1.022540e-06
12063.5  1.681890e-06
12073.5  1.239951e-06
12083.5  1.826213e-06
12093.5  1.111819e-06
12103.5  1.962738e-06
12113.5  1.638690e-06
12123.5  1.889010e-06
12133.5  1.406772e-06
12143.5  1.568536e-06
12153.5  1.663062e-06
12163.5  1.719267e-06
12173.5  1.807214e-06
12183.5  1.096479e-06
12193.5  1.737854e-06
12203.5  8.808058e-07
12213.5  1.392223e-06
12223.5  1.303046e-06
12233.5  1.451616e-06
12243.5  1.582636e-06
12253.5  1.337892e-06
12263.5  9.751148e-07
12273.5  1.255361e-06
12283.5  4.627078e-07
12293.5  1.921654e-06
12303.5  1.138495e-06
12313.5  1.177062e-06
12323.5  1.650585e-06
12333.5  1.889499e-06
12343.5  2.040949e-06
12353.5  9.375857e-07
12363.5  1.459827e-06
12373.5  1.462110e-06
12383.5  2.254186e-06
12393.5  2.302352e-06
12403.5  2.015841e-06
12413.5  1.751587e-06
12423.5  1.992056e-06
12433.5  1.937342e-06
12443.5  2.747041e-06
12453.5  1.816530e-06
12463.5  2.993934e-06
12473.5  3.025428e-06
12483.5  2.807066e-06
12493.5  3.477217e-06
12503.5  3.279010e-06
12513.5  3.074258e-06
12523.5  3.969809e-06
12533.5  5.688012e-06
12543.5  3.041199e-06
12553.5  4.699984e-06
12563.5  5.248918e-06
12573.5  4.874541e-06
12583.5  5.552713e-06
12593.5  6.027694e-06
12603.5  7.116097e-06
12613.5  6.705839e-06
12623.5  7.571692e-06
12633.5  8.762799e-06
12643.5  1.111396e-05
12653.5  1.170518e-05
12663.5  1.355829e-05
12673.5  1.378255e-05
12683.5  1.781029e-05
12693.5  1.919006e-05
12703.5  2.274937e-05
12713.5  2.719658e-05
12723.5  2.982233e-05
12733.5  3.407362e-05
12743.5  3.709479e-05
12753.5  4.228449e-05
12763.5  4.839344e-05
12773.5  5.789892e-05
12783.5  6.169014e-05
12793.5  7.113657e-05
12803.5  8.003903e-05
12813.5  9.174933e-05
12823.5  1.031033e-04
12833.5  1.206701e-04
12843.5  1.336887e-04
12853.5  1.517936e-04
12863.5  1.694217e-04
12873.5  2.008399e-04
12883.5  2.298754e-04
12893.5  2.669666e-04
12903.5  3.222693e-04
12913.5  3.662822e-04
12923.5  4.372333e-04
12933.5  4.984383e-04
12943.5  6.046094e-04
12953.5  7.320609e-04
12963.5  8.947471e-04
12973.5  1.072049e-03
12983.5  1.302879e-03
12993.5  1.582094e-03
13003.5  1.929653e-03
13013.5  2.367233e-03
13023.5  2.858789e-03
13033.5  3.498557e-03
13043.5  4.310328e-03
13053.5  4.912766e-03
13063.5  6.227390e-03
13073.5  7.348972e-03
13083.5  8.403976e-03
13093.5  9.564257e-03
13103.5  1.084442e-02
13113.5  1.218799e-02
13123.5  1.281328e-02
13133.5  1.487157e-02
13143.5  1.615234e-02
13153.5  1.863455e-02
13163.5  2.084195e-02
13173.5  2.388177e-02
13183.5  2.740057e-02
13193.5  3.198890e-02
13203.5  3.604872e-02
13213.5  4.260725e-02
13223.5  4.861664e-02
13233.5  5.835222e-02
13243.5  6.549170e-02
13253.5  7.716695e-02
13263.5  8.907478e-02
13273.5  1.046557e-01
13283.5  1.254271e-01
13293.5  1.433244e-01
13303.5  1.698850e-01
13313.5  1.918124e-01
13323.5  2.242645e-01
13333.5  2.587583e-01
13343.5  2.877876e-01
13353.5  3.119060e-01
13363.5  3.361925e-01
13373.5  3.552724e-01
13383.5  3.633379e-01
13393.5  3.747385e-01
13403.5  3.890407e-01
13413.5  3.856999e-01
13423.5  3.924795e-01
13433.5  3.907887e-01
13443.5  3.894024e-01
13453.5  3.963156e-01
13463.5  3.933131e-01
13473.5  3.895842e-01
13483.5  4.042482e-01
13493.5  3.942573e-01
13503.5  4.019365e-01
13513.5  3.953141e-01
13523.5  4.015700e-01
13533.5  3.955935e-01
13543.5  3.977939e-01
13553.5  3.976755e-01
13563.5  3.944958e-01
13573.5  3.960741e-01
13583.5  3.969031e-01
13593.5  3.957887e-01
13603.5  3.956530e-01
13613.5  3.994319e-01
13623.5  3.952192e-01
13633.5  3.928011e-01
13643.5  4.019787e-01
13653.5  3.981035e-01
13663.5  3.995566e-01
13673.5  4.004046e-01
13683.5  3.967521e-01
13693.5  3.972914e-01
13703.5  3.976972e-01
13713.5  3.943824e-01
13723.5  3.966897e-01
13733.5  4.005625e-01
13743.5  3.885426e-01
13753.5  3.962735e-01
13763.5  3.899096e-01
13773.5  3.906101e-01
13783.5  3.887023e-01
13793.5  3.854911e-01
13803.5  3.842154e-01
13813.5  3.857653e-01
13823.5  3.808744e-01
13833.5  3.805229e-01
13843.5  3.837950e-01
13853.5  3.764348e-01
13863.5  3.820570e-01
13873.5  3.801467e-01
13883.5  3.795278e-01
13893.5  3.808412e-01
13903.5  3.817285e-01
13913.5  3.789434e-01
13923.5  3.787763e-01
13933.5  3.814827e-01
13943.5  3.804996e-01
13953.5  3.806431e-01
13963.5  3.772863e-01
13973.5  3.775774e-01
13983.5  3.901672e-01
13993.5  3.859584e-01
14003.5  3.825489e-01
14013.5  3.846853e-01
14023.5  3.919436e-01
14033.5  3.853641e-01
14043.5  3.900884e-01
14053.5  3.960100e-01
14063.5  3.839066e-01
14073.5  3.967393e-01
14083.5  3.946172e-01
14093.5  3.976848e-01
14103.5  3.961715e-01
14113.5  3.988933e-01
14123.5  3.990480e-01
14133.5  4.038652e-01
14143.5  3.980177e-01
14153.5  4.069979e-01
14163.5  4.035501e-01
14173.5  4.073028e-01
14183.5  4.099998e-01
14193.5  4.107474e-01
14203.5  4.063339e-01
14213.5  4.109791e-01
14223.5  4.135200e-01
14233.5  4.106186e-01
14243.5  4.141997e-01
14253.5  4.157710e-01
14263.5  4.105084e-01
14273.5  4.132973e-01
14283.5  4.090033e-01
14293.5  4.132026e-01
14303.5  4.183870e-01
14313.5  4.151325e-01
14323.5  4.126026e-01
14333.5  4.097084e-01
14343.5  4.112464e-01
14353.5  4.131720e-01
14363.5  4.122705e-01
14373.5  4.096854e-01
14383.5  4.124571e-01
14393.5  4.106891e-01
14403.5  4.156490e-01
14413.5  4.096309e-01
14423.5  4.069758e-01
14433.5  4.168183e-01
14443.5  4.132548e-01
14453.5  4.113099e-01
14463.5  4.136984e-01
14473.5  4.145569e-01
14483.5  4.201255e-01
14493.5  4.186255e-01
14503.5  4.142061e-01
14513.5  4.158598e-01
14523.5  4.206448e-01
14533.5  4.203446e-01
14543.5  4.218164e-01
14553.5  4.232259e-01
14563.5  4.178044e-01
14573.5  4.231494e-01
14583.5  4.263501e-01
14593.5  4.205391e-01
14603.5  4.238362e-01
14613.5  4.224384e-01
14623.5  4.246579e-01
14633.5  4.269604e-01
14643.5  4.315690e-01
14653.5  4.242668e-01
14663.5  4.255118e-01
14673.5  4.234952e-01
14683.5  4.223809e-01
14693.5  4.165885e-01
14703.5  4.123752e-01
14713.5  4.054058e-01
14723.5  3.925856e-01
14733.5  3.770987e-01
14743.5  3.568559e-01
14753.5  3.297138e-01
14763.5  3.123095e-01
14773.5  2.769962e-01
14783.5  2.479849e-01
14793.5  2.139587e-01
14803.5  1.850755e-01
14813.5  1.604619e-01
14823.5  1.354291e-01
14833.5  1.151939e-01
14843.5  1.005500e-01
14853.5  8.583125e-02
14863.5  7.338743e-02
14873.5  6.115873e-02
14883.5  5.628510e-02
14893.5  4.597012e-02
14903.5  4.045644e-02
14913.5  3.516351e-02
14923.5  3.049232e-02
14933.5  2.734512e-02
14943.5  2.356507e-02
14953.5  2.180219e-02
14963.5  1.969259e-02
14973.5  1.771912e-02
14983.5  1.568237e-02
14993.5  1.407396e-02
15003.5  1.230211e-02
15013.5  1.014434e-02
15023.5  8.427664e-03
15033.5  7.029189e-03
15043.5  5.786860e-03
15053.5  4.851038e-03
15063.5  4.031340e-03
15073.5  3.453515e-03
15083.5  2.914354e-03
15093.5  2.508838e-03
15103.5  2.128787e-03
15113.5  1.815211e-03
15123.5  1.571617e-03
15133.5  1.351767e-03
15143.5  1.210112e-03
15153.5  1.029826e-03
15163.5  9.103446e-04
15173.5  7.980595e-04
15183.5  7.011757e-04
15193.5  6.193866e-04
15203.5  5.477056e-04
15213.5  4.969996e-04
15223.5  4.376922e-04
15233.5  3.919273e-04
15243.5  3.539217e-04
15253.5  3.136674e-04
15263.5  2.845649e-04
15273.5  2.556698e-04
15283.5  2.334182e-04
15293.5  2.083761e-04
15303.5  1.880388e-04
15313.5  1.742798e-04
15323.5  1.548171e-04
15333.5  1.434107e-04
15343.5  1.303976e-04
15353.5  1.157230e-04
15363.5  1.080145e-04
15373.5  9.959849e-05
15383.5  9.241916e-05
15393.5  8.202350e-05
15403.5  7.548858e-05
15413.5  6.922841e-05
15423.5  6.150660e-05
15433.5  5.879058e-05
15443.5  5.425739e-05
15453.5  4.813637e-05
15463.5  4.387544e-05
15473.5  4.203167e-05
15483.5  3.634144e-05
15493.5  3.450665e-05
15503.5  3.247360e-05
15513.5  2.977147e-05
15523.5  2.701206e-05
15533.5  2.446813e-05
15543.5  2.380158e-05
15553.5  2.269633e-05
15563.5  1.876427e-05
15573.5  1.750695e-05
15583.5  1.759411e-05
15593.5  1.635684e-05
15603.5  1.658109e-05
15613.5  1.430715e-05
15623.5  1.215915e-05
15633.5  1.164093e-05
15643.5  1.110947e-05
15653.5  1.029953e-05
15663.5  1.190809e-05
15673.5  1.138730e-05
15683.5  1.095492e-05
15693.5  1.054663e-05
15703.5  8.171265e-06
15713.5  7.633632e-06
15723.5  8.476258e-06
15733.5  8.249872e-06
15743.5  7.651399e-06
15753.5  5.207392e-06
15763.5  5.052406e-06
15773.5  7.192812e-06
15783.5  6.888838e-06
15793.5  6.613892e-06
15803.5  5.521790e-06
15813.5  6.578811e-06
15823.5  5.959251e-06
15833.5  6.281882e-06
15843.5  4.083073e-06
15853.5  3.988425e-06
15863.5  5.817316e-06
15873.5  5.382052e-06
15883.5  2.617772e-06
15893.5  3.593220e-06
15903.5  4.694291e-06
15913.5  5.533743e-06
15923.5  4.733375e-06
15933.5  3.866248e-06
15943.5  3.121089e-06
15953.5  5.217325e-06
15963.5  3.641350e-06
15973.5  3.305981e-06
15983.5  3.208595e-06
15993.5  4.617890e-06
16003.5  3.363859e-06
16013.5  2.605377e-06
16023.5  4.160747e-06
16033.5  5.318656e-06
16043.5  2.995875e-06
16053.5  2.963377e-06
16063.5  1.648882e-06
16073.5  2.151570e-06
16083.5  2.395007e-06
16093.5  3.272365e-06
16103.5  2.783179e-06
16113.5  2.631234e-06
16123.5  3.582705e-06
16133.5  1.505216e-06
16143.5  2.763202e-06
16153.5  3.092162e-06
16163.5  3.060003e-07
16173.5  2.141204e-06
16183.5  9.891892e-07
16193.5  2.520458e-06
16203.5  2.775478e-07
16213.5  7.562684e-08
16223.5  1.369846e-06
16233.5  7.579561e-07
16243.5  3.055727e-06
16253.5  2.578147e-06
16263.5  1.355750e-06
16273.5  5.694556e-07
16283.5  1.080185e-06
16293.5  1.733386e-07
16303.5  1.075593e-06
16313.5  1.219400e-06
16323.5  7.299156e-07
16333.5  4.204883e-06
16343.5  4.615589e-11
16353.5  4.587461e-07
16363.5  8.111770e-07
16373.5  3.905171e-06
16383.5  5.669577e-07
16393.5  4.124832e-07
16403.5  2.444046e-06
16413.5  1.485822e-06
16423.5  1.096728e-06
16433.5  3.713267e-06
16443.5  5.049809e-07
16453.5  1.841552e-07
16463.5  3.520091e-06
16473.5  2.158691e-07
16483.5  4.256468e-06
16493.5  1.401161e-06
16503.5  2.873580e-06
16513.5  7.894984e-07
16523.5  3.962612e-06
16533.5  1.158499e-06
16543.5  3.718238e-06
16553.5  3.379977e-06
16563.5  4.529639e-07
16573.5  1.967981e-06
16583.5  1.922384e-06
16593.5  3.105529e-06
16603.5  2.145426e-07
16613.5  1.380353e-06
16623.5  4.322734e-06
16633.5  9.024769e-07
16643.5  4.132112e-06
16653.5  3.550978e-06
16663.5  2.928026e-06
16673.5  3.830925e-07
16683.5  3.585619e-06
16693.5  2.923977e-06
16703.5  1.376243e-06
16713.5  1.760073e-06
16723.5  2.007959e-06
16733.5  3.070211e-06
16743.5  1.262393e-06
16753.5  5.375657e-06
16763.5  5.757741e-07
16773.5  1.592064e-06
16783.5  2.327746e-06
16793.5  1.625821e-06
16803.5  4.892871e-06
16813.5  5.262794e-06
16823.5  1.633455e-06
16833.5  3.401314e-06
16843.5  2.119284e-06
16853.5  1.015228e-06
16863.5  2.194664e-06
16873.5  6.395192e-06
16883.5  1.270068e-06
16893.5  3.176614e-06
16903.5  4.109107e-06
16913.5  1.591555e-06
16923.5  2.217555e-06
16933.5  3.866084e-06
16943.5  9.932172e-07
16953.5  1.820615e-06
16963.5  1.226694e-06
16973.5  4.131429e-06
16983.5  2.060156e-06
16993.5  2.076611e-06
17003.5  8.290121e-06
17013.5  6.078602e-07
17023.5  1.424083e-06
17033.5  4.913227e-06
17043.5  8.118055e-07
17053.5  3.271052e-06
17063.5  4.565202e-06
17073.5  3.693691e-06
17083.5  3.235083e-06
17093.5  1.189281e-06
17103.5  1.808055e-06
17113.5  3.298761e-06
17123.5  6.501012e-06
17133.5  6.001145e-06
17143.5  2.374827e-06
17153.5  2.844104e-06
17163.5  4.138077e-06
17173.5  4.869879e-06
17183.5  3.284351e-06
17193.5  2.594893e-06
17203.5  1.823761e-06
17213.5  1.777027e-06
17223.5  4.318763e-06
17233.5  9.525900e-07
17243.5  2.029875e-06
17253.5  9.664971e-07
17263.5  4.588709e-06
17273.5  4.076463e-06
17283.5  2.393300e-06
17293.5  2.640216e-06
17303.5  8.213050e-07
17313.5  2.372621e-06
17323.5  1.201860e-06
17333.5  3.533154e-06
17343.5  2.726436e-06
17353.5  2.156100e-06
17363.5  2.901807e-06
17373.5  6.244965e-06
17383.5  1.558024e-06
17393.5  5.593256e-06
17403.5  6.022830e-06
17413.5  5.742332e-07
17423.5  3.099516e-06
17433.5  3.962674e-06
17443.5  1.269340e-07
17453.5  5.069719e-07
17463.5  2.463295e-06
17473.5  1.269578e-06
17483.5  1.167954e-06
17493.5  1.852416e-06
17503.5  9.819950e-07
17513.5  3.781374e-06
17523.5  8.529204e-06
17533.5  1.745514e-06
17543.5  9.748318e-07
17553.5  5.674002e-06
17563.5  7.404327e-06
17573.5  4.903202e-06
17583.5  5.067178e-06
17593.5  1.002511e-06
17603.5  4.495369e-06
17613.5  3.593391e-06
17623.5  1.562451e-06
17633.5  6.527512e-06
17643.5  3.185987e-06
17653.5  4.178005e-06
17663.5  8.068055e-07
17673.5  1.041923e-06
17683.5  1.489158e-06
17693.5  7.213013e-07
17703.5  1.693107e-06
17713.5  5.291335e-06
17723.5  6.213609e-06
17733.5  4.273585e-06
17743.5  2.559084e-06
17753.5  7.263172e-07
17763.5  4.545683e-06
17773.5  2.242339e-06
17783.5  4.809456e-06
17793.5  1.960794e-06
17803.5  3.736614e-06
17813.5  2.797865e-06
17823.5  2.736729e-06
17833.5  4.645963e-06
17843.5  1.847617e-06
17853.5  1.604590e-06
17863.5  2.378765e-06
17873.5  2.470823e-06
17883.5  2.252779e-06
17893.5  5.371638e-06
17903.5  1.987888e-06
17913.5  6.026269e-06
17923.5  3.197205e-06
17933.5  2.614201e-06
17943.5  1.439983e-06
17953.5  6.314121e-06
17963.5  5.272689e-06
17973.5  2.696915e-06
17983.5  4.099664e-06
17993.5  1.470702e-06
18003.5  1.427356e-06
18013.5  3.051662e-06
18023.5  3.116909e-06
18033.5  4.607533e-06
18043.5  3.477716e-06
18053.5  4.652815e-06
18063.5  1.764319e-06
18073.5  6.329519e-06
18083.5  2.960622e-06
18093.5  4.264432e-06
18103.5  1.626356e-07
18113.5  3.188644e-06
18123.5  1.505653e-06
18133.5  3.329540e-07
18143.5  6.518587e-07
18153.5  6.851215e-07
18163.5  3.910650e-07
18173.5  1.486809e-06
18183.5  1.679320e-06
18193.5  5.090579e-07
18203.5  1.139014e-06
18213.5  9.917720e-07
18223.5  3.633291e-06
18233.5  2.010320e-06
18243.5  5.898155e-06
18253.5  6.413309e-06
18263.5  5.460395e-06
18273.5  3.504278e-06
18283.5  5.229988e-06
18293.5  3.295860e-06
18303.5  4.751666e-06
18313.5  1.123872e-05
18323.5  4.381759e-07
18333.5  4.775662e-11
18343.5  3.116182e-06
18353.5  2.166944e-06
18363.5  3.179923e-06
18373.5  6.198044e-06
18383.5  5.209758e-07
18393.5  7.761233e-07
18403.5  7.179987e-06
18413.5  1.288106e-06
18423.5  4.115646e-06
18433.5  5.078106e-06
18443.5  4.019085e-06
18453.5  2.115636e-06
18463.5  3.196297e-06
18473.5  9.636559e-07
18483.5  6.528716e-06
18493.5  4.924782e-06
18503.5  4.792554e-11
18513.5  4.113718e-06
18523.5  2.732465e-06
18533.5  6.452046e-07
18543.5  7.747722e-06
18553.5  1.937826e-06
18563.5  9.378293e-07
18573.5  3.830564e-06
18583.5  2.302911e-06
18593.5  4.486131e-06
18603.5  3.177516e-07
18613.5  2.486448e-06
18623.5  3.041652e-06
18633.5  5.974496e-06
18643.5  7.175735e-07
18653.5  3.807769e-06
18663.5  6.217473e-06
18673.5  9.783830e-07
18683.5  1.358887e-06
18693.5  2.624154e-06
18703.5  2.709880e-07
18713.5  1.757166e-06
18723.5  1.323703e-05
18733.5  1.388820e-06
18743.5  4.444663e-06
18753.5  6.245120e-06
18763.5  4.226034e-06
18773.5  3.772513e-06
18783.5  2.214398e-06
18793.5  4.026988e-06
18803.5  4.322644e-06
18813.5  2.232865e-06
18823.5  2.539272e-06
18833.5  5.455517e-06
18843.5  5.312524e-06
18853.5  2.192787e-06
18863.5  2.838501e-06
18873.5  1.067717e-06
18883.5  1.691938e-06
18893.5  5.557354e-06
18903.5  9.091851e-06
18913.5  8.649911e-06
18923.5  4.808968e-11
18933.5  1.975848e-06
18943.5  4.810247e-11
18953.5  8.452033e-07
18963.5  4.813071e-11
18973.5  4.229236e-06
18983.5  1.202424e-05
18993.5  4.728166e-06
19003.5  3.058267e-06
19013.5  8.928513e-06
19023.5  3.485537e-06
19033.5  1.148658e-05
19043.5  4.808789e-11
19053.5  7.647046e-06
19063.5  6.474001e-06
19073.5  4.314557e-06
19083.5  1.018143e-05
19093.5  5.993236e-06
19103.5  8.459621e-06
19113.5  4.848879e-06
19123.5  2.726640e-06
19133.5  2.812019e-07
19143.5  1.849119e-06
19153.5  3.325697e-06
19163.5  3.613620e-06
19173.5  4.115953e-07
19183.5  1.623238e-06
19193.5  1.169119e-07
19203.5  7.910495e-07
19213.5  9.874989e-07
19223.5  4.026649e-06
19233.5  1.375419e-06
19243.5  2.702157e-06
19253.5  7.470428e-06
19263.5  3.759035e-06
19273.5  4.677464e-06
19283.5  1.130575e-05
19293.5  4.487445e-06
19303.5  8.701837e-06
19313.5  8.981871e-06
19323.5  3.713843e-06
19333.5  6.163615e-06
19343.5  9.942555e-07
19353.5  4.600258e-06
19363.5  4.802868e-06
19373.5  8.880038e-06
19383.5  1.163540e-05
19393.5  5.898441e-06
19403.5  2.356449e-06
19413.5  2.007271e-06
19423.5  7.359284e-06
19433.5  8.180352e-06
19443.5  9.580784e-06
19453.5  1.099171e-06
19463.5  4.417450e-06
19473.5  4.850353e-11
19483.5  6.999792e-06
19493.5  8.800117e-06
19503.5  6.429632e-06
19513.5  6.538724e-06
19523.5  9.188167e-06
19533.5  8.055476e-06
19543.5  9.319483e-06
19553.5  2.339054e-06
19563.5  4.161556e-06
19573.5  4.545829e-07
19583.5  4.869231e-11
19593.5  3.352509e-06
19603.5  4.959486e-06
19613.5  4.700776e-06
19623.5  3.284017e-06
19633.5  2.672871e-06
19643.5  9.206209e-06
19653.5  5.154782e-07
19663.5  3.307069e-06
19673.5  2.975939e-06
19683.5  7.482387e-06
19693.5  5.129215e-06
19703.5  1.007505e-05
19713.5  9.659559e-06
19723.5  3.049812e-06
19733.5  1.391034e-05
19743.5  4.440059e-06
19753.5  5.648035e-06
19763.5  1.953462e-06
19773.5  6.628586e-06
19783.5  7.897439e-06
19793.5  7.023214e-06
19803.5  5.262433e-06
19813.5  3.224509e-06
19823.5  6.843833e-06
19833.5  3.671561e-06
19843.5  3.905621e-06
19853.5  1.658095e-05
19863.5  8.741534e-06
19873.5  4.218376e-06
19883.5  5.809117e-06
19893.5  5.366576e-06
19903.5  5.862018e-06
19913.5  9.914134e-06
19923.5  5.330168e-06
19933.5  9.565712e-06
19943.5  1.707857e-06
19953.5  6.706804e-06
19963.5  6.796157e-06
19973.5  1.110370e-05
19983.5  6.788393e-06
19993.5  1.242770e-05
20003.5  7.865945e-06
20013.5  2.984626e-06
20023.5  1.034244e-05
20033.5  4.197656e-06
20043.5  7.904111e-06
20053.5  1.147858e-05
20063.5  8.659015e-06
20073.5  3.352054e-06
20083.5  4.029956e-07
20093.5  6.415824e-07
20103.5  7.695382e-06
20113.5  1.100418e-05
20123.5  1.041953e-05
20133.5  1.168578e-05
20143.5  7.093466e-06
20153.5  3.136554e-06
20163.5  3.980481e-06
20173.5  1.037939e-05
20183.5  7.507117e-06
20193.5  8.544328e-06
20203.5  1.036076e-05
20213.5  8.013414e-06
20223.5  9.483811e-06
20233.5  2.716058e-06
20243.5  4.059111e-06
20253.5  1.966940e-06
20263.5  1.506885e-05
20273.5  9.701212e-06
20283.5  1.419189e-05
20293.5  5.610389e-06
20303.5  5.414414e-06
20313.5  7.815539e-06
20323.5  2.206430e-06
20333.5  8.095184e-07
20343.5  3.985505e-06
20353.5  5.324415e-06
20363.5  2.121229e-06
20373.5  3.572946e-06
20383.5  2.495706e-06
20393.5  4.463993e-06
20403.5  5.603256e-07
20413.5  4.233578e-06
20423.5  9.447900e-06
20433.5  7.855240e-06
20443.5  1.195488e-05
20453.5  5.555264e-06
20463.5  3.477132e-06
20473.5  5.090509e-06
20483.5  5.156121e-06
20493.5  4.601398e-06
20503.5  7.088067e-06
20513.5  4.936252e-07
20523.5  4.883166e-11
20533.5  9.246050e-07
20543.5  5.937393e-06
20553.5  1.137628e-05
20563.5  4.890065e-11
20573.5  9.380733e-06
20583.5  4.962752e-06
20593.5  1.041403e-05
20603.5  1.079909e-05
20613.5  7.810203e-06
20623.5  1.046622e-05
20633.5  1.240734e-05
20643.5  8.260964e-06
20653.5  6.997311e-06
20663.5  1.412153e-05
20673.5  3.658761e-06
20683.5  9.300498e-06
20693.5  1.084897e-05
20703.5  1.166733e-05
20713.5  7.680246e-06
20723.5  4.381231e-06
20733.5  2.942122e-06
20743.5  6.461203e-06
20753.5  6.572648e-06
20763.5  1.420462e-05
20773.5  1.151018e-05
20783.5  4.063548e-06
20793.5  4.764291e-06
20803.5  3.506775e-06
20813.5  6.590742e-08
20823.5  5.190521e-06
20833.5  3.672773e-06
20843.5  1.928889e-05
20853.5  1.305445e-05
20863.5  1.206273e-05
20873.5  6.086007e-06
20883.5  3.863818e-06
20893.5  4.553131e-06
20903.5  1.469076e-05
20913.5  1.107870e-05
20923.5  1.203029e-05
20933.5  6.547161e-06
20943.5  3.342270e-06
20953.5  6.503209e-06
20963.5  8.820274e-06
20973.5  7.682977e-06
20983.5  8.192820e-06
20993.5  7.452340e-06
21003.5  1.441592e-05
21013.5  5.989752e-06
21023.5  1.144637e-05
21033.5  8.964054e-06
21043.5  5.987074e-06
21053.5  4.410209e-06
21063.5  7.353604e-06
21073.5  1.011591e-05
21083.5  1.400059e-05
21093.5  1.366028e-05
21103.5  2.271367e-06
21113.5  1.204854e-05
21123.5  4.520054e-06
21133.5  3.954178e-06
21143.5  1.325816e-05
21153.5  2.255855e-06
21163.5  6.541810e-06
21173.5  7.953320e-06
21183.5  6.518795e-06
21193.5  1.100085e-05
21203.5  3.263055e-06
21213.5  7.984522e-06
21223.5  7.444794e-06
21233.5  5.706670e-07
21243.5  9.748273e-06
21253.5  1.254221e-05
21263.5  2.742872e-06
21273.5  6.887040e-06
21283.5  1.393733e-05
21293.5  7.860023e-06
21303.5  4.132350e-06
21313.5  9.844797e-06
21323.5  5.431418e-06
21333.5  1.933680e-05
21343.5  9.690501e-06
21353.5  8.661328e-06
21363.5  8.130504e-06
21373.5  5.776428e-06
21383.5  1.762813e-06
21393.5  6.371424e-06
21403.5  1.022754e-05
21413.5  6.328818e-06
21423.5  1.082757e-05
21433.5  1.182896e-05
21443.5  6.675153e-06
21453.5  1.385547e-05
21463.5  1.137595e-05
21473.5  7.619121e-06
21483.5  1.036696e-05
21493.5  2.214628e-06
21503.5  9.981084e-06
21513.5  1.600042e-06
21523.5  6.200465e-06
21533.5  1.649836e-05
21543.5  4.992003e-11
21553.5  5.613937e-06
21563.5  3.468351e-06
21573.5  4.452443e-06
21583.5  7.199421e-06
21593.5  4.153765e-06
21603.5  8.984189e-06
21613.5  9.200115e-06
21623.5  8.108254e-06
21633.5  3.507961e-06
21643.5  2.731827e-06
21653.5  1.118735e-05
21663.5  3.606670e-07
21673.5  5.175877e-06
21683.5  1.712996e-05
21693.5  1.458228e-05
21703.5  4.950457e-11
21713.5  2.418199e-07
21723.5  9.233773e-06
21733.5  1.189836e-05
21743.5  6.837398e-06
21753.5  5.262292e-06
21763.5  5.586169e-06
21773.5  3.514216e-06
21783.5  7.309886e-06
21793.5  1.058484e-05
21803.5  4.922992e-11
21813.5  6.538414e-06
21823.5  1.406773e-05
21833.5  9.018248e-06
21843.5  1.411504e-06
21853.5  1.358573e-07
21863.5  9.032843e-06
21873.5  4.918373e-11
21883.5  9.977741e-06
21893.5  8.652137e-06
21903.5  1.093726e-05
21913.5  3.785774e-06
21923.5  6.755455e-06
21933.5  1.179612e-05
21943.5  9.597323e-06
21953.5  3.886066e-06
21963.5  9.308421e-06
21973.5  4.759517e-07
21983.5  7.210461e-06
21993.5  1.248067e-05
22003.5  9.048123e-06
22013.5  9.979989e-06
22023.5  7.568891e-06
22033.5  1.045384e-05
22043.5  3.145767e-06
22053.5  5.074753e-06
22063.5  9.336086e-06
22073.5  1.541899e-06
22083.5  5.814198e-06
22093.5  7.936125e-06
22103.5  9.335105e-06
22113.5  7.084722e-06
22123.5  7.410250e-06
22133.5  1.101135e-05
22143.5  9.581002e-06
22153.5  1.136100e-05
22163.5  3.473546e-06
22173.5  1.341743e-05
22183.5  1.786494e-05
22193.5  5.763951e-06
22203.5  1.270199e-06
22213.5  2.735873e-06
22223.5  1.370534e-06
22233.5  8.841530e-06
22243.5  1.411710e-05
22253.5  4.649136e-06
22263.5  1.093205e-05
22273.5  1.970852e-05
22283.5  4.994108e-11
22293.5  3.070695e-06
22303.5  5.067917e-06
22313.5  1.328379e-05
22323.5  1.106703e-05
22333.5  1.349853e-05
22343.5  1.807373e-06
22353.5  1.147840e-05
22363.5  7.011487e-06
22373.5  2.802633e-07
22383.5  1.105562e-05
22393.5  1.741352e-05
22403.5  6.224892e-06
22413.5  1.608721e-06
22423.5  6.682844e-06
22433.5  8.825508e-06
22443.5  1.754872e-05
22453.5  1.184945e-05
22463.5  2.906119e-06
22473.5  5.040106e-06
22483.5  1.974754e-05
22493.5  8.020917e-06
22503.5  1.023356e-06
22513.5  1.068860e-05
22523.5  2.681682e-05
22533.5  4.943775e-11
22543.5  5.658049e-06
22553.5  4.926730e-11
22563.5  9.270872e-06
22573.5  1.321214e-05
22583.5  3.420858e-06
22593.5  1.391060e-05
22603.5  7.563958e-06
22613.5  1.601551e-05
22623.5  5.136604e-07
22633.5  5.122710e-06
22643.5  7.137570e-06
22653.5  4.794488e-11
22663.5  8.633042e-06
22673.5  1.183863e-06
22683.5  6.324912e-06
22693.5  1.843300e-05
22703.5  1.766474e-06
22713.5  5.365200e-06
22723.5  1.638013e-05
22733.5  2.846234e-06
22743.5  4.879217e-11
22753.5  5.611670e-06
22763.5  8.257698e-06
22773.5  2.177042e-06
22783.5  7.945931e-06
22793.5  4.813395e-06
22803.5  3.035567e-06
22813.5  3.748454e-06
22823.5  2.224631e-06
22833.5  3.087736e-06
22843.5  4.892442e-11
22853.5  7.443355e-07
22863.5  1.006064e-06
22873.5  4.889024e-11
22883.5  4.887172e-11
22893.5  8.106477e-06
22903.5  2.136575e-06
22913.5  8.279963e-06
22923.5  4.807224e-06
22933.5  1.096741e-06
22943.5  2.857727e-06
22953.5  8.000519e-06
22963.5  8.056419e-06
22973.5  7.366069e-07
22983.5  2.891323e-06
22993.5  7.264106e-06
23003.5  1.670535e-06
23013.5  2.378662e-06
23023.5  4.808495e-11
23033.5  5.888300e-06
23043.5  6.884524e-06
23053.5  9.936967e-07
23063.5  4.154491e-06
23073.5  1.873478e-06
23083.5  1.390787e-06
23093.5  4.194536e-07
23103.5  1.356406e-06
23113.5  1.123218e-06
23123.5  1.527368e-06
23133.5  2.846483e-06
23143.5  2.121496e-06
23153.5  4.213494e-06
23163.5  5.893042e-06
23173.5  8.471800e-06
23183.5  4.138097e-06
23193.5  2.705430e-06
23203.5  1.484567e-06
23213.5  7.510868e-07
23223.5  3.646719e-06
23233.5  4.336687e-06
23243.5  5.517077e-06
23253.5  4.682333e-06
23263.5  2.490724e-06
23273.5  2.618452e-06
23283.5  4.782567e-07
23293.5  8.209884e-08
23303.5  2.618138e-06
23313.5  3.122024e-06
23323.5  1.260681e-06
23333.5  1.457631e-06
23343.5  1.379816e-06
23353.5  1.353215e-06
23363.5  1.070760e-06
23373.5  1.647357e-06
23383.5  1.239240e-06
23393.5  8.459785e-07
23403.5  8.782091e-07
23413.5  1.227746e-06
23423.5  1.488307e-06
23433.5  1.781425e-11
23443.5  3.813207e-07
23453.5  5.967502e-07
23463.5  1.438165e-06
23473.5  5.165134e-07
23483.5  1.635462e-06
23493.5  8.002125e-07
23503.5  2.000893e-06
23513.5  8.295003e-07
23523.5  4.240296e-07
23533.5  1.746730e-06
23543.5  7.587511e-07
23553.5  3.769196e-07
23563.5  1.784042e-06
23573.5  4.245673e-07
23583.5  1.012436e-06
23593.5  6.626221e-07
23603.5  1.755369e-06
23613.5  1.568831e-06
23623.5  8.867172e-07
23633.5  9.956396e-07
23643.5  1.677113e-06
23653.5  4.874962e-07
23663.5  7.015309e-07
23673.5  5.574253e-07
23683.5  4.251335e-08
23693.5  8.252482e-07
23703.5  3.685523e-07
23713.5  6.349049e-07
23723.5  5.255958e-07
23733.5  2.651809e-07
23743.5  1.843320e-07
23753.5  7.046153e-08
23763.5  3.865293e-07
23773.5  3.125156e-07
23783.5  2.287242e-07
23793.5  2.271336e-07
23803.5  3.034467e-07
23813.5  2.621603e-07
23823.5  2.477425e-07
23833.5  1.300478e-07
23843.5  1.422598e-07
23853.5  1.862803e-07
23863.5  1.457295e-07
23873.5  8.957652e-08
23883.5  1.678377e-07
23893.5  9.556594e-08
23903.5  1.294913e-07
23913.5  1.277170e-07
23923.5  4.275194e-08
23933.5  2.853902e-08
23943.5  7.071118e-08
23953.5  6.771317e-08
23963.5  4.136212e-08
23973.5  2.891297e-08
23983.5  4.267763e-08
23993.5  5.509365e-08
24003.5  4.034074e-08
24013.5  1.840109e-08
24023.5  2.271391e-08
24033.5  1.718405e-08
24043.5  1.472533e-08
24053.5  1.096285e-08
24063.5  1.917113e-08
24073.5  2.930295e-08
24083.5  5.514402e-09
24093.5  9.997332e-09
24103.5  1.140251e-08
24113.5  1.847053e-08
24123.5  4.515633e-09
24133.5  7.304167e-09
24143.5  7.728767e-09
24153.5  7.762700e-09
24163.5  7.298466e-09
24173.5  9.058809e-09
24183.5  3.323067e-09
24193.5  8.223893e-09
24203.5  2.991687e-09
24213.5  2.669465e-09
24223.5  4.934708e-09
24233.5  1.619635e-09
24243.5  3.314061e-09
24253.5  2.534576e-09
24263.5  1.568435e-09
24273.5  7.254153e-11
24283.5  2.578451e-09
24293.5  5.897437e-10
24303.5  1.751434e-09
24313.5  1.059797e-09
24323.5  7.683092e-10
24333.5  7.552609e-10
24343.5  4.710399e-10
24353.5  4.801048e-10
24363.5  3.253939e-10
24373.5  2.107900e-10
24383.5  5.087374e-10
24393.5  2.719771e-10
24403.5  3.535013e-10
24413.5  1.889911e-10
24423.5  2.164856e-10
24433.5  9.792288e-11
24443.5  2.505049e-10
24453.5  2.612187e-10
24463.5  2.516906e-11
24473.5  4.346205e-11
24483.5  2.387497e-11
24493.5  8.830373e-11
24503.5  1.040982e-10
24513.5  3.501809e-11
24523.5  5.347774e-11
24533.5  8.290095e-11
24543.5  9.977736e-12
24553.5  4.425573e-11
24563.5  8.498576e-11
24573.5  1.879046e-16
24583.5  8.344465e-11
24593.5  7.293719e-11
24603.5  3.142438e-11
24613.5  5.037327e-11
24623.5  4.912431e-12
24633.5  3.828879e-11
24643.5  2.900929e-11
24653.5  3.810241e-11
24663.5  1.578386e-12
24673.5  2.638404e-11
24683.5  3.273267e-11
24693.5  1.572343e-11
24703.5  5.291575e-12
24713.5  3.670340e-11
24723.5  1.396219e-11
24733.5  6.483878e-12
24743.5  2.490374e-11
24753.5  3.810116e-12
24763.5  7.203901e-12
24773.5  1.234673e-11
24783.5  1.359581e-12
24793.5  1.021355e-11
24803.5  8.434777e-12
24813.5  2.230023e-11
24823.5  2.293023e-17
24833.5  6.081978e-12
24843.5  4.253050e-12
24853.5  3.859172e-13
24863.5  3.655762e-12
24873.5  5.381551e-12
24883.5  4.760375e-12
24893.5  4.143550e-12
24903.5  1.158048e-12
24913.5  4.689909e-12
24923.5  5.595896e-13
24933.5  3.198915e-12
24943.5  3.709362e-12
24953.5  1.211553e-12
24963.5  1.350706e-12
24973.5  2.037272e-12
24983.5  2.020029e-12
24993.5  1.135038e-12
25003.5  3.190063e-12
25013.5  3.615864e-13
25023.5  9.383493e-13
25033.5  1.593679e-12
25043.5  8.033515e-13
25053.5  7.359339e-13
25063.5  9.755699e-13
25073.5  6.811319e-13
25083.5  1.298851e-12
25093.5  1.164040e-12
25103.5  1.869139e-13
25113.5  6.399625e-13
25123.5  3.834920e-13
25133.5  6.646861e-13
25143.5  3.438655e-13
25153.5  8.374031e-13
25163.5  2.637528e-13
25173.5  3.092668e-13
25183.5  4.156098e-13
25193.5  2.572429e-13
25203.5  2.578267e-13
25213.5  1.246513e-13
25223.5  1.162037e-13
25233.5  1.937043e-13
25243.5  1.804294e-13
25253.5  6.025323e-14
25263.5  1.528118e-13
25273.5  3.835941e-14
25283.5  7.937048e-14
25293.5  6.345563e-14
25303.5  9.537005e-14
25313.5  7.415616e-14
25323.5  6.927673e-14
25333.5  4.553112e-14
25343.5  3.635287e-14
25353.5  3.274104e-14
25363.5  7.576189e-14
25373.5  5.211675e-14
25383.5  1.104219e-14
25393.5  4.969063e-14
25403.5  2.740503e-14
25413.5  4.430319e-14
25423.5  1.943506e-14
25433.5  1.991370e-14
25443.5  2.553099e-14
25453.5  5.271816e-15
25463.5  1.537304e-14
25473.5  1.485078e-14
25483.5  4.122575e-16
25493.5  1.013819e-14
25503.5  1.867111e-14
25513.5  1.828956e-14
25523.5  1.180688e-14
25533.5  1.848002e-14
25543.5  7.601036e-15
25553.5  3.891313e-15
25563.5  2.176736e-15
25573.5  7.397128e-15
25583.5  1.093402e-14
25593.5  2.616483e-16
25603.5  2.426113e-15
25613.5  6.076808e-15
25623.5  1.441767e-15
25633.5  1.636606e-15
25643.5  1.953958e-15
25653.5  1.333698e-15
25663.5  1.848404e-15
25673.5  2.688211e-15
25683.5  1.699918e-15
25693.5  1.715277e-15
25703.5  7.014246e-16
25713.5  1.218446e-15
25723.5  1.188637e-15
25733.5  5.623360e-16
25743.5  7.566249e-16
25753.5  3.313359e-16
25763.5  1.222415e-15
25773.5  1.468991e-15
25783.5  7.565156e-16
25793.5  7.468370e-16
25803.5  2.755784e-16
25813.5  6.169326e-16
25823.5  1.217674e-16
25833.5  5.621566e-16
25843.5  5.059849e-16
25853.5  1.918326e-16
25863.5  1.952270e-16
25873.5  3.757473e-16
25883.5  1.260841e-16
25893.5  2.649211e-16
25903.5  9.550253e-17
25913.5  5.887404e-17
25923.5  5.000720e-17
25933.5  6.985645e-17
25943.5  4.025103e-17
25953.5  4.112706e-17
25963.5  7.928087e-17
25973.5  1.653445e-17
25983.5  2.358267e-17
25993.5  5.487079e-17
26003.5  3.332247e-17
