# from http://www.stsci.edu/jwst/instruments/nircam/instrumentdesign/filters
# Retrieved Jan 18, 2017, dated Feb 5, 2016 (pre-flight)
# Uses modA or modB  filters+DBS+QE+OTE (nrc_plus_ote)
# Units of transmission are PCE (photon to electron conversion efficiency)
# 
20004.7  1.839549e-10
20026.1  1.603171e-10
20047.5  1.389518e-10
20069.0  1.222685e-10
20090.4  1.098406e-10
20111.9  1.013425e-10
20133.3  9.462709e-11
20154.8  8.952142e-11
20176.2  8.391641e-11
20197.6  7.826114e-11
20219.1  7.380486e-11
20240.5  6.862775e-11
20262.0  6.502449e-11
20283.4  6.196363e-11
20304.8  5.948977e-11
20326.3  5.781517e-11
20347.7  5.580124e-11
20369.2  5.425387e-11
20390.6  5.326223e-11
20412.0  5.355353e-11
20433.5  5.370114e-11
20454.9  5.431463e-11
20476.4  5.536742e-11
20497.8  5.757000e-11
20519.3  5.972530e-11
20540.7  6.296945e-11
20562.1  6.617407e-11
20583.6  7.039302e-11
20605.0  7.434997e-11
20626.5  7.889792e-11
20647.9  8.472965e-11
20669.3  9.191573e-11
20690.8  1.004413e-10
20712.2  1.105550e-10
20733.7  1.234473e-10
20755.1  1.410728e-10
20776.5  1.619371e-10
20798.0  1.904323e-10
20819.4  2.247134e-10
20840.9  2.689848e-10
20862.3  3.240066e-10
20883.8  3.896655e-10
20905.2  4.540249e-10
20926.6  5.332086e-10
20948.1  5.892022e-10
20969.5  6.458032e-10
20991.0  6.881172e-10
21012.4  7.195135e-10
21033.8  7.373231e-10
21055.3  7.076558e-10
21076.7  6.682123e-10
21098.2  6.050577e-10
21119.6  5.305068e-10
21141.0  4.338675e-10
21162.5  3.385884e-10
21183.9  2.647299e-10
21205.4  2.333744e-10
21226.8  2.090464e-10
21248.3  1.822834e-10
21269.7  1.600319e-10
21291.1  1.194444e-10
21312.6  8.490575e-11
21334.0  6.853719e-11
21355.5  6.558433e-11
21376.9  7.713538e-11
21398.3  7.841428e-11
21419.8  7.955760e-11
21441.2  8.611076e-11
21462.7  9.387413e-11
21484.1  1.093173e-10
21505.5  9.293482e-11
21527.0  8.051776e-11
21548.4  7.182812e-11
21569.9  7.783681e-11
21591.3  1.055269e-10
21612.8  1.164022e-10
21634.2  1.287653e-10
21655.6  1.361285e-10
21677.1  1.448341e-10
21698.5  1.333973e-10
21720.0  1.030642e-10
21741.4  8.996786e-11
21762.8  7.912331e-12
21784.3  4.988164e-13
21805.7  2.590208e-13
21827.2  2.137728e-12
21848.6  2.848011e-11
21870.1  4.247765e-12
21891.5  1.235739e-12
21912.9  3.630698e-12
21934.4  1.613246e-11
21955.8  7.388324e-11
21977.3  2.524940e-11
21998.7  1.914626e-11
22020.1  5.764867e-11
22041.6  1.207219e-10
22063.0  2.850015e-10
22084.5  3.494805e-10
22105.9  4.389980e-10
22127.3  4.114969e-10
22148.8  3.467258e-10
22170.2  3.885662e-10
22191.7  2.787035e-10
22213.1  2.565233e-10
22234.6  3.034593e-10
22256.0  3.605454e-10
22277.4  5.366992e-10
22298.9  6.666527e-10
22320.3  8.237384e-10
22341.8  7.613510e-10
22363.2  4.288239e-10
22384.6  2.486281e-10
22406.1  5.867858e-11
22427.5  6.846461e-11
22449.0  1.694960e-10
22470.4  3.518752e-11
22491.8  1.176241e-11
22513.3  1.128610e-11
22534.7  1.354008e-11
22556.2  1.824883e-11
22577.6  1.295964e-10
22599.1  1.814454e-09
22620.5  6.712366e-09
22641.9  7.450827e-09
22663.4  8.132596e-09
22684.8  9.336419e-09
22706.3  1.143560e-08
22727.7  1.514232e-08
22749.1  1.317954e-08
22770.6  1.178510e-08
22792.0  9.745529e-09
22813.5  8.197041e-09
22834.9  8.759245e-09
22856.3  9.186158e-09
22877.8  1.181050e-08
22899.2  8.198471e-09
22920.7  4.455756e-09
22942.1  3.146931e-09
22963.6  5.311715e-09
22985.0  1.120732e-08
23006.4  2.243249e-08
23027.9  2.373181e-08
23049.3  2.952418e-08
23070.8  3.718359e-08
23092.2  4.649497e-08
23113.6  5.902672e-08
23135.1  9.221172e-09
23156.5  1.267498e-09
23178.0  7.017871e-10
23199.4  7.080868e-09
23220.8  8.936904e-08
23242.3  3.224698e-07
23263.7  3.578416e-07
23285.2  4.332713e-07
23306.6  7.409035e-08
23328.1  8.989909e-09
23349.5  2.168949e-09
23370.9  2.381879e-09
23392.4  2.556452e-09
23413.8  2.678861e-09
23435.3  2.754916e-09
23456.7  2.797693e-09
23478.1  2.824196e-09
23499.6  2.850427e-09
23521.0  2.889647e-09
23542.5  2.950430e-09
23563.9  3.035467e-09
23585.3  4.030599e-09
23606.8  3.252869e-08
23628.2  3.324165e-07
23649.7  1.399708e-06
23671.1  1.434850e-06
23692.6  1.469651e-06
23714.0  8.302525e-07
23735.4  4.525871e-07
23756.9  2.797441e-07
23778.3  6.034155e-08
23799.8  3.620217e-08
23821.2  1.116817e-07
23842.6  3.786652e-08
23864.1  1.303841e-07
23885.5  6.849580e-07
23907.0  9.421140e-07
23928.4  1.323785e-06
23949.8  5.681890e-07
23971.3  5.638671e-08
23992.7  7.537014e-09
24014.2  7.508107e-09
24035.6  3.561608e-08
24057.1  2.313159e-07
24078.5  4.634293e-07
24099.9  7.247916e-07
24121.4  1.651948e-06
24142.8  1.811047e-06
24164.3  1.873847e-06
24185.7  1.882646e-06
24207.1  1.414553e-06
24228.6  1.274352e-06
24250.0  2.044284e-06
24271.5  1.871950e-06
24292.9  1.764948e-06
24314.4  1.803765e-06
24335.8  2.099256e-06
24357.2  2.561783e-06
24378.7  1.639213e-06
24400.1  6.397148e-07
24421.6  3.391543e-07
24443.0  3.674707e-07
24464.4  7.201903e-07
24485.9  1.967985e-06
24507.3  2.512101e-06
24528.8  2.588015e-06
24550.2  2.999599e-06
24571.6  2.971792e-06
24593.1  2.863063e-06
24614.5  2.786631e-06
24636.0  1.882844e-06
24657.4  1.188358e-06
24678.9  8.222081e-07
24700.3  1.489630e-07
24721.7  6.868660e-08
24743.2  3.108663e-07
24764.6  5.404708e-07
24786.1  9.238888e-07
24807.5  2.139604e-06
24828.9  2.026162e-06
24850.4  1.878018e-06
24871.8  1.773486e-06
24893.3  2.236502e-06
24914.7  2.988116e-06
24936.1  4.367790e-06
24957.6  2.555016e-06
24979.0  1.907299e-06
25000.5  1.137546e-06
25021.9  1.705639e-06
25038.3  6.717191e-07
25051.8  1.436400e-06
25065.3  4.350833e-09
25078.9  1.133978e-06
25092.4  1.029300e-06
25105.9  2.205996e-06
25119.4  2.354669e-06
25132.9  1.442692e-08
25146.4  1.408902e-07
25159.9  2.258783e-07
25173.4  4.326460e-09
25187.0  5.832375e-07
25200.5  1.816463e-06
25214.0  5.452109e-08
25227.5  8.886456e-07
25241.0  4.591122e-09
25254.5  2.520562e-07
25268.0  3.093196e-07
25281.5  6.962969e-07
25295.1  7.425866e-07
25308.6  3.004939e-07
25322.1  5.995390e-09
25335.6  1.566291e-06
25349.1  3.989055e-06
25362.6  6.804809e-07
25376.1  1.004662e-06
25389.6  1.019102e-08
25403.2  1.445589e-06
25416.7  1.001794e-07
25430.2  2.770166e-06
25443.7  2.375738e-07
25457.2  1.946772e-06
25470.7  2.947395e-06
25484.2  3.428580e-06
25497.7  1.815807e-06
25511.2  3.951543e-08
25524.8  4.822303e-07
25538.3  2.399076e-06
25551.8  2.409930e-06
25565.3  2.612371e-06
25578.8  7.866470e-07
25592.3  1.190062e-06
25605.8  6.543167e-06
25619.3  5.435488e-06
25632.9  3.858927e-06
25646.4  3.621689e-06
25659.9  3.311062e-06
25673.4  3.530965e-06
25686.9  1.405741e-06
25700.4  1.397624e-06
25713.9  2.540959e-06
25727.4  5.668226e-06
25741.0  5.088549e-06
25754.5  2.657127e-07
25768.0  1.682152e-06
25781.5  5.816510e-07
25795.0  1.014793e-06
25808.5  1.601065e-06
25822.0  1.908368e-06
25835.5  1.163502e-06
25849.1  3.136276e-06
25862.6  3.550954e-06
25876.1  2.561392e-06
25889.6  5.282250e-06
25903.1  4.323049e-06
25916.6  4.120557e-06
25930.1  6.975407e-06
25943.6  5.831995e-06
25957.2  6.181262e-07
25970.7  8.862256e-07
25984.2  4.229497e-06
25997.7  4.447329e-06
26011.2  3.368606e-06
26024.7  3.602672e-06
26038.2  7.667157e-06
26051.7  7.414634e-06
26065.3  7.378995e-07
26078.8  3.596176e-06
26092.3  3.024447e-06
26105.8  2.066239e-06
26119.3  3.871707e-06
26132.8  4.292271e-06
26146.3  5.036816e-06
26159.8  5.851754e-06
26173.4  6.508050e-06
26186.9  3.012066e-06
26200.4  2.933007e-06
26213.9  7.386783e-06
26227.4  9.453564e-06
26240.9  6.771711e-06
26254.4  6.350293e-06
26267.9  6.478203e-06
26281.5  2.513256e-06
26295.0  4.143806e-06
26308.5  5.136092e-06
26322.0  7.170351e-06
26335.5  1.822614e-06
26349.0  3.252394e-06
26362.5  7.652827e-06
26376.0  1.443361e-06
26389.5  2.921173e-06
26403.1  2.816872e-06
26416.6  5.339759e-06
26430.1  5.300896e-06
26443.6  4.886733e-06
26457.1  3.696856e-06
26470.6  3.152140e-06
26484.1  2.675348e-06
26497.6  1.870769e-06
26511.2  1.619572e-06
26524.7  2.297028e-06
26538.2  3.285192e-06
26551.7  2.273825e-06
26565.2  6.269241e-06
26578.7  2.785475e-06
26592.2  3.798961e-06
26605.7  4.731128e-06
26619.3  5.022074e-06
26632.8  3.953716e-06
26646.3  1.602071e-06
26659.8  2.323808e-06
26673.3  1.327741e-06
26686.8  5.382552e-06
26700.3  5.689205e-06
26713.8  4.226479e-06
26727.4  3.821265e-06
26740.9  3.871048e-06
26754.4  4.561325e-06
26767.9  3.286000e-06
26781.4  5.838665e-06
26794.9  5.336323e-06
26808.4  3.074611e-06
26821.9  1.829136e-06
26835.5  5.161168e-07
26849.0  2.773288e-06
26862.5  1.250698e-06
26876.0  1.347617e-06
26889.5  2.210855e-06
26903.0  3.840510e-06
26916.5  3.559898e-06
26930.0  2.835558e-06
26943.6  1.522619e-06
26957.1  3.037136e-06
26970.6  3.145671e-06
26984.1  3.392360e-06
26997.6  3.172907e-06
27011.1  2.414678e-07
27024.6  9.562765e-07
27038.1  3.182757e-06
27051.7  8.990283e-07
27065.2  2.685399e-06
27078.7  5.980280e-06
27092.2  3.591701e-06
27105.7  3.489664e-06
27119.2  1.677745e-06
27132.7  2.428709e-06
27146.2  5.789609e-06
27159.8  4.618155e-06
27173.3  5.368462e-06
27186.8  3.675401e-06
27200.3  5.329711e-06
27213.8  5.085134e-06
27227.3  2.788837e-06
27240.8  2.143654e-06
27254.3  2.085409e-06
27267.9  3.134105e-06
27281.4  2.349409e-06
27294.9  3.350332e-06
27308.4  3.631175e-06
27321.9  2.628514e-06
27335.4  4.247685e-06
27348.9  1.733950e-06
27362.4  1.519767e-06
27375.9  1.973792e-06
27389.5  3.912772e-07
27403.0  1.900848e-06
27416.5  2.556286e-06
27430.0  1.829413e-06
27443.5  1.185690e-06
27457.0  2.239728e-06
27470.5  2.618985e-06
27484.0  2.250819e-06
27497.6  2.339921e-06
27511.1  1.060298e-06
27524.6  2.804981e-07
27538.1  2.106884e-06
27551.6  1.714994e-06
27565.1  2.924933e-08
27578.6  5.834197e-09
27592.1  4.331492e-09
27605.7  4.391179e-07
27619.2  3.309861e-06
27632.7  4.324991e-08
27646.2  4.331841e-09
27659.7  2.927952e-07
27673.2  2.875973e-06
27686.7  6.008716e-06
27700.2  5.147590e-06
27713.8  3.332718e-06
27727.3  9.905382e-07
27740.8  2.550663e-07
27754.3  7.778845e-07
27767.8  1.711853e-06
27781.3  1.349142e-06
27794.8  8.914671e-07
27808.3  2.063535e-06
27821.9  1.708801e-06
27835.4  7.761919e-07
27848.9  6.804538e-07
27862.4  3.922530e-08
27875.9  9.657649e-09
27889.4  2.801155e-07
27902.9  1.671872e-06
27916.4  1.923723e-06
27930.0  1.698181e-06
27943.5  3.728946e-07
27957.0  2.140686e-06
27970.5  6.906630e-09
27984.0  9.971024e-07
27997.5  4.478119e-08
28011.0  4.357567e-09
28024.5  4.359549e-09
28038.1  4.361428e-09
28051.6  8.573602e-07
28065.1  4.359623e-09
28078.6  5.868443e-09
28092.1  3.958042e-07
28105.6  1.902893e-06
28119.1  2.116365e-06
28132.6  4.672702e-07
28146.2  4.449935e-09
28159.7  4.356644e-09
28173.2  3.789240e-08
28186.7  1.855480e-06
28200.2  1.618233e-06
28213.7  5.392204e-07
28227.2  9.152181e-09
28240.7  1.505654e-06
28254.2  2.003192e-07
28267.8  4.351727e-09
28281.3  4.350242e-09
28294.8  4.348633e-09
28308.3  6.390088e-08
28321.8  6.508652e-09
28335.3  4.341852e-09
28348.8  5.685239e-08
28362.3  7.629656e-07
28375.9  7.223596e-09
28389.4  4.058521e-08
28402.9  1.036873e-06
28416.4  3.554488e-06
28429.9  1.966791e-06
28443.4  6.660885e-07
28456.9  1.835916e-06
28470.4  2.628847e-06
28484.0  1.451705e-06
28497.5  7.838857e-07
28511.0  1.369672e-06
28524.5  1.454134e-06
28538.0  2.141623e-06
28551.5  1.037910e-06
28565.0  4.287758e-09
28578.5  4.283114e-09
28592.1  6.465008e-07
28605.6  1.774367e-06
28619.1  6.324890e-09
28632.6  4.108720e-07
28646.1  8.608901e-08
28659.6  4.052240e-07
28673.1  6.515884e-07
28686.6  1.280661e-06
28700.2  4.603914e-07
28713.7  4.288870e-07
28727.2  4.252949e-09
28740.7  9.767592e-08
28754.2  2.686418e-06
28767.7  1.013851e-06
28781.2  4.247306e-09
28794.7  4.245983e-09
28808.3  4.244632e-09
28821.8  4.243255e-09
28835.3  4.241863e-09
28848.8  4.240444e-09
28862.3  4.233923e-09
28875.8  4.232408e-09
28889.3  1.720401e-07
28902.8  2.685949e-08
28916.4  4.228992e-09
28929.9  4.233154e-09
28943.4  4.232548e-09
28956.9  1.016777e-07
28970.4  4.230857e-09
28983.9  1.735239e-08
28997.4  4.228600e-09
29010.9  1.508942e-07
29024.5  3.006762e-07
29038.0  1.323566e-06
29051.5  1.080508e-06
29065.0  3.337695e-07
29078.5  1.340427e-06
29092.0  9.866537e-08
29105.5  1.685596e-07
29119.0  2.416639e-06
29132.5  1.910331e-06
29146.1  1.271680e-06
29159.6  4.186245e-09
29173.1  4.182534e-09
29186.6  5.277037e-07
29200.1  4.063385e-07
29213.6  4.168911e-09
29227.1  4.162987e-09
29240.6  4.156988e-09
29254.2  4.150917e-09
29267.7  4.148385e-09
29281.2  4.143311e-09
29294.7  4.137125e-09
29308.2  4.130205e-09
29321.7  4.122822e-09
29335.2  4.115463e-09
29348.7  4.108139e-09
29362.3  4.100869e-09
29375.8  8.567182e-07
29389.3  1.596416e-06
29402.8  3.626614e-08
29416.3  4.068586e-09
29429.8  9.766411e-08
29443.3  1.436910e-06
29456.8  4.098675e-08
29470.4  1.662491e-08
29483.9  4.044424e-09
29497.4  1.661243e-07
29510.9  1.017895e-07
29524.4  4.030086e-09
29537.9  4.023597e-09
29551.4  6.939949e-09
29564.9  1.085911e-06
29578.5  4.227407e-07
29592.0  4.127512e-09
29605.5  3.994044e-09
29619.0  3.988680e-09
29632.5  3.983523e-09
29646.0  3.978553e-09
29659.5  1.269903e-08
29673.0  9.942922e-07
29686.6  1.981533e-07
29700.1  3.960475e-09
29713.6  9.103038e-09
29727.1  9.895745e-07
29740.6  7.362732e-07
29754.1  3.950334e-09
29767.6  3.952596e-09
29781.1  3.949581e-09
29794.7  3.946687e-09
29808.2  3.942529e-09
29821.7  3.937570e-09
29835.2  3.932689e-09
29848.7  5.304834e-09
29862.2  1.024752e-06
29875.7  1.089002e-07
29889.2  2.595125e-07
29902.8  9.790474e-08
29916.3  1.248264e-07
29929.8  3.907631e-09
29943.3  3.904723e-09
29956.8  3.901783e-09
29970.3  3.898804e-09
29983.8  3.895765e-09
29997.3  3.892664e-09
30010.9  3.887478e-09
30024.4  3.884959e-09
30037.9  3.878654e-09
30051.4  3.872237e-09
30064.9  3.867957e-09
30078.4  3.863648e-09
30091.9  9.546823e-07
30105.4  7.457048e-08
30118.9  3.846986e-09
30132.5  1.178244e-07
30146.0  1.393936e-08
30159.5  1.466036e-07
30173.0  2.097807e-06
30186.5  2.847227e-06
30200.0  1.069969e-06
30213.5  3.429647e-07
30227.0  5.436702e-09
30240.6  7.198811e-07
30254.1  2.866399e-06
30267.6  5.157418e-07
30281.1  8.774318e-07
30294.6  2.173946e-06
30308.1  4.067908e-06
30321.6  4.999676e-06
30335.1  2.715979e-06
30348.7  5.956786e-07
30362.2  9.075906e-08
30375.7  2.828232e-07
30389.2  2.056834e-07
30402.7  9.963662e-09
30416.2  1.193131e-06
30429.7  2.317714e-06
30443.2  2.598762e-06
30456.8  8.376000e-07
30470.3  3.833779e-09
30483.8  3.718495e-09
30497.3  3.718198e-09
30510.8  3.714362e-09
30524.3  1.140491e-06
30537.8  2.260871e-06
30551.3  2.234100e-06
30564.9  1.847363e-06
30578.4  3.045524e-06
30591.9  1.767730e-06
30605.4  1.766922e-06
30618.9  1.930932e-06
30632.4  2.455150e-06
30645.9  5.658747e-06
30659.4  5.256419e-06
30673.0  1.984207e-06
30686.5  3.334586e-06
30700.0  5.190831e-06
30713.5  4.522888e-06
30727.0  4.316429e-06
30740.5  6.313829e-06
30754.0  6.235583e-06
30767.5  7.456149e-06
30781.1  5.791481e-06
30794.6  5.455782e-06
30808.1  6.191808e-06
30821.6  5.721572e-06
30835.1  9.367916e-06
30848.6  1.333295e-05
30862.1  1.257005e-05
30875.6  1.359147e-05
30889.2  1.253929e-05
30902.7  1.400743e-05
30916.2  1.614401e-05
30929.7  1.384782e-05
30943.2  1.349341e-05
30956.7  1.347127e-05
30970.2  1.439305e-05
30983.7  1.681455e-05
30997.2  1.705719e-05
31010.8  1.695760e-05
31024.3  1.522576e-05
31037.8  1.366063e-05
31051.3  1.695525e-05
31064.8  2.077348e-05
31078.3  1.982198e-05
31091.8  1.820329e-05
31105.3  1.746446e-05
31118.9  1.918369e-05
31132.4  2.028479e-05
31145.9  1.870819e-05
31159.4  1.764560e-05
31172.9  1.942195e-05
31186.4  2.019960e-05
31199.9  1.974278e-05
31213.4  1.883595e-05
31227.0  1.681711e-05
31240.5  1.583962e-05
31254.0  1.550298e-05
31267.5  1.338200e-05
31281.0  1.368837e-05
31294.5  1.386602e-05
31308.0  1.169801e-05
31321.5  9.855617e-06
31335.1  1.159329e-05
31348.6  7.750568e-06
31362.1  3.435540e-06
31375.6  3.878412e-06
31389.1  6.582046e-06
31402.6  7.874457e-06
31416.1  6.462826e-06
31429.6  5.428721e-06
31443.2  4.942783e-06
31456.7  5.241328e-06
31470.2  6.025747e-06
31483.7  6.694981e-06
31497.2  6.143710e-06
31510.7  6.354752e-06
31524.2  5.408874e-06
31537.7  7.615717e-06
31551.3  8.802900e-06
31564.8  1.018653e-05
31578.3  5.126816e-06
31591.8  2.006443e-06
31605.3  2.368658e-06
31618.8  1.201008e-06
31632.3  1.117195e-06
31645.8  3.808372e-06
31659.4  3.210772e-06
31672.9  3.837592e-06
31686.4  3.725900e-06
31699.9  2.345450e-06
31713.4  1.910371e-06
31726.9  1.748956e-06
31740.4  1.661079e-06
31753.9  2.100593e-06
31767.5  2.207499e-06
31781.0  2.425222e-06
31794.5  2.188520e-06
31808.0  1.458472e-06
31821.5  4.941521e-06
31835.0  4.895421e-06
31848.5  4.855876e-06
31862.0  3.490402e-06
31875.5  2.062770e-06
31889.1  3.358570e-06
31902.6  5.044427e-06
31916.1  4.012982e-06
31929.6  3.994833e-06
31943.1  4.748285e-06
31956.6  5.469672e-06
31970.1  6.785740e-06
31983.6  8.198326e-06
31997.2  5.461674e-06
32010.7  3.069882e-06
32024.2  4.644404e-06
32037.7  7.902753e-06
32051.2  6.318677e-06
32064.7  1.706730e-06
32078.2  1.497898e-06
32091.7  2.530735e-06
32105.3  5.503071e-06
32118.8  9.623207e-06
32132.3  9.607618e-06
32145.8  5.698431e-06
32159.3  2.624878e-06
32172.8  3.067353e-06
32186.3  4.805663e-06
32199.8  6.852108e-06
32213.4  6.568586e-06
32226.9  6.864258e-06
32240.4  6.591308e-06
32253.9  3.393779e-06
32267.4  2.364985e-06
32280.9  3.194188e-06
32294.4  3.672464e-06
32307.9  5.199328e-06
32321.5  5.231895e-06
32335.0  3.222944e-06
32348.5  5.310762e-06
32362.0  6.366375e-06
32375.5  3.660927e-06
32389.0  2.526952e-06
32402.5  1.029671e-06
32416.0  2.612262e-06
32429.6  3.785605e-06
32443.1  4.800526e-06
32456.6  5.455154e-06
32470.1  5.341123e-06
32483.6  3.214048e-06
32497.1  2.492966e-06
32510.6  2.475205e-06
32524.1  3.829045e-06
32537.7  6.537189e-06
32551.2  8.145044e-06
32564.7  9.637092e-06
32578.2  1.158547e-05
32591.7  1.100249e-05
32605.2  1.016505e-05
32618.7  7.654718e-06
32632.2  7.383854e-06
32645.8  8.967942e-06
32659.3  1.155043e-05
32672.8  1.313167e-05
32686.3  9.137293e-06
32699.8  5.384604e-06
32713.3  3.501879e-06
32726.8  2.487717e-06
32740.3  3.667528e-06
32753.9  4.389985e-06
32767.4  4.149357e-06
32780.9  3.704102e-06
32794.4  4.874499e-06
32807.9  4.782115e-06
32821.4  5.468280e-06
32834.9  6.563951e-06
32848.4  3.693832e-06
32861.9  2.103208e-06
32875.5  1.839529e-06
32889.0  2.923208e-06
32902.5  5.451967e-06
32916.0  5.032155e-06
32929.5  2.866364e-06
32943.0  3.369950e-06
32956.5  3.533415e-06
32970.0  4.198796e-06
32983.6  5.333285e-06
32997.1  5.269580e-06
33010.6  4.700907e-06
33024.1  4.680700e-06
33037.6  3.945812e-06
33051.1  2.758745e-06
33064.6  2.725489e-06
33078.1  3.976281e-06
33091.7  3.916762e-06
33105.2  3.926934e-06
33118.7  4.437876e-06
33132.2  6.915898e-06
33145.7  6.209771e-06
33159.2  5.682800e-06
33172.7  6.250330e-06
33186.2  6.052500e-06
33199.8  3.346204e-06
33213.3  4.600334e-06
33226.8  4.782785e-06
33240.3  5.188409e-06
33253.8  6.627161e-06
33267.3  7.673511e-06
33280.8  7.985084e-06
33294.3  7.977932e-06
33307.9  6.682260e-06
33321.4  4.325617e-06
33334.9  4.521532e-06
33348.4  5.742875e-06
33361.9  6.621291e-06
33375.4  5.523123e-06
33388.9  4.333161e-06
33402.4  5.527463e-06
33416.0  4.298257e-06
33429.5  4.364778e-06
33443.0  6.512021e-06
33456.5  5.545551e-06
33470.0  3.376379e-06
33483.5  5.280883e-06
33497.0  6.961543e-06
33510.5  7.046208e-06
33524.1  7.453794e-06
33537.6  7.246847e-06
33551.1  5.739113e-06
33564.6  2.537219e-06
33578.1  1.643967e-06
33591.6  3.802401e-06
33605.1  6.617645e-06
33618.6  8.363085e-06
33632.2  9.115946e-06
33645.7  9.030995e-06
33659.2  7.488587e-06
33672.7  5.157640e-06
33686.2  2.593752e-06
33699.7  1.357296e-06
33713.2  3.458772e-06
33726.7  5.332527e-06
33740.2  4.537677e-06
33753.8  3.619007e-06
33767.3  3.220658e-06
33780.8  2.531789e-06
33794.3  3.705988e-06
33807.8  7.642573e-06
33821.3  7.662038e-06
33834.8  5.212651e-06
33848.3  5.500944e-06
33861.9  6.756119e-06
33875.4  5.288136e-06
33888.9  1.626123e-06
33902.4  5.917513e-08
33915.9  2.077222e-06
33929.4  5.409871e-06
33942.9  6.427265e-06
33956.4  6.290367e-06
33970.0  5.480656e-06
33983.5  5.388388e-06
33997.0  5.015547e-06
34010.5  2.177710e-06
34024.0  3.650524e-06
34037.5  3.338532e-06
34051.0  1.550120e-06
34064.5  2.236051e-06
34078.1  1.466910e-06
34091.6  2.657929e-06
34105.1  4.668676e-06
34118.6  4.929490e-06
34132.1  5.536616e-06
34145.6  4.778724e-06
34159.1  5.952923e-06
34172.6  6.743161e-06
34186.2  6.115567e-06
34199.7  4.826914e-06
34213.2  3.214973e-06
34226.7  2.212176e-06
34240.2  3.359606e-06
34253.7  4.734414e-06
34267.2  6.075554e-06
34280.7  4.053931e-06
34294.3  1.869635e-06
34307.8  1.859107e-06
34321.3  3.639004e-06
34334.8  1.907022e-06
34348.3  1.694959e-06
34361.8  2.025394e-06
34375.3  1.548987e-06
34388.8  1.384322e-06
34402.4  1.663591e-06
34415.9  6.232615e-07
34429.4  2.318175e-07
34442.9  8.703887e-07
34456.4  2.619808e-06
34469.9  2.267725e-06
34483.4  4.170265e-07
34496.9  1.048260e-06
34510.5  8.199603e-07
34524.0  2.061131e-06
34537.5  2.240322e-06
34551.0  2.023150e-07
34564.5  5.161252e-07
34578.0  2.991516e-06
34591.5  4.752634e-06
34605.0  5.958880e-06
34618.5  7.576051e-06
34632.1  8.919543e-06
34645.6  7.119201e-06
34659.1  4.654346e-06
34672.6  3.681655e-06
34686.1  4.725152e-06
34699.6  7.820974e-06
34713.1  1.101841e-05
34726.6  1.187414e-05
34740.2  1.119243e-05
34753.7  1.076377e-05
34767.2  1.099905e-05
34780.7  1.199392e-05
34794.2  1.127893e-05
34807.7  9.560527e-06
34821.2  9.418690e-06
34834.7  8.129083e-06
34848.3  6.597188e-06
34861.8  5.653957e-06
34875.3  7.332705e-06
34888.8  9.273525e-06
34902.3  7.449063e-06
34915.8  6.366556e-06
34929.3  8.053878e-06
34942.8  9.376395e-06
34956.4  7.623914e-06
34969.9  5.186636e-06
34983.4  5.332471e-06
34996.9  4.670280e-06
35010.4  3.762911e-06
35023.9  4.044266e-06
35037.4  4.077296e-06
35050.9  5.062691e-06
35064.5  6.125565e-06
35078.0  6.727030e-06
35091.5  9.313329e-06
35105.0  6.710456e-06
35118.5  3.778418e-06
35132.0  4.430939e-06
35145.5  6.642051e-06
35159.0  7.241103e-06
35172.6  7.625093e-06
35186.1  6.415535e-06
35199.6  3.975342e-06
35213.1  2.443783e-06
35226.6  1.612001e-06
35240.1  1.263116e-06
35253.6  2.799387e-06
35267.1  3.693979e-06
35280.7  5.009001e-06
35294.2  4.560702e-06
35307.7  4.670016e-06
35321.2  6.060560e-06
35334.7  5.276873e-06
35348.2  5.180739e-06
35361.7  3.854594e-06
35375.2  2.140910e-06
35388.8  2.507120e-06
35402.3  2.926587e-06
35415.8  1.148047e-06
35429.3  1.451008e-06
35442.8  3.968801e-06
35456.3  4.704301e-06
35469.8  4.144082e-06
35483.3  2.144606e-06
35496.8  6.693105e-07
35510.4  2.760216e-06
35523.9  4.538627e-06
35537.4  8.244138e-06
35550.9  8.474735e-06
35564.4  6.311615e-06
35577.9  6.836103e-06
35591.4  6.410513e-06
35604.9  8.089888e-06
35618.5  7.210591e-06
35632.0  6.041095e-06
35645.5  7.527542e-06
35659.0  8.382248e-06
35672.5  7.942912e-06
35686.0  7.026730e-06
35699.5  5.782805e-06
35713.0  6.372021e-06
35726.6  9.480307e-06
35740.1  8.185193e-06
35753.6  6.601146e-06
35767.1  7.973978e-06
35780.6  9.534668e-06
35794.1  7.808417e-06
35807.6  5.467826e-06
35821.1  4.151691e-06
35834.7  2.238635e-06
35848.2  1.686963e-06
35861.7  1.111481e-06
35875.2  2.254531e-06
35888.7  1.686391e-06
35902.2  1.187744e-07
35915.7  5.857058e-09
35929.2  5.285677e-09
35942.8  5.286887e-09
35956.3  5.288113e-09
35969.8  5.289354e-09
35983.3  5.290613e-09
35996.8  5.291886e-09
36010.3  5.293183e-09
36023.8  5.294500e-09
36037.3  5.300350e-09
36050.9  5.303328e-09
36064.4  5.304683e-09
36077.9  5.306048e-09
36091.4  5.307422e-09
36104.9  5.308572e-09
36118.4  5.309319e-09
36131.9  5.310073e-09
36145.4  5.310833e-09
36159.0  5.311597e-09
36172.5  5.312365e-09
36186.0  5.313136e-09
36199.5  5.319537e-09
36213.0  5.320513e-09
36226.5  5.321181e-09
36240.0  5.321849e-09
36253.5  5.322514e-09
36267.1  5.323177e-09
36280.6  5.323835e-09
36294.1  5.324489e-09
36307.6  5.325564e-09
36321.1  5.326966e-09
36334.6  5.328362e-09
36348.1  5.329749e-09
36361.6  5.331128e-09
36375.2  8.812498e-09
36388.7  8.563792e-08
36402.2  2.462035e-08
36415.7  5.337359e-09
36429.2  5.339391e-09
36442.7  5.341409e-09
36456.2  5.343414e-09
36469.7  5.345407e-09
36483.2  5.347386e-09
36496.8  3.720981e-07
36510.3  1.553247e-06
36523.8  7.118433e-07
36537.3  5.363492e-09
36550.8  8.295287e-09
36564.3  1.264920e-06
36577.8  2.603849e-06
36591.3  1.686272e-06
36604.9  2.660627e-06
36618.4  4.000696e-06
36631.9  3.928585e-06
36645.4  4.038233e-06
36658.9  1.134653e-06
36672.4  7.529919e-07
36685.9  1.892328e-06
36699.4  4.870325e-06
36713.0  6.257854e-06
36726.5  5.589063e-06
36740.0  6.155394e-06
36753.5  6.313767e-06
36767.0  6.728546e-06
36780.5  7.867941e-06
36794.0  8.912145e-06
36807.5  9.266072e-06
36821.1  7.069693e-06
36834.6  4.974571e-06
36848.1  5.957892e-06
36861.6  6.911779e-06
36875.1  5.700819e-06
36888.6  4.922442e-06
36902.1  5.042199e-06
36915.6  4.371456e-06
36929.2  6.579853e-06
36942.7  9.123370e-06
36956.2  9.032303e-06
36969.7  6.229851e-06
36983.2  4.067835e-06
36996.7  3.291780e-06
37010.2  3.883211e-06
37023.7  3.345919e-06
37037.3  4.163346e-06
37050.8  6.028203e-06
37064.3  7.090507e-06
37077.8  1.001628e-05
37091.3  1.397176e-05
37104.8  1.319478e-05
37118.3  1.044239e-05
37131.8  1.005552e-05
37145.4  9.861365e-06
37158.9  9.393372e-06
37172.4  1.096494e-05
37185.9  1.144125e-05
37199.4  1.072652e-05
37212.9  1.142147e-05
37226.4  1.451849e-05
37239.9  1.532884e-05
37253.5  1.157769e-05
37267.0  9.192775e-06
37280.5  1.195947e-05
37294.0  1.370066e-05
37307.5  1.174423e-05
37321.0  1.137346e-05
37334.5  1.152774e-05
37348.0  1.022989e-05
37361.5  9.227465e-06
37375.1  1.164575e-05
37388.6  1.554113e-05
37402.1  1.688214e-05
37415.6  1.615480e-05
37429.1  1.622535e-05
37442.6  1.666326e-05
37456.1  1.638369e-05
37469.6  1.651555e-05
37483.2  1.758386e-05
37496.7  1.802310e-05
37510.2  1.673030e-05
37523.7  1.595802e-05
37537.2  1.740474e-05
37550.7  1.799054e-05
37564.2  1.552799e-05
37577.7  1.315124e-05
37591.3  1.311444e-05
37604.8  1.258672e-05
37618.3  9.270172e-06
37631.8  4.602114e-06
37645.3  2.538676e-06
37658.8  6.824462e-07
37672.3  7.455131e-07
37685.8  2.992345e-06
37699.4  2.152609e-06
37712.9  1.729926e-06
37726.4  1.988499e-06
37739.9  3.177566e-06
37753.4  6.240346e-06
37766.9  6.156666e-06
37780.4  5.570748e-06
37793.9  6.827823e-06
37807.5  9.525234e-06
37821.0  1.140610e-05
37834.5  1.128493e-05
37848.0  1.119798e-05
37861.5  1.254743e-05
37875.0  1.366762e-05
37888.5  1.361765e-05
37902.0  1.306858e-05
37915.6  1.248858e-05
37929.1  1.154940e-05
37942.6  1.060319e-05
37956.1  1.109488e-05
37969.6  1.428808e-05
37983.1  1.754174e-05
37996.6  1.653924e-05
38010.1  1.350597e-05
38023.7  1.361137e-05
38037.2  1.583166e-05
38050.7  1.634168e-05
38064.2  1.548947e-05
38077.7  1.516043e-05
38091.2  1.517658e-05
38104.7  1.488785e-05
38118.2  1.505770e-05
38131.8  1.464246e-05
38145.3  1.212521e-05
38158.8  9.769772e-06
38172.3  1.026333e-05
38185.8  1.300661e-05
38199.3  1.588488e-05
38212.8  1.744867e-05
38226.3  1.735167e-05
38239.8  1.664950e-05
38253.4  1.608595e-05
38266.9  1.464334e-05
38280.4  1.296517e-05
38293.9  1.353666e-05
38307.4  1.600103e-05
38320.9  1.706057e-05
38334.4  1.753724e-05
38347.9  1.923433e-05
38361.5  2.085959e-05
38375.0  2.150387e-05
38388.5  1.974063e-05
38402.0  1.543826e-05
38415.5  1.262262e-05
38429.0  1.278560e-05
38442.5  1.389754e-05
38456.0  1.582203e-05
38469.6  1.826346e-05
38483.1  1.940941e-05
38496.6  1.846243e-05
38510.1  1.686334e-05
38523.6  1.653858e-05
38537.1  1.802919e-05
38550.6  1.937953e-05
38564.1  1.919901e-05
38577.7  1.940790e-05
38591.2  2.000313e-05
38604.7  1.717745e-05
38618.2  1.442716e-05
38631.7  1.675673e-05
38645.2  1.775985e-05
38658.7  1.386663e-05
38672.2  9.287003e-06
38685.8  7.495740e-06
38699.3  6.031412e-06
38712.8  6.010743e-06
38726.3  6.654735e-06
38739.8  6.126409e-06
38753.3  5.711908e-06
38766.8  5.614681e-06
38780.3  5.869196e-06
38793.9  6.252751e-06
38807.4  7.196171e-06
38820.9  8.539616e-06
38834.4  9.069932e-06
38847.9  8.873057e-06
38861.4  7.315469e-06
38874.9  7.009522e-06
38888.4  8.104560e-06
38902.0  1.005502e-05
38915.5  1.159312e-05
38929.0  1.213048e-05
38942.5  1.330947e-05
38956.0  1.162643e-05
38969.5  1.016127e-05
38983.0  8.697015e-06
38996.5  8.279059e-06
39010.1  9.081584e-06
39023.6  1.002180e-05
39037.1  1.044137e-05
39050.6  9.744375e-06
39064.1  8.488406e-06
39077.6  8.495042e-06
39091.1  9.558199e-06
39104.6  1.121622e-05
39118.2  1.259629e-05
39131.7  1.246707e-05
39145.2  1.218547e-05
39158.7  1.082205e-05
39172.2  8.928337e-06
39185.7  9.047943e-06
39199.2  1.091718e-05
39212.7  1.300638e-05
39226.2  1.173999e-05
39239.8  9.678661e-06
39253.3  9.136405e-06
39266.8  1.026300e-05
39280.3  1.263736e-05
39293.8  1.393401e-05
39307.3  1.497703e-05
39320.8  1.667815e-05
39334.3  1.508514e-05
39347.9  1.216397e-05
39361.4  1.203574e-05
39374.9  1.397655e-05
39388.4  1.564784e-05
39401.9  1.482702e-05
39415.4  1.081246e-05
39428.9  9.609240e-06
39442.4  1.069428e-05
39456.0  1.550802e-05
39469.5  1.768496e-05
39483.0  1.688147e-05
39496.5  1.550348e-05
39510.0  1.383458e-05
39523.5  1.137956e-05
39537.0  8.931602e-06
39550.5  6.691526e-06
39564.1  4.345916e-06
39577.6  1.288021e-06
39591.1  6.309515e-09
39604.6  5.631511e-09
39618.1  5.632169e-09
39631.6  5.632822e-09
39645.1  5.633472e-09
39658.6  5.634116e-09
39672.2  5.634755e-09
39685.7  5.635387e-09
39699.2  5.641756e-09
39712.7  5.643037e-09
39726.2  5.643807e-09
39739.7  2.319983e-07
39753.2  2.081018e-06
39766.7  3.782054e-06
39780.3  5.468335e-06
39793.8  6.849660e-06
39807.3  6.806776e-06
39820.8  5.442734e-06
39834.3  4.971876e-06
39847.8  6.872459e-06
39861.3  9.042963e-06
39874.8  1.020819e-05
39888.4  1.061195e-05
39901.9  1.045667e-05
39915.4  9.569535e-06
39928.9  7.651495e-06
39942.4  6.857101e-06
39955.9  7.973558e-06
39969.4  9.722023e-06
39982.9  1.146264e-05
39996.5  1.133780e-05
40010.0  9.037018e-06
40023.5  9.087072e-06
40037.0  9.036250e-06
40050.5  1.041446e-05
40064.0  1.097340e-05
40077.5  1.237240e-05
40091.0  1.377690e-05
40104.5  1.443202e-05
40118.1  1.446368e-05
40131.6  1.441257e-05
40145.1  1.411113e-05
40158.6  1.360490e-05
40172.1  1.433402e-05
40185.6  1.550899e-05
40199.1  1.610487e-05
40212.6  1.577182e-05
40226.2  1.506922e-05
40239.7  1.503120e-05
40253.2  1.662826e-05
40266.7  1.758442e-05
40280.2  1.589856e-05
40293.7  1.460363e-05
40307.2  1.521166e-05
40320.7  1.717446e-05
40334.3  1.910469e-05
40347.8  2.067136e-05
40361.3  2.163738e-05
40374.8  2.116806e-05
40388.3  2.126259e-05
40401.8  2.235827e-05
40415.3  2.412350e-05
40428.8  2.568468e-05
40442.4  2.874238e-05
40455.9  2.913583e-05
40469.4  2.682159e-05
40482.9  2.721098e-05
40496.4  3.003454e-05
40509.9  3.480825e-05
40523.4  4.022692e-05
40536.9  4.711819e-05
40550.5  5.305514e-05
40564.0  5.563387e-05
40577.5  5.707604e-05
40591.0  5.801000e-05
40604.5  5.906254e-05
40618.0  6.129932e-05
40631.5  6.643727e-05
40645.0  6.979242e-05
40658.6  6.897846e-05
40672.1  6.962770e-05
40685.6  7.485075e-05
40699.1  8.475195e-05
40712.6  9.612195e-05
40726.1  1.062948e-04
40739.6  1.154404e-04
40753.1  1.256454e-04
40766.7  1.379878e-04
40780.2  1.521046e-04
40793.7  1.667485e-04
40807.2  1.819067e-04
40820.7  2.012701e-04
40834.2  2.237858e-04
40847.7  2.477871e-04
40861.2  2.732078e-04
40874.8  3.009894e-04
40888.3  3.322400e-04
40901.8  3.665225e-04
40915.3  4.036343e-04
40928.8  4.442915e-04
40942.3  4.893248e-04
40955.8  5.393989e-04
40969.3  5.948756e-04
40982.8  6.560125e-04
40996.4  7.239295e-04
41009.9  7.986160e-04
41023.4  8.799256e-04
41036.9  9.695997e-04
41050.4  1.069669e-03
41063.9  1.186655e-03
41077.4  1.321529e-03
41090.9  1.472191e-03
41104.5  1.639052e-03
41118.0  1.824193e-03
41131.5  2.031342e-03
41145.0  2.265424e-03
41158.5  2.531827e-03
41172.0  2.835841e-03
41185.5  3.184296e-03
41199.0  3.580283e-03
41212.6  4.028189e-03
41226.1  4.539857e-03
41239.6  5.123532e-03
41253.1  5.790133e-03
41266.6  6.551906e-03
41280.1  7.422914e-03
41293.6  8.421137e-03
41307.1  9.572186e-03
41320.7  1.089834e-02
41334.2  1.242682e-02
41347.7  1.418964e-02
41361.2  1.622610e-02
41374.7  1.858622e-02
41388.2  2.131549e-02
41401.7  2.447533e-02
41415.2  2.814139e-02
41428.8  3.238772e-02
41442.3  3.730290e-02
41455.8  4.299155e-02
41469.3  4.955509e-02
41482.8  5.717591e-02
41496.3  6.586195e-02
41509.8  7.580410e-02
41523.3  8.709127e-02
41536.9  9.984465e-02
41550.4  1.141814e-01
41563.9  1.301899e-01
41577.4  1.479241e-01
41590.9  1.672582e-01
41604.4  1.881978e-01
41617.9  2.106321e-01
41631.4  2.341987e-01
41645.0  2.587536e-01
41658.5  2.837511e-01
41672.0  3.084618e-01
41685.5  3.328381e-01
41699.0  3.564803e-01
41712.5  3.789891e-01
41726.0  3.997898e-01
41739.5  4.181221e-01
41753.1  4.345597e-01
41766.6  4.490135e-01
41780.1  4.614802e-01
41793.6  4.719927e-01
41807.1  4.803115e-01
41820.6  4.871729e-01
41834.1  4.927636e-01
41847.6  4.972619e-01
41861.1  5.007970e-01
41874.7  5.033526e-01
41888.2  5.053870e-01
41901.7  5.069789e-01
41915.2  5.081948e-01
41928.7  5.090973e-01
41942.2  5.103773e-01
41955.7  5.109378e-01
41969.2  5.113917e-01
41982.8  5.117786e-01
41996.3  5.121579e-01
42009.8  5.124881e-01
42023.3  5.128006e-01
42036.8  5.135090e-01
42050.3  5.140300e-01
42063.8  5.143386e-01
42077.3  5.146386e-01
42090.9  5.149521e-01
42104.4  5.152591e-01
42117.9  5.155426e-01
42131.4  5.158200e-01
42144.9  5.160984e-01
42158.4  5.163340e-01
42171.9  5.165334e-01
42185.4  5.167265e-01
42199.0  5.169101e-01
42212.5  5.170152e-01
42226.0  5.170870e-01
42239.5  5.171391e-01
42253.0  5.171620e-01
42266.5  5.171087e-01
42280.0  5.170423e-01
42293.5  5.169505e-01
42307.1  5.168201e-01
42320.6  5.166240e-01
42334.1  5.164251e-01
42347.6  5.161965e-01
42361.1  5.159310e-01
42374.6  5.156326e-01
42388.1  5.153668e-01
42401.6  5.150752e-01
42415.2  5.147530e-01
42428.7  5.149293e-01
42442.2  5.146956e-01
42455.7  5.143324e-01
42469.2  5.139398e-01
42482.7  5.140973e-01
42496.2  5.136867e-01
42509.7  5.131855e-01
42523.3  5.126514e-01
42536.8  5.120883e-01
42550.3  5.114869e-01
42563.8  5.107669e-01
42577.3  5.099603e-01
42590.8  5.090639e-01
42604.3  5.077420e-01
42617.8  5.055962e-01
42631.4  5.032302e-01
42644.9  5.006373e-01
42658.4  4.977508e-01
42671.9  4.945087e-01
42685.4  4.907070e-01
42698.9  4.863472e-01
42712.4  4.811344e-01
42725.9  4.756608e-01
42739.5  4.705462e-01
42753.0  4.672264e-01
42766.5  4.662159e-01
42780.0  4.676511e-01
42793.5  4.716126e-01
42807.0  4.781019e-01
42820.5  4.853011e-01
42834.0  4.911066e-01
42847.5  4.953107e-01
42861.1  4.980287e-01
42874.6  5.003622e-01
42888.1  5.024978e-01
42901.6  5.043155e-01
42915.1  5.041161e-01
42928.6  5.039208e-01
42942.1  5.044190e-01
42955.6  5.047049e-01
42969.2  5.045075e-01
42982.7  5.043274e-01
42996.2  5.041707e-01
43009.7  5.039689e-01
43023.2  5.037157e-01
43036.7  5.034896e-01
43050.2  5.032894e-01
43063.7  5.031079e-01
43077.3  5.029224e-01
43090.8  5.027958e-01
43104.3  5.026961e-01
43117.8  5.026046e-01
43131.3  5.024987e-01
43144.8  5.024391e-01
43158.3  5.023885e-01
43171.8  5.023340e-01
43185.4  5.022586e-01
43198.9  5.022244e-01
43212.4  5.021996e-01
43225.9  5.021616e-01
43239.4  5.020991e-01
43252.9  5.020564e-01
43266.4  5.019829e-01
43279.9  5.018756e-01
43293.5  5.017309e-01
43307.0  5.015891e-01
43320.5  5.014032e-01
43334.0  5.011726e-01
43347.5  5.008989e-01
43361.0  5.006085e-01
43374.5  5.002619e-01
43388.0  4.998585e-01
43401.6  4.994080e-01
43415.1  4.989267e-01
43428.6  4.983899e-01
43442.1  4.977998e-01
43455.6  4.974830e-01
43469.1  4.970746e-01
43482.6  4.963815e-01
43496.1  4.956379e-01
43509.7  4.948966e-01
43523.2  4.947216e-01
43536.7  4.939705e-01
43550.2  4.932050e-01
43563.7  4.924875e-01
43577.2  4.917876e-01
43590.7  4.910902e-01
43604.2  4.903888e-01
43617.8  4.897415e-01
43631.3  4.890742e-01
43644.8  4.883716e-01
43658.3  4.876041e-01
43671.8  4.867396e-01
43685.3  4.857157e-01
43698.8  4.844970e-01
43712.3  4.829649e-01
43725.8  4.810105e-01
43739.4  4.786113e-01
43752.9  4.757103e-01
43766.4  4.719564e-01
43779.9  4.673524e-01
43793.4  4.619283e-01
43806.9  4.556352e-01
43820.4  4.477499e-01
43833.9  4.387797e-01
43847.5  4.287176e-01
43861.0  4.172919e-01
43874.5  4.041121e-01
43888.0  3.898322e-01
43901.5  3.745386e-01
43915.0  3.576741e-01
43928.5  3.396210e-01
43942.0  3.209277e-01
43955.6  3.017724e-01
43969.1  2.814583e-01
43982.6  2.611829e-01
43996.1  2.411677e-01
44009.6  2.213646e-01
44023.1  2.018211e-01
44036.6  1.831868e-01
44050.1  1.655654e-01
44063.7  1.489391e-01
44077.2  1.333184e-01
44090.7  1.189922e-01
44104.2  1.059130e-01
44117.7  9.398807e-02
44131.2  8.330116e-02
44144.7  7.380711e-02
44158.2  6.526666e-02
44171.8  5.769072e-02
44185.3  5.099073e-02
44198.8  4.507216e-02
44212.3  3.986982e-02
44225.8  3.528864e-02
44239.3  3.125452e-02
44252.8  2.771106e-02
44266.3  2.460514e-02
44279.9  2.187132e-02
44293.4  1.946243e-02
44306.9  1.735098e-02
44320.4  1.548709e-02
44333.9  1.383904e-02
44347.4  1.238244e-02
44360.9  1.109591e-02
44374.4  9.956387e-03
44388.0  8.947105e-03
44401.5  8.054642e-03
44415.0  7.258072e-03
44428.5  6.546703e-03
44442.0  5.914072e-03
44455.5  5.350443e-03
44469.0  4.846901e-03
44482.5  4.397567e-03
44496.1  3.997074e-03
44509.6  3.634997e-03
44523.1  3.307429e-03
44536.6  3.012675e-03
44550.1  2.747230e-03
44563.6  2.507082e-03
44577.1  2.289498e-03
44590.6  2.095028e-03
44604.1  1.920281e-03
44617.7  1.763113e-03
44631.2  1.619162e-03
44644.7  1.486491e-03
44658.2  1.364937e-03
44671.7  1.255574e-03
44685.2  1.158388e-03
44698.7  1.070591e-03
44712.2  9.910136e-04
44725.8  9.171662e-04
44739.3  8.491132e-04
44752.8  7.865066e-04
44766.3  7.305910e-04
44779.8  6.785997e-04
44793.3  6.300718e-04
44806.8  5.847617e-04
44820.3  5.428929e-04
44833.9  5.044693e-04
44847.4  4.699277e-04
44860.9  4.395809e-04
44874.4  4.114356e-04
44887.9  3.852312e-04
44901.4  3.589157e-04
44914.9  3.341632e-04
44928.4  3.107969e-04
44942.0  2.881073e-04
44955.5  2.671958e-04
44969.0  2.489748e-04
44982.5  2.352659e-04
44996.0  2.230351e-04
45009.5  2.106786e-04
45023.0  1.974259e-04
45036.5  1.876522e-04
45050.1  1.803790e-04
45063.6  1.752921e-04
45077.1  1.689632e-04
45090.6  1.619378e-04
45104.1  1.544778e-04
45117.6  1.468711e-04
45131.1  1.395604e-04
45144.6  1.326126e-04
45158.2  1.262225e-04
45171.7  1.198368e-04
45185.2  1.141317e-04
45198.7  1.097058e-04
45212.2  1.062609e-04
45225.7  1.014819e-04
45239.2  9.453972e-05
45252.7  8.565783e-05
45266.3  7.789574e-05
45279.8  7.131768e-05
45293.3  6.482641e-05
45306.8  5.884199e-05
45320.3  5.359461e-05
45333.8  4.773327e-05
45347.3  4.030798e-05
45360.8  3.305262e-05
45374.4  2.827496e-05
45387.9  2.694860e-05
45401.4  2.662613e-05
45414.9  2.594445e-05
45428.4  2.553854e-05
45441.9  2.520110e-05
45455.4  2.471300e-05
45468.9  2.151806e-05
45482.5  1.988195e-05
45496.0  1.771891e-05
45509.5  1.574805e-05
45523.0  1.578172e-05
45536.5  1.587258e-05
45550.0  1.614661e-05
45563.5  1.656258e-05
45577.0  1.626515e-05
45590.5  1.388739e-05
45604.1  1.328252e-05
45617.6  1.312516e-05
45631.1  1.251817e-05
45644.6  1.269221e-05
45658.1  1.393373e-05
45671.6  1.616405e-05
45685.1  1.709519e-05
45698.6  1.625830e-05
45712.2  1.341838e-05
45725.7  1.171441e-05
45739.2  1.085447e-05
45752.7  1.013919e-05
45766.2  9.049690e-06
45779.7  7.732567e-06
45793.2  7.580948e-06
45806.7  7.467803e-06
45820.3  7.396989e-06
45833.8  7.166636e-06
45847.3  7.304006e-06
45860.8  7.796288e-06
45874.3  7.639173e-06
45887.8  6.757141e-06
45901.3  5.413838e-06
45914.8  3.565127e-06
45928.4  2.143014e-06
45941.9  1.178877e-06
45955.4  2.140704e-06
45968.9  3.949272e-06
45982.4  7.580742e-06
45995.9  1.012241e-05
46009.4  1.268048e-05
46022.9  1.410120e-05
46036.5  1.494750e-05
46050.0  1.543542e-05
46063.5  1.546973e-05
46077.0  1.610620e-05
46090.5  1.639504e-05
46104.0  1.596234e-05
46117.5  1.195744e-05
46131.0  7.939343e-06
46144.6  6.014592e-06
46158.1  6.751792e-06
46171.6  7.827724e-06
46185.1  9.036215e-06
46198.6  1.073477e-05
46212.1  1.165082e-05
46225.6  1.156358e-05
46239.1  9.641410e-06
46252.7  9.868257e-06
46266.2  1.007846e-05
46279.7  1.025401e-05
46293.2  1.050439e-05
46306.7  1.126173e-05
46320.2  1.235902e-05
46333.7  1.277410e-05
46347.2  1.149836e-05
46360.8  1.005789e-05
46374.3  9.768697e-06
46387.8  1.116539e-05
46401.3  1.247456e-05
46414.8  1.366160e-05
46428.3  1.317765e-05
46441.8  1.278542e-05
46455.3  1.304033e-05
46468.8  1.433945e-05
46482.4  1.544605e-05
46495.9  1.539399e-05
46509.4  1.341664e-05
46522.9  1.381358e-05
46536.4  1.509130e-05
46549.9  1.745434e-05
46563.4  2.157573e-05
46576.9  2.531981e-05
46590.5  2.647014e-05
46604.0  2.559524e-05
46617.5  2.436018e-05
46631.0  2.466033e-05
46644.5  2.618754e-05
46658.0  2.734364e-05
46671.5  2.837598e-05
46685.0  2.900868e-05
46698.6  2.978628e-05
46712.1  3.064577e-05
46725.6  3.152922e-05
46739.1  3.226233e-05
46752.6  3.315825e-05
46766.1  3.316581e-05
46779.6  3.284714e-05
46793.1  3.250585e-05
46806.7  3.269403e-05
46820.2  3.252662e-05
46833.7  3.237841e-05
46847.2  3.188497e-05
46860.7  3.261921e-05
46874.2  3.356352e-05
46887.7  3.282116e-05
46901.2  3.177882e-05
46914.8  2.964616e-05
46928.3  2.855446e-05
46941.8  2.771142e-05
46955.3  2.694282e-05
46968.8  2.647026e-05
46982.3  2.681387e-05
46995.8  2.791491e-05
47009.3  2.885203e-05
47022.9  2.946233e-05
47036.4  2.921903e-05
47049.9  2.887640e-05
47063.4  2.880743e-05
47076.9  2.835549e-05
47090.4  2.768720e-05
47103.9  2.668082e-05
47117.4  2.645960e-05
47131.0  2.702012e-05
47144.5  2.768543e-05
47158.0  2.803494e-05
47171.5  2.767741e-05
47185.0  2.751674e-05
47198.5  2.736934e-05
47212.0  2.689166e-05
47225.5  2.575621e-05
47239.1  2.417073e-05
47252.6  2.281723e-05
47266.1  2.183049e-05
47279.6  2.136002e-05
47293.1  2.148505e-05
47306.6  2.195461e-05
47320.1  2.324997e-05
47333.6  2.446534e-05
47347.1  2.564605e-05
47360.7  2.519132e-05
47374.2  2.427139e-05
47387.7  2.271877e-05
47401.2  2.165010e-05
47414.7  2.088974e-05
47428.2  2.086260e-05
47441.7  2.068520e-05
47455.2  2.039769e-05
47468.8  1.998018e-05
47482.3  1.991274e-05
47495.8  2.048726e-05
47509.3  2.122998e-05
47522.8  2.189573e-05
47536.3  2.156662e-05
47549.8  2.094846e-05
47563.3  2.009052e-05
47576.9  2.011922e-05
47590.4  2.057279e-05
47603.9  2.189165e-05
47617.4  2.286305e-05
47630.9  2.356158e-05
47644.4  2.262659e-05
47657.9  2.165226e-05
47671.4  2.062612e-05
47685.0  2.035296e-05
47698.5  2.015018e-05
47712.0  1.956804e-05
47725.5  1.880761e-05
47739.0  1.793606e-05
47752.5  1.790417e-05
47766.0  1.778144e-05
47779.5  1.736090e-05
47793.1  1.631408e-05
47806.6  1.516828e-05
47820.1  1.580894e-05
47833.6  1.725920e-05
47847.1  2.006589e-05
47860.6  2.152000e-05
47874.1  2.215696e-05
47887.6  2.053522e-05
47901.2  1.922809e-05
47914.7  1.817544e-05
47928.2  1.862091e-05
47941.7  1.929083e-05
47955.2  2.000602e-05
47968.7  2.043150e-05
47982.2  2.065463e-05
47995.7  2.071274e-05
48009.3  2.059558e-05
48022.8  2.011953e-05
48036.3  1.926104e-05
48049.8  1.825836e-05
48063.3  1.739867e-05
48076.8  1.684083e-05
48090.3  1.675170e-05
48103.8  1.688517e-05
48117.4  1.707266e-05
48130.9  1.674621e-05
48144.4  1.633482e-05
48157.9  1.581091e-05
48171.4  1.566475e-05
48184.9  1.560206e-05
48198.4  1.529527e-05
48211.9  1.468813e-05
48225.5  1.375361e-05
48239.0  1.298751e-05
48252.5  1.237243e-05
48266.0  1.231515e-05
48279.5  1.265269e-05
48293.0  1.347694e-05
48306.5  1.459808e-05
48320.0  1.570643e-05
48333.5  1.579578e-05
48347.1  1.540439e-05
48360.6  1.451268e-05
48374.1  1.410775e-05
48387.6  1.388458e-05
48401.1  1.408655e-05
48414.6  1.394448e-05
48428.1  1.341205e-05
48441.6  1.193214e-05
48455.2  1.035693e-05
48468.7  8.736615e-06
48482.2  8.011740e-06
48495.7  8.185328e-06
48509.2  9.199438e-06
48522.7  1.061644e-05
48536.2  1.169059e-05
48549.7  1.271353e-05
48563.3  1.356654e-05
48576.8  1.388194e-05
48590.3  1.392668e-05
48603.8  1.268730e-05
48617.3  1.153381e-05
48630.8  1.044274e-05
48644.3  9.779108e-06
48657.8  9.320542e-06
48671.4  9.082154e-06
48684.9  9.070676e-06
48698.4  9.641971e-06
48711.9  1.028098e-05
48725.4  1.098631e-05
48738.9  1.095834e-05
48752.4  1.083439e-05
48765.9  1.070135e-05
48779.5  1.056070e-05
48793.0  1.040610e-05
48806.5  9.972715e-06
48820.0  9.508185e-06
48833.5  9.210373e-06
48847.0  8.895558e-06
48860.5  8.553165e-06
48874.0  8.475126e-06
48887.6  8.509517e-06
48901.1  9.570534e-06
48914.6  1.061935e-05
48928.1  1.135370e-05
48941.6  1.155665e-05
48955.1  1.134354e-05
48968.6  1.079707e-05
48982.1  9.942159e-06
48995.7  7.831505e-06
49009.2  5.272592e-06
49022.7  2.908693e-06
49036.2  2.305084e-06
49049.7  2.105391e-06
49063.2  3.317914e-06
49076.7  4.730475e-06
49090.2  5.287738e-06
49103.8  4.983412e-06
49117.3  4.134086e-06
49130.8  2.593110e-06
49144.3  1.557198e-06
49157.8  9.676834e-07
49171.3  8.073153e-07
49184.8  1.039884e-06
49198.3  1.254306e-06
49211.8  1.466281e-06
49225.4  1.855604e-06
49238.9  2.215624e-06
49252.4  2.121853e-06
49265.9  2.766278e-07
49279.4  7.555884e-09
49292.9  4.780949e-09
49306.4  4.774815e-09
49319.9  4.768658e-09
49333.5  4.762483e-09
49347.0  4.756291e-09
49360.5  4.750084e-09
49374.0  4.743859e-09
49387.5  4.737618e-09
49401.0  4.731365e-09
49414.5  4.727466e-09
49428.0  4.724025e-09
49441.6  4.717753e-09
49455.1  4.711465e-09
49468.6  4.705165e-09
49482.1  2.696922e-08
49495.6  4.898626e-07
49509.1  8.572879e-07
49522.6  3.427277e-07
49536.1  1.060269e-08
49549.7  4.667109e-09
49563.2  4.660726e-09
49576.7  4.654331e-09
49590.2  4.647924e-09
49603.7  4.641505e-09
49617.2  4.635071e-09
49630.7  4.628626e-09
49644.2  4.622171e-09
49657.8  4.615706e-09
49671.3  4.609232e-09
49684.8  4.916753e-09
49698.3  9.647103e-08
49711.8  1.689271e-06
49725.3  2.306610e-06
49738.8  1.230768e-06
49752.3  2.780613e-07
49765.9  4.573083e-08
49779.4  6.087465e-07
49792.9  1.384891e-06
49806.4  2.463639e-06
49819.9  2.040901e-06
49833.4  1.764794e-06
49846.9  1.609410e-06
49860.4  1.577728e-06
49874.0  1.601892e-06
49887.5  7.356770e-07
49901.0  3.011283e-07
49914.5  1.012761e-07
49928.0  8.462046e-08
49941.5  3.965602e-07
49955.0  9.360948e-07
49968.5  1.282976e-06
49982.1  1.787448e-06
49995.6  2.501564e-06
50009.1  2.306229e-06
50022.6  1.817530e-06
50036.1  8.089341e-07
50049.6  6.653592e-07
50063.1  1.238776e-06
50076.6  1.991869e-06
50090.1  2.951954e-06
50103.7  2.378887e-06
50117.2  1.693959e-06
50130.7  9.196737e-07
50144.2  6.136474e-07
50157.7  7.228849e-07
50171.2  1.545655e-07
50184.7  7.494815e-09
50198.2  4.367944e-09
50211.8  4.361900e-09
50225.3  4.355848e-09
50238.8  4.349789e-09
50252.3  4.343720e-09
50265.8  6.115996e-09
50279.3  6.461366e-08
50292.8  4.128945e-07
50306.3  8.194433e-07
50319.9  1.398267e-06
50333.4  2.207778e-06
50346.9  2.959222e-06
50360.4  3.810811e-06
50373.9  3.806036e-06
50387.4  3.736321e-06
50400.9  3.467091e-06
50414.4  3.414427e-06
50428.0  3.648345e-06
50441.5  3.845278e-06
50455.0  4.017040e-06
50468.5  4.063972e-06
50482.0  4.076690e-06
50495.5  4.269125e-06
50509.0  4.471377e-06
50522.5  4.656906e-06
50536.1  4.788275e-06
50549.6  4.797678e-06
50563.1  4.571552e-06
50576.6  4.149439e-06
50590.1  3.578025e-06
50603.6  3.012926e-06
50617.1  3.234075e-06
50630.6  3.627426e-06
50644.2  4.556237e-06
50657.7  5.449392e-06
50671.2  5.339455e-06
50684.7  4.474093e-06
50698.2  2.855111e-06
50711.7  8.491067e-07
50725.2  1.304111e-07
50738.7  2.314950e-07
50752.3  1.217576e-06
50765.8  2.390825e-06
50779.3  3.939272e-06
50792.8  3.480747e-06
50806.3  2.923735e-06
50819.8  1.939289e-06
50833.3  1.574269e-06
50846.8  1.912707e-06
50860.4  2.270063e-06
50873.9  2.628852e-06
50887.4  2.618520e-06
50900.9  2.398020e-06
50914.4  2.542627e-06
50927.9  2.800705e-06
50941.4  3.225438e-06
50954.9  3.665355e-06
50968.4  3.550444e-06
50982.0  3.379338e-06
50995.5  3.039902e-06
