# from http://www.stsci.edu/jwst/instruments/nircam/instrumentdesign/filters
# Retrieved Jan 18, 2017, dated Feb 5, 2016 (pre-flight)
# Uses modA or modB  filters+DBS+QE+OTE (nrc_plus_ote)
# Units of transmission are PCE (photon to electron conversion efficiency)
# 
20004.7  8.134408e-12
20020.7  8.275236e-12
20036.8  7.944122e-12
20052.9  7.155817e-12
20069.0  6.529891e-12
20085.1  5.938784e-12
20101.1  5.228925e-12
20117.2  4.578064e-12
20133.3  4.173202e-12
20149.4  4.040859e-12
20165.5  4.064636e-12
20181.6  4.161938e-12
20197.6  4.087115e-12
20213.7  4.091442e-12
20229.8  4.249147e-12
20245.9  4.232928e-12
20262.0  4.056528e-12
20278.0  3.830943e-12
20294.1  3.779808e-12
20310.2  3.758919e-12
20326.3  3.680199e-12
20342.4  3.615986e-12
20358.4  3.714677e-12
20374.5  3.848420e-12
20390.6  3.978960e-12
20406.7  4.104595e-12
20422.8  4.072010e-12
20438.8  4.044814e-12
20454.9  4.121388e-12
20471.0  4.119264e-12
20487.1  3.976321e-12
20503.2  3.912352e-12
20519.3  4.052420e-12
20535.3  4.228329e-12
20551.4  4.174222e-12
20567.5  4.222628e-12
20583.6  4.593238e-12
20599.7  5.170347e-12
20615.7  5.689015e-12
20631.8  6.206237e-12
20647.9  6.758136e-12
20664.0  7.527808e-12
20680.1  8.603283e-12
20696.1  9.625361e-12
20712.2  1.015341e-11
20728.3  1.069078e-11
20744.4  1.174568e-11
20760.5  1.286341e-11
20776.5  1.286154e-11
20792.6  1.244527e-11
20808.7  1.217485e-11
20824.8  1.248708e-11
20840.9  1.210405e-11
20857.0  1.129113e-11
20873.0  1.009346e-11
20889.1  1.046526e-11
20905.2  1.226885e-11
20921.3  1.438212e-11
20937.4  1.496437e-11
20953.4  1.329350e-11
20969.5  1.394351e-11
20985.6  1.604744e-11
21001.7  1.670344e-11
21017.8  1.147824e-11
21033.8  6.962212e-12
21049.9  3.122986e-12
21066.0  2.939353e-12
21082.1  3.220604e-12
21098.2  3.284513e-12
21114.2  1.804463e-12
21130.3  4.712189e-12
21146.4  5.266553e-12
21162.5  5.540050e-12
21178.6  5.588214e-12
21194.7  6.600816e-12
21210.7  9.919762e-12
21226.8  1.490102e-11
21242.9  1.650130e-11
21259.0  1.244431e-11
21275.1  1.194150e-11
21291.1  1.232739e-11
21307.2  1.425526e-11
21323.3  1.268742e-11
21339.4  9.610662e-12
21355.5  5.286119e-12
21371.5  3.374875e-12
21387.6  3.085588e-12
21403.7  2.941592e-12
21419.8  2.254347e-12
21435.9  2.217814e-13
21451.9  1.190839e-13
21468.0  1.177999e-13
21484.1  1.175129e-13
21500.2  1.175084e-13
21516.3  1.178295e-13
21532.4  1.184784e-13
21548.4  1.192175e-13
21564.5  1.204504e-13
21580.6  1.216309e-13
21596.7  1.234233e-13
21612.8  1.256222e-13
21628.8  1.276463e-13
21644.9  1.302263e-13
21661.0  1.331294e-13
21677.1  1.363684e-13
21693.2  1.399457e-13
21709.2  1.435583e-13
21725.3  1.480624e-13
21741.4  1.528428e-13
21757.5  1.581208e-13
21773.6  1.639303e-13
21789.6  1.703051e-13
21805.7  1.773735e-13
21821.8  1.851330e-13
21837.9  1.939023e-13
21854.0  2.039155e-13
21870.1  2.144458e-13
21886.1  2.262420e-13
21902.2  2.393284e-13
21918.3  2.539729e-13
21934.4  2.704379e-13
21950.5  2.888545e-13
21966.5  3.100579e-13
21982.6  3.339111e-13
21998.7  3.609405e-13
22014.8  3.927355e-13
22030.9  4.283680e-13
22046.9  4.701091e-13
22063.0  5.189098e-13
22079.1  5.763791e-13
22095.2  6.461141e-13
22111.3  7.292928e-13
22127.3  8.300933e-13
22143.4  9.559752e-13
22159.5  1.111574e-12
22175.6  5.098892e-10
22191.7  1.232107e-09
22207.7  1.940485e-09
22217.9  2.655692e-09
22229.9  3.593229e-09
22241.9  4.858172e-09
22253.9  6.346440e-09
22265.9  7.985761e-09
22277.9  8.326211e-09
22289.9  8.848862e-09
22301.9  9.639251e-09
22313.9  1.054490e-08
22326.0  1.172224e-08
22338.0  1.282403e-08
22350.0  1.359090e-08
22362.0  1.486804e-08
22374.0  1.601146e-08
22386.0  1.704661e-08
22398.0  1.886890e-08
22410.0  2.070943e-08
22422.0  2.237508e-08
22434.0  2.370005e-08
22446.1  2.635132e-08
22458.1  2.887773e-08
22470.1  3.262077e-08
22482.1  3.748302e-08
22494.1  4.293359e-08
22506.1  4.782470e-08
22518.1  5.621853e-08
22530.1  6.815874e-08
22542.1  8.011703e-08
22554.1  9.279746e-08
22566.1  1.083657e-07
22578.2  1.247896e-07
22590.2  1.403701e-07
22602.2  1.653109e-07
22614.2  1.892788e-07
22626.2  2.160845e-07
22638.2  2.444090e-07
22650.2  2.755311e-07
22662.2  2.985127e-07
22674.2  3.233458e-07
22686.2  3.490327e-07
22698.3  3.759087e-07
22710.3  3.891691e-07
22722.3  3.964826e-07
22734.3  4.089013e-07
22746.3  4.209262e-07
22758.3  4.497997e-07
22770.3  4.762758e-07
22782.3  4.954713e-07
22794.3  5.021064e-07
22806.3  5.327059e-07
22818.4  5.646462e-07
22830.4  5.981378e-07
22842.4  6.389197e-07
22854.4  6.801321e-07
22866.4  7.265141e-07
22878.4  7.952816e-07
22890.4  8.802428e-07
22902.4  9.652165e-07
22914.4  1.081908e-06
22926.4  1.204992e-06
22938.4  1.351836e-06
22950.5  1.504408e-06
22962.5  1.690876e-06
22974.5  1.909829e-06
22986.5  2.179530e-06
22998.5  2.482283e-06
23010.5  2.797838e-06
23022.5  3.194303e-06
23034.5  3.641830e-06
23046.5  4.171689e-06
23058.5  4.764936e-06
23070.6  5.435957e-06
23082.6  6.184462e-06
23094.6  7.104814e-06
23106.6  8.200219e-06
23118.6  9.442833e-06
23130.6  1.090506e-05
23142.6  1.268404e-05
23154.6  1.481882e-05
23166.6  1.739077e-05
23178.6  2.040363e-05
23190.7  2.378216e-05
23202.7  2.781794e-05
23214.7  3.257250e-05
23226.7  3.800826e-05
23238.7  4.400663e-05
23250.7  5.053667e-05
23262.7  5.778097e-05
23274.7  6.590954e-05
23286.7  7.513470e-05
23298.7  8.539416e-05
23310.7  9.681320e-05
23322.8  1.096638e-04
23334.8  1.245213e-04
23346.8  1.421669e-04
23358.8  1.621214e-04
23370.8  1.853073e-04
23382.8  2.126414e-04
23394.8  2.435000e-04
23406.8  2.787982e-04
23418.8  3.188119e-04
23430.8  3.649756e-04
23442.9  4.179159e-04
23454.9  4.803167e-04
23466.9  5.534548e-04
23478.9  6.392608e-04
23490.9  7.432555e-04
23502.9  8.689617e-04
23514.9  1.022186e-03
23526.9  1.207920e-03
23538.9  1.435633e-03
23550.9  1.712075e-03
23563.0  2.049574e-03
23575.0  2.458499e-03
23587.0  2.945742e-03
23599.0  3.527201e-03
23611.0  4.211823e-03
23623.0  4.997984e-03
23635.0  5.895776e-03
23647.0  6.900568e-03
23659.0  8.001604e-03
23671.0  9.192290e-03
23683.0  1.046105e-02
23695.1  1.179784e-02
23707.1  1.317563e-02
23719.1  1.459673e-02
23731.1  1.605724e-02
23743.1  1.754322e-02
23755.1  1.898067e-02
23767.1  2.054154e-02
23779.1  2.225020e-02
23791.1  2.414647e-02
23803.1  2.628894e-02
23815.2  2.873741e-02
23827.2  3.152453e-02
23839.2  3.474425e-02
23851.2  3.846366e-02
23863.2  4.280298e-02
23875.2  4.791106e-02
23887.2  5.390017e-02
23899.2  6.089501e-02
23911.2  6.909975e-02
23923.2  7.868974e-02
23935.3  8.984325e-02
23947.3  1.028053e-01
23959.3  1.175693e-01
23971.3  1.341825e-01
23983.3  1.526047e-01
23995.3  1.726176e-01
24007.3  1.938418e-01
24019.3  2.157706e-01
24031.3  2.377999e-01
24043.3  2.592638e-01
24055.3  2.795073e-01
24067.4  2.979544e-01
24079.4  3.141725e-01
24091.4  3.279146e-01
24103.4  3.391238e-01
24115.4  3.479242e-01
24127.4  3.545566e-01
24139.4  3.593694e-01
24151.4  3.627508e-01
24163.4  3.650844e-01
24175.4  3.667097e-01
24187.5  3.679065e-01
24199.5  3.688920e-01
24211.5  3.699293e-01
24223.5  3.713251e-01
24235.5  3.724664e-01
24247.5  3.737437e-01
24259.5  3.751577e-01
24271.5  3.766884e-01
24283.5  3.782998e-01
24295.5  3.799533e-01
24307.6  3.816388e-01
24319.6  3.833058e-01
24331.6  3.849073e-01
24343.6  3.864186e-01
24355.6  3.878227e-01
24367.6  3.891103e-01
24379.6  3.902818e-01
24391.6  3.913474e-01
24403.6  3.923212e-01
24415.6  3.932216e-01
24427.6  3.940656e-01
24439.7  3.948779e-01
24451.7  3.956799e-01
24463.7  3.964947e-01
24475.7  3.970832e-01
24487.7  3.977823e-01
24499.7  3.983354e-01
24511.7  3.988546e-01
24523.7  3.994508e-01
24535.7  4.001267e-01
24547.7  4.008747e-01
24559.8  4.016905e-01
24571.8  4.025695e-01
24583.8  4.034974e-01
24595.8  4.044625e-01
24607.8  4.054073e-01
24619.8  4.063354e-01
24631.8  4.072532e-01
24643.8  4.081511e-01
24655.8  4.090150e-01
24667.8  4.098322e-01
24679.8  4.105900e-01
24691.9  4.114976e-01
24703.9  4.122159e-01
24715.9  4.129385e-01
24727.9  4.136180e-01
24739.9  4.145624e-01
24751.9  4.151243e-01
24763.9  4.154618e-01
24775.9  4.157671e-01
24787.9  4.160335e-01
24799.9  4.163100e-01
24812.0  4.161818e-01
24824.0  4.159120e-01
24836.0  4.159585e-01
24848.0  4.157667e-01
24860.0  4.156444e-01
24872.0  4.155036e-01
24884.0  4.152156e-01
24896.0  4.148319e-01
24908.0  4.144952e-01
24920.0  4.140908e-01
24932.1  4.136364e-01
24944.1  4.131338e-01
24956.1  4.125888e-01
24968.1  4.120035e-01
24980.1  4.113838e-01
24992.1  4.107299e-01
25004.1  4.100479e-01
25016.1  4.093438e-01
25028.1  4.086260e-01
25040.1  4.079009e-01
25052.1  4.071784e-01
25064.2  4.064689e-01
25076.2  4.057759e-01
25088.2  4.051132e-01
25100.2  4.044898e-01
25112.2  4.039298e-01
25124.2  4.034254e-01
25136.2  4.029861e-01
25148.2  4.026167e-01
25160.2  4.023234e-01
25172.2  4.021166e-01
25184.3  4.019959e-01
25196.3  4.019651e-01
25208.3  4.020331e-01
25220.3  4.021977e-01
25232.3  4.024559e-01
25244.3  4.028061e-01
25256.3  4.032458e-01
25268.3  4.037686e-01
25280.3  4.043735e-01
25292.3  4.050518e-01
25304.4  4.058083e-01
25316.4  4.066484e-01
25328.4  4.075377e-01
25340.4  4.084640e-01
25352.4  4.094200e-01
25364.4  4.103952e-01
25376.4  4.113756e-01
25388.4  4.123541e-01
25400.4  4.133205e-01
25412.4  4.142371e-01
25424.4  4.151237e-01
25436.5  4.159738e-01
25448.5  4.167794e-01
25460.5  4.175367e-01
25472.5  4.182431e-01
25484.5  4.188947e-01
25496.5  4.194913e-01
25508.5  4.200596e-01
25520.5  4.205815e-01
25532.5  4.210524e-01
25544.5  4.214737e-01
25556.6  4.218504e-01
25568.6  4.221905e-01
25580.6  4.224979e-01
25592.6  4.227739e-01
25604.6  4.230298e-01
25616.6  4.232737e-01
25628.6  4.235031e-01
25640.6  4.237285e-01
25652.6  4.239577e-01
25664.6  4.241937e-01
25676.7  4.244377e-01
25688.7  4.246974e-01
25700.7  4.250162e-01
25712.7  4.257778e-01
25724.7  4.261085e-01
25736.7  4.264692e-01
25748.7  4.268516e-01
25760.7  4.272537e-01
25772.7  4.275620e-01
25784.7  4.276920e-01
25796.7  4.281580e-01
25808.8  4.286506e-01
25820.8  4.291583e-01
25832.8  4.297167e-01
25844.8  4.302828e-01
25856.8  4.308449e-01
25868.8  4.313969e-01
25880.8  4.319348e-01
25892.8  4.324578e-01
25904.8  4.329662e-01
25916.8  4.334697e-01
25928.9  4.339378e-01
25940.9  4.343133e-01
25952.9  4.342379e-01
25964.9  4.345861e-01
25976.9  4.352437e-01
25988.9  4.356692e-01
26000.9  4.358436e-01
26012.9  4.354166e-01
26024.9  4.348825e-01
26036.9  4.343169e-01
26049.0  4.337146e-01
26061.0  4.330771e-01
26073.0  4.324063e-01
26085.0  4.317065e-01
26097.0  4.309820e-01
26109.0  4.302327e-01
26121.0  4.294635e-01
26133.0  4.284699e-01
26145.0  4.274050e-01
26157.0  4.271718e-01
26169.0  4.269475e-01
26181.1  4.272196e-01
26193.1  4.270007e-01
26205.1  4.267989e-01
26217.1  4.266210e-01
26229.1  4.264606e-01
26241.1  4.263238e-01
26253.1  4.262112e-01
26265.1  4.261235e-01
26277.1  4.260666e-01
26289.1  4.260379e-01
26301.2  4.260368e-01
26313.2  4.260557e-01
26325.2  4.260963e-01
26337.2  4.261633e-01
26349.2  4.267109e-01
26361.2  4.268694e-01
26373.2  4.270112e-01
26385.2  4.271865e-01
26397.2  4.273860e-01
26409.2  4.276058e-01
26421.3  4.278475e-01
26433.3  4.281053e-01
26445.3  4.283743e-01
26457.3  4.286532e-01
26469.3  4.289401e-01
26481.3  4.292344e-01
26493.3  4.295331e-01
26505.3  4.293098e-01
26517.3  4.290456e-01
26529.3  4.296223e-01
26541.3  4.297543e-01
26553.4  4.298375e-01
26565.4  4.299046e-01
26577.4  4.299507e-01
26589.4  4.299775e-01
26601.4  4.299253e-01
26613.4  4.293531e-01
26625.4  4.289938e-01
26637.4  4.289431e-01
26649.4  4.288708e-01
26661.4  4.287818e-01
26673.5  4.286980e-01
26685.5  4.288633e-01
26697.5  4.289628e-01
26709.5  4.288535e-01
26721.5  4.282561e-01
26733.5  4.281721e-01
26745.5  4.281002e-01
26757.5  4.280356e-01
26769.5  4.279649e-01
26781.5  4.279085e-01
26793.5  4.278734e-01
26805.6  4.278446e-01
26817.6  4.278137e-01
26829.6  4.273055e-01
26841.6  4.272569e-01
26853.6  4.272348e-01
26865.6  4.274923e-01
26877.6  4.277033e-01
26889.6  4.277132e-01
26901.6  4.277328e-01
26913.6  4.277267e-01
26925.7  4.274479e-01
26937.7  4.272441e-01
26949.7  4.272706e-01
26961.7  4.273140e-01
26973.7  4.273727e-01
26985.7  4.274401e-01
26997.7  4.281746e-01
27009.7  4.285599e-01
27021.7  4.286932e-01
27033.7  4.286870e-01
27045.8  4.292153e-01
27057.8  4.294360e-01
27069.8  4.296496e-01
27081.8  4.298523e-01
27093.8  4.300370e-01
27105.8  4.301996e-01
27117.8  4.303451e-01
27129.8  4.304707e-01
27141.8  4.300714e-01
27153.8  4.301503e-01
27165.8  4.302086e-01
27177.9  4.302471e-01
27189.9  4.302637e-01
27201.9  4.302563e-01
27213.9  4.303900e-01
27225.9  4.306076e-01
27237.9  4.301050e-01
27249.9  4.298710e-01
27261.9  4.297222e-01
27273.9  4.295584e-01
27285.9  4.293901e-01
27298.0  4.292164e-01
27310.0  4.290477e-01
27322.0  4.288851e-01
27334.0  4.285229e-01
27346.0  4.280649e-01
27358.0  4.279203e-01
27370.0  4.277852e-01
27382.0  4.276596e-01
27394.0  4.275404e-01
27406.0  4.277229e-01
27418.1  4.278180e-01
27430.1  4.277518e-01
27442.1  4.276090e-01
27454.1  4.271938e-01
27466.1  4.272042e-01
27478.1  4.272490e-01
27490.1  4.273352e-01
27502.1  4.273311e-01
27514.1  4.267691e-01
27526.1  4.259369e-01
27538.1  4.252399e-01
27550.2  4.247608e-01
27562.2  4.242018e-01
27574.2  4.233950e-01
27586.2  4.230060e-01
27598.2  4.230350e-01
27610.2  4.227900e-01
27622.2  4.221359e-01
27634.2  4.225307e-01
27646.2  4.228368e-01
27658.2  4.231689e-01
27670.3  4.230241e-01
27682.3  4.233922e-01
27694.3  4.237710e-01
27706.3  4.238231e-01
27718.3  4.239950e-01
27730.3  4.243561e-01
27742.3  4.247218e-01
27754.3  4.248684e-01
27766.3  4.249403e-01
27778.3  4.252907e-01
27790.4  4.261166e-01
27802.4  4.263349e-01
27814.4  4.262789e-01
27826.4  4.265930e-01
27838.4  4.268876e-01
27850.4  4.271426e-01
27862.4  4.269076e-01
27874.4  4.271309e-01
27886.4  4.273320e-01
27898.4  4.275092e-01
27910.4  4.271908e-01
27922.5  4.273543e-01
27934.5  4.274951e-01
27946.5  4.272857e-01
27958.5  4.272120e-01
27970.5  4.272995e-01
27982.5  4.274939e-01
27994.5  4.276893e-01
28006.5  4.274217e-01
28018.5  4.273895e-01
28030.5  4.273435e-01
28042.6  4.271629e-01
28054.6  4.267282e-01
28066.6  4.266692e-01
28078.6  4.266073e-01
28090.6  4.265145e-01
28102.6  4.259805e-01
28114.6  4.259398e-01
28126.6  4.259084e-01
28138.6  4.258838e-01
28150.6  4.253647e-01
28162.7  4.253594e-01
28174.7  4.253672e-01
28186.7  4.257057e-01
28198.7  4.254580e-01
28210.7  4.253837e-01
28222.7  4.253851e-01
28234.7  4.254003e-01
28246.7  4.254274e-01
28258.7  4.254661e-01
28270.7  4.255127e-01
28282.7  4.255711e-01
28294.8  4.256388e-01
28306.8  4.256923e-01
28318.8  4.257312e-01
28330.8  4.257760e-01
28342.8  4.258229e-01
28354.8  4.258754e-01
28366.8  4.255850e-01
28378.8  4.254794e-01
28390.8  4.255346e-01
28402.8  4.257272e-01
28414.9  4.261274e-01
28426.9  4.261816e-01
28438.9  4.262351e-01
28450.9  4.262841e-01
28462.9  4.263336e-01
28474.9  4.263804e-01
28486.9  4.264263e-01
28498.9  4.264667e-01
28510.9  4.262557e-01
28522.9  4.260160e-01
28535.0  4.257740e-01
28547.0  4.255285e-01
28559.0  4.252816e-01
28571.0  4.250343e-01
28583.0  4.247870e-01
28595.0  4.245399e-01
28607.0  4.240049e-01
28619.0  4.237236e-01
28631.0  4.235965e-01
28643.0  4.236211e-01
28655.0  4.238352e-01
28667.1  4.237202e-01
28679.1  4.236080e-01
28691.1  4.235021e-01
28703.1  4.234113e-01
28715.1  4.233630e-01
28727.1  4.233163e-01
28739.1  4.232726e-01
28751.1  4.232302e-01
28763.1  4.231889e-01
28775.1  4.231449e-01
28787.2  4.230980e-01
28799.2  4.230484e-01
28811.2  4.229883e-01
28823.2  4.229193e-01
28835.2  4.228394e-01
28847.2  4.227482e-01
28859.2  4.221787e-01
28871.2  4.220196e-01
28883.2  4.218801e-01
28895.2  4.217199e-01
28907.2  4.216056e-01
28919.3  4.215149e-01
28931.3  4.218734e-01
28943.3  4.217281e-01
28955.3  4.215515e-01
28967.3  4.213454e-01
28979.3  4.211084e-01
28991.3  4.208406e-01
29003.3  4.205116e-01
29015.3  4.200781e-01
29027.3  4.196105e-01
29039.4  4.191124e-01
29051.4  4.185826e-01
29063.4  4.180222e-01
29075.4  4.174326e-01
29087.4  4.168170e-01
29099.4  4.161762e-01
29111.4  4.150706e-01
29123.4  4.144455e-01
29135.4  4.138036e-01
29147.4  4.131481e-01
29159.5  4.124836e-01
29171.5  4.118114e-01
29183.5  4.111361e-01
29195.5  4.104627e-01
29207.5  4.096968e-01
29219.5  4.088807e-01
29231.5  4.080746e-01
29243.5  4.072823e-01
29255.5  4.065083e-01
29267.5  4.061005e-01
29279.5  4.054837e-01
29291.6  4.047805e-01
29303.6  4.040740e-01
29315.6  4.033243e-01
29327.6  4.026072e-01
29339.6  4.019240e-01
29351.6  4.012749e-01
29363.6  4.006611e-01
29375.6  3.998137e-01
29387.6  3.990605e-01
29399.6  3.985515e-01
29411.7  3.981385e-01
29423.7  3.977602e-01
29435.7  3.976833e-01
29447.7  3.975732e-01
29459.7  3.972851e-01
29471.7  3.970234e-01
29483.7  3.967859e-01
29495.7  3.965691e-01
29507.7  3.965945e-01
29519.7  3.963568e-01
29531.8  3.960382e-01
29543.8  3.957272e-01
29555.8  3.954212e-01
29567.8  3.951174e-01
29579.8  3.948133e-01
29591.8  3.945070e-01
29603.8  3.941933e-01
29615.8  3.938697e-01
29627.8  3.935349e-01
29639.8  3.931881e-01
29651.8  3.928296e-01
29663.9  3.924558e-01
29675.9  3.920641e-01
29687.9  3.916551e-01
29699.9  3.912304e-01
29711.9  3.908225e-01
29723.9  3.903985e-01
29735.9  3.899580e-01
29747.9  3.895027e-01
29759.9  3.899319e-01
29771.9  3.894577e-01
29784.0  3.889663e-01
29796.0  3.884665e-01
29808.0  3.878307e-01
29820.0  3.871261e-01
29832.0  3.864198e-01
29844.0  3.857145e-01
29856.0  3.850114e-01
29868.0  3.843157e-01
29880.0  3.836291e-01
29892.0  3.833483e-01
29904.1  3.827345e-01
29916.1  3.822409e-01
29928.1  3.817632e-01
29940.1  3.813050e-01
29952.1  3.808658e-01
29964.1  3.804469e-01
29976.1  3.800481e-01
29988.1  3.796718e-01
30000.1  3.793149e-01
30012.1  3.788129e-01
30024.1  3.785552e-01
30036.2  3.780078e-01
30048.2  3.774775e-01
30060.2  3.769718e-01
30072.2  3.769136e-01
30084.2  3.764241e-01
30096.2  3.759438e-01
30108.2  3.756448e-01
30120.2  3.754324e-01
30132.2  3.752197e-01
30144.2  3.750059e-01
30156.3  3.747859e-01
30168.3  3.745604e-01
30180.3  3.743229e-01
30192.3  3.740729e-01
30204.3  3.737477e-01
30216.3  3.732990e-01
30228.3  3.728261e-01
30240.3  3.723297e-01
30252.3  3.718055e-01
30264.3  3.712549e-01
30276.4  3.706748e-01
30288.4  3.700642e-01
30300.4  3.694342e-01
30312.4  3.690952e-01
30324.4  3.687294e-01
30336.4  3.683364e-01
30348.4  3.679177e-01
30360.4  3.674898e-01
30372.4  3.674404e-01
30384.4  3.669481e-01
30396.4  3.664382e-01
30408.5  3.660697e-01
30420.5  3.657556e-01
30432.5  3.654286e-01
30444.5  3.650954e-01
30456.5  3.647586e-01
30468.5  3.644238e-01
30480.5  3.641116e-01
30492.5  3.641443e-01
30504.5  3.637827e-01
30516.5  3.633561e-01
30528.6  3.629475e-01
30540.6  3.625572e-01
30552.6  3.621891e-01
30564.6  3.618410e-01
30576.6  3.615187e-01
30588.6  3.612200e-01
30600.6  3.609694e-01
30612.6  3.611123e-01
30624.6  3.612813e-01
30636.6  3.614741e-01
30648.7  3.616910e-01
30660.7  3.623617e-01
30672.7  3.626189e-01
30684.7  3.630813e-01
30696.7  3.635777e-01
30708.7  3.637014e-01
30720.7  3.637608e-01
30732.7  3.638143e-01
30744.7  3.638483e-01
30756.7  3.638585e-01
30768.7  3.638345e-01
30780.8  3.637682e-01
30792.8  3.636473e-01
30804.8  3.635913e-01
30816.8  3.636557e-01
30828.8  3.636221e-01
30840.8  3.634799e-01
30852.8  3.632081e-01
30864.8  3.627905e-01
30876.8  3.622053e-01
30888.8  3.614363e-01
30900.9  3.604599e-01
30912.9  3.593449e-01
30924.9  3.579741e-01
30936.9  3.566106e-01
30948.9  3.547752e-01
30960.9  3.524731e-01
30972.9  3.498120e-01
30984.9  3.467539e-01
30996.9  3.432870e-01
31008.9  3.392681e-01
31021.0  3.347526e-01
31033.0  3.297679e-01
31045.0  3.243060e-01
31057.0  3.183529e-01
31069.0  3.119022e-01
31081.0  3.049713e-01
31093.0  2.975687e-01
31105.0  2.897401e-01
31117.0  2.815282e-01
31129.0  2.729157e-01
31141.0  2.639338e-01
31153.1  2.546293e-01
31165.1  2.450593e-01
31177.1  2.352772e-01
31189.1  2.253346e-01
31201.1  2.153432e-01
31213.1  2.056502e-01
31225.1  1.957406e-01
31237.1  1.859039e-01
31249.1  1.761978e-01
31261.1  1.666717e-01
31273.2  1.573675e-01
31285.2  1.483293e-01
31297.2  1.395932e-01
31309.2  1.311485e-01
31321.2  1.230460e-01
31333.2  1.153119e-01
31345.2  1.079575e-01
31357.2  1.009859e-01
31369.2  9.439718e-02
31381.2  8.818946e-02
31393.2  8.235267e-02
31405.3  7.689042e-02
31417.3  7.178955e-02
31429.3  6.702306e-02
31441.3  6.257408e-02
31453.3  5.842785e-02
31465.3  5.456980e-02
31477.3  5.102559e-02
31489.3  4.770443e-02
31501.3  4.460396e-02
31513.3  4.172701e-02
31525.4  3.905793e-02
31537.4  3.658322e-02
31549.4  3.428861e-02
31561.4  3.215925e-02
31573.4  3.018501e-02
31585.4  2.835272e-02
31597.4  2.665396e-02
31609.4  2.507381e-02
31621.4  2.360688e-02
31633.4  2.224478e-02
31645.5  2.097894e-02
31657.5  1.980400e-02
31669.5  1.871034e-02
31681.5  1.769343e-02
31693.5  1.674528e-02
31705.5  1.586682e-02
31717.5  1.505263e-02
31729.5  1.430849e-02
31741.5  1.359884e-02
31753.5  1.293321e-02
31765.5  1.231216e-02
31777.6  1.173052e-02
31789.6  1.118596e-02
31801.6  1.067426e-02
31813.6  1.019075e-02
31825.6  9.737145e-03
31837.6  9.309077e-03
31849.6  8.906951e-03
31861.6  8.526876e-03
31873.6  8.168598e-03
31885.6  7.830305e-03
31897.7  7.509992e-03
31909.7  7.208086e-03
31921.7  6.921278e-03
31933.7  6.650859e-03
31945.7  6.394079e-03
31957.7  6.150674e-03
31969.7  5.919237e-03
31981.7  5.705011e-03
31993.7  5.495206e-03
32005.7  5.292687e-03
32017.8  5.098808e-03
32029.8  4.912084e-03
32041.8  4.732309e-03
32053.8  4.559571e-03
32065.8  4.392310e-03
32077.8  4.232471e-03
32089.8  4.077631e-03
32101.8  3.929002e-03
32113.8  3.785266e-03
32125.8  3.643724e-03
32137.8  3.508753e-03
32149.9  3.378596e-03
32161.9  3.253120e-03
32173.9  3.130009e-03
32185.9  3.009768e-03
32197.9  2.892985e-03
32209.9  2.779531e-03
32221.9  2.673617e-03
32233.9  2.566288e-03
32245.9  2.462497e-03
32257.9  2.361421e-03
32270.0  2.262778e-03
32282.0  2.167308e-03
32294.0  2.073336e-03
32306.0  1.982386e-03
32318.0  1.892530e-03
32330.0  1.804866e-03
32342.0  1.719872e-03
32354.0  1.636726e-03
32366.0  1.557627e-03
32378.0  1.480922e-03
32390.1  1.407100e-03
32402.1  1.335384e-03
32414.1  1.265858e-03
32426.1  1.199994e-03
32438.1  1.136185e-03
32450.1  1.077355e-03
32462.1  1.019273e-03
32474.1  9.632643e-04
32486.1  9.102259e-04
32498.1  8.590569e-04
32510.1  8.113808e-04
32522.2  7.649126e-04
32534.2  7.201534e-04
32546.2  6.773063e-04
32558.2  6.357159e-04
32570.2  5.972227e-04
32582.2  5.602168e-04
32594.2  5.251136e-04
32606.2  4.915447e-04
32618.2  4.597488e-04
32630.2  4.310618e-04
32642.3  4.031535e-04
32654.3  3.767614e-04
32666.3  3.516814e-04
32678.3  3.278781e-04
32690.3  3.058897e-04
32702.3  2.846302e-04
32714.3  2.648576e-04
32726.3  2.457414e-04
32738.3  2.274827e-04
32750.3  2.112033e-04
32762.4  1.953421e-04
32774.4  1.814796e-04
32786.4  1.686748e-04
32798.4  1.560750e-04
32810.4  1.448952e-04
32822.4  1.338961e-04
32834.4  1.239081e-04
32846.4  1.138358e-04
32858.4  1.040597e-04
32870.4  9.552645e-05
32882.4  8.681302e-05
32894.5  7.928590e-05
32906.5  7.208367e-05
32918.5  6.551842e-05
32930.5  6.019088e-05
32942.5  5.514190e-05
32954.5  5.121931e-05
32966.5  4.706198e-05
32978.5  4.318843e-05
32990.5  4.022908e-05
33002.5  3.694770e-05
33014.6  3.398758e-05
33026.6  3.112225e-05
33038.6  2.857828e-05
33050.6  2.653093e-05
33062.6  2.429091e-05
33074.6  2.253764e-05
33086.6  2.086202e-05
33098.6  1.931126e-05
33110.6  1.843580e-05
33122.6  1.756698e-05
33134.7  1.697046e-05
33146.7  1.623223e-05
33158.7  1.535393e-05
33170.7  1.488863e-05
33182.7  1.368721e-05
33194.7  1.265697e-05
33206.7  1.156540e-05
33218.7  1.036040e-05
33230.7  9.577514e-06
33242.7  8.868112e-06
33254.7  8.324001e-06
33266.8  8.045420e-06
33278.8  8.254288e-06
33290.8  8.828849e-06
33302.8  9.324521e-06
33314.8  9.347517e-06
33326.8  9.572014e-06
33338.8  9.164583e-06
33350.8  8.726542e-06
33362.8  7.902527e-06
33374.8  7.011885e-06
33386.9  6.167998e-06
33398.9  5.378393e-06
33410.9  5.221508e-06
33422.9  5.021265e-06
33434.9  4.943799e-06
33446.9  5.103439e-06
33458.9  5.127712e-06
33470.9  5.103375e-06
33482.9  5.137119e-06
33494.9  5.048404e-06
33506.9  4.977750e-06
33519.0  4.754944e-06
33531.0  4.604108e-06
33543.0  4.548569e-06
33555.0  4.540195e-06
33567.0  4.690508e-06
33579.0  4.831838e-06
33591.0  4.777482e-06
33603.0  4.808524e-06
33615.0  4.957159e-06
33627.0  5.089884e-06
33639.1  5.234934e-06
33651.1  5.438465e-06
33663.1  5.652145e-06
33675.1  5.719122e-06
33687.1  5.764589e-06
33699.1  5.886556e-06
33711.1  6.075747e-06
33723.1  6.472836e-06
33735.1  6.846833e-06
33747.1  6.869808e-06
33759.2  6.881312e-06
33771.2  7.315507e-06
33783.2  7.826742e-06
33795.2  8.399338e-06
33807.2  8.593314e-06
33819.2  8.636205e-06
33831.2  9.052384e-06
33843.2  9.470780e-06
33855.2  9.934569e-06
33867.2  1.027483e-05
33879.2  1.024997e-05
33891.3  1.008817e-05
33903.3  1.007283e-05
33915.3  1.046613e-05
33927.3  1.120048e-05
33939.3  1.172341e-05
33951.3  1.208921e-05
33963.3  1.265053e-05
33975.3  1.369294e-05
33987.3  1.489532e-05
33999.3  1.606375e-05
34011.4  1.691234e-05
34023.4  1.735209e-05
34035.4  1.798663e-05
34047.4  1.860566e-05
34059.4  1.864632e-05
34071.4  1.843231e-05
34083.4  1.874694e-05
34095.4  1.921328e-05
34107.4  1.925353e-05
34119.4  1.964455e-05
34131.5  2.036780e-05
34143.5  2.087050e-05
34155.5  2.138520e-05
34167.5  2.197549e-05
34179.5  2.223206e-05
34191.5  2.282550e-05
34203.5  2.351699e-05
34215.5  2.354615e-05
34227.5  2.332244e-05
34239.5  2.339220e-05
34251.5  2.403331e-05
34263.6  2.453606e-05
34275.6  2.428066e-05
34287.6  2.346990e-05
34299.6  2.257819e-05
34311.6  2.210809e-05
34323.6  2.200125e-05
34335.6  2.158156e-05
34347.6  2.092423e-05
34359.6  2.059516e-05
34371.6  2.053810e-05
34383.7  2.082280e-05
34395.7  2.140059e-05
34407.7  2.168773e-05
34419.7  2.204313e-05
34431.7  2.251472e-05
34443.7  2.318196e-05
34455.7  2.359002e-05
34467.7  2.352140e-05
34479.7  2.362136e-05
34491.7  2.375233e-05
34503.8  2.353308e-05
34515.8  2.366444e-05
34527.8  2.325466e-05
34539.8  2.230106e-05
34551.8  2.184481e-05
34563.8  2.137169e-05
34575.8  2.050592e-05
34587.8  1.989442e-05
34599.8  1.935770e-05
34611.8  1.888414e-05
34623.8  1.914362e-05
34635.9  1.923444e-05
34647.9  1.975077e-05
34659.9  2.077952e-05
34671.9  2.160464e-05
34683.9  2.235987e-05
34695.9  2.275950e-05
34707.9  2.274503e-05
34719.9  2.241035e-05
34731.9  2.190378e-05
34743.9  2.110224e-05
34756.0  2.008623e-05
34768.0  1.882265e-05
34780.0  1.773152e-05
34792.0  1.669550e-05
34804.0  1.532997e-05
34816.0  1.465766e-05
34828.0  1.410793e-05
34840.0  1.352723e-05
34852.0  1.351688e-05
34864.0  1.295067e-05
34876.1  1.218003e-05
34888.1  1.199116e-05
34900.1  1.143496e-05
34912.1  1.118753e-05
34924.1  1.154265e-05
34936.1  1.128014e-05
34948.1  1.147822e-05
34960.1  1.253853e-05
34972.1  1.321383e-05
34984.1  1.420551e-05
34996.1  1.512152e-05
35008.2  1.482094e-05
35020.2  1.466684e-05
35032.2  1.473766e-05
35044.2  1.417768e-05
35056.2  1.422302e-05
35068.2  1.427501e-05
35080.2  1.409582e-05
35092.2  1.495608e-05
35104.2  1.571634e-05
35116.2  1.611921e-05
35128.3  1.662355e-05
35140.3  1.642114e-05
35152.3  1.622321e-05
35164.3  1.636351e-05
35176.3  1.568287e-05
35188.3  1.467981e-05
35200.3  1.435763e-05
35212.3  1.384802e-05
35224.3  1.408337e-05
35236.3  1.461406e-05
35248.4  1.467908e-05
35260.4  1.526446e-05
35272.4  1.572678e-05
35284.4  1.569817e-05
35296.4  1.613415e-05
35308.4  1.633371e-05
35320.4  1.572656e-05
35332.4  1.562038e-05
35344.4  1.509459e-05
35356.4  1.443052e-05
35368.4  1.493254e-05
35380.5  1.564255e-05
35392.5  1.678731e-05
35404.5  1.878087e-05
35416.5  1.993026e-05
35428.5  2.089568e-05
35440.5  2.247373e-05
35452.5  2.325158e-05
35464.5  2.402315e-05
35476.5  2.505416e-05
35488.5  2.456168e-05
35500.6  2.393435e-05
35512.6  2.406879e-05
35524.6  2.348681e-05
35536.6  2.305890e-05
35548.6  2.293149e-05
35560.6  2.207691e-05
35572.6  2.203385e-05
35584.6  2.222818e-05
35596.6  2.152324e-05
35608.6  2.165634e-05
35620.6  2.205565e-05
35632.7  2.208923e-05
35644.7  2.310420e-05
35656.7  2.365284e-05
35668.7  2.280076e-05
35680.7  2.230245e-05
35692.7  2.149914e-05
35704.7  2.030483e-05
35716.7  2.019505e-05
35728.7  1.960858e-05
35740.7  1.832031e-05
35752.8  1.803609e-05
35764.8  1.778517e-05
35776.8  1.764395e-05
35788.8  1.840032e-05
35800.8  1.834496e-05
35812.8  1.787765e-05
35824.8  1.820901e-05
35836.8  1.760659e-05
35848.8  1.649873e-05
35860.8  1.615617e-05
35872.9  1.555810e-05
35884.9  1.513263e-05
35896.9  1.621351e-05
35908.9  1.689101e-05
35920.9  1.702035e-05
35932.9  1.811025e-05
35944.9  1.880109e-05
35956.9  1.923489e-05
35968.9  2.060548e-05
35980.9  2.122164e-05
35992.9  2.110558e-05
36005.0  2.202257e-05
36017.0  2.265903e-05
36029.0  2.325884e-05
36041.0  2.461691e-05
36053.0  2.534678e-05
36065.0  2.579193e-05
36077.0  2.716675e-05
36089.0  2.773699e-05
36101.0  2.747273e-05
36113.0  2.795073e-05
36125.1  2.827344e-05
36137.1  2.877997e-05
36149.1  3.020308e-05
36161.1  3.077660e-05
36173.1  3.092251e-05
36185.1  3.224279e-05
36197.1  3.348011e-05
36209.1  3.449433e-05
36221.1  3.601693e-05
36233.1  3.658156e-05
36245.2  3.680501e-05
36257.2  3.837027e-05
36269.2  3.961559e-05
36281.2  4.054019e-05
36293.2  4.214607e-05
36305.2  4.303340e-05
36317.2  4.315770e-05
36329.2  4.406602e-05
36341.2  4.460805e-05
36353.2  4.428517e-05
36365.2  4.489006e-05
36377.3  4.512043e-05
36389.3  4.452263e-05
36401.3  4.506073e-05
36413.3  4.572399e-05
36425.3  4.565662e-05
36437.3  4.652860e-05
36449.3  4.738933e-05
36461.3  4.748321e-05
36473.3  4.862349e-05
36485.3  4.988572e-05
36497.4  5.014279e-05
36509.4  5.069819e-05
36521.4  5.143189e-05
36533.4  5.109233e-05
36545.4  5.111369e-05
36557.4  5.189893e-05
36569.4  5.155671e-05
36581.4  5.133102e-05
36593.4  5.166461e-05
36605.4  5.105411e-05
36617.5  5.087415e-05
36629.5  5.153472e-05
36641.5  5.105307e-05
36653.5  5.019475e-05
36665.5  4.972124e-05
36677.5  4.875892e-05
36689.5  4.793451e-05
36701.5  4.830416e-05
36713.5  4.829039e-05
36725.5  4.764823e-05
36737.5  4.798736e-05
36749.6  4.779199e-05
36761.6  4.675956e-05
36773.6  4.653671e-05
36785.6  4.586443e-05
36797.6  4.458665e-05
36809.6  4.408240e-05
36821.6  4.338037e-05
36833.6  4.197948e-05
36845.6  4.117312e-05
36857.6  4.091914e-05
36869.7  3.979657e-05
36881.7  3.891464e-05
36893.7  3.846608e-05
36905.7  3.707954e-05
36917.7  3.655034e-05
36929.7  3.703978e-05
36941.7  3.658043e-05
36953.7  3.624731e-05
36965.7  3.672169e-05
36977.7  3.671740e-05
36989.8  3.623634e-05
37001.8  3.631135e-05
37013.8  3.572642e-05
37025.8  3.422936e-05
37037.8  3.398996e-05
37049.8  3.327791e-05
37061.8  3.137257e-05
37073.8  3.077905e-05
37085.8  3.077498e-05
37097.8  3.025881e-05
37109.8  2.988428e-05
37121.9  2.949187e-05
37133.9  2.799163e-05
37145.9  2.688088e-05
37157.9  2.760966e-05
37169.9  2.742613e-05
37181.9  2.711810e-05
37193.9  2.793771e-05
37205.9  2.819168e-05
37217.9  2.838722e-05
37229.9  2.934978e-05
37242.0  3.013664e-05
37254.0  2.951523e-05
37266.0  2.914216e-05
37278.0  2.882291e-05
37290.0  2.708871e-05
37302.0  2.628300e-05
37314.0  2.612637e-05
37326.0  2.527490e-05
37338.0  2.458935e-05
37350.0  2.457216e-05
37362.1  2.419476e-05
37374.1  2.333388e-05
37386.1  2.379975e-05
37398.1  2.406873e-05
37410.1  2.358604e-05
37422.1  2.380949e-05
37434.1  2.369938e-05
37446.1  2.330613e-05
37458.1  2.377989e-05
37470.1  2.496868e-05
37482.1  2.503140e-05
37494.2  2.468851e-05
37506.2  2.521477e-05
37518.2  2.450753e-05
37530.2  2.363223e-05
37542.2  2.308716e-05
37554.2  2.174834e-05
37566.2  1.986188e-05
37578.2  1.885307e-05
37590.2  1.826970e-05
37602.2  1.670277e-05
37614.3  1.626581e-05
37626.3  1.681069e-05
37638.3  1.669988e-05
37650.3  1.680553e-05
37662.3  1.721742e-05
37674.3  1.717782e-05
37686.3  1.688650e-05
37698.3  1.793169e-05
37710.3  1.895947e-05
37722.3  1.893190e-05
37734.3  1.958587e-05
37746.4  2.025427e-05
37758.4  2.034301e-05
37770.4  2.051200e-05
37782.4  2.108602e-05
37794.4  2.050506e-05
37806.4  1.968681e-05
37818.4  1.998083e-05
37830.4  1.969621e-05
37842.4  1.893651e-05
37854.4  1.854221e-05
37866.5  1.823407e-05
37878.5  1.740163e-05
37890.5  1.764818e-05
37902.5  1.873026e-05
37914.5  1.862289e-05
37926.5  1.867081e-05
37938.5  1.931481e-05
37950.5  1.984010e-05
37962.5  2.000705e-05
37974.5  2.125414e-05
37986.6  2.237964e-05
37998.6  2.221154e-05
38010.6  2.280480e-05
38022.6  2.395226e-05
38034.6  2.498291e-05
38046.6  2.581191e-05
38058.6  2.685155e-05
38070.6  2.620144e-05
38082.6  2.440271e-05
38094.6  2.359550e-05
38106.6  2.326252e-05
38118.7  2.281762e-05
38130.7  2.277076e-05
38142.7  2.350144e-05
38154.7  2.317052e-05
38166.7  2.314065e-05
38178.7  2.412311e-05
38190.7  2.470942e-05
38202.7  2.445407e-05
38214.7  2.419719e-05
38226.7  2.418156e-05
38238.8  2.317933e-05
38250.8  2.339145e-05
38262.8  2.430966e-05
38274.8  2.443569e-05
38286.8  2.403916e-05
38298.8  2.411815e-05
38310.8  2.428649e-05
38322.8  2.351505e-05
38334.8  2.369666e-05
38346.8  2.416175e-05
38358.9  2.425679e-05
38370.9  2.438531e-05
38382.9  2.510409e-05
38394.9  2.493927e-05
38406.9  2.392832e-05
38418.9  2.352728e-05
38430.9  2.276392e-05
38442.9  2.119593e-05
38454.9  1.960788e-05
38466.9  1.890185e-05
38478.9  1.745406e-05
38491.0  1.633544e-05
38503.0  1.570759e-05
38515.0  1.509460e-05
38527.0  1.419451e-05
38539.0  1.378156e-05
38551.0  1.384946e-05
38563.0  1.290898e-05
38575.0  1.239097e-05
38587.0  1.230882e-05
38599.0  1.236029e-05
38611.1  1.183040e-05
38623.1  1.163372e-05
38635.1  1.151858e-05
38647.1  1.090416e-05
38659.1  1.058976e-05
38671.1  1.070602e-05
38683.1  1.071249e-05
38695.1  1.015843e-05
38707.1  9.923561e-06
38719.1  9.664358e-06
38731.2  9.194134e-06
38743.2  8.898112e-06
38755.2  9.177500e-06
38767.2  9.280286e-06
38779.2  9.098611e-06
38791.2  9.383199e-06
38803.2  9.848455e-06
38815.2  1.007171e-05
38827.2  1.021886e-05
38839.2  1.079144e-05
38851.2  1.111040e-05
38863.3  1.117343e-05
38875.3  1.143198e-05
38887.3  1.172352e-05
38899.3  1.170250e-05
38911.3  1.191220e-05
38923.3  1.236495e-05
38935.3  1.240963e-05
38947.3  1.212598e-05
38959.3  1.210968e-05
38971.3  1.209175e-05
38983.4  1.162487e-05
38995.4  1.108494e-05
39007.4  1.066960e-05
39019.4  1.042439e-05
39031.4  1.001345e-05
39043.4  1.018464e-05
39055.4  1.063989e-05
39067.4  1.073317e-05
39079.4  1.097855e-05
39091.4  1.177308e-05
39103.5  1.252856e-05
39115.5  1.268416e-05
39127.5  1.306185e-05
39139.5  1.333389e-05
39151.5  1.295392e-05
39163.5  1.278679e-05
39175.5  1.308565e-05
39187.5  1.292178e-05
39199.5  1.224069e-05
39211.5  1.181834e-05
39223.5  1.186617e-05
39235.6  1.172252e-05
39247.6  1.176980e-05
39259.6  1.209239e-05
39271.6  1.235663e-05
39283.6  1.212889e-05
39295.6  1.217795e-05
39307.6  1.241669e-05
39319.6  1.226933e-05
39331.6  1.189292e-05
39343.6  1.174260e-05
39355.7  1.169982e-05
39367.7  1.121874e-05
39379.7  1.127544e-05
39391.7  1.148519e-05
39403.7  1.161387e-05
39415.7  1.144070e-05
39427.7  1.147558e-05
39439.7  1.155674e-05
39451.7  1.130835e-05
39463.7  1.099351e-05
39475.8  1.086980e-05
39487.8  1.027105e-05
39499.8  9.544238e-06
39511.8  8.985200e-06
39523.8  8.741950e-06
39535.8  8.505694e-06
39547.8  8.182989e-06
39559.8  8.186172e-06
39571.8  8.271640e-06
39583.8  8.492203e-06
39595.8  8.839835e-06
39607.9  9.431730e-06
39619.9  9.451154e-06
39631.9  9.092623e-06
39643.9  9.006209e-06
39655.9  9.009876e-06
39667.9  8.673819e-06
39679.9  8.382929e-06
39691.9  8.222892e-06
39703.9  8.055648e-06
39715.9  7.534659e-06
39728.0  7.187648e-06
39740.0  7.035410e-06
39752.0  6.936319e-06
39764.0  6.722938e-06
39776.0  6.708441e-06
39788.0  6.952215e-06
39800.0  7.155452e-06
39812.0  7.499854e-06
39824.0  7.981540e-06
39836.0  8.181555e-06
39848.0  8.034266e-06
39860.1  7.942110e-06
39872.1  8.321978e-06
39884.1  8.356076e-06
39896.1  7.981005e-06
39908.1  7.945429e-06
39920.1  8.217832e-06
39932.1  8.297137e-06
39944.1  8.375502e-06
39956.1  8.563074e-06
39968.1  8.506508e-06
39980.2  7.857206e-06
39992.2  7.562822e-06
40004.2  7.663817e-06
40016.2  7.854506e-06
40028.2  7.992145e-06
40040.2  8.140778e-06
40052.2  8.244760e-06
40064.2  8.028023e-06
40076.2  8.097451e-06
40088.2  8.069392e-06
40100.3  7.664961e-06
40112.3  6.653703e-06
40124.3  5.813298e-06
40136.3  5.448589e-06
40148.3  5.171949e-06
40160.3  4.647135e-06
40172.3  4.147326e-06
40184.3  3.901964e-06
40196.3  3.836436e-06
40208.3  3.752145e-06
40220.3  3.646677e-06
40232.4  3.544579e-06
40244.4  3.168111e-06
40256.4  3.025128e-06
40268.4  3.178815e-06
40280.4  3.553018e-06
40292.4  3.595112e-06
40304.4  3.381248e-06
40316.4  3.213982e-06
40328.4  2.787883e-06
40340.4  2.578818e-06
40352.5  2.511897e-06
40364.5  2.474041e-06
40376.5  2.187735e-06
40388.5  2.143950e-06
40400.5  2.633581e-06
40412.5  3.284457e-06
40424.5  3.822949e-06
40436.5  4.173067e-06
40448.5  4.591114e-06
40460.5  4.959307e-06
40472.6  4.992486e-06
40484.6  4.730614e-06
40496.6  4.227366e-06
40508.6  3.518620e-06
40520.6  2.811449e-06
40532.6  2.327787e-06
40544.6  1.827779e-06
40556.6  1.596087e-06
40568.6  1.547975e-06
40580.6  1.771008e-06
40592.6  2.231281e-06
40604.7  2.659003e-06
40616.7  3.044003e-06
40628.7  3.453999e-06
40640.7  4.077981e-06
40652.7  4.192826e-06
40664.7  3.966481e-06
40676.7  3.608787e-06
40688.7  3.398548e-06
40700.7  3.177395e-06
40712.7  2.912444e-06
40724.8  2.563062e-06
40736.8  1.996671e-06
40748.8  1.574692e-06
40760.8  1.483614e-06
40772.8  1.769678e-06
40784.8  1.935302e-06
40796.8  2.041894e-06
40808.8  2.233137e-06
40820.8  2.592981e-06
40832.8  2.901709e-06
40844.9  3.030073e-06
40856.9  3.094926e-06
40868.9  3.151475e-06
40880.9  3.073191e-06
40892.9  2.933092e-06
40904.9  2.789390e-06
40916.9  2.719358e-06
40928.9  2.588230e-06
40940.9  2.326179e-06
40952.9  2.078250e-06
40964.9  1.603206e-06
40977.0  1.098029e-06
40989.0  8.710941e-07
41001.0  8.900505e-07
41013.0  1.279909e-06
41025.0  1.501037e-06
41037.0  1.850047e-06
41049.0  2.186774e-06
41061.0  2.796205e-06
41073.0  3.194809e-06
41085.0  3.336984e-06
41097.1  3.202708e-06
41109.1  2.605779e-06
41121.1  2.054382e-06
41133.1  1.699983e-06
41145.1  1.363832e-06
41157.1  7.543946e-07
41169.1  3.555805e-07
41181.1  2.079773e-07
41193.1  1.508227e-07
41205.1  8.173900e-09
41217.2  5.426784e-09
41229.2  5.426740e-09
41241.2  5.426690e-09
41253.2  5.426632e-09
41265.2  5.426568e-09
41277.2  5.762459e-09
41289.2  9.567798e-08
41301.2  9.939602e-08
41313.2  9.938229e-08
41325.2  9.936837e-08
41337.2  9.935427e-08
41349.3  1.026728e-07
41361.3  1.720786e-07
41373.3  3.151150e-07
41385.3  5.233245e-07
41397.3  5.640969e-07
41409.3  5.693562e-07
41421.3  5.695529e-07
41433.3  5.695904e-07
41445.3  5.662949e-07
41457.3  4.969203e-07
41469.4  3.535467e-07
41481.4  5.547936e-08
41493.4  1.084243e-08
41505.4  5.586333e-09
41517.4  5.428163e-09
41529.4  6.088538e-09
41541.4  1.330447e-08
41553.4  1.355983e-08
41565.4  1.355870e-08
41577.4  1.456932e-08
41589.5  2.179551e-07
41601.5  3.151144e-07
41613.5  3.520488e-07
41625.5  3.619711e-07
41637.5  3.549666e-07
41649.5  3.546756e-07
41661.5  3.546398e-07
41673.5  3.535894e-07
41685.5  1.500958e-07
41697.5  5.292068e-08
41709.5  1.628126e-08
41721.6  5.673677e-09
41733.6  5.424542e-09
41745.6  5.423833e-09
41757.6  5.423104e-09
41769.6  3.810451e-08
41781.6  2.916032e-07
41793.6  3.811142e-07
41805.6  3.815538e-07
41817.6  3.814948e-07
41829.6  3.814344e-07
41841.7  3.813725e-07
41853.7  3.813091e-07
41865.7  3.512833e-07
41877.7  2.756929e-07
41889.7  2.968253e-07
41901.7  4.027031e-07
41913.7  5.416270e-07
41925.7  7.874896e-07
41937.7  7.909186e-07
41949.7  7.909618e-07
41961.7  7.881839e-07
41973.8  6.351242e-07
41985.8  5.313114e-07
41997.8  4.251027e-07
42009.8  3.049967e-07
42021.8  1.700524e-07
42033.8  2.381934e-07
42045.8  2.383914e-07
42057.8  2.537374e-07
42069.8  4.226101e-07
42081.8  8.298468e-07
42093.9  1.149205e-06
42105.9  1.546248e-06
42117.9  2.333218e-06
42129.9  3.097325e-06
42141.9  3.303512e-06
42153.9  3.386853e-06
42165.9  3.327515e-06
42177.9  3.028162e-06
42189.9  2.780817e-06
42201.9  2.403851e-06
42214.0  1.665851e-06
42226.0  1.005344e-06
42238.0  8.884277e-07
42250.0  8.192809e-07
42262.0  7.746334e-07
42274.0  8.453879e-07
42286.0  8.660301e-07
42298.0  9.264073e-07
42310.0  8.885322e-07
42322.0  8.343567e-07
42334.0  7.454383e-07
42346.1  7.148627e-07
42358.1  6.254378e-07
42370.1  5.441169e-07
42382.1  6.055834e-07
42394.1  6.200681e-07
42406.1  7.837736e-07
42418.1  1.171338e-06
42430.1  1.500885e-06
42442.1  1.621889e-06
42454.1  1.826208e-06
42466.2  2.089978e-06
42478.2  2.336750e-06
42490.2  2.225033e-06
42502.2  1.939651e-06
42514.2  1.432210e-06
42526.2  1.130115e-06
42538.2  1.116022e-06
42550.2  1.045767e-06
42562.2  1.016808e-06
42574.2  7.791413e-07
42586.3  7.994808e-07
42598.3  7.995208e-07
42610.3  8.091375e-07
42622.3  8.983224e-07
42634.3  8.301285e-07
42646.3  6.959305e-07
42658.3  3.590014e-07
42670.3  1.982888e-07
42682.3  1.750372e-07
42694.3  1.744085e-07
42706.3  1.632206e-07
42718.4  9.740137e-08
42730.4  1.606964e-07
42742.4  2.016439e-07
42754.4  2.028034e-07
42766.4  2.254015e-07
42778.4  4.864837e-07
42790.4  5.672922e-07
42802.4  6.634193e-07
42814.4  1.005515e-06
42826.4  1.475767e-06
42838.5  1.564062e-06
42850.5  1.619883e-06
42862.5  1.753645e-06
42874.5  1.775707e-06
42886.5  1.805519e-06
42898.5  1.712712e-06
42910.5  1.332754e-06
42922.5  1.143754e-06
42934.5  1.649849e-06
42946.5  1.963872e-06
42958.6  2.125238e-06
42970.6  2.342191e-06
42982.6  2.568771e-06
42994.6  2.790360e-06
43006.6  2.886258e-06
43018.6  2.791533e-06
43030.6  2.673304e-06
43042.6  2.917854e-06
43054.6  2.648974e-06
43066.6  2.184123e-06
43078.6  2.377827e-06
43090.7  2.420677e-06
43102.7  2.536404e-06
43114.7  2.471387e-06
43126.7  2.215081e-06
43138.7  1.629758e-06
43150.7  1.584165e-06
43162.7  1.546861e-06
43174.7  1.023637e-06
43186.7  1.068085e-06
43198.7  9.350727e-07
43210.8  8.105165e-07
43222.8  8.606346e-07
43234.8  1.355551e-06
43246.8  1.709630e-06
43258.8  1.808015e-06
43270.8  1.834269e-06
43282.8  1.876734e-06
43294.8  2.175161e-06
43306.8  2.067827e-06
43318.8  1.762124e-06
43330.9  1.435384e-06
43342.9  1.480720e-06
43354.9  1.820006e-06
43366.9  2.066835e-06
43378.9  2.228200e-06
43390.9  2.565450e-06
43402.9  3.260591e-06
43414.9  3.661020e-06
43426.9  3.900302e-06
43438.9  4.538074e-06
43450.9  5.311856e-06
43463.0  6.208268e-06
43475.0  6.629164e-06
43487.0  6.993150e-06
43499.0  7.433251e-06
43511.0  7.726066e-06
43523.0  7.714860e-06
43535.0  7.096108e-06
43547.0  6.648430e-06
43559.0  6.045796e-06
43571.0  5.364856e-06
43583.1  4.496805e-06
43595.1  3.745341e-06
43607.1  3.674335e-06
43619.1  3.642771e-06
43631.1  3.500391e-06
43643.1  2.971640e-06
43655.1  2.832960e-06
43667.1  3.192604e-06
43679.1  3.386839e-06
43691.1  3.426037e-06
43703.2  3.188435e-06
43715.2  3.443269e-06
43727.2  3.269839e-06
43739.2  3.123013e-06
43751.2  3.065744e-06
43763.2  3.227702e-06
43775.2  3.867501e-06
43787.2  3.995220e-06
43799.2  4.222569e-06
43811.2  4.285736e-06
43823.2  4.762581e-06
43835.3  4.793838e-06
43847.3  4.467939e-06
43859.3  3.895011e-06
43871.3  3.124079e-06
43883.3  2.747825e-06
43895.3  2.197596e-06
43907.3  1.635229e-06
43919.3  1.793394e-06
43931.3  2.234940e-06
43943.3  2.360652e-06
43955.4  2.208200e-06
43967.4  2.116219e-06
43979.4  2.465721e-06
43991.4  2.759874e-06
44003.4  2.829187e-06
44015.4  2.427021e-06
44027.4  2.506354e-06
44039.4  3.149166e-06
44051.4  3.594106e-06
44063.4  3.764658e-06
44075.4  3.672473e-06
44087.5  4.007201e-06
44099.5  4.369717e-06
44111.5  4.605010e-06
44123.5  4.726789e-06
44135.5  4.901530e-06
44147.5  5.367761e-06
44159.5  5.696589e-06
44171.5  5.983553e-06
44183.5  6.208199e-06
44195.5  6.604747e-06
44207.6  6.730551e-06
44219.6  6.409733e-06
44231.6  5.943807e-06
44243.6  5.771281e-06
44255.6  6.068603e-06
44267.6  5.971643e-06
44279.6  5.531821e-06
44291.6  5.360010e-06
44303.6  5.632827e-06
44315.6  6.132701e-06
44327.7  6.091780e-06
44339.7  5.782179e-06
44351.7  5.615454e-06
44363.7  5.777956e-06
44375.7  6.113768e-06
44387.7  6.146285e-06
44399.7  6.289767e-06
44411.7  6.871752e-06
44423.7  7.860938e-06
44435.7  8.855183e-06
44447.7  9.515986e-06
44459.8  1.057610e-05
44471.8  1.146944e-05
44483.8  1.180823e-05
44495.8  1.174822e-05
44507.8  1.138169e-05
44519.8  1.169681e-05
44531.8  1.224881e-05
44543.8  1.274266e-05
44555.8  1.280851e-05
44567.8  1.298771e-05
44579.9  1.384929e-05
44591.9  1.390054e-05
44603.9  1.342512e-05
44615.9  1.243245e-05
44627.9  1.129557e-05
44639.9  1.021557e-05
44651.9  8.745609e-06
44663.9  7.294589e-06
44675.9  6.190426e-06
44687.9  6.280108e-06
44700.0  6.878781e-06
44712.0  6.766267e-06
44724.0  6.551474e-06
44736.0  6.519848e-06
44748.0  6.963557e-06
44760.0  7.236287e-06
44772.0  6.818742e-06
44784.0  6.360437e-06
44796.0  6.272617e-06
44808.0  6.821095e-06
44820.0  7.214841e-06
44832.1  7.337103e-06
44844.1  7.906145e-06
44856.1  9.013079e-06
44868.1  1.010299e-05
44880.1  1.052071e-05
44892.1  1.022432e-05
44904.1  1.016270e-05
44916.1  1.038846e-05
44928.1  1.059091e-05
44940.1  1.039430e-05
44952.2  9.990811e-06
44964.2  1.022926e-05
44976.2  1.081139e-05
44988.2  1.132685e-05
45000.2  1.159422e-05
45012.2  1.184421e-05
45024.2  1.244236e-05
45036.2  1.263849e-05
45048.2  1.234533e-05
45060.2  1.169537e-05
45072.3  1.126563e-05
45084.3  1.142407e-05
45096.3  1.130626e-05
45108.3  1.089130e-05
45120.3  1.046061e-05
45132.3  1.058435e-05
45144.3  1.123173e-05
45156.3  1.147629e-05
45168.3  1.146042e-05
45180.3  1.148161e-05
45192.3  1.188152e-05
45204.4  1.248934e-05
45216.4  1.228756e-05
45228.4  1.168174e-05
45240.4  1.106684e-05
45252.4  1.082981e-05
45264.4  1.067756e-05
45276.4  1.004416e-05
45288.4  9.338830e-06
45300.4  9.016102e-06
45312.4  9.211146e-06
45324.5  9.397359e-06
45336.5  9.139628e-06
45348.5  8.824811e-06
45360.5  8.837863e-06
45372.5  8.767134e-06
45384.5  8.389442e-06
45396.5  7.609523e-06
45408.5  7.124036e-06
45420.5  7.616005e-06
45432.5  8.469519e-06
45444.6  9.263900e-06
45456.6  9.755808e-06
45468.6  1.069816e-05
45480.6  1.234184e-05
45492.6  1.377992e-05
45504.6  1.470520e-05
45516.6  1.465489e-05
45528.6  1.441338e-05
45540.6  1.423252e-05
45552.6  1.363662e-05
45564.6  1.260164e-05
45576.7  1.137803e-05
45588.7  1.072964e-05
45600.7  1.085195e-05
45612.7  1.128474e-05
45624.7  1.190944e-05
45636.7  1.297662e-05
45648.7  1.468921e-05
45660.7  1.659537e-05
45672.7  1.759205e-05
45684.7  1.773821e-05
45696.8  1.749442e-05
45708.8  1.718238e-05
45720.8  1.676516e-05
45732.8  1.550204e-05
45744.8  1.371777e-05
45756.8  1.216198e-05
45768.8  1.136015e-05
45780.8  1.096248e-05
45792.8  1.033987e-05
45804.8  9.593927e-06
45816.9  9.325664e-06
45828.9  9.844275e-06
45840.9  1.066392e-05
45852.9  1.132872e-05
45864.9  1.192675e-05
45876.9  1.305514e-05
45888.9  1.459484e-05
45900.9  1.588031e-05
45912.9  1.627328e-05
45924.9  1.584724e-05
45936.9  1.534171e-05
45949.0  1.469983e-05
45961.0  1.365434e-05
45973.0  1.204645e-05
45985.0  1.029876e-05
45997.0  9.207955e-06
46009.0  8.958387e-06
46021.0  8.981119e-06
46033.0  9.120502e-06
46045.0  9.734861e-06
46057.0  1.108179e-05
46069.1  1.293615e-05
46081.1  1.425053e-05
46093.1  1.500186e-05
46105.1  1.539883e-05
46117.1  1.597373e-05
46129.1  1.652980e-05
46141.1  1.628535e-05
46153.1  1.535034e-05
46165.1  1.411263e-05
46177.1  1.338119e-05
46189.1  1.303625e-05
46201.2  1.273483e-05
46213.2  1.246508e-05
46225.2  1.253927e-05
46237.2  1.326036e-05
46249.2  1.395553e-05
46261.2  1.404639e-05
46273.2  1.352953e-05
46285.2  1.300320e-05
46297.2  1.266136e-05
46309.2  1.226026e-05
46321.3  1.149919e-05
46333.3  1.053579e-05
46345.3  1.013827e-05
46357.3  1.064666e-05
46369.3  1.143926e-05
46381.3  1.192539e-05
46393.3  1.215837e-05
46405.3  1.257357e-05
46417.3  1.342999e-05
46429.3  1.414412e-05
46441.4  1.433352e-05
46453.4  1.393116e-05
46465.4  1.364751e-05
46477.4  1.371082e-05
46489.4  1.368887e-05
46501.4  1.321386e-05
46513.4  1.231011e-05
46525.4  1.162466e-05
46537.4  1.136125e-05
46549.4  1.122966e-05
46561.4  1.077821e-05
46573.5  1.004110e-05
46585.5  9.420309e-06
46597.5  9.025206e-06
46609.5  8.525649e-06
46621.5  7.543218e-06
46633.5  6.379628e-06
46645.5  5.667632e-06
46657.5  5.830847e-06
46669.5  6.366393e-06
46681.5  6.713210e-06
46693.6  6.943023e-06
46705.6  7.586440e-06
46717.6  8.905999e-06
46729.6  1.031484e-05
46741.6  1.124888e-05
46753.6  1.153793e-05
46765.6  1.178477e-05
46777.6  1.251892e-05
46789.6  1.316507e-05
46801.6  1.324780e-05
46813.7  1.275817e-05
46825.7  1.228875e-05
46837.7  1.232237e-05
46849.7  1.256466e-05
46861.7  1.249510e-05
46873.7  1.194492e-05
46885.7  1.159677e-05
46897.7  1.176186e-05
46909.7  1.224460e-05
46921.7  1.240572e-05
46933.7  1.203087e-05
46945.8  1.154517e-05
46957.8  1.139251e-05
46969.8  1.161641e-05
46981.8  1.168670e-05
46993.8  1.141402e-05
47005.8  1.122444e-05
47017.8  1.139181e-05
47029.8  1.178199e-05
47041.8  1.172906e-05
47053.8  1.103613e-05
47065.9  1.018330e-05
47077.9  9.650462e-06
47089.9  9.375411e-06
47101.9  8.723442e-06
47113.9  7.735922e-06
47125.9  6.704481e-06
47137.9  6.375194e-06
47149.9  6.649037e-06
47161.9  7.050396e-06
47173.9  7.145126e-06
47186.0  7.008477e-06
47198.0  7.384565e-06
47210.0  8.185425e-06
47222.0  8.977207e-06
47234.0  9.512397e-06
47246.0  9.753889e-06
47258.0  1.013749e-05
47270.0  1.112516e-05
47282.0  1.203158e-05
47294.0  1.252897e-05
47306.0  1.259232e-05
47318.1  1.273258e-05
47330.1  1.343470e-05
47342.1  1.436347e-05
47354.1  1.495246e-05
47366.1  1.480348e-05
47378.1  1.454290e-05
47390.1  1.452088e-05
47402.1  1.468442e-05
47414.1  1.444338e-05
47426.1  1.355552e-05
47438.2  1.247751e-05
47450.2  1.160230e-05
47462.2  1.138507e-05
47474.2  1.127123e-05
47486.2  1.099587e-05
47498.2  1.091451e-05
47510.2  1.127111e-05
47522.2  1.204042e-05
47534.2  1.285566e-05
47546.2  1.313713e-05
47558.3  1.291516e-05
47570.3  1.272814e-05
47582.3  1.256215e-05
47594.3  1.220595e-05
47606.3  1.120376e-05
47618.3  9.888211e-06
47630.3  8.687623e-06
47642.3  7.905166e-06
47654.3  7.326861e-06
47666.3  6.898970e-06
47678.3  6.366235e-06
47690.4  6.018607e-06
47702.4  6.476829e-06
47714.4  7.010236e-06
47726.4  7.391374e-06
47738.4  7.323421e-06
47750.4  7.073401e-06
47762.4  7.128518e-06
47774.4  7.766165e-06
47786.4  8.439283e-06
47798.4  8.656353e-06
47810.5  8.616661e-06
47822.5  8.677887e-06
47834.5  9.259246e-06
47846.5  9.905787e-06
47858.5  1.009675e-05
47870.5  9.800575e-06
47882.5  9.385914e-06
47894.5  9.429690e-06
47906.5  9.877796e-06
47918.5  1.001261e-05
47930.6  9.720347e-06
47942.6  9.246123e-06
47954.6  8.902511e-06
47966.6  8.841706e-06
47978.6  8.487203e-06
47990.6  7.679710e-06
48002.6  6.684878e-06
48014.6  5.963429e-06
48026.6  5.587295e-06
48038.6  5.555303e-06
48050.6  5.307815e-06
48062.7  4.832276e-06
48074.7  4.812510e-06
48086.7  5.239128e-06
48098.7  6.098608e-06
48110.7  7.043368e-06
48122.7  7.813938e-06
48134.7  8.544871e-06
48146.7  9.546124e-06
48158.7  1.056083e-05
48170.7  1.130560e-05
48182.8  1.126382e-05
48194.8  1.059126e-05
48206.8  9.943120e-06
48218.8  9.564690e-06
48230.8  9.300138e-06
48242.8  8.944621e-06
48254.8  8.423699e-06
48266.8  7.948088e-06
48278.8  8.037681e-06
48290.8  8.197483e-06
48302.8  8.157583e-06
48314.9  7.908093e-06
48326.9  7.466762e-06
48338.9  7.106356e-06
48350.9  7.108089e-06
48362.9  6.915638e-06
48374.9  6.415241e-06
48386.9  5.866095e-06
48398.9  5.356391e-06
48410.9  5.053723e-06
48422.9  4.899736e-06
48435.0  4.658155e-06
48447.0  4.245102e-06
48459.0  4.068382e-06
48471.0  4.220275e-06
48483.0  4.888090e-06
48495.0  5.725303e-06
48507.0  6.263913e-06
48519.0  6.643665e-06
48531.0  7.007195e-06
48543.0  7.593365e-06
48555.1  8.398028e-06
48567.1  8.947838e-06
48579.1  9.100496e-06
48591.1  9.221185e-06
48603.1  9.583705e-06
48615.1  1.006963e-05
48627.1  1.039002e-05
48639.1  1.003148e-05
48651.1  9.247994e-06
48663.1  8.560780e-06
48675.1  7.963755e-06
48687.2  7.324744e-06
48699.2  6.358301e-06
48711.2  5.198363e-06
48723.2  4.277851e-06
48735.2  4.009398e-06
48747.2  4.088436e-06
48759.2  4.333737e-06
48771.2  4.273079e-06
48783.2  4.033572e-06
48795.2  4.146452e-06
48807.3  4.577635e-06
48819.3  4.868053e-06
48831.3  4.899261e-06
48843.3  4.720746e-06
48855.3  4.445142e-06
48867.3  4.628952e-06
48879.3  5.050943e-06
48891.3  5.316381e-06
48903.3  5.232446e-06
48915.3  5.013085e-06
48927.4  4.826951e-06
48939.4  4.863292e-06
48951.4  4.907570e-06
48963.4  4.653933e-06
48975.4  4.168375e-06
48987.4  3.709128e-06
48999.4  3.520528e-06
49011.4  3.838940e-06
49023.4  4.197143e-06
49035.4  4.399201e-06
49047.4  4.595677e-06
49059.5  4.943771e-06
49071.5  5.447202e-06
49083.5  5.998361e-06
49095.5  6.281424e-06
49107.5  6.176500e-06
49119.5  6.112457e-06
49131.5  6.100127e-06
49143.5  6.140771e-06
49155.5  6.174382e-06
49167.5  5.951863e-06
49179.6  5.557171e-06
49191.6  5.281932e-06
49203.6  5.098269e-06
49215.6  4.875192e-06
49227.6  4.564820e-06
49239.6  4.037642e-06
49251.6  3.499595e-06
49263.6  3.346791e-06
49275.6  3.498877e-06
49287.6  3.793156e-06
49299.7  4.177975e-06
49311.7  4.463159e-06
49323.7  4.877074e-06
49335.7  5.771897e-06
49347.7  6.856696e-06
49359.7  7.787779e-06
49371.7  8.256958e-06
49383.7  8.287905e-06
49395.7  8.176042e-06
49407.7  8.303176e-06
49419.7  8.332978e-06
49431.8  7.910390e-06
49443.8  6.724550e-06
49455.8  5.375578e-06
49467.8  4.269079e-06
49479.8  3.566701e-06
49491.8  3.055098e-06
49503.8  2.443576e-06
49515.8  1.891578e-06
49527.8  1.511288e-06
49539.8  1.805874e-06
49551.9  2.387239e-06
49563.9  2.906765e-06
49575.9  3.234722e-06
49587.9  3.422270e-06
49599.9  3.545395e-06
49611.9  3.762525e-06
49623.9  4.301778e-06
49635.9  4.571791e-06
49647.9  4.616665e-06
49659.9  4.724674e-06
49672.0  4.912270e-06
49684.0  5.087255e-06
49696.0  5.241335e-06
49708.0  4.964176e-06
49720.0  4.180000e-06
49732.0  3.625470e-06
49744.0  3.256005e-06
49756.0  3.060654e-06
49768.0  3.164905e-06
49780.0  2.986283e-06
49792.0  2.703379e-06
49804.1  2.629581e-06
49816.1  2.635891e-06
49828.1  2.578472e-06
49840.1  2.415647e-06
49852.1  2.043393e-06
49864.1  1.371052e-06
49876.1  1.095899e-06
49888.1  1.230014e-06
49900.1  1.502352e-06
49912.1  1.886187e-06
49924.2  2.154862e-06
49936.2  2.405061e-06
49948.2  2.935097e-06
49960.2  3.853135e-06
49972.2  4.683122e-06
49984.2  5.189034e-06
49996.2  5.250039e-06
50008.2  5.149519e-06
50020.2  5.221874e-06
50032.2  5.461545e-06
50044.3  5.421424e-06
50056.3  4.965908e-06
50068.3  4.373135e-06
50080.3  3.734241e-06
50092.3  3.648870e-06
50104.3  3.978659e-06
50116.3  4.155246e-06
50128.3  4.098627e-06
50140.3  3.867953e-06
50152.3  3.582781e-06
50164.3  3.511290e-06
50176.4  3.669204e-06
50188.4  3.430663e-06
50200.4  2.835832e-06
50212.4  2.375690e-06
50224.4  2.080574e-06
50236.4  2.140342e-06
50248.4  2.585770e-06
50260.4  2.998099e-06
50272.4  3.176836e-06
50284.4  3.507522e-06
50296.5  3.829395e-06
50308.5  4.126632e-06
50320.5  4.393655e-06
50332.5  4.356945e-06
50344.5  3.897110e-06
50356.5  3.418111e-06
50368.5  3.180087e-06
50380.5  3.154602e-06
50392.5  3.300955e-06
50404.5  3.168992e-06
50416.5  2.848307e-06
50428.6  2.703655e-06
50440.6  2.760863e-06
50452.6  2.843140e-06
50464.6  2.834580e-06
50476.6  2.612982e-06
50488.6  2.141040e-06
50500.6  1.890346e-06
50512.6  1.820619e-06
50524.6  1.814396e-06
50536.6  1.810087e-06
50548.7  1.798164e-06
50560.7  1.724376e-06
50572.7  1.722353e-06
50584.7  1.918716e-06
50596.7  2.203384e-06
50608.7  2.396538e-06
50620.7  2.534184e-06
50632.7  2.610364e-06
50644.7  2.671695e-06
50656.7  2.983183e-06
50668.8  3.670502e-06
50680.8  4.186216e-06
50692.8  4.557843e-06
50704.8  4.666534e-06
50716.8  4.599213e-06
50728.8  4.568134e-06
50740.8  4.603066e-06
50752.8  4.297249e-06
50764.8  3.521229e-06
50776.8  2.734093e-06
50788.8  2.061372e-06
50800.9  1.774354e-06
50812.9  1.834868e-06
50824.9  1.874774e-06
50836.9  1.715449e-06
50848.9  1.520672e-06
50860.9  1.354889e-06
50872.9  1.295526e-06
50884.9  1.238085e-06
50896.9  1.098381e-06
50908.9  7.619789e-07
50921.0  4.230056e-07
50933.0  2.018710e-07
50945.0  2.265379e-07
50957.0  3.583996e-07
50969.0  7.039141e-07
50981.0  8.976537e-07
50993.0  1.094675e-06
