# from http://www.stsci.edu/jwst/instruments/nircam/instrumentdesign/filters
# Retrieved Jan 18, 2017, dated Feb 5, 2016 (pre-flight)
# Uses modA or modB  filters+DBS+QE+OTE (nrc_plus_ote)
# Units of transmission are PCE (photon to electron conversion efficiency)
# 
5505.5  1.632952e-09
5515.5  1.893278e-09
5525.5  2.253015e-09
5535.5  1.067307e-09
5545.5  2.078355e-09
5555.5  3.491681e-09
5565.5  3.399184e-09
5575.5  3.943220e-09
5585.5  2.048646e-09
5595.5  8.307007e-10
5605.5  1.416103e-09
5615.5  2.924777e-09
5625.5  1.842400e-09
5635.5  2.833539e-09
5645.5  1.184914e-09
5655.5  2.352882e-09
5665.5  4.444633e-09
5675.5  1.580983e-09
5685.5  2.626303e-09
5695.5  1.149355e-09
5705.5  1.664350e-09
5715.5  4.482568e-09
5725.5  5.965680e-09
5735.5  9.228926e-09
5745.5  5.678832e-09
5755.5  2.234798e-09
5765.5  5.442527e-09
5775.5  2.661876e-09
5785.5  1.030818e-09
5795.5  3.496596e-09
5805.5  4.112653e-09
5815.5  2.186935e-09
5825.5  1.020476e-08
5835.5  8.352648e-09
5845.5  4.853816e-09
5855.5  6.419046e-09
5865.5  1.244752e-08
5875.5  9.970658e-09
5885.5  1.774769e-08
5895.5  5.390817e-09
5905.5  5.201317e-09
5915.5  2.655973e-08
5925.5  9.089772e-09
5935.5  1.540343e-08
5945.5  3.960275e-09
5955.5  1.736006e-08
5965.5  1.275132e-08
5975.5  5.947486e-09
5985.5  1.717364e-08
5995.5  2.199926e-08
6005.5  1.808654e-08
6015.5  1.711624e-08
6025.5  2.249442e-08
6035.5  2.249609e-08
6045.5  1.052964e-08
6055.5  1.198118e-08
6065.5  6.473446e-09
6075.5  2.873487e-08
6085.5  6.170102e-09
6095.5  2.189185e-08
6105.5  1.917211e-08
6115.5  4.308873e-08
6125.5  2.280940e-08
6135.5  1.709299e-08
6145.5  2.173312e-08
6155.5  3.631611e-09
6165.5  3.544006e-09
6175.5  7.747042e-09
6185.5  2.490520e-08
6195.5  3.703197e-08
6205.5  1.047472e-08
6215.5  2.036126e-08
6225.5  1.075142e-09
6235.5  8.262941e-09
6245.5  2.823717e-08
6255.5  1.334261e-08
6265.5  2.179881e-08
6275.5  1.455675e-08
6285.5  2.548533e-08
6295.5  3.771025e-08
6305.5  3.165350e-08
6315.5  3.948328e-08
6325.5  5.038938e-08
6335.5  4.267038e-08
6345.5  1.546135e-08
6355.5  1.320627e-08
6365.5  4.280171e-08
6375.5  5.002748e-08
6385.5  4.304173e-08
6395.5  3.541703e-08
6405.5  4.353551e-08
6415.5  3.267557e-08
6425.5  4.572518e-08
6435.5  1.416493e-08
6445.5  2.367617e-08
6455.5  3.490292e-08
6465.5  4.566317e-08
6475.5  7.563114e-08
6485.5  6.668809e-08
6495.5  6.157989e-08
6505.5  5.231497e-08
6515.5  5.444519e-08
6525.5  5.314382e-08
6535.5  5.997316e-08
6545.5  5.567792e-08
6555.5  6.524062e-08
6565.5  5.666895e-08
6575.5  5.946324e-08
6585.5  6.803259e-08
6595.5  7.110552e-08
6605.5  8.215046e-08
6615.5  6.101736e-08
6625.5  6.470826e-08
6635.5  7.135416e-08
6645.5  8.403340e-08
6655.5  8.540620e-08
6665.5  1.051130e-07
6675.5  1.010449e-07
6685.5  7.796947e-08
6695.5  1.002389e-07
6705.5  9.920041e-08
6715.5  1.191205e-07
6725.5  1.165612e-07
6735.5  1.220410e-07
6745.5  1.256622e-07
6755.5  1.019175e-07
6765.5  1.133972e-07
6775.5  9.536800e-08
6785.5  1.339049e-07
6795.5  1.546061e-07
6805.5  9.607666e-08
6815.5  1.222926e-07
6825.5  1.366360e-07
6835.5  1.797070e-07
6845.5  1.741222e-07
6855.5  1.855192e-07
6865.5  1.762751e-07
6875.5  2.450133e-07
6885.5  1.915955e-07
6895.5  1.960380e-07
6905.5  1.919238e-07
6915.5  1.969470e-07
6925.5  2.039379e-07
6935.5  2.126821e-07
6945.5  2.357802e-07
6955.5  2.104911e-07
6965.5  2.161219e-07
6975.5  2.079152e-07
6985.5  1.981069e-07
6995.5  2.167366e-07
7005.5  2.596237e-07
7015.5  2.436946e-07
7025.5  2.347026e-07
7035.5  2.236269e-07
7045.5  2.232569e-07
7055.5  1.847773e-07
7065.5  2.261724e-07
7075.5  1.998671e-07
7085.5  2.275367e-07
7095.5  2.693373e-07
7105.5  2.330899e-07
7115.5  2.607155e-07
7125.5  2.809223e-07
7135.5  2.900602e-07
7145.5  3.090228e-07
7155.5  3.200111e-07
7165.5  2.898819e-07
7175.5  3.080185e-07
7185.5  3.003031e-07
7195.5  3.323168e-07
7205.5  2.631115e-07
7215.5  3.008931e-07
7225.5  3.295869e-07
7235.5  3.372545e-07
7245.5  3.500815e-07
7255.5  3.568456e-07
7265.5  3.362190e-07
7275.5  3.458789e-07
7285.5  2.882082e-07
7295.5  3.197784e-07
7305.5  3.119639e-07
7315.5  2.824709e-07
7325.5  3.120360e-07
7335.5  2.778573e-07
7345.5  2.929914e-07
7355.5  3.046283e-07
7365.5  2.842525e-07
7375.5  3.170256e-07
7385.5  2.911677e-07
7395.5  3.248892e-07
7405.5  3.320328e-07
7415.5  3.418285e-07
7425.5  3.096854e-07
7435.5  3.563746e-07
7445.5  3.575266e-07
7455.5  3.678824e-07
7465.5  3.319508e-07
7475.5  3.765045e-07
7485.5  3.605940e-07
7495.5  4.152512e-07
7505.5  3.899640e-07
7515.5  4.132958e-07
7525.5  4.053038e-07
7535.5  4.752906e-07
7545.5  3.777846e-07
7555.5  4.684320e-07
7565.5  4.243797e-07
7575.5  4.811328e-07
7585.5  5.234289e-07
7595.5  4.605403e-07
7605.5  4.750159e-07
7615.5  4.871147e-07
7625.5  5.909737e-07
7635.5  5.376560e-07
7645.5  5.217771e-07
7655.5  5.668665e-07
7665.5  6.085117e-07
7675.5  6.087815e-07
7685.5  5.728812e-07
7695.5  6.856794e-07
7705.5  6.769285e-07
7715.5  7.220745e-07
7725.5  6.711534e-07
7735.5  7.109551e-07
7745.5  7.436323e-07
7755.5  8.165521e-07
7765.5  9.000481e-07
7775.5  9.024801e-07
7785.5  1.101021e-06
7795.5  1.343209e-06
7805.5  2.081533e-06
7815.5  3.469418e-06
7825.5  6.753146e-06
7835.5  1.510468e-05
7845.5  3.488298e-05
7855.5  8.198941e-05
7865.5  1.983193e-04
7875.5  5.144852e-04
7885.5  1.390869e-03
7895.5  3.750078e-03
7905.5  9.559586e-03
7915.5  2.148131e-02
7925.5  4.141567e-02
7935.5  6.926539e-02
7945.5  1.022436e-01
7955.5  1.360563e-01
7965.5  1.673169e-01
7975.5  1.943737e-01
7985.5  2.157129e-01
7995.5  2.304933e-01
8005.5  2.408507e-01
8015.5  2.469818e-01
8025.5  2.514952e-01
8035.5  2.557670e-01
8045.5  2.612150e-01
8055.5  2.644137e-01
8065.5  2.644991e-01
8075.5  2.600251e-01
8085.5  2.531893e-01
8095.5  2.465653e-01
8105.5  2.434876e-01
8115.5  2.432556e-01
8125.5  2.448781e-01
8135.5  2.454324e-01
8145.5  2.451912e-01
8155.5  2.422311e-01
8165.5  2.394753e-01
8175.5  2.405427e-01
8185.5  2.467416e-01
8195.5  2.542997e-01
8205.5  2.647069e-01
8215.5  2.719234e-01
8225.5  2.775451e-01
8235.5  2.797950e-01
8245.5  2.799301e-01
8255.5  2.764708e-01
8265.5  2.720911e-01
8275.5  2.702769e-01
8285.5  2.699488e-01
8295.5  2.712708e-01
8305.5  2.736709e-01
8315.5  2.742414e-01
8325.5  2.729145e-01
8335.5  2.697175e-01
8345.5  2.660746e-01
8355.5  2.634106e-01
8365.5  2.623685e-01
8375.5  2.629579e-01
8385.5  2.650713e-01
8395.5  2.673439e-01
8405.5  2.694531e-01
8415.5  2.707791e-01
8425.5  2.738194e-01
8435.5  2.767273e-01
8445.5  2.794284e-01
8455.5  2.823276e-01
8465.5  2.841947e-01
8475.5  2.840132e-01
8485.5  2.845889e-01
8495.5  2.866700e-01
8505.5  2.878393e-01
8515.5  2.893069e-01
8525.5  2.877354e-01
8535.5  2.865198e-01
8545.5  2.841846e-01
8555.5  2.814141e-01
8565.5  2.793849e-01
8575.5  2.777292e-01
8585.5  2.768565e-01
8595.5  2.741532e-01
8605.5  2.726422e-01
8615.5  2.710841e-01
8625.5  2.687703e-01
8635.5  2.690821e-01
8645.5  2.718498e-01
8655.5  2.731218e-01
8665.5  2.774862e-01
8675.5  2.825062e-01
8685.5  2.858258e-01
8695.5  2.889461e-01
8705.5  2.936622e-01
8715.5  2.954643e-01
8725.5  2.980296e-01
8735.5  2.985281e-01
8745.5  2.977485e-01
8755.5  2.940733e-01
8765.5  2.922960e-01
8775.5  2.917008e-01
8785.5  2.884129e-01
8795.5  2.827141e-01
8805.5  2.831491e-01
8815.5  2.811305e-01
8825.5  2.778680e-01
8835.5  2.786569e-01
8845.5  2.753768e-01
8855.5  2.686755e-01
8865.5  2.653848e-01
8875.5  2.652931e-01
8885.5  2.736648e-01
8895.5  2.717763e-01
8905.5  2.801132e-01
8915.5  2.893307e-01
8925.5  2.951388e-01
8935.5  2.976054e-01
8945.5  2.993084e-01
8955.5  3.021733e-01
8965.5  3.046750e-01
8975.5  2.984589e-01
8985.5  2.958881e-01
8995.5  2.950691e-01
9005.5  2.914179e-01
9015.5  2.873631e-01
9025.5  2.841565e-01
9035.5  2.801855e-01
9045.5  2.765071e-01
9055.5  2.746806e-01
9065.5  2.720580e-01
9075.5  2.702823e-01
9085.5  2.708597e-01
9095.5  2.721516e-01
9105.5  2.762484e-01
9115.5  2.789479e-01
9125.5  2.828392e-01
9135.5  2.896340e-01
9145.5  2.926179e-01
9155.5  2.987967e-01
9165.5  3.051980e-01
9175.5  3.089361e-01
9185.5  3.125358e-01
9195.5  3.141566e-01
9205.5  3.145289e-01
9215.5  3.163545e-01
9225.5  3.148615e-01
9235.5  3.132996e-01
9245.5  3.091695e-01
9255.5  3.067823e-01
9265.5  3.041361e-01
9275.5  3.008781e-01
9285.5  2.973826e-01
9295.5  2.964306e-01
9305.5  2.945727e-01
9315.5  2.942454e-01
9325.5  2.935363e-01
9335.5  2.927146e-01
9345.5  2.921298e-01
9355.5  2.917306e-01
9365.5  2.908599e-01
9375.5  2.914239e-01
9385.5  2.914170e-01
9395.5  2.929631e-01
9405.5  2.969276e-01
9415.5  3.003224e-01
9425.5  3.047428e-01
9435.5  3.077827e-01
9445.5  3.124371e-01
9455.5  3.142203e-01
9465.5  3.166709e-01
9475.5  3.155247e-01
9485.5  3.131479e-01
9495.5  3.114527e-01
9505.5  3.094027e-01
9515.5  3.072731e-01
9525.5  3.034917e-01
9535.5  3.016210e-01
9545.5  2.981827e-01
9555.5  2.969784e-01
9565.5  2.954286e-01
9575.5  2.943740e-01
9585.5  2.944558e-01
9595.5  2.964865e-01
9605.5  2.972799e-01
9615.5  2.994211e-01
9625.5  3.032577e-01
9635.5  3.073775e-01
9645.5  3.112969e-01
9655.5  3.148207e-01
9665.5  3.176697e-01
9675.5  3.190580e-01
9685.5  3.209348e-01
9695.5  3.231723e-01
9705.5  3.210721e-01
9715.5  3.205058e-01
9725.5  3.194679e-01
9735.5  3.181057e-01
9745.5  3.161577e-01
9755.5  3.154287e-01
9765.5  3.124001e-01
9775.5  3.099989e-01
9785.5  3.057450e-01
9795.5  3.034799e-01
9805.5  3.004180e-01
9815.5  2.996314e-01
9825.5  3.010149e-01
9835.5  3.036234e-01
9845.5  3.073391e-01
9855.5  3.126830e-01
9865.5  3.165567e-01
9875.5  3.206522e-01
9885.5  3.217150e-01
9895.5  3.235927e-01
9905.5  3.227139e-01
9915.5  3.224543e-01
9925.5  3.214524e-01
9935.5  3.196031e-01
9945.5  3.165800e-01
9955.5  3.181209e-01
9965.5  3.168914e-01
9975.5  3.177367e-01
9985.5  3.184735e-01
9995.5  3.183528e-01
10005.5  3.150378e-01
10015.5  3.012645e-01
10025.5  2.757486e-01
10035.5  2.375495e-01
10045.5  1.904861e-01
10055.5  1.512364e-01
10065.5  1.226027e-01
10075.5  9.833725e-02
10085.5  7.987757e-02
10095.5  6.411708e-02
10105.5  5.489257e-02
10115.5  4.435334e-02
10125.5  3.969173e-02
10135.5  3.357213e-02
10145.5  2.938574e-02
10155.5  2.468289e-02
10165.5  2.266208e-02
10175.5  1.946245e-02
10185.5  1.709215e-02
10195.5  1.425563e-02
10205.5  1.110927e-02
10215.5  8.294987e-03
10225.5  6.148327e-03
10235.5  4.338326e-03
10245.5  3.017437e-03
10255.5  2.089192e-03
10265.5  1.453975e-03
10275.5  1.005241e-03
10285.5  7.165602e-04
10295.5  5.141435e-04
10305.5  3.693739e-04
10315.5  2.726983e-04
10325.5  2.031430e-04
10335.5  1.518196e-04
10345.5  1.153092e-04
10355.5  8.839394e-05
10365.5  6.864307e-05
10375.5  5.369457e-05
10385.5  4.257373e-05
10395.5  3.547396e-05
10405.5  2.868745e-05
10415.5  2.341492e-05
10425.5  1.922914e-05
10435.5  1.643607e-05
10445.5  1.414947e-05
10455.5  1.233983e-05
10465.5  1.096932e-05
10475.5  1.017237e-05
10485.5  8.781875e-06
10495.5  7.796611e-06
10505.5  7.451983e-06
10515.5  6.908973e-06
10525.5  6.479175e-06
10535.5  5.991959e-06
10545.5  5.450827e-06
10555.5  5.274340e-06
10565.5  5.326883e-06
10575.5  5.003562e-06
10585.5  5.028714e-06
10595.5  4.786391e-06
10605.5  4.619838e-06
10615.5  4.173620e-06
10625.5  4.973710e-06
10635.5  4.040493e-06
10645.5  4.239985e-06
10655.5  3.665965e-06
10665.5  4.561924e-06
10675.5  4.338847e-06
10685.5  3.699255e-06
10695.5  3.425804e-06
10705.5  4.007242e-06
10715.5  3.703663e-06
10725.5  3.507055e-06
10735.5  3.925159e-06
10745.5  4.335778e-06
10755.5  3.344653e-06
10765.5  4.021502e-06
10775.5  3.717067e-06
10785.5  3.812046e-06
10795.5  4.006737e-06
10805.5  4.264130e-06
10815.5  4.493682e-06
10825.5  3.651257e-06
10835.5  3.814999e-06
10845.5  4.334750e-06
10855.5  3.749720e-06
10865.5  3.967922e-06
10875.5  3.823582e-06
10885.5  3.359838e-06
10895.5  3.661758e-06
10905.5  3.724804e-06
10915.5  3.417166e-06
10925.5  3.411917e-06
10935.5  3.711369e-06
10945.5  3.697738e-06
10955.5  3.606053e-06
10965.5  3.933034e-06
10975.5  3.885007e-06
10985.5  3.782529e-06
10995.5  3.525139e-06
11005.5  3.060741e-06
11015.5  3.580335e-06
11025.5  3.611859e-06
11035.5  3.119363e-06
11045.5  3.761709e-06
11055.5  3.561606e-06
11065.5  3.626763e-06
11075.5  3.293343e-06
11085.5  3.684811e-06
11095.5  3.523489e-06
11105.5  3.558811e-06
11115.5  3.139354e-06
11125.5  3.964263e-06
11135.5  4.015885e-06
11145.5  3.499580e-06
11155.5  3.672198e-06
11165.5  3.624166e-06
11175.5  3.675416e-06
11185.5  3.474145e-06
11195.5  3.837983e-06
11205.5  3.928600e-06
11215.5  3.865862e-06
11225.5  3.839710e-06
11235.5  3.678262e-06
11245.5  3.521859e-06
11255.5  3.733040e-06
11265.5  3.300708e-06
11275.5  3.376200e-06
11285.5  3.955863e-06
11295.5  4.296955e-06
11305.5  3.617409e-06
11315.5  3.756013e-06
11325.5  3.739729e-06
11335.5  3.449550e-06
11345.5  4.527999e-06
11355.5  4.195726e-06
11365.5  3.542229e-06
11375.5  3.666531e-06
11385.5  3.752472e-06
11395.5  3.794751e-06
11405.5  4.091671e-06
11415.5  3.437591e-06
11425.5  4.118428e-06
11435.5  3.614218e-06
11445.5  3.921984e-06
11455.5  3.655116e-06
11465.5  3.471038e-06
11475.5  3.874421e-06
11485.5  3.508147e-06
11495.5  3.575201e-06
11505.5  3.993940e-06
11515.5  3.915992e-06
11525.5  3.988024e-06
11535.5  4.148393e-06
11545.5  4.137642e-06
11555.5  4.226197e-06
11565.5  3.619550e-06
11575.5  3.995075e-06
11585.5  3.643816e-06
11595.5  3.745733e-06
11605.5  3.851011e-06
11615.5  4.167556e-06
11625.5  3.681904e-06
11635.5  3.490319e-06
11645.5  3.886561e-06
11655.5  4.083109e-06
11665.5  3.612998e-06
11675.5  3.485293e-06
11685.5  3.662474e-06
11695.5  3.353237e-06
11705.5  3.542064e-06
11715.5  3.794707e-06
11725.5  3.853251e-06
11735.5  3.703533e-06
11745.5  3.740453e-06
11755.5  3.566720e-06
11765.5  3.557365e-06
11775.5  3.613673e-06
11785.5  3.736727e-06
11795.5  3.312391e-06
11805.5  3.190131e-06
11815.5  3.649171e-06
11825.5  3.254069e-06
11835.5  3.690406e-06
11845.5  3.005904e-06
11855.5  3.634227e-06
11865.5  3.481577e-06
11875.5  3.134706e-06
11885.5  3.304878e-06
11895.5  3.781412e-06
11905.5  3.729344e-06
11915.5  3.403734e-06
11925.5  3.804353e-06
11935.5  3.588551e-06
11945.5  3.118275e-06
11955.5  3.764597e-06
11965.5  3.246747e-06
11975.5  3.369946e-06
11985.5  3.480887e-06
11995.5  3.570008e-06
12005.5  3.228959e-06
12015.5  3.450430e-06
12025.5  3.338940e-06
12035.5  3.403844e-06
12045.5  3.378771e-06
12055.5  3.334488e-06
12065.5  3.115012e-06
12075.5  3.005725e-06
12085.5  2.954763e-06
12095.5  3.270167e-06
12105.5  3.258588e-06
12115.5  3.396349e-06
12125.5  3.292091e-06
12135.5  3.504949e-06
12145.5  2.861065e-06
12155.5  3.418293e-06
12165.5  3.238093e-06
12175.5  3.282353e-06
12185.5  3.470812e-06
12195.5  3.384567e-06
12205.5  3.712028e-06
12215.5  3.796483e-06
12225.5  3.371962e-06
12235.5  3.199750e-06
12245.5  2.914865e-06
12255.5  3.418627e-06
12265.5  3.618933e-06
12275.5  3.666255e-06
12285.5  3.458502e-06
12295.5  3.755361e-06
12305.5  3.255882e-06
12315.5  3.307930e-06
12325.5  3.618430e-06
12335.5  3.266145e-06
12345.5  3.533084e-06
12355.5  3.443263e-06
12365.5  3.686311e-06
12375.5  3.384750e-06
12385.5  3.534661e-06
12395.5  3.455020e-06
12405.5  3.477959e-06
12415.5  3.801474e-06
12425.5  3.585894e-06
12435.5  3.361661e-06
12445.5  3.669749e-06
12455.5  3.752281e-06
12465.5  3.261391e-06
12475.5  3.364086e-06
12485.5  3.465093e-06
12495.5  3.752208e-06
12505.5  3.629244e-06
12515.5  3.339271e-06
12525.5  3.845294e-06
12535.5  3.308610e-06
12545.5  3.468957e-06
12555.5  3.573227e-06
12565.5  3.403533e-06
12575.5  3.681521e-06
12585.5  3.523044e-06
12595.5  3.418116e-06
12605.5  3.477854e-06
12615.5  3.334847e-06
12625.5  3.459185e-06
12635.5  3.709922e-06
12645.5  3.124018e-06
12655.5  3.527607e-06
12665.5  3.616235e-06
12675.5  3.181433e-06
12685.5  3.172943e-06
12695.5  3.653186e-06
12705.5  3.385749e-06
12715.5  3.475049e-06
12725.5  3.831327e-06
12735.5  4.015817e-06
12745.5  3.746201e-06
12755.5  4.088371e-06
12765.5  3.328241e-06
12775.5  3.729326e-06
12785.5  3.896852e-06
12795.5  4.244429e-06
12805.5  4.260271e-06
12815.5  4.321805e-06
12825.5  3.452947e-06
12835.5  4.324695e-06
12845.5  4.473838e-06
12855.5  4.261850e-06
12865.5  4.433771e-06
12875.5  4.404442e-06
12885.5  5.120820e-06
12895.5  4.890481e-06
12905.5  4.807439e-06
12915.5  4.828905e-06
12925.5  4.587969e-06
12935.5  4.944120e-06
12945.5  5.007531e-06
12955.5  4.810530e-06
12965.5  5.263355e-06
12975.5  5.347446e-06
12985.5  5.122830e-06
12995.5  5.184450e-06
13005.5  5.144446e-06
13015.5  5.284160e-06
13025.5  5.584250e-06
13035.5  5.179964e-06
13045.5  5.221408e-06
13055.5  5.041923e-06
13065.5  4.339299e-06
13075.5  5.263484e-06
13085.5  4.831918e-06
13095.5  5.217661e-06
13105.5  4.971582e-06
13115.5  5.093376e-06
13125.5  5.196959e-06
13135.5  4.684426e-06
13145.5  4.991314e-06
13155.5  4.774016e-06
13165.5  4.595671e-06
13175.5  4.976969e-06
13185.5  4.712503e-06
13195.5  4.660188e-06
13205.5  4.731706e-06
13215.5  4.985571e-06
13225.5  4.772143e-06
13235.5  4.454049e-06
13245.5  4.934365e-06
13255.5  5.208879e-06
13265.5  4.730287e-06
13275.5  4.608306e-06
13285.5  4.593786e-06
13295.5  4.712599e-06
13305.5  3.952201e-06
13315.5  4.784061e-06
13325.5  4.533967e-06
13335.5  4.882408e-06
13345.5  4.632900e-06
13355.5  5.022845e-06
13365.5  4.838773e-06
13375.5  4.802016e-06
13385.5  4.909063e-06
13395.5  5.072090e-06
13405.5  4.479125e-06
13415.5  4.527708e-06
13425.5  4.628878e-06
13435.5  5.106827e-06
13445.5  4.982861e-06
13455.5  4.615932e-06
13465.5  4.775771e-06
13475.5  5.006260e-06
13485.5  5.096969e-06
13495.5  4.799985e-06
13505.5  5.128212e-06
13515.5  5.026322e-06
13525.5  4.843241e-06
13535.5  4.900711e-06
13545.5  4.707355e-06
13555.5  5.617933e-06
13565.5  5.500561e-06
13575.5  5.135811e-06
13585.5  5.696915e-06
13595.5  5.037495e-06
13605.5  4.778225e-06
13615.5  4.434408e-06
13625.5  5.122107e-06
13635.5  5.205317e-06
13645.5  5.980714e-06
13655.5  4.629865e-06
13665.5  5.183705e-06
13675.5  5.862427e-06
13685.5  4.774795e-06
13695.5  5.330081e-06
13705.5  5.825779e-06
13715.5  4.554720e-06
13725.5  5.197861e-06
13735.5  5.280338e-06
13745.5  4.814564e-06
13755.5  5.817119e-06
13765.5  5.448122e-06
13775.5  6.220319e-06
13785.5  5.455173e-06
13795.5  6.517532e-06
13805.5  4.905123e-06
13815.5  5.679314e-06
13825.5  5.351425e-06
13835.5  5.496661e-06
13845.5  5.274643e-06
13855.5  4.570784e-06
13865.5  5.382480e-06
13875.5  5.272720e-06
13885.5  4.926733e-06
13895.5  5.411977e-06
13905.5  5.541264e-06
13915.5  6.274513e-06
13925.5  5.439870e-06
13935.5  5.709004e-06
13945.5  5.138862e-06
13955.5  5.250044e-06
13965.5  5.157190e-06
13975.5  5.804809e-06
13985.5  5.772211e-06
13995.5  5.156828e-06
14005.5  5.839463e-06
14015.5  5.126084e-06
14025.5  5.249828e-06
14035.5  5.367549e-06
14045.5  4.955890e-06
14055.5  5.301617e-06
14065.5  5.522927e-06
14075.5  5.298228e-06
14085.5  4.966038e-06
14095.5  5.355028e-06
14105.5  4.634011e-06
14115.5  4.711100e-06
14125.5  4.627481e-06
14135.5  4.985329e-06
14145.5  5.212826e-06
14155.5  5.963238e-06
14165.5  4.733741e-06
14175.5  4.306516e-06
14185.5  4.826561e-06
14195.5  5.032345e-06
14205.5  4.539457e-06
14215.5  4.789830e-06
14225.5  5.188324e-06
14235.5  5.280866e-06
14245.5  5.316985e-06
14255.5  4.605110e-06
14265.5  5.359258e-06
14275.5  5.095055e-06
14285.5  4.843826e-06
14295.5  5.197498e-06
14305.5  4.985183e-06
14315.5  4.771949e-06
14325.5  5.101954e-06
14335.5  4.883487e-06
14345.5  4.774265e-06
14355.5  5.102477e-06
14365.5  5.328921e-06
14375.5  4.902116e-06
14385.5  4.449871e-06
14395.5  5.045519e-06
14405.5  5.701395e-06
14415.5  5.478893e-06
14425.5  5.070623e-06
14435.5  4.860356e-06
14445.5  5.465931e-06
14455.5  4.858306e-06
14465.5  5.282105e-06
14475.5  4.716321e-06
14485.5  4.760908e-06
14495.5  5.070850e-06
14505.5  5.137992e-06
14515.5  5.718750e-06
14525.5  5.264425e-06
14535.5  5.109283e-06
14545.5  4.810581e-06
14555.5  5.135671e-06
14565.5  5.129766e-06
14575.5  4.755589e-06
14585.5  5.609977e-06
14595.5  5.585094e-06
14605.5  5.060363e-06
14615.5  5.423356e-06
14625.5  5.067864e-06
14635.5  5.644150e-06
14645.5  5.790435e-06
14655.5  5.034063e-06
14665.5  5.346368e-06
14675.5  5.547383e-06
14685.5  5.046965e-06
14695.5  5.068086e-06
14705.5  5.603317e-06
14715.5  5.863981e-06
14725.5  5.781845e-06
14735.5  5.496203e-06
14745.5  5.604645e-06
14755.5  5.223307e-06
14765.5  5.135776e-06
14775.5  5.660905e-06
14785.5  6.137897e-06
14795.5  5.280922e-06
14805.5  5.677819e-06
14815.5  6.147722e-06
14825.5  5.599137e-06
14835.5  5.308637e-06
14845.5  5.747370e-06
14855.5  5.948903e-06
14865.5  6.634493e-06
14875.5  6.379660e-06
14885.5  5.732889e-06
14895.5  6.781452e-06
14905.5  5.983894e-06
14915.5  5.670624e-06
14925.5  6.059785e-06
14935.5  5.870051e-06
14945.5  6.924524e-06
14955.5  6.277765e-06
14965.5  6.331707e-06
14975.5  5.273339e-06
14985.5  5.973155e-06
14995.5  6.037456e-06
15005.5  6.293568e-06
15015.5  6.121385e-06
15025.5  5.832471e-06
15035.5  5.794179e-06
15045.5  5.569620e-06
15055.5  6.116658e-06
15065.5  6.097996e-06
15075.5  6.469189e-06
15085.5  6.273208e-06
15095.5  6.365566e-06
15105.5  5.583166e-06
15115.5  5.908927e-06
15125.5  5.411204e-06
15135.5  5.329677e-06
15145.5  5.438837e-06
15155.5  6.265166e-06
15165.5  5.868100e-06
15175.5  5.777298e-06
15185.5  6.077486e-06
15195.5  6.395408e-06
15205.5  5.917512e-06
15215.5  5.950668e-06
15225.5  6.551182e-06
15235.5  5.372362e-06
15245.5  6.190390e-06
15255.5  5.970823e-06
15265.5  6.147746e-06
15275.5  5.693608e-06
15285.5  6.369045e-06
15295.5  6.543413e-06
15305.5  6.234981e-06
15315.5  5.980054e-06
15325.5  6.071157e-06
15335.5  6.480216e-06
15345.5  5.538347e-06
15355.5  5.962875e-06
15365.5  5.981988e-06
15375.5  6.226410e-06
15385.5  6.300974e-06
15395.5  5.889323e-06
15405.5  5.753177e-06
15415.5  6.185915e-06
15425.5  5.761748e-06
15435.5  5.846969e-06
15445.5  6.690844e-06
15455.5  6.318755e-06
15465.5  6.053293e-06
15475.5  6.746561e-06
15485.5  6.323725e-06
15495.5  5.545629e-06
15505.5  6.508770e-06
15515.5  6.275441e-06
15525.5  5.577635e-06
15535.5  6.117987e-06
15545.5  6.624270e-06
15555.5  6.354665e-06
15565.5  6.579300e-06
15575.5  6.740689e-06
15585.5  6.528109e-06
15595.5  5.938769e-06
15605.5  6.503827e-06
15615.5  7.087299e-06
15625.5  6.920061e-06
15635.5  5.738654e-06
15645.5  6.700089e-06
15655.5  6.452764e-06
15665.5  6.258412e-06
15675.5  6.372820e-06
15685.5  6.600608e-06
15695.5  6.110162e-06
15705.5  7.383329e-06
15715.5  6.843183e-06
15725.5  7.494754e-06
15735.5  6.485980e-06
15745.5  6.833493e-06
15755.5  6.879111e-06
15765.5  7.397049e-06
15775.5  6.850692e-06
15785.5  6.764901e-06
15795.5  7.307417e-06
15805.5  7.126473e-06
15815.5  6.931539e-06
15825.5  7.460687e-06
15835.5  7.775813e-06
15845.5  6.758430e-06
15855.5  7.940741e-06
15865.5  6.495447e-06
15875.5  7.439047e-06
15885.5  6.889501e-06
15895.5  7.638418e-06
15905.5  7.563835e-06
15915.5  7.144817e-06
15925.5  6.844671e-06
15935.5  6.829854e-06
15945.5  7.181669e-06
15955.5  6.319792e-06
15965.5  6.623731e-06
15975.5  7.376466e-06
15985.5  7.461679e-06
15995.5  6.773965e-06
16005.5  6.748538e-06
16015.5  8.028606e-06
16025.5  6.939321e-06
16035.5  6.347707e-06
16045.5  7.128999e-06
16055.5  7.168394e-06
16065.5  6.597214e-06
16075.5  6.665209e-06
16085.5  6.963874e-06
16095.5  7.496888e-06
16105.5  7.340506e-06
16115.5  7.871381e-06
16125.5  6.893388e-06
16135.5  7.441174e-06
16145.5  7.125082e-06
16155.5  7.455790e-06
16165.5  6.615832e-06
16175.5  7.537580e-06
16185.5  6.438350e-06
16195.5  7.670869e-06
16205.5  7.245538e-06
16215.5  7.562060e-06
16225.5  7.662762e-06
16235.5  7.375227e-06
16245.5  7.564181e-06
16255.5  7.722918e-06
16265.5  7.881010e-06
16275.5  7.382927e-06
16285.5  7.027159e-06
16295.5  6.887408e-06
16305.5  6.628262e-06
16315.5  6.987677e-06
16325.5  7.725416e-06
16335.5  7.447220e-06
16345.5  7.221767e-06
16355.5  7.732426e-06
16365.5  7.579021e-06
16375.5  7.773134e-06
16385.5  7.297456e-06
16395.5  7.232852e-06
16405.5  7.978355e-06
16415.5  7.252805e-06
16425.5  8.658828e-06
16435.5  7.650456e-06
16445.5  7.728734e-06
16455.5  7.889963e-06
16465.5  7.823671e-06
16475.5  7.421934e-06
16485.5  8.635273e-06
16495.5  8.613725e-06
16505.5  8.220616e-06
16515.5  8.416425e-06
16525.5  8.302297e-06
16535.5  8.213572e-06
16545.5  8.405286e-06
16555.5  8.706850e-06
16565.5  6.924926e-06
16575.5  8.245216e-06
16585.5  7.784267e-06
16595.5  7.626138e-06
16605.5  8.532146e-06
16615.5  8.496253e-06
16625.5  8.812476e-06
16635.5  7.443390e-06
16645.5  8.821602e-06
16655.5  7.832290e-06
16665.5  7.980537e-06
16675.5  7.703360e-06
16685.5  6.692341e-06
16695.5  7.700954e-06
16705.5  8.146319e-06
16715.5  8.882406e-06
16725.5  9.116664e-06
16735.5  7.820159e-06
16745.5  7.547336e-06
16755.5  7.895852e-06
16765.5  8.043789e-06
16775.5  8.692766e-06
16785.5  8.119412e-06
16795.5  8.676471e-06
16805.5  8.284166e-06
16815.5  8.768128e-06
16825.5  1.040183e-05
16835.5  9.881920e-06
16845.5  8.423446e-06
16855.5  8.411487e-06
16865.5  8.314888e-06
16875.5  7.860702e-06
16885.5  8.254268e-06
16895.5  9.448850e-06
16905.5  8.353199e-06
16915.5  8.753513e-06
16925.5  8.722283e-06
16935.5  8.224028e-06
16945.5  8.883947e-06
16955.5  9.623128e-06
16965.5  8.361372e-06
16975.5  8.298949e-06
16985.5  9.216615e-06
16995.5  1.009720e-05
17005.5  9.804712e-06
17015.5  8.567570e-06
17025.5  9.142015e-06
17035.5  9.121984e-06
17045.5  7.955791e-06
17055.5  1.016298e-05
17065.5  9.559740e-06
17075.5  9.304141e-06
17085.5  7.613587e-06
17095.5  9.213607e-06
17105.5  8.356482e-06
17115.5  9.004955e-06
17125.5  8.980109e-06
17135.5  9.124646e-06
17145.5  8.223987e-06
17155.5  9.945911e-06
17165.5  7.782988e-06
17175.5  8.383136e-06
17185.5  8.507357e-06
17195.5  8.911115e-06
17205.5  9.281492e-06
17215.5  9.252481e-06
17225.5  8.310469e-06
17235.5  9.584363e-06
17245.5  8.813531e-06
17255.5  9.763597e-06
17265.5  1.016438e-05
17275.5  8.968035e-06
17285.5  1.007881e-05
17295.5  9.341127e-06
17305.5  9.973250e-06
17315.5  9.289524e-06
17325.5  1.030320e-05
17335.5  9.324554e-06
17345.5  9.803470e-06
17355.5  1.156614e-05
17365.5  9.193499e-06
17375.5  1.158464e-05
17385.5  1.194442e-05
17395.5  9.350097e-06
17405.5  1.079892e-05
17415.5  1.056954e-05
17425.5  1.158427e-05
17435.5  1.074454e-05
17445.5  1.130785e-05
17455.5  1.080959e-05
17465.5  1.006131e-05
17475.5  1.229748e-05
17485.5  1.187340e-05
17495.5  1.101859e-05
17505.5  1.006149e-05
17515.5  1.110853e-05
17525.5  1.112430e-05
17535.5  1.017200e-05
17545.5  1.043224e-05
17555.5  9.644951e-06
17565.5  1.155243e-05
17575.5  1.151461e-05
17585.5  1.011030e-05
17595.5  1.148467e-05
17605.5  1.158102e-05
17615.5  9.763275e-06
17625.5  1.040333e-05
17635.5  9.978234e-06
17645.5  9.946155e-06
17655.5  1.253835e-05
17665.5  1.139282e-05
17675.5  1.118799e-05
17685.5  1.030833e-05
17695.5  1.052184e-05
17705.5  1.111733e-05
17715.5  9.925962e-06
17725.5  1.093057e-05
17735.5  1.192708e-05
17745.5  1.098023e-05
17755.5  1.071247e-05
17765.5  1.031135e-05
17775.5  1.146608e-05
17785.5  1.216274e-05
17795.5  1.185686e-05
17805.5  1.202515e-05
17815.5  1.069149e-05
17825.5  1.301102e-05
17835.5  1.095794e-05
17845.5  1.093890e-05
17855.5  1.181630e-05
17865.5  1.115964e-05
17875.5  1.156041e-05
17885.5  1.077507e-05
17895.5  1.145373e-05
17905.5  1.298809e-05
17915.5  1.026529e-05
17925.5  1.114765e-05
17935.5  1.089704e-05
17945.5  1.071188e-05
17955.5  1.082088e-05
17965.5  1.056112e-05
17975.5  1.193722e-05
17985.5  1.244496e-05
17995.5  1.330620e-05
18005.5  1.130358e-05
18015.5  1.249385e-05
18025.5  1.121616e-05
18035.5  1.244316e-05
18045.5  1.273590e-05
18055.5  1.261726e-05
18065.5  1.178203e-05
18075.5  1.339785e-05
18085.5  1.223621e-05
18095.5  1.303291e-05
18105.5  1.368494e-05
18115.5  1.221460e-05
18125.5  1.104148e-05
18135.5  1.312512e-05
18145.5  1.459722e-05
18155.5  1.406942e-05
18165.5  1.464574e-05
18175.5  1.297953e-05
18185.5  1.369265e-05
18195.5  1.633838e-05
18205.5  1.441531e-05
18215.5  1.596651e-05
18225.5  1.502716e-05
18235.5  1.613194e-05
18245.5  1.337551e-05
18255.5  1.556645e-05
18265.5  1.384602e-05
18275.5  1.459338e-05
18285.5  1.516706e-05
18295.5  1.705273e-05
18305.5  1.380419e-05
18315.5  1.686833e-05
18325.5  1.600883e-05
18335.5  1.738155e-05
18345.5  1.641114e-05
18355.5  1.635999e-05
18365.5  1.554305e-05
18375.5  1.666015e-05
18385.5  1.448414e-05
18395.5  1.686788e-05
18405.5  1.488997e-05
18415.5  1.659188e-05
18425.5  1.714995e-05
18435.5  1.624220e-05
18445.5  1.574229e-05
18455.5  1.820216e-05
18465.5  1.619455e-05
18475.5  1.605243e-05
18485.5  1.571665e-05
18495.5  1.703886e-05
18505.5  1.603888e-05
18515.5  1.682912e-05
18525.5  1.694183e-05
18535.5  1.584333e-05
18545.5  1.725609e-05
18555.5  1.669130e-05
18565.5  1.542115e-05
18575.5  1.756561e-05
18585.5  1.664361e-05
18595.5  1.796575e-05
18605.5  1.794300e-05
18615.5  1.718709e-05
18625.5  1.828607e-05
18635.5  1.842149e-05
18645.5  1.661901e-05
18655.5  1.785162e-05
18665.5  1.754311e-05
18675.5  1.513832e-05
18685.5  1.701265e-05
18695.5  1.715849e-05
18705.5  1.552837e-05
18715.5  1.605973e-05
18725.5  1.888524e-05
18735.5  1.742057e-05
18745.5  1.683097e-05
18755.5  1.842552e-05
18765.5  1.806050e-05
18775.5  1.778249e-05
18785.5  1.639859e-05
18795.5  1.743686e-05
18805.5  1.830013e-05
18815.5  1.575347e-05
18825.5  1.704363e-05
18835.5  1.647693e-05
18845.5  1.542720e-05
18855.5  1.829437e-05
18865.5  1.686459e-05
18875.5  1.709832e-05
18885.5  1.808761e-05
18895.5  1.589703e-05
18905.5  1.963275e-05
18915.5  1.841332e-05
18925.5  1.790731e-05
18935.5  1.742967e-05
18945.5  1.557711e-05
18955.5  1.888327e-05
18965.5  1.734132e-05
18975.5  1.741202e-05
18985.5  1.958929e-05
18995.5  1.607446e-05
19005.5  1.673923e-05
19015.5  1.682087e-05
19025.5  1.615562e-05
19035.5  1.803097e-05
19045.5  1.746667e-05
19055.5  1.885872e-05
19065.5  1.847227e-05
19075.5  1.864063e-05
19085.5  1.905890e-05
19095.5  1.556155e-05
19105.5  1.979876e-05
19115.5  1.833816e-05
19125.5  2.028312e-05
19135.5  1.667026e-05
19145.5  1.890350e-05
19155.5  2.086531e-05
19165.5  1.858247e-05
19175.5  1.691064e-05
19185.5  1.873845e-05
19195.5  1.961443e-05
19205.5  1.829165e-05
19215.5  1.989394e-05
19225.5  1.872667e-05
19235.5  1.736012e-05
19245.5  1.645873e-05
19255.5  1.919744e-05
19265.5  1.706209e-05
19275.5  1.965433e-05
19285.5  1.797102e-05
19295.5  1.741414e-05
19305.5  2.058120e-05
19315.5  1.809636e-05
19325.5  1.835850e-05
19335.5  1.922520e-05
19345.5  1.785222e-05
19355.5  1.879088e-05
19365.5  1.872843e-05
19375.5  1.890733e-05
19385.5  1.700805e-05
19395.5  1.803571e-05
19405.5  1.984395e-05
19415.5  1.622075e-05
19425.5  1.967064e-05
19435.5  1.703053e-05
19445.5  2.032860e-05
19455.5  1.616943e-05
19465.5  1.619735e-05
19475.5  1.937283e-05
19485.5  1.821448e-05
19495.5  1.769393e-05
19505.5  1.800021e-05
19515.5  1.720087e-05
19525.5  1.946075e-05
19535.5  1.615005e-05
19545.5  1.776815e-05
19555.5  1.791543e-05
19565.5  2.118929e-05
19575.5  1.767007e-05
19585.5  1.830836e-05
19595.5  1.693596e-05
19605.5  1.876709e-05
19615.5  1.866631e-05
19625.5  1.860152e-05
19635.5  1.616347e-05
19645.5  2.203835e-05
19655.5  1.916005e-05
19665.5  2.018048e-05
19675.5  1.792494e-05
19685.5  2.091432e-05
19695.5  2.209203e-05
19705.5  1.763267e-05
19715.5  2.006193e-05
19725.5  1.811615e-05
19735.5  1.818237e-05
19745.5  2.099729e-05
19755.5  1.806111e-05
19765.5  1.901613e-05
19775.5  1.935052e-05
19785.5  1.696847e-05
19795.5  2.030495e-05
19805.5  1.851922e-05
19815.5  1.943025e-05
19825.5  1.809731e-05
19835.5  1.797906e-05
19845.5  1.847649e-05
19855.5  1.848487e-05
19865.5  2.064505e-05
19875.5  1.757019e-05
19885.5  2.016823e-05
19895.5  1.736386e-05
19905.5  2.012350e-05
19915.5  1.814455e-05
19925.5  1.700599e-05
19935.5  2.017075e-05
19945.5  1.994870e-05
19955.5  1.801115e-05
19965.5  1.897192e-05
19975.5  2.168503e-05
19985.5  1.918784e-05
19995.5  2.038551e-05
20005.5  1.885147e-05
20015.5  1.935028e-05
20025.5  1.872200e-05
20035.5  2.218724e-05
20045.5  2.073465e-05
20055.5  2.221968e-05
20065.5  2.012705e-05
20075.5  2.112992e-05
20085.5  1.912503e-05
20095.5  2.019974e-05
20105.5  1.970740e-05
20115.5  1.918591e-05
20125.5  2.167248e-05
20135.5  1.877297e-05
20145.5  1.783504e-05
20155.5  1.939716e-05
20165.5  2.070789e-05
20175.5  2.209902e-05
20185.5  2.070247e-05
20195.5  1.839330e-05
20205.5  2.276761e-05
20215.5  1.737330e-05
20225.5  1.991453e-05
20235.5  2.084302e-05
20245.5  1.807205e-05
20255.5  1.847027e-05
20265.5  2.322106e-05
20275.5  2.418266e-05
20285.5  2.075539e-05
20295.5  2.325489e-05
20305.5  1.742998e-05
20315.5  2.546132e-05
20325.5  2.000784e-05
20335.5  2.353313e-05
20345.5  1.733569e-05
20355.5  2.135318e-05
20365.5  2.158320e-05
20375.5  2.051987e-05
20385.5  2.193659e-05
20395.5  2.376977e-05
20405.5  2.080645e-05
20415.5  2.499393e-05
20425.5  2.183780e-05
20435.5  2.172025e-05
20445.5  2.279766e-05
20455.5  2.075538e-05
20465.5  1.994085e-05
20475.5  2.395653e-05
20485.5  2.498825e-05
20495.5  2.170104e-05
20505.5  2.509180e-05
20515.5  2.453532e-05
20525.5  2.176701e-05
20535.5  2.187071e-05
20545.5  2.373878e-05
20555.5  2.012254e-05
20565.5  1.863635e-05
20575.5  2.283813e-05
20585.5  2.009269e-05
20595.5  2.099395e-05
20605.5  2.307681e-05
20615.5  2.310720e-05
20625.5  2.288059e-05
20635.5  2.424791e-05
20645.5  2.333518e-05
20655.5  2.404104e-05
20665.5  2.286473e-05
20675.5  2.375904e-05
20685.5  2.587956e-05
20695.5  2.560820e-05
20705.5  2.389948e-05
20715.5  2.638265e-05
20725.5  2.352430e-05
20735.5  2.365068e-05
20745.5  1.987810e-05
20755.5  2.161525e-05
20765.5  2.321806e-05
20775.5  2.239245e-05
20785.5  2.942720e-05
20795.5  2.188210e-05
20805.5  2.582982e-05
20815.5  2.709954e-05
20825.5  2.381621e-05
20835.5  2.081443e-05
20845.5  2.573075e-05
20855.5  2.279154e-05
20865.5  2.124328e-05
20875.5  2.019912e-05
20885.5  2.302900e-05
20895.5  2.471281e-05
20905.5  2.375816e-05
20915.5  2.098695e-05
20925.5  2.622159e-05
20935.5  2.636037e-05
20945.5  2.631398e-05
20955.5  2.827581e-05
20965.5  2.676192e-05
20975.5  2.248249e-05
20985.5  2.544858e-05
20995.5  2.722796e-05
21005.5  2.592456e-05
21015.5  2.804749e-05
21025.5  2.676140e-05
21035.5  2.629187e-05
21045.5  2.431302e-05
21055.5  3.015723e-05
21065.5  3.186839e-05
21075.5  2.515656e-05
21085.5  2.485858e-05
21095.5  2.833817e-05
21105.5  2.455127e-05
21115.5  2.658836e-05
21125.5  2.671974e-05
21135.5  2.765864e-05
21145.5  2.563613e-05
21155.5  2.855069e-05
21165.5  2.852681e-05
21175.5  2.879894e-05
21185.5  2.903457e-05
21195.5  2.551233e-05
21205.5  2.720496e-05
21215.5  2.835664e-05
21225.5  2.736456e-05
21235.5  3.072128e-05
21245.5  2.854791e-05
21255.5  3.032421e-05
21265.5  2.842939e-05
21275.5  2.664013e-05
21285.5  2.463178e-05
21295.5  2.723486e-05
21305.5  2.676330e-05
21315.5  2.825717e-05
21325.5  3.012632e-05
21335.5  2.901320e-05
21345.5  2.792697e-05
21355.5  3.087642e-05
21365.5  2.836599e-05
21375.5  2.958081e-05
21385.5  2.892046e-05
21395.5  2.671804e-05
21405.5  3.224484e-05
21415.5  2.947515e-05
21425.5  3.029724e-05
21435.5  2.689089e-05
21445.5  2.689369e-05
21455.5  2.967004e-05
21465.5  3.191697e-05
21475.5  2.800072e-05
21485.5  2.969927e-05
21495.5  3.053086e-05
21505.5  3.046870e-05
21515.5  2.669852e-05
21525.5  3.036878e-05
21535.5  2.688365e-05
21545.5  3.096242e-05
21555.5  2.917049e-05
21565.5  2.734013e-05
21575.5  3.023312e-05
21585.5  3.328292e-05
21595.5  2.753381e-05
21605.5  3.365476e-05
21615.5  2.796329e-05
21625.5  3.217560e-05
21635.5  3.249559e-05
21645.5  3.017480e-05
21655.5  3.413333e-05
21665.5  3.158141e-05
21675.5  3.071262e-05
21685.5  3.131475e-05
21695.5  3.437071e-05
21705.5  3.250560e-05
21715.5  3.134132e-05
21725.5  2.744150e-05
21735.5  3.049287e-05
21745.5  2.759142e-05
21755.5  3.141880e-05
21765.5  2.709142e-05
21775.5  2.981876e-05
21785.5  3.022829e-05
21795.5  3.221533e-05
21805.5  2.494924e-05
21815.5  2.651346e-05
21825.5  2.896646e-05
21835.5  2.656779e-05
21845.5  3.149412e-05
21855.5  2.798950e-05
21865.5  2.428843e-05
21875.5  2.750282e-05
21885.5  3.046539e-05
21895.5  3.004016e-05
21905.5  2.460850e-05
21915.5  3.119384e-05
21925.5  3.360573e-05
21935.5  3.136207e-05
21945.5  2.728772e-05
21955.5  3.281043e-05
21965.5  3.099132e-05
21975.5  3.390287e-05
21985.5  2.902646e-05
21995.5  3.151884e-05
22005.5  4.076901e-05
22015.5  4.015949e-05
22025.5  3.879088e-05
22035.5  3.474085e-05
22045.5  4.067146e-05
22055.5  4.004992e-05
22065.5  4.161629e-05
22075.5  4.039746e-05
22085.5  3.978236e-05
22095.5  3.730615e-05
22105.5  3.818075e-05
22115.5  4.284761e-05
22125.5  4.287386e-05
22135.5  4.003929e-05
22145.5  4.606272e-05
22155.5  3.976768e-05
22165.5  4.685172e-05
22175.5  3.861293e-05
22185.5  4.344605e-05
22195.5  4.540463e-05
22205.5  4.177952e-05
22215.5  4.346760e-05
22225.5  3.704157e-05
22235.5  4.122097e-05
22245.5  4.786507e-05
22255.5  4.429614e-05
22265.5  4.455587e-05
22275.5  4.829490e-05
22285.5  4.388947e-05
22295.5  4.294914e-05
22305.5  4.634463e-05
22315.5  4.255910e-05
22325.5  4.288817e-05
22335.5  4.128898e-05
22345.5  4.171594e-05
22355.5  4.352745e-05
22365.5  4.668273e-05
22375.5  4.783955e-05
22385.5  4.680004e-05
22395.5  5.378840e-05
22405.5  4.803620e-05
22415.5  4.795891e-05
22425.5  4.921734e-05
22435.5  4.793496e-05
22445.5  5.005896e-05
22455.5  4.936556e-05
22465.5  5.174418e-05
22475.5  4.749161e-05
22485.5  5.257604e-05
22495.5  5.705734e-05
22505.5  5.813069e-05
22515.5  4.765920e-05
22525.5  5.365922e-05
22535.5  5.569636e-05
22545.5  4.877120e-05
22555.5  4.822381e-05
22565.5  5.468484e-05
22575.5  5.956915e-05
22585.5  5.760339e-05
22595.5  5.485755e-05
22605.5  6.206084e-05
22615.5  5.963586e-05
22625.5  5.511728e-05
22635.5  5.786356e-05
22645.5  5.876596e-05
22655.5  5.544169e-05
22665.5  6.069317e-05
22675.5  5.116726e-05
22685.5  5.858062e-05
22695.5  5.030582e-05
22705.5  4.925309e-05
22715.5  5.103074e-05
22725.5  5.710170e-05
22735.5  5.611946e-05
22745.5  4.462613e-05
22755.5  4.807901e-05
22765.5  4.831823e-05
22775.5  5.356693e-05
22785.5  4.256286e-05
22795.5  4.383944e-05
22805.5  4.450835e-05
22815.5  4.590223e-05
22825.5  3.827437e-05
22835.5  3.721248e-05
22845.5  3.812207e-05
22855.5  3.637292e-05
22865.5  3.408434e-05
22875.5  3.991660e-05
22885.5  3.704516e-05
22895.5  3.430518e-05
22905.5  2.935685e-05
22915.5  3.593088e-05
22925.5  3.013521e-05
22935.5  3.147867e-05
22945.5  3.194041e-05
22955.5  3.060430e-05
22965.5  3.059468e-05
22975.5  2.385983e-05
22985.5  2.831568e-05
22995.5  2.649628e-05
23005.5  2.978239e-05
23015.5  2.496288e-05
23025.5  2.335735e-05
23035.5  2.322412e-05
23045.5  2.455229e-05
23055.5  2.465934e-05
23065.5  2.166483e-05
23075.5  2.313936e-05
23085.5  2.202688e-05
23095.5  2.161016e-05
23105.5  2.109633e-05
23115.5  2.074730e-05
23125.5  1.868118e-05
23135.5  2.088816e-05
23145.5  1.972729e-05
23155.5  1.746487e-05
23165.5  1.825155e-05
23175.5  1.744008e-05
23185.5  1.691046e-05
23195.5  1.577795e-05
23205.5  1.669041e-05
23215.5  1.649762e-05
23225.5  1.638706e-05
23235.5  1.505916e-05
23245.5  1.520240e-05
23255.5  1.437550e-05
23265.5  1.353712e-05
23275.5  1.313115e-05
23285.5  1.274540e-05
23295.5  1.098956e-05
23305.5  1.237588e-05
23315.5  1.254337e-05
23325.5  9.726597e-06
23335.5  1.128826e-05
23345.5  9.543495e-06
23355.5  9.176018e-06
23365.5  9.431502e-06
23375.5  8.772588e-06
23385.5  7.844180e-06
23395.5  8.661756e-06
23405.5  7.883221e-06
23415.5  8.027251e-06
23425.5  7.620846e-06
23435.5  7.467851e-06
23445.5  7.496125e-06
23455.5  7.092507e-06
23465.5  7.862322e-06
23475.5  7.127262e-06
23485.5  7.834148e-06
23495.5  7.493590e-06
23505.5  7.860930e-06
23515.5  7.611063e-06
23525.5  7.504601e-06
23535.5  8.173066e-06
23545.5  7.204238e-06
23555.5  7.796568e-06
23565.5  7.501977e-06
23575.5  7.422219e-06
23585.5  7.844059e-06
23595.5  6.948492e-06
23605.5  7.106884e-06
23615.5  6.880962e-06
23625.5  6.513808e-06
23635.5  6.080986e-06
23645.5  5.628386e-06
23655.5  5.438486e-06
23665.5  5.028915e-06
23675.5  4.380881e-06
23685.5  4.230726e-06
23695.5  3.838176e-06
23705.5  3.462209e-06
23715.5  2.873554e-06
23725.5  2.662880e-06
23735.5  2.299331e-06
23745.5  2.282086e-06
23755.5  2.279707e-06
23765.5  2.408938e-06
23775.5  2.356029e-06
23785.5  2.430940e-06
23795.5  2.555682e-06
23805.5  2.447869e-06
23815.5  2.316361e-06
23825.5  2.235346e-06
23835.5  1.988122e-06
23845.5  1.943951e-06
23855.5  1.817437e-06
23865.5  1.782630e-06
23875.5  1.657417e-06
23885.5  1.573681e-06
23895.5  1.544183e-06
23905.5  1.435705e-06
23915.5  1.359687e-06
23925.5  1.295315e-06
23935.5  1.239388e-06
23945.5  1.160026e-06
23955.5  1.068736e-06
23965.5  1.022422e-06
23975.5  9.625781e-07
23985.5  9.048871e-07
23995.5  8.412190e-07
24005.5  7.770538e-07
24015.5  7.295682e-07
24025.5  6.594973e-07
24035.5  6.058296e-07
24045.5  5.590239e-07
24055.5  5.129224e-07
24065.5  4.707362e-07
24075.5  4.227345e-07
24085.5  3.842516e-07
24095.5  3.497655e-07
24105.5  3.114918e-07
24115.5  2.784842e-07
24125.5  2.508656e-07
24135.5  2.242666e-07
24145.5  2.004939e-07
24155.5  1.768358e-07
24165.5  1.556196e-07
24175.5  1.401858e-07
24185.5  1.214574e-07
24195.5  1.101324e-07
24205.5  9.583712e-08
24215.5  8.588028e-08
24225.5  7.417302e-08
24235.5  6.545164e-08
24245.5  5.799721e-08
24255.5  4.971703e-08
24265.5  4.493430e-08
24275.5  3.939026e-08
24285.5  3.466213e-08
24295.5  2.976164e-08
24305.5  2.690429e-08
24315.5  2.334751e-08
24325.5  2.046650e-08
24335.5  1.803677e-08
24345.5  1.590671e-08
24355.5  1.379379e-08
24365.5  1.224988e-08
24375.5  1.071805e-08
24385.5  9.386677e-09
24395.5  8.288865e-09
24405.5  7.148265e-09
24415.5  6.227654e-09
24425.5  5.495267e-09
24435.5  4.736589e-09
24445.5  4.100624e-09
24455.5  3.522372e-09
24465.5  3.031469e-09
24475.5  2.576053e-09
24485.5  2.180489e-09
24495.5  2.034773e-09
24505.5  2.048720e-09
24515.5  2.070919e-09
24525.5  2.026738e-09
24535.5  1.997435e-09
24545.5  2.003142e-09
24555.5  1.973983e-09
24565.5  1.937114e-09
24575.5  1.903641e-09
24585.5  1.868405e-09
24595.5  1.836833e-09
24605.5  1.789278e-09
24615.5  1.754905e-09
24625.5  1.723929e-09
24635.5  1.674074e-09
24645.5  1.634823e-09
24655.5  1.597006e-09
24665.5  1.560585e-09
24675.5  1.529220e-09
24685.5  1.453418e-09
24695.5  1.392782e-09
24705.5  1.338446e-09
24715.5  1.290375e-09
24725.5  1.238439e-09
24735.5  1.199193e-09
24745.5  1.153164e-09
24755.5  1.099565e-09
24765.5  1.070337e-09
24775.5  1.039073e-09
24785.5  1.004718e-09
24795.5  9.517343e-10
24805.5  9.258423e-10
24815.5  8.944375e-10
24825.5  8.487203e-10
24835.5  8.114104e-10
24845.5  7.910070e-10
24855.5  7.702925e-10
24865.5  7.347595e-10
24875.5  6.981823e-10
24885.5  6.835615e-10
24895.5  6.685060e-10
24905.5  6.370874e-10
24915.5  6.087555e-10
24925.5  5.851721e-10
24935.5  5.613975e-10
24945.5  5.346876e-10
24955.5  5.118346e-10
24965.5  4.872615e-10
24975.5  4.655408e-10
24985.5  4.415978e-10
24995.5  4.216174e-10
25005.5  4.021410e-10
25015.5  3.819362e-10
25025.5  3.630588e-10
25035.5  3.445122e-10
25045.5  3.266104e-10
25055.5  3.085573e-10
25065.5  2.906563e-10
25075.5  2.741768e-10
25085.5  2.591917e-10
25095.5  2.432235e-10
25105.5  2.283075e-10
25115.5  2.140283e-10
25125.5  2.002058e-10
25135.5  1.872505e-10
25145.5  1.748311e-10
25155.5  1.627972e-10
25165.5  1.512058e-10
25175.5  1.411091e-10
25185.5  1.307796e-10
25195.5  1.208985e-10
25205.5  1.131802e-10
25215.5  1.043475e-10
25225.5  9.680141e-11
25235.5  8.901852e-11
25245.5  8.206200e-11
25255.5  7.586249e-11
25265.5  6.975480e-11
25275.5  6.432523e-11
25285.5  5.942836e-11
25295.5  5.475812e-11
25305.5  5.049362e-11
25315.5  4.690622e-11
25325.5  4.322341e-11
25335.5  3.993339e-11
25345.5  3.704860e-11
25355.5  3.431596e-11
25365.5  3.197957e-11
25375.5  2.989339e-11
25385.5  2.789586e-11
25395.5  2.604880e-11
25405.5  2.432139e-11
25415.5  2.266752e-11
25425.5  2.116465e-11
25435.5  1.984158e-11
25445.5  1.849975e-11
25455.5  1.738884e-11
25465.5  1.647952e-11
25475.5  1.559742e-11
25485.5  1.477331e-11
25495.5  1.411647e-11
25505.5  1.340454e-11
25515.5  1.273009e-11
25525.5  1.209119e-11
25535.5  1.158218e-11
25545.5  1.100587e-11
25555.5  1.056187e-11
25565.5  1.013225e-11
25575.5  9.765007e-12
25585.5  9.554991e-12
25595.5  9.322008e-12
25605.5  9.082554e-12
25615.5  8.830245e-12
25625.5  8.604266e-12
25635.5  8.262334e-12
25645.5  7.986440e-12
25655.5  7.688944e-12
25665.5  7.355707e-12
25675.5  6.999566e-12
25685.5  6.652553e-12
25695.5  6.305441e-12
25705.5  5.915399e-12
25715.5  5.555232e-12
25725.5  5.185384e-12
25735.5  4.808664e-12
25745.5  4.446081e-12
25755.5  4.070411e-12
25765.5  3.702245e-12
25775.5  3.375825e-12
25785.5  3.050967e-12
25795.5  2.725836e-12
25805.5  2.450257e-12
25815.5  2.178549e-12
25825.5  1.904306e-12
25835.5  1.649532e-12
25845.5  1.423936e-12
25855.5  1.214488e-12
25865.5  1.036302e-12
25875.5  8.736783e-13
25885.5  7.366338e-13
25895.5  6.158303e-13
25905.5  5.113088e-13
25915.5  4.206350e-13
25925.5  3.465094e-13
25935.5  2.825854e-13
25945.5  2.289528e-13
25955.5  1.843083e-13
25965.5  1.485941e-13
25975.5  1.185508e-13
25985.5  9.419878e-14
