# from B. Hilbert, priv. comm. 
# Dated May 2024 (post-flight)
# Uses modA or modB  filters+DBS+QE+OTE (nrc_plus_ote)
# Units of transmission are PCE (photon to electron conversion efficiency)
# 
22963.6  0.000000e+00
22979.6  0.000000e+00
22995.7  9.437141e-07
23011.8  1.629176e-06
23027.9  6.265517e-07
23044.0  1.454029e-08
23060.0  3.508344e-10
23076.1  5.000715e-09
23092.2  3.183483e-07
23108.3  2.264937e-06
23124.4  5.093454e-08
23140.4  1.189631e-09
23156.5  6.061759e-09
23172.6  3.682043e-07
23188.7  1.122223e-05
23204.8  7.224589e-06
23220.8  5.160621e-06
23236.9  5.272212e-06
23253.0  8.711848e-06
23269.1  1.307447e-05
23285.2  1.889654e-05
23301.3  2.708243e-05
23317.3  2.576517e-05
23333.4  1.238024e-05
23349.5  5.850137e-06
23365.6  1.067403e-05
23381.7  3.136471e-05
23397.7  7.794964e-05
23413.8  1.886958e-05
23429.9  5.241160e-06
23446.0  5.172896e-06
23462.1  1.970941e-05
23478.1  8.804114e-05
23494.2  6.943495e-05
23510.3  4.788062e-05
23526.4  3.833767e-05
23542.5  5.543323e-05
23558.5  8.303134e-05
23574.6  1.241297e-04
23590.7  1.424460e-04
23606.8  1.609009e-04
23622.9  1.690863e-04
23639.0  1.713748e-04
23655.0  1.889093e-04
23671.1  2.738497e-04
23687.2  3.897165e-04
23703.3  4.814702e-04
23719.4  4.946538e-04
23735.4  5.126853e-04
23751.5  6.492410e-04
23767.6  8.624382e-04
23783.7  1.131598e-03
23799.8  1.278442e-03
23815.8  1.445974e-03
23831.9  1.693426e-03
23848.0  2.103148e-03
23864.1  2.611717e-03
23880.2  3.182129e-03
23896.2  3.832745e-03
23912.3  4.618255e-03
23928.4  5.581779e-03
23944.5  6.751807e-03
23960.6  8.162664e-03
23976.7  9.844619e-03
23992.7  1.187729e-02
24008.8  1.417886e-02
24024.9  1.668086e-02
24041.0  1.961983e-02
24057.1  2.291739e-02
24073.1  2.668142e-02
24089.2  3.103868e-02
24105.3  3.550096e-02
24121.4  4.046715e-02
24137.5  4.608384e-02
24153.5  5.231605e-02
24169.6  5.934688e-02
24185.7  6.730518e-02
24201.8  7.617059e-02
24217.9  8.614136e-02
24233.9  9.754087e-02
24250.0  1.105526e-01
24266.1  1.252109e-01
24282.2  1.415585e-01
24298.3  1.597175e-01
24314.4  1.802733e-01
24330.4  2.011059e-01
24346.5  2.235087e-01
24362.6  2.485029e-01
24378.7  2.696705e-01
24394.8  2.923798e-01
24410.8  3.160847e-01
24426.9  3.324602e-01
24443.0  3.498417e-01
24459.1  3.658131e-01
24475.2  3.754139e-01
24491.2  3.852534e-01
24507.3  3.925264e-01
24523.4  3.956837e-01
24539.5  3.990769e-01
24555.6  4.009782e-01
24571.6  4.014179e-01
24587.7  4.020750e-01
24603.8  4.021501e-01
24619.9  4.021724e-01
24636.0  4.019764e-01
24652.0  4.018748e-01
24668.1  4.020401e-01
24684.2  4.019865e-01
24700.3  4.022844e-01
24716.4  4.028493e-01
24732.5  4.031959e-01
24748.5  4.035723e-01
24764.6  4.039478e-01
24780.7  4.043244e-01
24796.8  4.048653e-01
24812.9  4.051792e-01
24828.9  4.057142e-01
24845.0  4.062011e-01
24861.1  4.064710e-01
24877.2  4.069609e-01
24893.3  4.072082e-01
24909.3  4.076749e-01
24925.4  4.081398e-01
24941.5  4.085552e-01
24957.6  4.089731e-01
24973.7  4.093917e-01
24989.7  4.096558e-01
24997.8  4.014552e-01
25011.3  4.016858e-01
25024.8  4.017845e-01
25038.3  4.018628e-01
25051.8  4.018807e-01
25065.3  4.018075e-01
25078.9  4.016691e-01
25092.4  4.014244e-01
25105.9  4.011050e-01
25119.4  4.007423e-01
25132.9  4.003283e-01
25146.4  3.998408e-01
25159.9  3.993603e-01
25173.4  3.988922e-01
25187.0  3.984220e-01
25200.5  3.979829e-01
25214.0  3.976006e-01
25227.5  3.972245e-01
25241.0  3.968817e-01
25254.5  3.967570e-01
25268.0  3.966370e-01
25281.5  3.966821e-01
25295.1  3.967964e-01
25308.6  3.969839e-01
25322.1  3.972405e-01
25335.6  3.978141e-01
25349.1  3.984506e-01
25362.6  3.989020e-01
25376.1  3.999350e-01
25389.6  4.007692e-01
25403.2  4.016736e-01
25416.7  4.023792e-01
25430.2  4.029786e-01
25443.7  4.040648e-01
25457.2  4.050715e-01
25470.7  4.056261e-01
25484.2  4.062695e-01
25497.7  4.069921e-01
25511.2  4.072395e-01
25524.8  4.073571e-01
25538.3  4.079382e-01
25551.8  4.082629e-01
25565.3  4.081474e-01
25578.8  4.079421e-01
25592.3  4.074139e-01
25605.8  4.059527e-01
25619.3  4.049446e-01
25632.9  4.043982e-01
25646.4  4.036284e-01
25659.9  4.036398e-01
25673.4  4.027960e-01
25686.9  4.012898e-01
25700.4  3.998359e-01
25713.9  3.997824e-01
25727.4  3.979385e-01
25741.0  3.971192e-01
25754.5  3.970422e-01
25768.0  3.955454e-01
25781.5  3.959248e-01
25795.0  3.957225e-01
25808.5  3.946826e-01
25822.0  3.949827e-01
25835.5  3.938769e-01
25849.1  3.949788e-01
25862.6  3.958108e-01
25876.1  3.959286e-01
25889.6  3.972091e-01
25903.1  3.986543e-01
25916.6  3.997617e-01
25930.1  4.004714e-01
25943.6  3.984715e-01
25957.2  4.011662e-01
25970.7  4.051978e-01
25984.2  4.073032e-01
25997.7  4.088938e-01
26011.2  4.095477e-01
26024.7  4.105715e-01
26038.2  4.112308e-01
26051.7  4.106077e-01
26065.3  4.126860e-01
26078.8  4.139369e-01
26092.3  4.142601e-01
26105.8  4.153058e-01
26119.3  4.160313e-01
26132.8  4.155750e-01
26146.3  4.154497e-01
26159.8  4.146068e-01
26173.4  4.143354e-01
26186.9  4.161335e-01
26200.4  4.147479e-01
26213.9  4.157814e-01
26227.4  4.165115e-01
26240.9  4.162151e-01
26254.4  4.152250e-01
26267.9  4.135913e-01
26281.5  4.143400e-01
26295.0  4.127140e-01
26308.5  4.113217e-01
26322.0  4.124912e-01
26335.5  4.114557e-01
26349.0  4.112127e-01
26362.5  4.110725e-01
26376.0  4.105590e-01
26389.6  4.100809e-01
26403.1  4.096413e-01
26416.6  4.090597e-01
26430.1  4.089260e-01
26443.6  4.086849e-01
26457.1  4.079886e-01
26470.6  4.085909e-01
26484.1  4.088751e-01
26497.6  4.090451e-01
26511.2  4.080886e-01
26524.7  4.073754e-01
26538.2  4.084480e-01
26551.7  4.083082e-01
26565.2  4.090202e-01
26578.7  4.096143e-01
26592.2  4.091032e-01
26605.7  4.096748e-01
26619.3  4.102518e-01
26632.8  4.105100e-01
26646.3  4.089444e-01
26659.8  4.090047e-01
26673.3  4.094051e-01
26686.8  4.113025e-01
26700.3  4.086637e-01
26713.8  4.104837e-01
26727.4  4.124436e-01
26740.9  4.124466e-01
26754.4  4.115946e-01
26767.9  4.109942e-01
26781.4  4.115804e-01
26794.9  4.115159e-01
26808.4  4.129682e-01
26821.9  4.127897e-01
26835.5  4.120727e-01
26849.0  4.122273e-01
26862.5  4.116411e-01
26876.0  4.117726e-01
26889.5  4.115342e-01
26903.0  4.114922e-01
26916.5  4.110924e-01
26930.0  4.096941e-01
26943.6  4.091945e-01
26957.1  4.097273e-01
26970.6  4.105138e-01
26984.1  4.107220e-01
26997.6  4.105486e-01
27011.1  4.108061e-01
27024.6  4.114125e-01
27038.1  4.118465e-01
27051.7  4.120716e-01
27065.2  4.122755e-01
27078.7  4.120232e-01
27092.2  4.115488e-01
27105.7  4.109941e-01
27119.2  4.122611e-01
27132.7  4.139771e-01
27146.2  4.144091e-01
27159.8  4.147241e-01
27173.3  4.148358e-01
27186.8  4.151229e-01
27200.3  4.133760e-01
27213.8  4.145173e-01
27227.3  4.164188e-01
27240.8  4.154511e-01
27254.3  4.164410e-01
27267.9  4.180880e-01
27281.4  4.189061e-01
27294.9  4.192594e-01
27308.4  4.194748e-01
27321.9  4.197935e-01
27335.4  4.196566e-01
27348.9  4.188340e-01
27362.4  4.199849e-01
27375.9  4.198761e-01
27389.5  4.182013e-01
27403.0  4.177809e-01
27416.5  4.186139e-01
27430.0  4.198161e-01
27443.5  4.202109e-01
27457.0  4.200110e-01
27470.5  4.200078e-01
27484.0  4.197976e-01
27497.6  4.196853e-01
27511.1  4.186270e-01
27524.6  4.177995e-01
27538.1  4.165287e-01
27551.6  4.132530e-01
27565.1  4.134803e-01
27578.6  4.140767e-01
27592.1  4.129603e-01
27605.7  4.120598e-01
27619.2  4.104367e-01
27632.7  4.094761e-01
27646.2  4.099071e-01
27659.7  4.098512e-01
27673.2  4.092395e-01
27686.7  4.094382e-01
27700.2  4.092186e-01
27713.8  4.093758e-01
27727.3  4.101035e-01
27740.8  4.107764e-01
27754.3  4.109937e-01
27767.8  4.111071e-01
27781.3  4.115912e-01
27794.8  4.120503e-01
27808.3  4.123561e-01
27821.9  4.129515e-01
27835.4  4.137032e-01
27848.9  4.143284e-01
27862.4  4.142503e-01
27875.9  4.146907e-01
27889.4  4.160067e-01
27902.9  4.171497e-01
27916.4  4.178557e-01
27930.0  4.184624e-01
27943.5  4.192533e-01
27957.0  4.199117e-01
27970.5  4.206545e-01
27984.0  4.213268e-01
27997.5  4.219387e-01
28011.0  4.223049e-01
28024.5  4.220137e-01
28038.1  4.225738e-01
28051.6  4.237262e-01
28065.1  4.244336e-01
28078.6  4.248600e-01
28092.1  4.251840e-01
28105.6  4.255652e-01
28119.1  4.258262e-01
28132.6  4.259683e-01
28146.2  4.259684e-01
28159.7  4.261979e-01
28173.2  4.263447e-01
28186.7  4.261883e-01
28200.2  4.260494e-01
28213.7  4.261954e-01
28227.2  4.264365e-01
28240.7  4.265166e-01
28254.2  4.265204e-01
28267.8  4.264731e-01
28281.3  4.264272e-01
28294.8  4.265108e-01
28308.3  4.264983e-01
28321.8  4.263374e-01
28335.3  4.262200e-01
28348.8  4.262123e-01
28362.3  4.261897e-01
28375.9  4.262208e-01
28389.4  4.263427e-01
28402.9  4.264047e-01
28416.4  4.264956e-01
28429.9  4.266227e-01
28443.4  4.266715e-01
28456.9  4.268229e-01
28470.4  4.268570e-01
28484.0  4.269586e-01
28497.5  4.271222e-01
28511.0  4.273927e-01
28524.5  4.276175e-01
28538.0  4.277154e-01
28551.5  4.279448e-01
28565.0  4.283467e-01
28578.5  4.286754e-01
28592.1  4.288911e-01
28605.6  4.291449e-01
28619.1  4.294717e-01
28632.6  4.297740e-01
28646.1  4.300674e-01
28659.6  4.302916e-01
28673.1  4.305616e-01
28686.6  4.308875e-01
28700.2  4.311506e-01
28713.7  4.312904e-01
28727.2  4.315514e-01
28740.7  4.318918e-01
28754.2  4.320971e-01
28767.7  4.322273e-01
28781.2  4.324489e-01
28794.7  4.326005e-01
28808.3  4.327276e-01
28821.8  4.329229e-01
28835.3  4.329690e-01
28848.8  4.330209e-01
28862.3  4.331417e-01
28875.8  4.331601e-01
28889.3  4.331968e-01
28902.8  4.332690e-01
28916.4  4.332793e-01
28929.9  4.332564e-01
28943.4  4.332944e-01
28956.9  4.332731e-01
28970.4  4.332766e-01
28983.9  4.332683e-01
28997.4  4.331369e-01
29010.9  4.330247e-01
29024.5  4.331288e-01
29038.0  4.331453e-01
29051.5  4.330653e-01
29065.0  4.331172e-01
29078.5  4.331508e-01
29092.0  4.330794e-01
29105.5  4.331174e-01
29119.0  4.331449e-01
29132.5  4.330337e-01
29146.1  4.331092e-01
29159.6  4.331957e-01
29173.1  4.330951e-01
29186.6  4.331728e-01
29200.1  4.331043e-01
29213.6  4.331787e-01
29227.1  4.332512e-01
29240.6  4.331765e-01
29254.2  4.333552e-01
29267.7  4.335203e-01
29281.2  4.334200e-01
29294.7  4.335616e-01
29308.2  4.336912e-01
29321.7  4.336047e-01
29335.2  4.337458e-01
29348.7  4.338481e-01
29362.3  4.337397e-01
29375.8  4.338623e-01
29389.3  4.339993e-01
29402.8  4.338950e-01
29416.3  4.340178e-01
29429.8  4.340762e-01
29443.3  4.340245e-01
29456.8  4.341480e-01
29470.4  4.340868e-01
29483.9  4.342167e-01
29497.4  4.342766e-01
29510.9  4.342193e-01
29524.4  4.342462e-01
29537.9  4.342668e-01
29551.4  4.342547e-01
29564.9  4.342981e-01
29578.5  4.343246e-01
29592.0  4.343267e-01
29605.5  4.343516e-01
29619.0  4.343419e-01
29632.5  4.343837e-01
29646.0  4.343916e-01
29659.5  4.344333e-01
29673.0  4.345625e-01
29686.6  4.345761e-01
29700.1  4.347099e-01
29713.6  4.347302e-01
29727.1  4.348133e-01
29740.6  4.350586e-01
29754.1  4.351778e-01
29767.6  4.352776e-01
29781.1  4.355918e-01
29794.7  4.357337e-01
29808.2  4.359189e-01
29821.7  4.363590e-01
29835.2  4.366127e-01
29848.7  4.368747e-01
29862.2  4.373457e-01
29875.7  4.376234e-01
29889.2  4.379371e-01
29902.8  4.385538e-01
29916.3  4.389021e-01
29929.8  4.392946e-01
29943.3  4.399663e-01
29956.8  4.403766e-01
29970.3  4.410201e-01
29983.8  4.414542e-01
29997.3  4.419448e-01
30010.9  4.424674e-01
30024.4  4.430090e-01
30037.9  4.435532e-01
30051.4  4.443211e-01
30064.9  4.448461e-01
30078.4  4.453804e-01
30091.9  4.461135e-01
30105.4  4.466739e-01
30118.9  4.472031e-01
30132.5  4.478834e-01
30146.0  4.483861e-01
30159.5  4.488591e-01
30173.0  4.494469e-01
30186.5  4.499021e-01
30200.0  4.504632e-01
30213.5  4.508644e-01
30227.0  4.512490e-01
30240.6  4.516889e-01
30254.1  4.520445e-01
30267.6  4.523205e-01
30281.1  4.525920e-01
30294.6  4.528300e-01
30308.1  4.530505e-01
30321.6  4.532096e-01
30335.1  4.533824e-01
30348.7  4.535251e-01
30362.2  4.535634e-01
30375.7  4.536202e-01
30389.2  4.536433e-01
30402.7  4.536011e-01
30416.2  4.536012e-01
30429.7  4.536034e-01
30443.2  4.534641e-01
30456.8  4.533954e-01
30470.3  4.532111e-01
30483.8  4.531354e-01
30497.3  4.530518e-01
30510.8  4.528627e-01
30524.3  4.527523e-01
30537.8  4.526553e-01
30551.3  4.524552e-01
30564.9  4.523961e-01
30578.4  4.523128e-01
30591.9  4.521427e-01
30605.4  4.520645e-01
30618.9  4.520004e-01
30632.4  4.518923e-01
30645.9  4.518870e-01
30659.4  4.518772e-01
30673.0  4.518307e-01
30686.5  4.518778e-01
30700.0  4.519364e-01
30713.5  4.520117e-01
30727.0  4.520907e-01
30740.5  4.522442e-01
30754.0  4.524205e-01
30767.5  4.526108e-01
30781.1  4.528572e-01
30794.6  4.531134e-01
30808.1  4.533373e-01
30821.6  4.536847e-01
30835.1  4.540058e-01
30848.6  4.543382e-01
30862.1  4.547784e-01
30875.6  4.551885e-01
30889.2  4.556016e-01
30902.7  4.561840e-01
30916.2  4.566552e-01
30929.7  4.571242e-01
30943.2  4.577042e-01
30956.7  4.582011e-01
30970.2  4.588506e-01
30983.7  4.593619e-01
30997.2  4.598804e-01
31010.8  4.605913e-01
31024.3  4.611196e-01
31037.8  4.616514e-01
31051.3  4.623342e-01
31064.8  4.628764e-01
31078.3  4.634376e-01
31091.8  4.641627e-01
31105.3  4.646478e-01
31118.9  4.651645e-01
31132.4  4.658708e-01
31145.9  4.663500e-01
31159.4  4.668137e-01
31172.9  4.674914e-01
31186.4  4.679508e-01
31199.9  4.683929e-01
31213.4  4.689841e-01
31227.0  4.693800e-01
31240.5  4.699351e-01
31254.0  4.703054e-01
31267.5  4.706483e-01
31281.0  4.711662e-01
31294.5  4.714885e-01
31308.0  4.718061e-01
31321.5  4.722445e-01
31335.1  4.725217e-01
31348.6  4.727634e-01
31362.1  4.731524e-01
31375.6  4.733874e-01
31389.1  4.736131e-01
31402.6  4.739407e-01
31416.1  4.741568e-01
31429.6  4.743435e-01
31443.2  4.746348e-01
31456.7  4.747782e-01
31470.2  4.750493e-01
31483.7  4.752565e-01
31497.2  4.754595e-01
31510.7  4.756928e-01
31524.2  4.758772e-01
31537.7  4.760558e-01
31551.3  4.762995e-01
31564.8  4.764765e-01
31578.3  4.766860e-01
31591.8  4.769136e-01
31605.3  4.771255e-01
31618.8  4.773345e-01
31632.3  4.775908e-01
31645.8  4.778076e-01
31659.4  4.780507e-01
31672.9  4.783182e-01
31686.4  4.785825e-01
31699.9  4.788488e-01
31713.4  4.791579e-01
31726.9  4.794323e-01
31740.4  4.796924e-01
31753.9  4.799635e-01
31767.5  4.802630e-01
31781.0  4.805765e-01
31794.5  4.808854e-01
31808.0  4.812086e-01
31821.5  4.815408e-01
31835.0  4.818899e-01
31848.5  4.822261e-01
31862.0  4.825575e-01
31875.5  4.828711e-01
31889.1  4.832082e-01
31902.6  4.835393e-01
31916.1  4.838825e-01
31929.6  4.842316e-01
31943.1  4.845981e-01
31956.6  4.849226e-01
31970.1  4.852542e-01
31983.6  4.855637e-01
31997.2  4.858990e-01
32010.7  4.862141e-01
32024.2  4.865238e-01
32037.7  4.868603e-01
32051.2  4.871713e-01
32064.7  4.874389e-01
32078.2  4.877258e-01
32091.7  4.879890e-01
32105.3  4.882538e-01
32118.8  4.885176e-01
32132.3  4.887460e-01
32145.8  4.889870e-01
32159.3  4.892299e-01
32172.8  4.894557e-01
32186.3  4.896482e-01
32199.8  4.898602e-01
32213.4  4.900242e-01
32226.9  4.902084e-01
32240.4  4.903535e-01
32253.9  4.905382e-01
32267.4  4.907151e-01
32280.9  4.908566e-01
32294.4  4.909965e-01
32307.9  4.911607e-01
32321.5  4.913047e-01
32335.0  4.914669e-01
32348.5  4.916391e-01
32362.0  4.917456e-01
32375.5  4.918886e-01
32389.0  4.920163e-01
32402.5  4.921424e-01
32416.0  4.923146e-01
32429.6  4.924743e-01
32443.1  4.925557e-01
32456.6  4.927302e-01
32470.1  4.928251e-01
32483.6  4.930009e-01
32497.1  4.931988e-01
32510.6  4.933257e-01
32524.1  4.935220e-01
32537.7  4.936965e-01
32551.2  4.938337e-01
32564.7  4.940369e-01
32578.2  4.942731e-01
32591.7  4.944241e-01
32605.2  4.946587e-01
32618.7  4.948814e-01
32632.2  4.950719e-01
32645.8  4.953675e-01
32659.3  4.956428e-01
32672.8  4.958404e-01
32686.3  4.961207e-01
32699.8  4.964313e-01
32713.3  4.966533e-01
32726.8  4.969768e-01
32740.3  4.972560e-01
32753.9  4.975959e-01
32767.4  4.979280e-01
32780.9  4.982069e-01
32794.4  4.985042e-01
32807.9  4.988352e-01
32821.4  4.991673e-01
32834.9  4.995208e-01
32848.4  4.999006e-01
32861.9  5.002514e-01
32875.5  5.006097e-01
32889.0  5.009322e-01
32902.5  5.012608e-01
32916.0  5.015827e-01
32929.5  5.019227e-01
32943.0  5.022905e-01
32956.5  5.026447e-01
32970.0  5.030360e-01
32983.6  5.033479e-01
32997.1  5.036798e-01
33010.6  5.040662e-01
33024.1  5.044072e-01
33037.6  5.047199e-01
33051.1  5.051336e-01
33064.6  5.054950e-01
33078.1  5.058220e-01
33091.7  5.062388e-01
33105.2  5.065625e-01
33118.7  5.069002e-01
33132.2  5.073231e-01
33145.7  5.076294e-01
33159.2  5.079283e-01
33172.7  5.084004e-01
33186.2  5.087257e-01
33199.8  5.090365e-01
33213.3  5.095101e-01
33226.8  5.098065e-01
33240.3  5.102990e-01
33253.8  5.106189e-01
33267.3  5.109453e-01
33280.8  5.114520e-01
33294.3  5.118078e-01
33307.9  5.121817e-01
33321.4  5.126907e-01
33334.9  5.130319e-01
33348.4  5.133662e-01
33361.9  5.139011e-01
33375.4  5.142333e-01
33388.9  5.145938e-01
33402.4  5.151764e-01
33416.0  5.155752e-01
33429.5  5.159629e-01
33443.0  5.165259e-01
33456.5  5.169218e-01
33470.0  5.175031e-01
33483.5  5.179168e-01
33497.0  5.183397e-01
33510.5  5.189740e-01
33524.1  5.194580e-01
33537.6  5.199264e-01
33551.1  5.205557e-01
33564.6  5.209782e-01
33578.1  5.214213e-01
33591.6  5.220300e-01
33605.1  5.224774e-01
33618.6  5.229461e-01
33632.2  5.235822e-01
33645.7  5.240803e-01
33659.2  5.245689e-01
33672.7  5.252118e-01
33686.2  5.256658e-01
33699.7  5.261305e-01
33713.2  5.267553e-01
33726.7  5.272120e-01
33740.2  5.278262e-01
33753.8  5.282931e-01
33767.3  5.287782e-01
33780.8  5.293825e-01
33794.3  5.298624e-01
33807.8  5.303388e-01
33821.3  5.309084e-01
33834.8  5.313664e-01
33848.3  5.318133e-01
33861.9  5.323866e-01
33875.4  5.328334e-01
33888.9  5.332650e-01
33902.4  5.337888e-01
33915.9  5.341950e-01
33929.4  5.345974e-01
33942.9  5.350260e-01
33956.4  5.353595e-01
33970.0  5.356788e-01
33983.5  5.360491e-01
33997.0  5.363477e-01
34010.5  5.367002e-01
34024.0  5.369928e-01
34037.5  5.372494e-01
34051.0  5.375413e-01
34064.5  5.377618e-01
34078.1  5.379758e-01
34091.6  5.382495e-01
34105.1  5.384427e-01
34118.6  5.386497e-01
34132.1  5.388892e-01
34145.6  5.390498e-01
34159.1  5.392105e-01
34172.6  5.394047e-01
34186.2  5.395611e-01
34199.7  5.397057e-01
34213.2  5.398901e-01
34226.7  5.400118e-01
34240.2  5.401940e-01
34253.7  5.403485e-01
34267.2  5.404765e-01
34280.7  5.406681e-01
34294.3  5.408097e-01
34307.8  5.409749e-01
34321.3  5.412388e-01
34334.8  5.414547e-01
34348.3  5.416728e-01
34361.8  5.418891e-01
34375.3  5.420134e-01
34388.8  5.421525e-01
34402.4  5.423658e-01
34415.9  5.425198e-01
34429.4  5.426712e-01
34442.9  5.429408e-01
34456.4  5.431506e-01
34469.9  5.433584e-01
34483.4  5.436758e-01
34496.9  5.439013e-01
34510.5  5.442342e-01
34524.0  5.444865e-01
34537.5  5.447485e-01
34551.0  5.451233e-01
34564.5  5.453994e-01
34578.0  5.457085e-01
34591.5  5.461258e-01
34605.0  5.464617e-01
34618.5  5.468242e-01
34632.1  5.472731e-01
34645.6  5.476350e-01
34659.1  5.480013e-01
34672.6  5.484789e-01
34686.1  5.488572e-01
34699.6  5.492336e-01
34713.1  5.497447e-01
34726.6  5.501570e-01
34740.2  5.506966e-01
34753.7  5.511243e-01
34767.2  5.515438e-01
34780.7  5.521092e-01
34794.2  5.525726e-01
34807.7  5.530349e-01
34821.2  5.536017e-01
34834.7  5.540522e-01
34848.3  5.545207e-01
34861.8  5.550884e-01
34875.3  5.555594e-01
34888.8  5.560362e-01
34902.3  5.565938e-01
34915.8  5.570517e-01
34929.3  5.574983e-01
34942.8  5.580506e-01
34956.4  5.584988e-01
34969.9  5.589278e-01
34983.4  5.594635e-01
34996.9  5.598851e-01
35010.4  5.603993e-01
35023.9  5.608225e-01
35037.4  5.612345e-01
35050.9  5.617401e-01
35064.5  5.621436e-01
35078.0  5.625357e-01
35091.5  5.629859e-01
35105.0  5.633153e-01
35118.5  5.636413e-01
35132.0  5.640701e-01
35145.5  5.645029e-01
35159.0  5.649458e-01
35172.6  5.653434e-01
35186.1  5.656055e-01
35199.6  5.658503e-01
35213.1  5.661644e-01
35226.6  5.664288e-01
35240.1  5.667122e-01
35253.6  5.669358e-01
35267.1  5.671481e-01
35280.7  5.673883e-01
35294.2  5.676002e-01
35307.7  5.677957e-01
35321.2  5.680501e-01
35334.7  5.682385e-01
35348.2  5.684211e-01
35361.7  5.686526e-01
35375.2  5.688041e-01
35388.8  5.689449e-01
35402.3  5.691365e-01
35415.8  5.692769e-01
35429.3  5.694266e-01
35442.8  5.696071e-01
35456.3  5.697441e-01
35469.8  5.698857e-01
35483.3  5.700489e-01
35496.8  5.701740e-01
35510.4  5.703295e-01
35523.9  5.704516e-01
35537.4  5.705898e-01
35550.9  5.707468e-01
35564.4  5.708741e-01
35577.9  5.710231e-01
35591.4  5.712088e-01
35604.9  5.713510e-01
35618.5  5.714796e-01
35632.0  5.716646e-01
35645.5  5.718308e-01
35659.0  5.719782e-01
35672.5  5.721750e-01
35686.0  5.723395e-01
35699.5  5.725190e-01
35713.0  5.727614e-01
35726.6  5.729489e-01
35740.1  5.731858e-01
35753.6  5.733917e-01
35767.1  5.735974e-01
35780.6  5.738720e-01
35794.1  5.740907e-01
35807.6  5.743067e-01
35821.1  5.745906e-01
35834.7  5.748286e-01
35848.2  5.750909e-01
35861.7  5.754185e-01
35875.2  5.756818e-01
35888.7  5.759609e-01
35902.2  5.762976e-01
35915.7  5.765747e-01
35929.2  5.768557e-01
35942.8  5.771829e-01
35956.3  5.774647e-01
35969.8  5.777646e-01
35983.3  5.781337e-01
35996.8  5.784423e-01
36010.3  5.788064e-01
36023.8  5.791203e-01
36037.3  5.794278e-01
36050.9  5.797423e-01
36064.4  5.800155e-01
36077.9  5.802914e-01
36091.4  5.806116e-01
36104.9  5.809190e-01
36118.4  5.812317e-01
36131.9  5.815888e-01
36145.4  5.818939e-01
36159.0  5.821879e-01
36172.5  5.825432e-01
36186.0  5.828344e-01
36199.5  5.831032e-01
36213.0  5.834310e-01
36226.5  5.837009e-01
36240.0  5.840320e-01
36253.5  5.843173e-01
36267.1  5.845911e-01
36280.6  5.849348e-01
36294.1  5.852217e-01
36307.6  5.854780e-01
36321.1  5.857966e-01
36334.6  5.860494e-01
36348.1  5.862880e-01
36361.6  5.866020e-01
36375.2  5.868652e-01
36388.7  5.871249e-01
36402.2  5.874346e-01
36415.7  5.876746e-01
36429.2  5.879172e-01
36442.7  5.882084e-01
36456.2  5.884360e-01
36469.7  5.886575e-01
36483.2  5.889081e-01
36496.8  5.891166e-01
36510.3  5.893955e-01
36523.8  5.896161e-01
36537.3  5.898396e-01
36550.8  5.901110e-01
36564.3  5.903190e-01
36577.8  5.905262e-01
36591.3  5.907633e-01
36604.9  5.909417e-01
36618.4  5.911175e-01
36631.9  5.913167e-01
36645.4  5.914888e-01
36658.9  5.916878e-01
36672.4  5.919174e-01
36685.9  5.921120e-01
36699.4  5.922949e-01
36713.0  5.924814e-01
36726.5  5.926464e-01
36740.0  5.928081e-01
36753.5  5.929725e-01
36767.0  5.931192e-01
36780.5  5.932939e-01
36794.0  5.934459e-01
36807.5  5.936143e-01
36821.1  5.937916e-01
36834.6  5.939421e-01
36848.1  5.940981e-01
36861.6  5.942459e-01
36875.1  5.943682e-01
36888.6  5.944973e-01
36902.1  5.946319e-01
36915.6  5.947555e-01
36929.2  5.948873e-01
36942.7  5.950373e-01
36956.2  5.951828e-01
36969.7  5.953183e-01
36983.2  5.954624e-01
36996.7  5.955905e-01
37010.2  5.957186e-01
37023.7  5.958172e-01
37037.3  5.959229e-01
37050.8  5.960358e-01
37064.3  5.961315e-01
37077.8  5.962490e-01
37091.3  5.963860e-01
37104.8  5.964987e-01
37118.3  5.966096e-01
37131.8  5.967371e-01
37145.4  5.968407e-01
37158.9  5.969307e-01
37172.4  5.970349e-01
37185.9  5.971201e-01
37199.4  5.971982e-01
37212.9  5.973036e-01
37226.4  5.974031e-01
37239.9  5.975104e-01
37253.5  5.976532e-01
37267.0  5.977688e-01
37280.5  5.979000e-01
37294.0  5.979885e-01
37307.5  5.980748e-01
37321.0  5.981919e-01
37334.5  5.982867e-01
37348.0  5.983880e-01
37361.5  5.985291e-01
37375.1  5.986577e-01
37388.6  5.987908e-01
37402.1  5.989513e-01
37415.6  5.990802e-01
37429.1  5.992068e-01
37442.6  5.993611e-01
37456.1  5.994808e-01
37469.6  5.996077e-01
37483.2  5.997850e-01
37496.7  5.999319e-01
37510.2  6.001111e-01
37523.7  6.002551e-01
37537.2  6.004278e-01
37550.7  6.006476e-01
37564.2  6.008239e-01
37577.7  6.010038e-01
37591.3  6.012206e-01
37604.8  6.013918e-01
37618.3  6.015571e-01
37631.8  6.017581e-01
37645.3  6.019326e-01
37658.8  6.021205e-01
37672.3  6.023580e-01
37685.8  6.025800e-01
37699.4  6.028081e-01
37712.9  6.030504e-01
37726.4  6.032543e-01
37739.9  6.034705e-01
37753.4  6.037182e-01
37766.9  6.039345e-01
37780.4  6.041813e-01
37793.9  6.043878e-01
37807.5  6.046012e-01
37821.0  6.048499e-01
37834.5  6.050709e-01
37848.0  6.053046e-01
37861.5  6.055667e-01
37875.0  6.057937e-01
37888.5  6.060227e-01
37902.0  6.062642e-01
37915.6  6.064674e-01
37929.1  6.066666e-01
37942.6  6.068782e-01
37956.1  6.070806e-01
37969.6  6.073011e-01
37983.1  6.075204e-01
37996.6  6.077197e-01
38010.1  6.079320e-01
38023.7  6.081151e-01
38037.2  6.082771e-01
38050.7  6.084515e-01
38064.2  6.086145e-01
38077.7  6.087601e-01
38091.2  6.089040e-01
38104.7  6.090473e-01
38118.2  6.091824e-01
38131.8  6.093091e-01
38145.3  6.094430e-01
38158.8  6.095722e-01
38172.3  6.096740e-01
38185.8  6.097739e-01
38199.3  6.098537e-01
38212.8  6.099002e-01
38226.3  6.099641e-01
38239.8  6.100237e-01
38253.4  6.100523e-01
38266.9  6.100954e-01
38280.4  6.100933e-01
38293.9  6.101357e-01
38307.4  6.101643e-01
38320.9  6.101210e-01
38334.4  6.101142e-01
38347.9  6.101007e-01
38361.5  6.100331e-01
38375.0  6.100170e-01
38388.5  6.099799e-01
38402.0  6.098796e-01
38415.5  6.098404e-01
38429.0  6.097997e-01
38442.5  6.096990e-01
38456.0  6.096422e-01
38469.6  6.095672e-01
38483.1  6.094297e-01
38496.6  6.093384e-01
38510.1  6.091997e-01
38523.6  6.090991e-01
38537.1  6.089998e-01
38550.6  6.088520e-01
38564.1  6.087389e-01
38577.7  6.086259e-01
38591.2  6.084650e-01
38604.7  6.083331e-01
38618.2  6.082132e-01
38631.7  6.080586e-01
38645.2  6.079348e-01
38658.7  6.078106e-01
38672.2  6.076395e-01
38685.8  6.075026e-01
38699.3  6.073707e-01
38712.8  6.072022e-01
38726.3  6.070651e-01
38739.8  6.069307e-01
38753.3  6.067721e-01
38766.8  6.066493e-01
38780.3  6.064977e-01
38793.9  6.063836e-01
38807.4  6.062533e-01
38820.9  6.060935e-01
38834.4  6.059778e-01
38847.9  6.058534e-01
38861.4  6.057149e-01
38874.9  6.056184e-01
38888.4  6.055176e-01
38902.0  6.054005e-01
38915.5  6.053175e-01
38929.0  6.052436e-01
38942.5  6.051560e-01
38956.0  6.050829e-01
38969.5  6.050097e-01
38983.0  6.049317e-01
38996.5  6.048853e-01
39010.1  6.048534e-01
39023.6  6.048263e-01
39037.1  6.048205e-01
39050.6  6.048288e-01
39064.1  6.048382e-01
39077.6  6.048603e-01
39091.1  6.048963e-01
39104.6  6.049205e-01
39118.2  6.049617e-01
39131.7  6.050542e-01
39145.2  6.051451e-01
39158.7  6.052436e-01
39172.2  6.053852e-01
39185.7  6.055002e-01
39199.2  6.056248e-01
39212.7  6.058004e-01
39226.2  6.059566e-01
39239.8  6.061198e-01
39253.3  6.063331e-01
39266.8  6.065315e-01
39280.3  6.067690e-01
39293.8  6.069935e-01
39307.3  6.072408e-01
39320.8  6.075202e-01
39334.3  6.077672e-01
39347.9  6.080085e-01
39361.4  6.082635e-01
39374.9  6.084667e-01
39388.4  6.086700e-01
39401.9  6.089097e-01
39415.4  6.090923e-01
39428.9  6.092580e-01
39442.4  6.094366e-01
39456.0  6.095343e-01
39469.5  6.096014e-01
39483.0  6.096488e-01
39496.5  6.095805e-01
39510.0  6.095061e-01
39523.5  6.093121e-01
39537.0  6.090260e-01
39550.5  6.086970e-01
39564.1  6.082242e-01
39577.6  6.076197e-01
39591.1  6.069181e-01
39604.6  6.060286e-01
39618.1  6.049699e-01
39631.6  6.037811e-01
39645.1  6.023544e-01
39658.6  6.007168e-01
39672.2  5.989035e-01
39685.7  5.968192e-01
39699.2  5.944994e-01
39712.7  5.919377e-01
39726.2  5.890200e-01
39739.7  5.858118e-01
39753.2  5.823265e-01
39766.7  5.784759e-01
39780.3  5.743454e-01
39793.8  5.698240e-01
39807.3  5.649464e-01
39820.8  5.597709e-01
39834.3  5.541522e-01
39847.8  5.481013e-01
39861.3  5.417298e-01
39874.8  5.349386e-01
39888.4  5.277666e-01
39901.9  5.202728e-01
39915.4  5.123970e-01
39928.9  5.041623e-01
39942.4  4.956186e-01
39955.9  4.866764e-01
39969.4  4.774176e-01
39982.9  4.679094e-01
39996.5  4.581267e-01
40010.0  4.481088e-01
40023.5  4.378701e-01
40037.0  4.274312e-01
40050.5  4.168632e-01
40064.0  4.060639e-01
40077.5  3.951938e-01
40091.0  3.842782e-01
40104.5  3.732919e-01
40118.1  3.623020e-01
40131.6  3.513697e-01
40145.1  3.404644e-01
40158.6  3.295789e-01
40172.1  3.187987e-01
40185.6  3.081204e-01
40199.1  2.975636e-01
40212.6  2.871861e-01
40226.2  2.769778e-01
40239.7  2.669413e-01
40253.2  2.571147e-01
40266.7  2.475093e-01
40280.2  2.380980e-01
40293.7  2.289097e-01
40307.2  2.199926e-01
40320.7  2.113319e-01
40334.3  2.028812e-01
40347.8  1.946885e-01
40361.3  1.867823e-01
40374.8  1.790626e-01
40388.3  1.716107e-01
40401.8  1.644398e-01
40415.3  1.574935e-01
40428.8  1.507759e-01
40442.4  1.443409e-01
40455.9  1.381416e-01
40469.4  1.321229e-01
40482.9  1.263719e-01
40496.4  1.208357e-01
40509.9  1.154893e-01
40523.4  1.103495e-01
40536.9  1.054453e-01
40550.5  1.007279e-01
40564.0  9.616046e-02
40577.5  9.181701e-02
40591.0  8.765283e-02
40604.5  8.362915e-02
40618.0  7.977365e-02
40631.5  7.613291e-02
40645.0  7.259188e-02
40658.6  6.919519e-02
40672.1  6.598287e-02
40685.6  6.288986e-02
40699.1  5.990727e-02
40712.6  5.707492e-02
40726.1  5.439562e-02
40739.6  5.177543e-02
40753.1  4.929095e-02
40766.7  4.693082e-02
40780.2  4.466963e-02
40793.7  4.247901e-02
40807.2  4.042078e-02
40820.7  3.846819e-02
40834.2  3.655378e-02
40847.7  3.475346e-02
40861.2  3.305806e-02
40874.8  3.142076e-02
40888.3  2.982559e-02
40901.8  2.836036e-02
40915.3  2.693897e-02
40928.8  2.555908e-02
40942.3  2.426937e-02
40955.8  2.306078e-02
40969.3  2.188290e-02
40982.8  2.074744e-02
40996.4  1.971921e-02
41009.9  1.871227e-02
41023.4  1.773774e-02
41036.9  1.682012e-02
41050.4  1.598358e-02
41063.9  1.513073e-02
41077.4  1.433170e-02
41090.9  1.360801e-02
41104.5  1.290255e-02
41118.0  1.220718e-02
41131.5  1.157160e-02
41145.0  1.099523e-02
41158.5  1.039043e-02
41172.0  9.835190e-03
41185.5  9.328659e-03
41199.0  8.843854e-03
41212.6  8.339003e-03
41226.1  7.914915e-03
41239.6  7.513050e-03
41253.1  7.102817e-03
41266.6  6.715901e-03
41280.1  6.387614e-03
41293.6  6.059482e-03
41307.1  5.706471e-03
41320.7  5.415856e-03
41334.2  5.140134e-03
41347.7  4.855191e-03
41361.2  4.571838e-03
41374.7  4.363917e-03
41388.2  4.124857e-03
41401.7  3.884562e-03
41415.2  3.676979e-03
41428.8  3.507076e-03
41442.3  3.297614e-03
41455.8  3.103763e-03
41469.3  2.957119e-03
41482.8  2.802200e-03
41496.3  2.631512e-03
41509.8  2.490736e-03
41523.3  2.393955e-03
41536.9  2.247175e-03
41550.4  2.117358e-03
41563.9  2.016541e-03
41577.4  1.926644e-03
41590.9  1.784208e-03
41604.4  1.698343e-03
41617.9  1.626097e-03
41631.4  1.532905e-03
41645.0  1.417458e-03
41658.5  1.359844e-03
41672.0  1.296719e-03
41685.5  1.202161e-03
41699.0  1.127072e-03
41712.5  1.085568e-03
41726.0  1.024806e-03
41739.5  9.381653e-04
41753.1  9.026470e-04
41766.6  8.656619e-04
41780.1  8.032215e-04
41793.6  7.317644e-04
41807.1  7.247958e-04
41820.6  6.797827e-04
41834.1  6.247421e-04
41847.6  5.874413e-04
41861.1  5.940956e-04
41874.7  5.359362e-04
41888.2  4.899550e-04
41901.7  4.688527e-04
41915.2  4.538203e-04
41928.7  3.920582e-04
41942.2  3.710607e-04
41955.7  3.689266e-04
41969.2  3.378024e-04
41982.8  2.826453e-04
41996.3  2.674181e-04
42009.8  2.669645e-04
42023.3  2.250476e-04
42036.8  1.984861e-04
42050.3  2.058626e-04
42063.8  2.034112e-04
42077.3  1.451698e-04
42090.9  1.366686e-04
42104.4  1.417404e-04
42117.9  1.181230e-04
42131.4  5.877191e-05
42144.9  7.355462e-05
42158.4  7.851802e-05
42171.9  4.445576e-05
42185.4  2.711512e-05
42199.0  3.982730e-05
42212.5  3.037028e-05
42226.0  1.519929e-05
42239.5  8.685143e-06
42253.0  2.414350e-05
42266.5  1.045904e-05
42280.0  1.114975e-07
42293.5  3.910003e-08
42307.1  7.934252e-06
42320.6  1.131903e-08
42334.1  6.584285e-09
42347.6  6.582890e-09
42361.1  6.581412e-09
42374.6  6.579996e-09
42388.1  6.578570e-09
42401.6  6.577064e-09
42415.2  6.575620e-09
42428.7  6.574167e-09
42442.2  6.572642e-09
42455.7  1.532846e-07
42469.2  7.538143e-08
42482.7  6.568167e-09
42496.2  6.566681e-09
42512.3  0.000000e+00
42528.4  0.000000e+00
