# from http://www.stsci.edu/jwst/instruments/nircam/instrumentdesign/filters
# Retrieved March, 2023, dated Nov, 2022 (post-flight)
# Uses modA or modB  filters+DBS+QE+OTE (nrc_plus_ote)
# Units of transmission are PCE (photon to electron conversion efficiency)
# 
16854.0  0.000000e+00
16864.0  0.000000e+00
16874.0  8.336926e-05
16884.0  9.049135e-05
16894.0  9.866363e-05
16904.0  1.059630e-04
16914.0  1.155490e-04
16924.0  1.264360e-04
16934.0  1.384556e-04
16944.0  1.519684e-04
16954.0  1.666762e-04
16964.0  1.834203e-04
16974.0  2.034872e-04
16984.0  2.243473e-04
16994.0  2.509707e-04
17004.0  2.803833e-04
17014.0  3.126715e-04
17024.0  3.529453e-04
17034.0  3.963130e-04
17044.0  4.462976e-04
17054.0  5.040596e-04
17064.0  5.697055e-04
17074.0  6.440886e-04
17084.0  7.272949e-04
17094.0  8.231979e-04
17104.0  9.326757e-04
17114.0  1.052632e-03
17124.0  1.192671e-03
17134.0  1.350633e-03
17144.0  1.524213e-03
17154.0  1.722664e-03
17164.0  1.954909e-03
17174.0  2.210737e-03
17184.0  2.510984e-03
17194.0  2.861799e-03
17204.0  3.249466e-03
17214.0  3.700263e-03
17224.0  4.226081e-03
17234.0  4.832029e-03
17244.0  5.543845e-03
17254.0  6.396018e-03
17264.0  7.385284e-03
17274.0  8.552459e-03
17284.0  9.940455e-03
17294.0  1.163413e-02
17304.0  1.359718e-02
17314.0  1.597816e-02
17324.0  1.884558e-02
17334.0  2.197182e-02
17344.0  2.542718e-02
17354.0  2.892738e-02
17364.0  3.263480e-02
17374.0  3.647705e-02
17384.0  4.098013e-02
17394.0  4.561231e-02
17404.0  5.083819e-02
17414.0  5.671056e-02
17424.0  6.291720e-02
17434.0  6.986473e-02
17444.0  7.764913e-02
17454.0  8.678664e-02
17464.0  9.701771e-02
17474.0  1.092298e-01
17484.0  1.235572e-01
17494.0  1.400678e-01
17504.0  1.592394e-01
17514.0  1.804611e-01
17524.0  2.023292e-01
17534.0  2.260592e-01
17544.0  2.498667e-01
17554.0  2.739106e-01
17564.0  2.974409e-01
17574.0  3.200489e-01
17584.0  3.400347e-01
17594.0  3.586367e-01
17604.0  3.752216e-01
17614.0  3.903379e-01
17624.0  4.044243e-01
17634.0  4.181117e-01
17644.0  4.303009e-01
17654.0  4.420976e-01
17664.0  4.531754e-01
17674.0  4.632610e-01
17684.0  4.732197e-01
17694.0  4.824195e-01
17704.0  4.909942e-01
17714.0  4.979399e-01
17724.0  5.040561e-01
17734.0  5.090343e-01
17744.0  5.128747e-01
17754.0  5.161830e-01
17764.0  5.175240e-01
17774.0  5.195015e-01
17784.0  5.196712e-01
17794.0  5.210186e-01
17804.0  5.219098e-01
17814.0  5.221721e-01
17824.0  5.228454e-01
17834.0  5.228443e-01
17844.0  5.232009e-01
17854.0  5.240529e-01
17864.0  5.244156e-01
17874.0  5.251522e-01
17884.0  5.265549e-01
17894.0  5.270664e-01
17904.0  5.276160e-01
17914.0  5.280206e-01
17924.0  5.281956e-01
17934.0  5.279145e-01
17944.0  5.280132e-01
17954.0  5.267837e-01
17964.0  5.259700e-01
17974.0  5.244423e-01
17984.0  5.229306e-01
17994.0  5.219032e-01
18004.0  5.202114e-01
18014.0  5.190764e-01
18024.0  5.172657e-01
18034.0  5.156789e-01
18044.0  5.137276e-01
18054.0  5.119308e-01
18064.0  5.107777e-01
18074.0  5.102418e-01
18084.0  5.095037e-01
18094.0  5.089171e-01
18104.0  5.086816e-01
18114.0  5.077264e-01
18124.0  5.085494e-01
18134.0  5.087136e-01
18144.0  5.096394e-01
18154.0  5.104899e-01
18164.0  5.109391e-01
18174.0  5.118747e-01
18184.0  5.134639e-01
18194.0  5.145554e-01
18204.0  5.152524e-01
18214.0  5.167938e-01
18224.0  5.183406e-01
18234.0  5.187273e-01
18244.0  5.211520e-01
18254.0  5.224841e-01
18264.0  5.236624e-01
18274.0  5.244391e-01
18284.0  5.249983e-01
18294.0  5.257981e-01
18304.0  5.274429e-01
18314.0  5.277146e-01
18324.0  5.291471e-01
18334.0  5.296827e-01
18344.0  5.297232e-01
18354.0  5.298472e-01
18364.0  5.313238e-01
18374.0  5.312983e-01
18384.0  5.316497e-01
18394.0  5.315383e-01
18404.0  5.319541e-01
18414.0  5.313866e-01
18424.0  5.316888e-01
18434.0  5.315454e-01
18444.0  5.312595e-01
18454.0  5.313079e-01
18464.0  5.301509e-01
18474.0  5.293892e-01
18484.0  5.295056e-01
18494.0  5.283499e-01
18504.0  5.272346e-01
18514.0  5.267133e-01
18524.0  5.265552e-01
18534.0  5.258831e-01
18544.0  5.241385e-01
18554.0  5.236380e-01
18564.0  5.227674e-01
18574.0  5.232048e-01
18584.0  5.225345e-01
18594.0  5.218917e-01
18604.0  5.213676e-01
18614.0  5.207460e-01
18624.0  5.199889e-01
18634.0  5.196278e-01
18644.0  5.188572e-01
18654.0  5.193784e-01
18664.0  5.197381e-01
18674.0  5.193964e-01
18684.0  5.198244e-01
18694.0  5.202364e-01
18704.0  5.210163e-01
18714.0  5.217517e-01
18724.0  5.225224e-01
18734.0  5.234825e-01
18744.0  5.243297e-01
18754.0  5.249341e-01
18764.0  5.261141e-01
18774.0  5.262127e-01
18784.0  5.266774e-01
18794.0  5.270569e-01
18804.0  5.282430e-01
18814.0  5.288379e-01
18824.0  5.294401e-01
18834.0  5.299924e-01
18844.0  5.309592e-01
18854.0  5.316891e-01
18864.0  5.324798e-01
18874.0  5.328982e-01
18884.0  5.329249e-01
18894.0  5.340287e-01
18904.0  5.342580e-01
18914.0  5.341939e-01
18924.0  5.337697e-01
18934.0  5.337759e-01
18944.0  5.343305e-01
18954.0  5.349132e-01
18964.0  5.353854e-01
18974.0  5.357221e-01
18984.0  5.359077e-01
18994.0  5.361899e-01
19004.0  5.361008e-01
19014.0  5.361032e-01
19024.0  5.370805e-01
19034.0  5.371422e-01
19044.0  5.369458e-01
19054.0  5.374617e-01
19064.0  5.374913e-01
19074.0  5.373291e-01
19084.0  5.374964e-01
19094.0  5.375600e-01
19104.0  5.380520e-01
19114.0  5.379139e-01
19124.0  5.381824e-01
19134.0  5.385572e-01
19144.0  5.395205e-01
19154.0  5.387035e-01
19164.0  5.381876e-01
19174.0  5.385077e-01
19184.0  5.384918e-01
19194.0  5.383730e-01
19204.0  5.375927e-01
19214.0  5.372758e-01
19224.0  5.380074e-01
19234.0  5.368136e-01
19244.0  5.365091e-01
19254.0  5.360684e-01
19264.0  5.353400e-01
19274.0  5.344825e-01
19284.0  5.335465e-01
19294.0  5.335299e-01
19304.0  5.332373e-01
19314.0  5.323267e-01
19324.0  5.319227e-01
19334.0  5.312104e-01
19344.0  5.298612e-01
19354.0  5.295036e-01
19364.0  5.287508e-01
19374.0  5.280200e-01
19384.0  5.275696e-01
19394.0  5.271496e-01
19404.0  5.271138e-01
19414.0  5.270268e-01
19424.0  5.272145e-01
19434.0  5.281128e-01
19444.0  5.285728e-01
19454.0  5.288622e-01
19464.0  5.289904e-01
19474.0  5.292884e-01
19484.0  5.299432e-01
19494.0  5.302131e-01
19504.0  5.309062e-01
19514.0  5.311413e-01
19524.0  5.314551e-01
19534.0  5.323624e-01
19544.0  5.324851e-01
19554.0  5.327917e-01
19564.0  5.333547e-01
19574.0  5.339434e-01
19584.0  5.340294e-01
19594.0  5.336150e-01
19604.0  5.343101e-01
19614.0  5.344367e-01
19624.0  5.343693e-01
19634.0  5.340667e-01
19644.0  5.344751e-01
19654.0  5.342137e-01
19664.0  5.339229e-01
19674.0  5.337430e-01
19684.0  5.335036e-01
19694.0  5.333662e-01
19704.0  5.323578e-01
19714.0  5.333470e-01
19724.0  5.333626e-01
19734.0  5.322517e-01
19744.0  5.321111e-01
19754.0  5.319125e-01
19764.0  5.319674e-01
19774.0  5.322312e-01
19784.0  5.321882e-01
19794.0  5.319046e-01
19804.0  5.320995e-01
19814.0  5.317213e-01
19824.0  5.319162e-01
19834.0  5.321228e-01
19844.0  5.323563e-01
19854.0  5.317603e-01
19864.0  5.322782e-01
19874.0  5.326176e-01
19884.0  5.330541e-01
19894.0  5.331982e-01
19904.0  5.334713e-01
19914.0  5.330923e-01
19924.0  5.326381e-01
19934.0  5.330176e-01
19944.0  5.317241e-01
19954.0  5.306549e-01
19964.0  5.279079e-01
19974.0  5.266813e-01
19984.0  5.280389e-01
19994.0  5.300524e-01
20004.0  5.317517e-01
20014.0  5.318043e-01
20024.0  5.332156e-01
20034.0  5.343805e-01
20044.0  5.343655e-01
20054.0  5.336943e-01
20064.0  5.334149e-01
20074.0  5.328744e-01
20084.0  5.324982e-01
20094.0  5.324497e-01
20104.0  5.326738e-01
20114.0  5.323535e-01
20124.0  5.330240e-01
20134.0  5.322535e-01
20144.0  5.328173e-01
20154.0  5.336914e-01
20164.0  5.340263e-01
20174.0  5.341949e-01
20184.0  5.350536e-01
20194.0  5.351212e-01
20204.0  5.354328e-01
20214.0  5.344416e-01
20224.0  5.357556e-01
20234.0  5.364907e-01
20244.0  5.371332e-01
20254.0  5.385551e-01
20264.0  5.390368e-01
20274.0  5.387161e-01
20284.0  5.395610e-01
20294.0  5.396708e-01
20304.0  5.402101e-01
20314.0  5.404926e-01
20324.0  5.405908e-01
20334.0  5.408031e-01
20344.0  5.406400e-01
20354.0  5.408421e-01
20364.0  5.402676e-01
20374.0  5.403957e-01
20384.0  5.401207e-01
20394.0  5.400985e-01
20404.0  5.395570e-01
20414.0  5.381599e-01
20424.0  5.381686e-01
20434.0  5.370475e-01
20444.0  5.357181e-01
20454.0  5.352946e-01
20464.0  5.334260e-01
20474.0  5.328600e-01
20484.0  5.318978e-01
20494.0  5.312744e-01
20504.0  5.306646e-01
20514.0  5.303023e-01
20524.0  5.292132e-01
20534.0  5.287957e-01
20544.0  5.288569e-01
20554.0  5.286750e-01
20564.0  5.279768e-01
20574.0  5.280679e-01
20584.0  5.283183e-01
20594.0  5.284478e-01
20604.0  5.286459e-01
20614.0  5.290605e-01
20624.0  5.297588e-01
20634.0  5.309098e-01
20644.0  5.314053e-01
20654.0  5.319418e-01
20664.0  5.328474e-01
20674.0  5.340858e-01
20684.0  5.353142e-01
20694.0  5.359337e-01
20704.0  5.369786e-01
20714.0  5.382149e-01
20724.0  5.389837e-01
20734.0  5.410572e-01
20744.0  5.415931e-01
20754.0  5.420893e-01
20764.0  5.426926e-01
20774.0  5.433331e-01
20784.0  5.437246e-01
20794.0  5.442845e-01
20804.0  5.442080e-01
20814.0  5.440227e-01
20824.0  5.448911e-01
20834.0  5.443852e-01
20844.0  5.450919e-01
20854.0  5.448102e-01
20864.0  5.453362e-01
20874.0  5.452212e-01
20884.0  5.449463e-01
20894.0  5.438095e-01
20904.0  5.436218e-01
20914.0  5.421484e-01
20924.0  5.416871e-01
20934.0  5.419180e-01
20944.0  5.415086e-01
20954.0  5.412478e-01
20964.0  5.404990e-01
20974.0  5.403736e-01
20984.0  5.402282e-01
20994.0  5.402067e-01
21004.0  5.386249e-01
21014.0  5.391031e-01
21024.0  5.382003e-01
21034.0  5.388059e-01
21044.0  5.388870e-01
21054.0  5.385022e-01
21064.0  5.381790e-01
21074.0  5.375774e-01
21084.0  5.373252e-01
21094.0  5.363842e-01
21104.0  5.369951e-01
21114.0  5.362382e-01
21124.0  5.362723e-01
21134.0  5.356443e-01
21144.0  5.360371e-01
21154.0  5.352026e-01
21164.0  5.349530e-01
21174.0  5.347556e-01
21184.0  5.347628e-01
21194.0  5.342384e-01
21204.0  5.335976e-01
21214.0  5.330844e-01
21224.0  5.323981e-01
21234.0  5.322532e-01
21244.0  5.313487e-01
21254.0  5.309053e-01
21264.0  5.302605e-01
21274.0  5.303603e-01
21284.0  5.292422e-01
21294.0  5.299095e-01
21304.0  5.287299e-01
21314.0  5.281858e-01
21324.0  5.286813e-01
21334.0  5.282447e-01
21344.0  5.285302e-01
21354.0  5.277315e-01
21364.0  5.280064e-01
21374.0  5.277074e-01
21384.0  5.276127e-01
21394.0  5.279424e-01
21404.0  5.283893e-01
21414.0  5.281624e-01
21424.0  5.296471e-01
21434.0  5.294473e-01
21444.0  5.302109e-01
21454.0  5.309535e-01
21464.0  5.310235e-01
21474.0  5.312799e-01
21484.0  5.316485e-01
21494.0  5.310473e-01
21504.0  5.320829e-01
21514.0  5.314371e-01
21524.0  5.318502e-01
21534.0  5.309446e-01
21544.0  5.313553e-01
21554.0  5.305555e-01
21564.0  5.304803e-01
21574.0  5.299335e-01
21584.0  5.297935e-01
21594.0  5.296901e-01
21604.0  5.282933e-01
21614.0  5.277168e-01
21624.0  5.259193e-01
21634.0  5.250176e-01
21644.0  5.239623e-01
21654.0  5.229780e-01
21664.0  5.222350e-01
21674.0  5.206440e-01
21684.0  5.203781e-01
21694.0  5.184932e-01
21704.0  5.175492e-01
21714.0  5.157978e-01
21724.0  5.158447e-01
21734.0  5.146441e-01
21744.0  5.140167e-01
21754.0  5.135250e-01
21764.0  5.131189e-01
21774.0  5.126400e-01
21784.0  5.115977e-01
21794.0  5.114447e-01
21804.0  5.114903e-01
21814.0  5.108769e-01
21824.0  5.102485e-01
21834.0  5.101786e-01
21844.0  5.103652e-01
21854.0  5.119543e-01
21864.0  5.122510e-01
21874.0  5.119113e-01
21884.0  5.129180e-01
21894.0  5.127372e-01
21904.0  5.134971e-01
21914.0  5.145799e-01
21924.0  5.149599e-01
21934.0  5.155790e-01
21944.0  5.166226e-01
21954.0  5.169526e-01
21964.0  5.177059e-01
21974.0  5.190754e-01
21984.0  5.203626e-01
21994.0  5.212501e-01
22004.0  5.229122e-01
22014.0  5.230322e-01
22024.0  5.243984e-01
22034.0  5.249382e-01
22044.0  5.261220e-01
22054.0  5.262893e-01
22064.0  5.259137e-01
22074.0  5.250762e-01
22084.0  5.238210e-01
22094.0  5.223420e-01
22104.0  5.204402e-01
22114.0  5.173171e-01
22124.0  5.132825e-01
22134.0  5.078892e-01
22144.0  5.002214e-01
22154.0  4.929063e-01
22164.0  4.818715e-01
22174.0  4.706195e-01
22184.0  4.570882e-01
22194.0  4.413397e-01
22204.0  4.242978e-01
22214.0  4.057309e-01
22224.0  3.858154e-01
22234.0  3.642471e-01
22244.0  3.415439e-01
22254.0  3.183426e-01
22264.0  2.958833e-01
22274.0  2.742667e-01
22284.0  2.530363e-01
22294.0  2.329531e-01
22304.0  2.141225e-01
22314.0  1.960267e-01
22324.0  1.795740e-01
22334.0  1.644586e-01
22344.0  1.503190e-01
22354.0  1.367400e-01
22364.0  1.242279e-01
22374.0  1.119141e-01
22384.0  1.003358e-01
22394.0  9.007759e-02
22404.0  8.035287e-02
22414.0  7.133700e-02
22424.0  6.323546e-02
22434.0  5.581829e-02
22444.0  4.891192e-02
22454.0  4.298725e-02
22464.0  3.770757e-02
22474.0  3.293052e-02
22484.0  2.877389e-02
22494.0  2.508099e-02
22504.0  2.178801e-02
22514.0  1.895830e-02
22524.0  1.657387e-02
22534.0  1.445717e-02
22544.0  1.258619e-02
22554.0  1.098999e-02
22564.0  9.548603e-03
22574.0  8.302758e-03
22584.0  7.262140e-03
22594.0  6.345351e-03
22604.0  5.535282e-03
22614.0  4.842979e-03
22624.0  4.224836e-03
22634.0  3.687989e-03
22644.0  3.239768e-03
22654.0  2.851956e-03
22664.0  2.505663e-03
22674.0  2.214633e-03
22684.0  1.958889e-03
22694.0  1.734370e-03
22704.0  1.543946e-03
22714.0  1.377911e-03
22724.0  1.231322e-03
22734.0  1.108375e-03
22744.0  9.925573e-04
22754.0  8.927430e-04
22764.0  8.029678e-04
22774.0  7.288128e-04
22784.0  6.607840e-04
22794.0  5.996820e-04
22804.0  5.493327e-04
22814.0  4.987844e-04
22824.0  4.532104e-04
22834.0  4.170851e-04
22844.0  3.839999e-04
22854.0  3.536666e-04
22864.0  3.234979e-04
22874.0  2.973493e-04
22884.0  2.763481e-04
22894.0  2.521158e-04
22904.0  2.345270e-04
22914.0  2.173651e-04
22924.0  2.001595e-04
22934.0  1.835072e-04
22944.0  1.707018e-04
22954.0  1.589573e-04
22964.0  1.464061e-04
22974.0  1.385062e-04
22984.0  1.273693e-04
22994.0  1.195838e-04
23004.0  1.115456e-04
23014.0  0.000000e+00
23024.0  0.000000e+00
