# from http://www.stsci.edu/jwst/instruments/nircam/instrumentdesign/filters
# Retrieved March, 2023, dated Nov, 2022 (post-flight)
# Uses modA or modB  filters+DBS+QE+OTE (nrc_plus_ote)
# Units of transmission are PCE (photon to electron conversion efficiency)
# 
22963.6  0.000000e+00
22979.6  0.000000e+00
22995.7  7.222731e-07
23011.8  1.287890e-06
23027.9  7.688694e-07
23044.0  2.270141e-07
23060.0  1.399316e-07
23076.1  2.582542e-07
23092.2  8.990874e-07
23108.3  3.804069e-06
23124.4  1.837897e-06
23140.4  1.275700e-06
23156.5  1.865647e-06
23172.6  4.564273e-06
23188.7  1.417392e-05
23204.8  1.301205e-05
23220.8  1.284365e-05
23236.9  1.432751e-05
23253.0  2.093972e-05
23269.1  2.775906e-05
23285.2  3.730427e-05
23301.3  4.938900e-05
23317.3  5.311593e-05
23333.4  4.884467e-05
23349.5  4.526929e-05
23365.6  5.990778e-05
23381.7  9.033363e-05
23397.7  1.329609e-04
23413.8  9.962447e-05
23429.9  8.663898e-05
23446.0  9.356124e-05
23462.1  1.238143e-04
23478.1  1.856199e-04
23494.2  1.846942e-04
23510.3  1.782701e-04
23526.4  1.817441e-04
23542.5  2.219804e-04
23558.5  2.721014e-04
23574.6  3.368886e-04
23590.7  3.971036e-04
23606.8  4.606975e-04
23622.9  5.417642e-04
23639.0  6.245640e-04
23655.0  7.499376e-04
23671.1  9.648764e-04
23687.2  1.216404e-03
23703.3  1.508160e-03
23719.4  1.773821e-03
23735.4  2.110709e-03
23751.5  2.611220e-03
23767.6  3.249161e-03
23783.7  4.038972e-03
23799.8  4.873502e-03
23815.8  5.890256e-03
23831.9  7.160355e-03
23848.0  8.774533e-03
23864.1  1.075140e-02
23880.2  1.301897e-02
23896.2  1.564798e-02
23912.3  1.881531e-02
23928.4  2.226299e-02
23944.5  2.631067e-02
23960.6  3.100553e-02
23976.7  3.596769e-02
23992.7  4.175050e-02
24008.8  4.810438e-02
24024.9  5.487607e-02
24041.0  6.259961e-02
24057.1  7.097392e-02
24073.1  8.024954e-02
24089.2  9.068298e-02
24105.3  1.016256e-01
24121.4  1.136920e-01
24137.5  1.270313e-01
24153.5  1.405333e-01
24169.6  1.553835e-01
24185.7  1.711393e-01
24201.8  1.860729e-01
24217.9  2.022563e-01
24233.9  2.181481e-01
24250.0  2.329335e-01
24266.1  2.488333e-01
24282.2  2.632863e-01
24298.3  2.770036e-01
24314.4  2.921321e-01
24330.4  3.050039e-01
24346.5  3.179089e-01
24362.6  3.322305e-01
24378.7  3.431824e-01
24394.8  3.549382e-01
24410.8  3.671711e-01
24426.9  3.754350e-01
24443.0  3.843094e-01
24459.1  3.924373e-01
24475.2  3.977079e-01
24491.2  4.030982e-01
24507.3  4.069761e-01
24523.4  4.088595e-01
24539.5  4.109744e-01
24555.6  4.122638e-01
24571.6  4.128610e-01
24587.7  4.136820e-01
24603.8  4.140303e-01
24619.9  4.144186e-01
24636.0  4.145816e-01
24652.0  4.146716e-01
24668.1  4.149512e-01
24684.2  4.150046e-01
24700.3  4.152385e-01
24716.4  4.156858e-01
24732.5  4.159076e-01
24748.5  4.160926e-01
24764.6  4.162618e-01
24780.7  4.164318e-01
24796.8  4.167913e-01
24812.9  4.169200e-01
24828.9  4.172760e-01
24845.0  4.176022e-01
24861.1  4.177069e-01
24877.2  4.180375e-01
24893.3  4.181106e-01
24909.3  4.184080e-01
24925.4  4.187035e-01
24941.5  4.189360e-01
24957.6  4.191712e-01
24973.7  4.194062e-01
24989.7  4.195328e-01
24997.8  4.114987e-01
25011.3  4.115958e-01
25024.8  4.116094e-01
25038.3  4.116246e-01
25051.8  4.116343e-01
25065.3  4.115927e-01
25078.9  4.115275e-01
25092.4  4.114423e-01
25105.9  4.113514e-01
25119.4  4.112480e-01
25132.9  4.111687e-01
25146.4  4.110744e-01
25159.9  4.110089e-01
25173.4  4.109931e-01
25187.0  4.109860e-01
25200.5  4.110214e-01
25214.0  4.110936e-01
25227.5  4.111778e-01
25241.0  4.112924e-01
25254.5  4.115107e-01
25268.0  4.117005e-01
25281.5  4.119714e-01
25295.1  4.122490e-01
25308.6  4.125236e-01
25322.1  4.127785e-01
25335.6  4.131551e-01
25349.1  4.135151e-01
25362.6  4.136948e-01
25376.1  4.141228e-01
25389.6  4.143742e-01
25403.2  4.145870e-01
25416.7  4.146349e-01
25430.2  4.145747e-01
25443.7  4.147229e-01
25457.2  4.147518e-01
25470.7  4.145033e-01
25484.2  4.142802e-01
25497.7  4.140909e-01
25511.2  4.136477e-01
25524.8  4.131265e-01
25538.3  4.128896e-01
25551.8  4.125434e-01
25565.3  4.119566e-01
25578.8  4.113898e-01
25592.3  4.107467e-01
25605.8  4.096212e-01
25619.3  4.088276e-01
25632.9  4.083932e-01
25646.4  4.079051e-01
25659.9  4.078994e-01
25673.4  4.074999e-01
25686.9  4.068786e-01
25700.4  4.063914e-01
25713.9  4.067151e-01
25727.4  4.060950e-01
25741.0  4.062614e-01
25754.5  4.068102e-01
25768.0  4.066402e-01
25781.5  4.076515e-01
25795.0  4.082535e-01
25808.5  4.084726e-01
25822.0  4.095289e-01
25835.5  4.097863e-01
25849.1  4.113884e-01
25862.6  4.126868e-01
25876.1  4.136249e-01
25889.6  4.151708e-01
25903.1  4.167926e-01
25916.6  4.180572e-01
25930.1  4.191691e-01
25943.6  4.187068e-01
25957.2  4.210054e-01
25970.7  4.236455e-01
25984.2  4.250310e-01
25997.7  4.261595e-01
26011.2  4.265788e-01
26024.7  4.270292e-01
26038.2  4.271957e-01
26051.7  4.264071e-01
26065.3  4.272994e-01
26078.8  4.274900e-01
26092.3  4.269966e-01
26105.8  4.270860e-01
26119.3  4.269216e-01
26132.8  4.259009e-01
26146.3  4.249307e-01
26159.8  4.240990e-01
26173.4  4.236600e-01
26186.9  4.242700e-01
26200.4  4.231265e-01
26213.9  4.234528e-01
26227.4  4.235072e-01
26240.9  4.230682e-01
26254.4  4.223298e-01
26267.9  4.212908e-01
26281.5  4.215915e-01
26295.0  4.205753e-01
26308.5  4.198580e-01
26322.0  4.205435e-01
26335.5  4.199721e-01
26349.0  4.199446e-01
26362.5  4.199811e-01
26376.0  4.198780e-01
26389.5  4.198422e-01
26403.1  4.198545e-01
26416.6  4.197937e-01
26430.1  4.200097e-01
26443.6  4.201799e-01
26457.1  4.201335e-01
26470.6  4.208051e-01
26484.1  4.212258e-01
26497.6  4.216115e-01
26511.2  4.209431e-01
26524.7  4.207837e-01
26538.2  4.215996e-01
26551.7  4.215861e-01
26565.2  4.221227e-01
26578.7  4.225331e-01
26592.2  4.222440e-01
26605.7  4.226331e-01
26619.3  4.229218e-01
26632.8  4.228918e-01
26646.3  4.219512e-01
26659.8  4.220206e-01
26673.3  4.220060e-01
26686.8  4.228843e-01
26700.3  4.210650e-01
26713.8  4.220763e-01
26727.4  4.228876e-01
26740.9  4.225142e-01
26754.4  4.218496e-01
26767.9  4.214155e-01
26781.4  4.215335e-01
26794.9  4.213190e-01
26808.4  4.219463e-01
26821.9  4.215873e-01
26835.5  4.210837e-01
26849.0  4.211162e-01
26862.5  4.206957e-01
26876.0  4.207399e-01
26889.5  4.205767e-01
26903.0  4.205498e-01
26916.5  4.203395e-01
26930.0  4.196017e-01
26943.6  4.194874e-01
26957.1  4.198719e-01
26970.6  4.203434e-01
26984.1  4.205076e-01
26997.6  4.205296e-01
27011.1  4.212800e-01
27024.6  4.218263e-01
27038.1  4.221932e-01
27051.7  4.225310e-01
27065.2  4.228058e-01
27078.7  4.228073e-01
27092.2  4.227924e-01
27105.7  4.226435e-01
27119.2  4.235141e-01
27132.7  4.245519e-01
27146.2  4.247850e-01
27159.8  4.249841e-01
27173.3  4.251176e-01
27186.8  4.252969e-01
27200.3  4.243939e-01
27213.8  4.250455e-01
27227.3  4.259454e-01
27240.8  4.253259e-01
27254.3  4.258318e-01
27267.9  4.265376e-01
27281.4  4.268179e-01
27294.9  4.268373e-01
27308.4  4.267547e-01
27321.9  4.267944e-01
27335.4  4.265507e-01
27348.9  4.259008e-01
27362.4  4.264126e-01
27375.9  4.261376e-01
27389.5  4.250656e-01
27403.0  4.248056e-01
27416.5  4.251542e-01
27430.0  4.256200e-01
27443.5  4.256979e-01
27457.0  4.254639e-01
27470.5  4.254375e-01
27484.0  4.252851e-01
27497.6  4.252069e-01
27511.1  4.243815e-01
27524.6  4.236723e-01
27538.1  4.227362e-01
27551.6  4.205188e-01
27565.1  4.205705e-01
27578.6  4.207049e-01
27592.1  4.196825e-01
27605.7  4.191092e-01
27619.2  4.181587e-01
27632.7  4.176708e-01
27646.2  4.181150e-01
27659.7  4.182714e-01
27673.2  4.181294e-01
27686.7  4.185085e-01
27700.2  4.186115e-01
27713.8  4.190119e-01
27727.3  4.197115e-01
27740.8  4.203584e-01
27754.3  4.207601e-01
27767.8  4.211201e-01
27781.3  4.217116e-01
27794.8  4.222634e-01
27808.3  4.227338e-01
27821.9  4.233893e-01
27835.4  4.240687e-01
27848.9  4.246769e-01
27862.4  4.249291e-01
27875.9  4.254412e-01
27889.4  4.264115e-01
27902.9  4.272645e-01
27916.4  4.278111e-01
27930.0  4.283003e-01
27943.5  4.289415e-01
27957.0  4.294419e-01
27970.5  4.300008e-01
27984.0  4.304476e-01
27997.5  4.308435e-01
28011.0  4.311301e-01
28024.5  4.310105e-01
28038.1  4.313939e-01
28051.6  4.320858e-01
28065.1  4.324589e-01
28078.6  4.326633e-01
28092.1  4.328203e-01
28105.6  4.330175e-01
28119.1  4.331274e-01
28132.6  4.331623e-01
28146.2  4.331473e-01
28159.7  4.332487e-01
28173.2  4.332649e-01
28186.7  4.331321e-01
28200.2  4.330045e-01
28213.7  4.330786e-01
28227.2  4.332347e-01
28240.7  4.332753e-01
28254.2  4.333000e-01
28267.8  4.333101e-01
28281.3  4.333094e-01
28294.8  4.334123e-01
28308.3  4.334690e-01
28321.8  4.334093e-01
28335.3  4.334096e-01
28348.8  4.334792e-01
28362.3  4.334992e-01
28375.9  4.336124e-01
28389.4  4.337902e-01
28402.9  4.338600e-01
28416.4  4.339943e-01
28429.9  4.341649e-01
28443.4  4.342460e-01
28456.9  4.344321e-01
28470.4  4.344935e-01
28484.0  4.346370e-01
28497.5  4.348130e-01
28511.0  4.350125e-01
28524.5  4.352307e-01
28538.0  4.353675e-01
28551.5  4.355487e-01
28565.0  4.358271e-01
28578.5  4.360531e-01
28592.1  4.362086e-01
28605.6  4.363961e-01
28619.1  4.366177e-01
28632.6  4.368094e-01
28646.1  4.369919e-01
28659.6  4.371277e-01
28673.1  4.372914e-01
28686.6  4.374830e-01
28700.2  4.376445e-01
28713.7  4.377140e-01
28727.2  4.378606e-01
28740.7  4.380645e-01
28754.2  4.381621e-01
28767.7  4.382231e-01
28781.2  4.383661e-01
28794.7  4.384387e-01
28808.3  4.384998e-01
28821.8  4.386433e-01
28835.3  4.386615e-01
28848.8  4.386790e-01
28862.3  4.387658e-01
28875.8  4.387873e-01
28889.3  4.388316e-01
28902.8  4.389096e-01
28916.4  4.389361e-01
28929.9  4.389474e-01
28943.4  4.390186e-01
28956.9  4.390481e-01
28970.4  4.391011e-01
28983.9  4.391484e-01
28997.4  4.391247e-01
29010.9  4.391186e-01
29024.5  4.392381e-01
29038.0  4.393091e-01
29051.5  4.393039e-01
29065.0  4.393954e-01
29078.5  4.394968e-01
29092.0  4.394795e-01
29105.5  4.395667e-01
29119.0  4.396504e-01
29132.5  4.395833e-01
29146.1  4.396890e-01
29159.6  4.397970e-01
29173.1  4.397104e-01
29186.6  4.397849e-01
29200.1  4.396967e-01
29213.6  4.397704e-01
29227.1  4.398332e-01
29240.6  4.397098e-01
29254.2  4.398104e-01
29267.7  4.398891e-01
29281.2  4.397034e-01
29294.7  4.397718e-01
29308.2  4.398101e-01
29321.7  4.396106e-01
29335.2  4.396401e-01
29348.7  4.396218e-01
29362.3  4.393824e-01
29375.8  4.393727e-01
29389.3  4.393801e-01
29402.8  4.391366e-01
29416.3  4.391178e-01
29429.8  4.390510e-01
29443.3  4.388582e-01
29456.8  4.388316e-01
29470.4  4.386486e-01
29483.9  4.386465e-01
29497.4  4.385811e-01
29510.9  4.384119e-01
29524.4  4.383302e-01
29537.9  4.382562e-01
29551.4  4.381571e-01
29564.9  4.381199e-01
29578.5  4.380752e-01
29592.0  4.380114e-01
29605.5  4.379787e-01
29619.0  4.379294e-01
29632.5  4.379505e-01
29646.0  4.379426e-01
29659.5  4.379770e-01
29673.0  4.381145e-01
29686.6  4.381407e-01
29700.1  4.382981e-01
29713.6  4.383531e-01
29727.1  4.384643e-01
29740.6  4.387557e-01
29754.1  4.389228e-01
29767.6  4.390782e-01
29781.1  4.394511e-01
29794.7  4.396502e-01
29808.2  4.398835e-01
29821.7  4.403800e-01
29835.2  4.406909e-01
29848.7  4.410122e-01
29862.2  4.415482e-01
29875.7  4.418835e-01
29889.2  4.422415e-01
29902.8  4.428901e-01
29916.3  4.432794e-01
29929.8  4.437005e-01
29943.3  4.443886e-01
29956.8  4.448155e-01
29970.3  4.454724e-01
29983.8  4.458998e-01
29997.3  4.463670e-01
30010.9  4.468639e-01
30024.4  4.473688e-01
30037.9  4.478576e-01
30051.4  4.485720e-01
30064.9  4.490309e-01
30078.4  4.494872e-01
30091.9  4.501301e-01
30105.4  4.505827e-01
30118.9  4.510216e-01
30132.5  4.515980e-01
30146.0  4.519847e-01
30159.5  4.523416e-01
30173.0  4.528113e-01
30186.5  4.531361e-01
30200.0  4.535602e-01
30213.5  4.538336e-01
30227.0  4.540891e-01
30240.6  4.543865e-01
30254.1  4.545971e-01
30267.6  4.547413e-01
30281.1  4.548950e-01
30294.6  4.550137e-01
30308.1  4.551188e-01
30321.6  4.551791e-01
30335.1  4.552366e-01
30348.7  4.552771e-01
30362.2  4.552375e-01
30375.7  4.552312e-01
30389.2  4.551918e-01
30402.7  4.550904e-01
30416.2  4.550402e-01
30429.7  4.549929e-01
30443.2  4.548203e-01
30456.8  4.547413e-01
30470.3  4.545551e-01
30483.8  4.544839e-01
30497.3  4.544025e-01
30510.8  4.542339e-01
30524.3  4.541577e-01
30537.8  4.540917e-01
30551.3  4.539225e-01
30564.9  4.538954e-01
30578.4  4.538652e-01
30591.9  4.537490e-01
30605.4  4.537238e-01
30618.9  4.537208e-01
30632.4  4.536816e-01
30645.9  4.537256e-01
30659.4  4.537770e-01
30673.0  4.537937e-01
30686.5  4.538947e-01
30700.0  4.540089e-01
30713.5  4.541362e-01
30727.0  4.542614e-01
30740.5  4.544468e-01
30754.0  4.546434e-01
30767.5  4.548597e-01
30781.1  4.551174e-01
30794.6  4.553717e-01
30808.1  4.556079e-01
30821.6  4.559439e-01
30835.1  4.562277e-01
30848.6  4.565350e-01
30862.1  4.569392e-01
30875.6  4.572956e-01
30889.2  4.576352e-01
30902.7  4.581259e-01
30916.2  4.585111e-01
30929.7  4.588848e-01
30943.2  4.593578e-01
30956.7  4.597368e-01
30970.2  4.602682e-01
30983.7  4.606531e-01
30997.2  4.610302e-01
31010.8  4.615940e-01
31024.3  4.619692e-01
31037.8  4.623446e-01
31051.3  4.628727e-01
31064.8  4.632414e-01
31078.3  4.636219e-01
31091.8  4.641799e-01
31105.3  4.645030e-01
31118.9  4.648455e-01
31132.4  4.653705e-01
31145.9  4.656907e-01
31159.4  4.660044e-01
31172.9  4.665231e-01
31186.4  4.668362e-01
31199.9  4.671416e-01
31213.4  4.675968e-01
31227.0  4.678717e-01
31240.5  4.683087e-01
31254.0  4.685789e-01
31267.5  4.688305e-01
31281.0  4.692557e-01
31294.5  4.695014e-01
31308.0  4.697471e-01
31321.5  4.701221e-01
31335.1  4.703484e-01
31348.6  4.705511e-01
31362.1  4.709061e-01
31375.6  4.711226e-01
31389.1  4.713396e-01
31402.6  4.716667e-01
31416.1  4.718972e-01
31429.6  4.721069e-01
31443.2  4.724259e-01
31456.7  4.726135e-01
31470.2  4.729189e-01
31483.7  4.731523e-01
31497.2  4.733949e-01
31510.7  4.736789e-01
31524.2  4.739128e-01
31537.7  4.741431e-01
31551.3  4.744479e-01
31564.8  4.746864e-01
31578.3  4.749519e-01
31591.8  4.752369e-01
31605.3  4.755065e-01
31618.8  4.757712e-01
31632.3  4.760845e-01
31645.8  4.763506e-01
31659.4  4.766364e-01
31672.9  4.769472e-01
31686.4  4.772437e-01
31699.9  4.775296e-01
31713.4  4.778620e-01
31726.9  4.781464e-01
31740.4  4.784187e-01
31753.9  4.786945e-01
31767.5  4.789832e-01
31781.0  4.792754e-01
31794.5  4.795639e-01
31808.0  4.798526e-01
31821.5  4.801402e-01
31835.0  4.804321e-01
31848.5  4.807092e-01
31862.0  4.809764e-01
31875.5  4.812187e-01
31889.1  4.814779e-01
31902.6  4.817287e-01
31916.1  4.819835e-01
31929.6  4.822249e-01
31943.1  4.824810e-01
31956.6  4.826897e-01
31970.1  4.829060e-01
31983.6  4.831028e-01
31997.2  4.833158e-01
32010.7  4.835059e-01
32024.2  4.836937e-01
32037.7  4.838903e-01
32051.2  4.840730e-01
32064.7  4.842180e-01
32078.2  4.843779e-01
32091.7  4.845210e-01
32105.3  4.846570e-01
32118.8  4.847930e-01
32132.3  4.849043e-01
32145.8  4.850293e-01
32159.3  4.851527e-01
32172.8  4.852647e-01
32186.3  4.853531e-01
32199.8  4.854740e-01
32213.4  4.855583e-01
32226.9  4.856618e-01
32240.4  4.857327e-01
32253.9  4.858465e-01
32267.4  4.859503e-01
32280.9  4.860292e-01
32294.4  4.861255e-01
32307.9  4.862444e-01
32321.5  4.863372e-01
32335.0  4.864559e-01
32348.5  4.865951e-01
32362.0  4.866796e-01
32375.5  4.868131e-01
32389.0  4.869388e-01
32402.5  4.870513e-01
32416.0  4.872161e-01
32429.6  4.873809e-01
32443.1  4.874698e-01
32456.6  4.876525e-01
32470.1  4.877559e-01
32483.6  4.879428e-01
32497.1  4.881475e-01
32510.6  4.882884e-01
32524.1  4.885120e-01
32537.7  4.887185e-01
32551.2  4.888749e-01
32564.7  4.890955e-01
32578.2  4.893474e-01
32591.7  4.895186e-01
32605.2  4.897778e-01
32618.7  4.900250e-01
32632.2  4.902324e-01
32645.8  4.905296e-01
32659.3  4.908130e-01
32672.8  4.910205e-01
32686.3  4.913029e-01
32699.8  4.916067e-01
32713.3  4.918275e-01
32726.8  4.921413e-01
32740.3  4.923945e-01
32753.9  4.927202e-01
32767.4  4.930355e-01
32780.9  4.932929e-01
32794.4  4.935728e-01
32807.9  4.938762e-01
32821.4  4.941632e-01
32834.9  4.944697e-01
32848.4  4.948025e-01
32861.9  4.951093e-01
32875.5  4.954266e-01
32889.0  4.956997e-01
32902.5  4.959783e-01
32916.0  4.962512e-01
32929.5  4.965400e-01
32943.0  4.968502e-01
32956.5  4.971412e-01
32970.0  4.974690e-01
32983.6  4.977299e-01
32997.1  4.980081e-01
33010.6  4.983292e-01
33024.1  4.986029e-01
33037.6  4.988624e-01
33051.1  4.992180e-01
33064.6  4.995054e-01
33078.1  4.997754e-01
33091.7  5.001404e-01
33105.2  5.004077e-01
33118.7  5.006810e-01
33132.2  5.010472e-01
33145.7  5.013168e-01
33159.2  5.015824e-01
33172.7  5.020083e-01
33186.2  5.022941e-01
33199.8  5.025774e-01
33213.3  5.030173e-01
33226.8  5.032771e-01
33240.3  5.037229e-01
33253.8  5.040094e-01
33267.3  5.043237e-01
33280.8  5.048121e-01
33294.3  5.051461e-01
33307.9  5.054939e-01
33321.4  5.059870e-01
33334.9  5.063206e-01
33348.4  5.066477e-01
33361.9  5.071670e-01
33375.4  5.074926e-01
33388.9  5.078556e-01
33402.4  5.084251e-01
33416.0  5.088171e-01
33429.5  5.092042e-01
33443.0  5.097632e-01
33456.5  5.101537e-01
33470.0  5.107295e-01
33483.5  5.111465e-01
33497.0  5.115603e-01
33510.5  5.121727e-01
33524.1  5.126202e-01
33537.6  5.130656e-01
33551.1  5.136972e-01
33564.6  5.141251e-01
33578.1  5.145619e-01
33591.6  5.151564e-01
33605.1  5.155935e-01
33618.6  5.160398e-01
33632.2  5.166455e-01
33645.7  5.171032e-01
33659.2  5.175477e-01
33672.7  5.181614e-01
33686.2  5.185940e-01
33699.7  5.190320e-01
33713.2  5.196184e-01
33726.7  5.200393e-01
33740.2  5.206073e-01
33753.8  5.210207e-01
33767.3  5.214627e-01
33780.8  5.220183e-01
33794.3  5.224407e-01
33807.8  5.228539e-01
33821.3  5.233625e-01
33834.8  5.237571e-01
33848.3  5.241319e-01
33861.9  5.246242e-01
33875.4  5.249863e-01
33888.9  5.253369e-01
33902.4  5.257767e-01
33915.9  5.261043e-01
33929.4  5.264285e-01
33942.9  5.267854e-01
33956.4  5.270605e-01
33970.0  5.273164e-01
33983.5  5.276223e-01
33997.0  5.278503e-01
34010.5  5.281269e-01
34024.0  5.283535e-01
34037.5  5.285490e-01
34051.0  5.287865e-01
34064.5  5.289567e-01
34078.1  5.291156e-01
34091.6  5.293284e-01
34105.1  5.294692e-01
34118.6  5.296309e-01
34132.1  5.298285e-01
34145.6  5.299597e-01
34159.1  5.300854e-01
34172.6  5.302458e-01
34186.2  5.303695e-01
34199.7  5.304774e-01
34213.2  5.306427e-01
34226.7  5.307548e-01
34240.2  5.309278e-01
34253.7  5.310725e-01
34267.2  5.311958e-01
34280.7  5.313859e-01
34294.3  5.315239e-01
34307.8  5.316909e-01
34321.3  5.319407e-01
34334.8  5.321272e-01
34348.3  5.323349e-01
34361.8  5.325687e-01
34375.3  5.327297e-01
34388.8  5.328947e-01
34402.4  5.331283e-01
34415.9  5.333136e-01
34429.4  5.334902e-01
34442.9  5.337726e-01
34456.4  5.339943e-01
34469.9  5.342238e-01
34483.4  5.345584e-01
34496.9  5.348022e-01
34510.5  5.351596e-01
34524.0  5.354299e-01
34537.5  5.357012e-01
34551.0  5.360775e-01
34564.5  5.363558e-01
34578.0  5.366708e-01
34591.5  5.370940e-01
34605.0  5.374380e-01
34618.5  5.377922e-01
34632.1  5.382318e-01
34645.6  5.385922e-01
34659.1  5.389429e-01
34672.6  5.394019e-01
34686.1  5.397610e-01
34699.6  5.401151e-01
34713.1  5.405980e-01
34726.6  5.409708e-01
34740.2  5.414739e-01
34753.7  5.418698e-01
34767.2  5.422532e-01
34780.7  5.427672e-01
34794.2  5.431665e-01
34807.7  5.435662e-01
34821.2  5.440669e-01
34834.7  5.444525e-01
34848.3  5.448515e-01
34861.8  5.453435e-01
34875.3  5.457412e-01
34888.8  5.461383e-01
34902.3  5.466188e-01
34915.8  5.470011e-01
34929.3  5.473629e-01
34942.8  5.478253e-01
34956.4  5.481807e-01
34969.9  5.485193e-01
34983.4  5.489612e-01
34996.9  5.492832e-01
35010.4  5.497016e-01
35023.9  5.500247e-01
35037.4  5.503324e-01
35050.9  5.507320e-01
35064.5  5.510247e-01
35078.0  5.513193e-01
35091.5  5.516832e-01
35105.0  5.519339e-01
35118.5  5.521806e-01
35132.0  5.525052e-01
35145.5  5.528079e-01
35159.0  5.531183e-01
35172.6  5.534226e-01
35186.1  5.536278e-01
35199.6  5.538137e-01
35213.1  5.540657e-01
35226.6  5.542582e-01
35240.1  5.544662e-01
35253.6  5.546290e-01
35267.1  5.547843e-01
35280.7  5.549711e-01
35294.2  5.551209e-01
35307.7  5.552490e-01
35321.2  5.554552e-01
35334.7  5.556046e-01
35348.2  5.557457e-01
35361.7  5.559349e-01
35375.2  5.560533e-01
35388.8  5.561797e-01
35402.3  5.563533e-01
35415.8  5.564682e-01
35429.3  5.565999e-01
35442.8  5.567666e-01
35456.3  5.568961e-01
35469.8  5.570286e-01
35483.3  5.571818e-01
35496.8  5.573069e-01
35510.4  5.574624e-01
35523.9  5.575850e-01
35537.4  5.577219e-01
35550.9  5.578755e-01
35564.4  5.580108e-01
35577.9  5.581615e-01
35591.4  5.583433e-01
35604.9  5.585012e-01
35618.5  5.586536e-01
35632.0  5.588537e-01
35645.5  5.590323e-01
35659.0  5.591973e-01
35672.5  5.594104e-01
35686.0  5.595791e-01
35699.5  5.597581e-01
35713.0  5.600040e-01
35726.6  5.602025e-01
35740.1  5.604528e-01
35753.6  5.606626e-01
35767.1  5.608609e-01
35780.6  5.611286e-01
35794.1  5.613430e-01
35807.6  5.615581e-01
35821.1  5.618370e-01
35834.7  5.620638e-01
35848.2  5.623137e-01
35861.7  5.626272e-01
35875.2  5.628819e-01
35888.7  5.631504e-01
35902.2  5.634626e-01
35915.7  5.637128e-01
35929.2  5.639663e-01
35942.8  5.642671e-01
35956.3  5.645304e-01
35969.8  5.648013e-01
35983.3  5.651308e-01
35996.8  5.654060e-01
36010.3  5.657343e-01
36023.8  5.660071e-01
36037.3  5.662712e-01
36050.9  5.665475e-01
36064.4  5.667791e-01
36077.9  5.670021e-01
36091.4  5.672714e-01
36104.9  5.675310e-01
36118.4  5.677850e-01
36131.9  5.680837e-01
36145.4  5.683359e-01
36159.0  5.685763e-01
36172.5  5.688713e-01
36186.0  5.690980e-01
36199.5  5.693105e-01
36213.0  5.695865e-01
36226.5  5.698006e-01
36240.0  5.700779e-01
36253.5  5.703123e-01
36267.1  5.705293e-01
36280.6  5.708096e-01
36294.1  5.710321e-01
36307.6  5.712277e-01
36321.1  5.714822e-01
36334.6  5.716670e-01
36348.1  5.718457e-01
36361.6  5.721021e-01
36375.2  5.723051e-01
36388.7  5.725092e-01
36402.2  5.727665e-01
36415.7  5.729576e-01
36429.2  5.731498e-01
36442.7  5.733821e-01
36456.2  5.735520e-01
36469.7  5.737213e-01
36483.2  5.739209e-01
36496.8  5.740844e-01
36510.3  5.743127e-01
36523.8  5.744786e-01
36537.3  5.746535e-01
36550.8  5.748762e-01
36564.3  5.750394e-01
36577.8  5.752031e-01
36591.3  5.753890e-01
36604.9  5.755232e-01
36618.4  5.756627e-01
36631.9  5.758258e-01
36645.4  5.759659e-01
36658.9  5.761269e-01
36672.4  5.763113e-01
36685.9  5.764702e-01
36699.4  5.766259e-01
36713.0  5.767860e-01
36726.5  5.769207e-01
36740.0  5.770439e-01
36753.5  5.771746e-01
36767.0  5.772952e-01
36780.5  5.774445e-01
36794.0  5.775767e-01
36807.5  5.777189e-01
36821.1  5.778633e-01
36834.6  5.779929e-01
36848.1  5.781307e-01
36861.6  5.782601e-01
36875.1  5.783710e-01
36888.6  5.784768e-01
36902.1  5.785833e-01
36915.6  5.786896e-01
36929.2  5.788052e-01
36942.7  5.789424e-01
36956.2  5.790746e-01
36969.7  5.791900e-01
36983.2  5.793197e-01
36996.7  5.794398e-01
37010.2  5.795555e-01
37023.7  5.796425e-01
37037.3  5.797368e-01
37050.8  5.798406e-01
37064.3  5.799324e-01
37077.8  5.800368e-01
37091.3  5.801559e-01
37104.8  5.802611e-01
37118.3  5.803650e-01
37131.8  5.804835e-01
37145.4  5.805839e-01
37158.9  5.806725e-01
37172.4  5.807758e-01
37185.9  5.808589e-01
37199.4  5.809357e-01
37212.9  5.810479e-01
37226.4  5.811516e-01
37239.9  5.812523e-01
37253.5  5.813903e-01
37267.0  5.815034e-01
37280.5  5.816300e-01
37294.0  5.817221e-01
37307.5  5.818136e-01
37321.0  5.819330e-01
37334.5  5.820303e-01
37348.0  5.821283e-01
37361.5  5.822621e-01
37375.1  5.823836e-01
37388.6  5.825064e-01
37402.1  5.826617e-01
37415.6  5.827930e-01
37429.1  5.829160e-01
37442.6  5.830664e-01
37456.1  5.831823e-01
37469.6  5.832951e-01
37483.2  5.834561e-01
37496.7  5.835913e-01
37510.2  5.837601e-01
37523.7  5.838968e-01
37537.2  5.840517e-01
37550.7  5.842422e-01
37564.2  5.843937e-01
37577.7  5.845502e-01
37591.3  5.847398e-01
37604.8  5.848886e-01
37618.3  5.850312e-01
37631.8  5.852070e-01
37645.3  5.853611e-01
37658.8  5.855275e-01
37672.3  5.857334e-01
37685.8  5.859169e-01
37699.4  5.861014e-01
37712.9  5.863068e-01
37726.4  5.864818e-01
37739.9  5.866592e-01
37753.4  5.868606e-01
37766.9  5.870336e-01
37780.4  5.872345e-01
37793.9  5.873977e-01
37807.5  5.875724e-01
37821.0  5.877760e-01
37834.5  5.879484e-01
37848.0  5.881351e-01
37861.5  5.883441e-01
37875.0  5.885167e-01
37888.5  5.886920e-01
37902.0  5.888747e-01
37915.6  5.890241e-01
37929.1  5.891827e-01
37942.6  5.893516e-01
37956.1  5.895069e-01
37969.6  5.896776e-01
37983.1  5.898422e-01
37996.6  5.899916e-01
38010.1  5.901593e-01
38023.7  5.902948e-01
38037.2  5.904129e-01
38050.7  5.905444e-01
38064.2  5.906643e-01
38077.7  5.907797e-01
38091.2  5.908924e-01
38104.7  5.909934e-01
38118.2  5.910927e-01
38131.8  5.911896e-01
38145.3  5.912909e-01
38158.8  5.913890e-01
38172.3  5.914639e-01
38185.8  5.915370e-01
38199.3  5.916003e-01
38212.8  5.916395e-01
38226.3  5.916942e-01
38239.8  5.917428e-01
38253.4  5.917618e-01
38266.9  5.917956e-01
38280.4  5.917892e-01
38293.9  5.918290e-01
38307.4  5.918593e-01
38320.9  5.918335e-01
38334.4  5.918433e-01
38347.9  5.918307e-01
38361.5  5.917709e-01
38375.0  5.917710e-01
38388.5  5.917480e-01
38402.0  5.916708e-01
38415.5  5.916533e-01
38429.0  5.916264e-01
38442.5  5.915473e-01
38456.0  5.915153e-01
38469.6  5.914650e-01
38483.1  5.913603e-01
38496.6  5.913051e-01
38510.1  5.911971e-01
38523.6  5.911216e-01
38537.1  5.910476e-01
38550.6  5.909243e-01
38564.1  5.908392e-01
38577.7  5.907657e-01
38591.2  5.906447e-01
38604.7  5.905498e-01
38618.2  5.904696e-01
38631.7  5.903450e-01
38645.2  5.902519e-01
38658.7  5.901678e-01
38672.2  5.900354e-01
38685.8  5.899354e-01
38699.3  5.898433e-01
38712.8  5.897123e-01
38726.3  5.896085e-01
38739.8  5.895080e-01
38753.3  5.893821e-01
38766.8  5.892894e-01
38780.3  5.891743e-01
38793.9  5.890993e-01
38807.4  5.890078e-01
38820.9  5.888922e-01
38834.4  5.888162e-01
38847.9  5.887337e-01
38861.4  5.886476e-01
38874.9  5.885992e-01
38888.4  5.885436e-01
38902.0  5.884778e-01
38915.5  5.884444e-01
38929.0  5.884147e-01
38942.5  5.883766e-01
38956.0  5.883631e-01
38969.5  5.883509e-01
38983.0  5.883347e-01
38996.5  5.883497e-01
39010.1  5.883732e-01
39023.6  5.884092e-01
39037.1  5.884714e-01
39050.6  5.885405e-01
39064.1  5.886095e-01
39077.6  5.886965e-01
39091.1  5.888000e-01
39104.6  5.888936e-01
39118.2  5.890029e-01
39131.7  5.891513e-01
39145.2  5.892884e-01
39158.7  5.894377e-01
39172.2  5.896225e-01
39185.7  5.897704e-01
39199.2  5.899228e-01
39212.7  5.901104e-01
39226.2  5.902690e-01
39239.8  5.904316e-01
39253.3  5.906307e-01
39266.8  5.907914e-01
39280.3  5.909713e-01
39293.8  5.911237e-01
39307.3  5.912678e-01
39320.8  5.914195e-01
39334.3  5.915216e-01
39347.9  5.915794e-01
39361.4  5.916206e-01
39374.9  5.915842e-01
39388.4  5.915058e-01
39401.9  5.914157e-01
39415.4  5.912311e-01
39428.9  5.909912e-01
39442.4  5.907131e-01
39456.0  5.903075e-01
39469.5  5.898087e-01
39483.0  5.892303e-01
39496.5  5.884925e-01
39510.0  5.876878e-01
39523.5  5.866955e-01
39537.0  5.855495e-01
39550.5  5.843029e-01
39564.1  5.828480e-01
39577.6  5.811949e-01
39591.1  5.793915e-01
39604.6  5.773310e-01
39618.1  5.750395e-01
39631.6  5.725697e-01
39645.1  5.698153e-01
39658.6  5.668039e-01
39672.2  5.635803e-01
39685.7  5.600586e-01
39699.2  5.562569e-01
39712.7  5.521788e-01
39726.2  5.477363e-01
39739.7  5.429926e-01
39753.2  5.379776e-01
39766.7  5.326177e-01
39780.3  5.269912e-01
39793.8  5.210036e-01
39807.3  5.147069e-01
39820.8  5.081641e-01
39834.3  5.012374e-01
39847.8  4.939665e-01
39861.3  4.864555e-01
39874.8  4.786117e-01
39888.4  4.704874e-01
39901.9  4.621483e-01
39915.4  4.535424e-01
39928.9  4.446948e-01
39942.4  4.356701e-01
39955.9  4.263875e-01
39969.4  4.169128e-01
39982.9  4.073192e-01
39996.5  3.975782e-01
40010.0  3.877210e-01
40023.5  3.777664e-01
40037.0  3.677424e-01
40050.5  3.576966e-01
40064.0  3.475384e-01
40077.5  3.374127e-01
40091.0  3.273326e-01
40104.5  3.172706e-01
40118.1  3.072806e-01
40131.6  2.974101e-01
40145.1  2.876244e-01
40158.6  2.779234e-01
40172.1  2.683796e-01
40185.6  2.589660e-01
40199.1  2.497002e-01
40212.6  2.406317e-01
40226.2  2.317456e-01
40239.7  2.230345e-01
40253.2  2.145300e-01
40266.7  2.062466e-01
40280.2  1.981535e-01
40293.7  1.902715e-01
40307.2  1.826369e-01
40320.7  1.752331e-01
40334.3  1.680203e-01
40347.8  1.610401e-01
40361.3  1.543131e-01
40374.8  1.477491e-01
40388.3  1.414178e-01
40401.8  1.353302e-01
40415.3  1.294378e-01
40428.8  1.237427e-01
40442.4  1.182899e-01
40455.9  1.130410e-01
40469.4  1.079499e-01
40482.9  1.030897e-01
40496.4  9.841626e-02
40509.9  9.390824e-02
40523.4  8.957865e-02
40536.9  8.545103e-02
40550.5  8.148356e-02
40564.0  7.764451e-02
40577.5  7.399644e-02
40591.0  7.050346e-02
40604.5  6.713413e-02
40618.0  6.391080e-02
40631.5  6.087183e-02
40645.0  5.792317e-02
40658.6  5.509996e-02
40672.1  5.243526e-02
40685.6  4.987530e-02
40699.1  4.741142e-02
40712.6  4.507476e-02
40726.1  4.286892e-02
40739.6  4.071718e-02
40753.1  3.868215e-02
40766.7  3.675562e-02
40780.2  3.491492e-02
40793.7  3.313565e-02
40807.2  3.146801e-02
40820.7  2.989373e-02
40834.2  2.835238e-02
40847.7  2.690422e-02
40861.2  2.554358e-02
40874.8  2.423460e-02
40888.3  2.296386e-02
40901.8  2.180345e-02
40915.3  2.068093e-02
40928.8  1.958893e-02
40942.3  1.856940e-02
40955.8  1.761902e-02
40969.3  1.669890e-02
40982.8  1.581264e-02
40996.4  1.501403e-02
41009.9  1.423350e-02
41023.4  1.347692e-02
41036.9  1.276467e-02
41050.4  1.211970e-02
41063.9  1.146541e-02
41077.4  1.085017e-02
41090.9  1.029474e-02
41104.5  9.754866e-03
41118.0  9.223349e-03
41131.5  8.738139e-03
41145.0  8.303140e-03
41158.5  7.845481e-03
41172.0  7.425086e-03
41185.5  7.043480e-03
41199.0  6.680058e-03
41212.6  6.298943e-03
41226.1  5.977963e-03
41239.6  5.675876e-03
41253.1  5.365351e-03
41266.6  5.071076e-03
41280.1  4.822704e-03
41293.6  4.579508e-03
41307.1  4.316136e-03
41320.7  4.099592e-03
41334.2  3.894962e-03
41347.7  3.683477e-03
41361.2  3.471809e-03
41374.7  3.318008e-03
41388.2  3.140508e-03
41401.7  2.961127e-03
41415.2  2.806577e-03
41428.8  2.681060e-03
41442.3  2.523270e-03
41455.8  2.376647e-03
41469.3  2.270403e-03
41482.8  2.158856e-03
41496.3  2.032706e-03
41509.8  1.924797e-03
41523.3  1.850345e-03
41536.9  1.737909e-03
41550.4  1.639955e-03
41563.9  1.566244e-03
41577.4  1.502456e-03
41590.9  1.394787e-03
41604.4  1.330643e-03
41617.9  1.279652e-03
41631.4  1.212622e-03
41645.0  1.125773e-03
41658.5  1.081621e-03
41672.0  1.035122e-03
41685.5  9.642629e-04
41699.0  9.092887e-04
41712.5  8.817798e-04
41726.0  8.392655e-04
41739.5  7.707140e-04
41753.1  7.421967e-04
41766.6  7.144671e-04
41780.1  6.683101e-04
41793.6  6.138536e-04
41807.1  6.106106e-04
41820.6  5.764982e-04
41834.1  5.320558e-04
41847.6  5.005174e-04
41861.1  5.063870e-04
41874.7  4.625706e-04
41888.2  4.259933e-04
41901.7  4.098135e-04
41915.2  4.002002e-04
41928.7  3.531822e-04
41942.2  3.357931e-04
41955.7  3.371948e-04
41969.2  3.178302e-04
41982.8  2.773353e-04
41996.3  2.643356e-04
42009.8  2.634689e-04
42023.3  2.289069e-04
42036.8  2.054135e-04
42050.3  2.098003e-04
42063.8  2.113957e-04
42077.3  1.671583e-04
42090.9  1.593668e-04
42104.4  1.644708e-04
42117.9  1.522776e-04
42131.4  1.100446e-04
42144.9  1.246885e-04
42158.4  1.316622e-04
42171.9  1.088364e-04
42185.4  8.604087e-05
42199.0  1.017300e-04
42212.5  9.362533e-05
42226.0  7.354889e-05
42239.5  6.165331e-05
42253.0  7.976060e-05
42266.5  6.433768e-05
42280.0  4.982321e-05
42293.5  4.903233e-05
42307.1  6.417385e-05
42320.6  4.998241e-05
42334.1  4.624727e-05
42347.6  5.055090e-05
42361.1  5.543768e-05
42374.6  4.120167e-05
42388.1  3.853626e-05
42401.6  4.221449e-05
42415.2  4.118134e-05
42428.7  3.332992e-05
42442.2  3.583888e-05
42455.7  3.918989e-05
42469.2  3.300378e-05
42482.7  2.708812e-05
42496.2  3.534848e-05
42512.3  0.000000e+00
42528.4  0.000000e+00
