# from http://www.stsci.edu/jwst/instruments/nircam/instrumentdesign/filters
# Retrieved Jan 18, 2017, dated Feb 5, 2016 (pre-flight)
# Uses modA or modB  filters+DBS+QE+OTE (nrc_plus_ote)
# Units of transmission are PCE (photon to electron conversion efficiency)
# 
20004.7  1.812587e-12
20020.7  2.425749e-12
20036.8  3.373747e-12
20052.9  4.721102e-12
20069.0  6.485260e-12
20085.1  6.029476e-12
20101.1  5.193426e-12
20117.2  4.672970e-12
20133.3  4.232713e-12
20149.4  3.746402e-12
20165.5  3.479290e-12
20181.6  3.436444e-12
20197.6  3.651719e-12
20213.7  4.233159e-12
20229.8  4.575399e-12
20245.9  4.630118e-12
20262.0  4.617007e-12
20278.0  4.528569e-12
20294.1  3.688238e-12
20310.2  2.731105e-12
20326.3  2.269809e-12
20342.4  1.972919e-12
20358.4  1.951385e-12
20374.5  2.046177e-12
20390.6  2.313181e-12
20406.7  2.738970e-12
20422.8  3.040168e-12
20438.8  3.310640e-12
20454.9  3.151072e-12
20471.0  2.844826e-12
20487.1  2.860005e-12
20503.2  3.255727e-12
20519.3  3.254218e-12
20535.3  2.858709e-12
20551.4  2.913614e-12
20567.5  3.326193e-12
20583.6  3.884966e-12
20599.7  4.620480e-12
20615.7  5.232473e-12
20631.8  5.849850e-12
20647.9  6.656846e-12
20664.0  7.544190e-12
20680.1  8.128085e-12
20696.1  8.385425e-12
20712.2  8.750033e-12
20728.3  9.229791e-12
20744.4  9.612999e-12
20760.5  1.001844e-11
20776.5  1.112950e-11
20792.6  1.424092e-11
20808.7  1.677611e-11
20824.8  1.544670e-11
20840.9  1.492794e-11
20857.0  1.528956e-11
20873.0  1.607283e-11
20889.1  2.081652e-11
20905.2  2.841004e-11
20921.3  3.583441e-11
20937.4  4.583691e-11
20953.4  5.747178e-11
20969.5  7.159666e-11
20985.6  8.390294e-11
21001.7  9.730848e-11
21017.8  1.238301e-10
21033.8  1.662582e-10
21049.9  1.971171e-10
21066.0  2.100541e-10
21082.1  2.334699e-10
21098.2  2.724493e-10
21114.2  3.163662e-10
21130.3  3.645520e-10
21146.4  4.050839e-10
21162.5  3.939842e-10
21178.6  3.788877e-10
21194.7  3.295952e-10
21210.7  2.958604e-10
21226.8  2.517645e-10
21242.9  2.155383e-10
21259.0  2.244118e-10
21275.1  2.534421e-10
21291.1  2.473893e-10
21307.2  2.129822e-10
21323.3  1.905887e-10
21339.4  1.802022e-10
21355.5  1.702811e-10
21371.5  1.568744e-10
21387.6  1.453242e-10
21403.7  1.411263e-10
21419.8  1.388038e-10
21435.9  1.416257e-10
21451.9  1.471511e-10
21468.0  1.334981e-10
21484.1  1.231080e-10
21500.2  1.100247e-10
21516.3  8.776951e-11
21532.4  6.271433e-11
21548.4  2.088349e-11
21564.5  7.596181e-12
21580.6  1.451794e-11
21596.7  3.486127e-11
21612.8  5.221833e-11
21628.8  6.178216e-11
21644.9  7.729658e-11
21661.0  9.859518e-11
21677.1  1.245368e-10
21693.2  1.449328e-10
21709.2  1.708742e-10
21725.3  1.245288e-10
21741.4  8.843176e-11
21757.5  6.030418e-11
21773.6  5.268672e-11
21789.6  4.586439e-11
21805.7  4.059843e-11
21821.8  9.732561e-11
21837.9  1.519345e-10
21854.0  2.400716e-10
21870.1  1.928342e-10
21886.1  1.851126e-10
21902.2  1.893733e-10
21918.3  2.008803e-10
21934.4  2.145852e-10
21950.5  2.285977e-10
21966.5  2.449756e-10
21982.6  2.402785e-10
21998.7  2.357830e-10
22014.8  2.592632e-10
22030.9  3.092435e-10
22046.9  3.455919e-10
22063.0  3.177452e-10
22079.1  3.076377e-10
22095.2  3.755969e-10
22111.3  5.434389e-10
22127.3  6.748508e-10
22143.4  6.300932e-10
22159.5  6.550573e-10
22175.6  7.834337e-10
22191.7  1.025570e-09
22207.7  9.184370e-10
22223.8  7.671214e-10
22239.9  6.476744e-10
22256.0  5.566230e-10
22272.1  5.818639e-10
22288.2  1.068599e-09
22304.2  1.924303e-09
22320.3  2.266409e-09
22336.4  2.282383e-09
22352.5  2.300845e-09
22368.6  2.402575e-09
22384.6  2.727300e-09
22400.7  1.935202e-09
22416.8  1.379865e-09
22432.9  1.457629e-09
22449.0  2.407415e-09
22465.0  4.556810e-09
22481.1  5.913904e-09
22497.2  8.275953e-09
22513.3  9.985287e-09
22529.4  1.117943e-08
22545.4  1.223823e-08
22561.5  1.261814e-08
22577.6  1.327261e-08
22593.7  1.170150e-08
22609.8  1.197567e-08
22625.9  1.404725e-08
22641.9  1.749869e-08
22658.0  2.738119e-08
22674.1  2.716907e-08
22690.2  2.636927e-08
22706.3  2.735131e-08
22722.3  3.177223e-08
22738.4  3.821511e-08
22754.5  3.341600e-08
22770.6  3.030352e-08
22786.7  2.955452e-08
22802.7  3.113865e-08
22818.8  3.315646e-08
22834.9  3.911531e-08
22851.0  4.839471e-08
22867.1  6.033478e-08
22883.1  6.584183e-08
22899.2  7.313653e-08
22915.3  7.834244e-08
22931.4  8.427559e-08
22947.5  8.872546e-08
22963.6  9.071867e-08
22979.6  9.340204e-08
22995.7  1.040014e-07
23011.8  1.215070e-07
23027.9  1.151657e-07
23044.0  9.882332e-08
23060.0  1.016535e-07
23076.1  1.271762e-07
23092.2  1.663012e-07
23108.3  2.124382e-07
23124.4  2.502675e-07
23140.4  2.965768e-07
23156.5  3.654325e-07
23172.6  4.583430e-07
23188.7  5.819782e-07
23204.8  7.980276e-07
23220.8  1.086758e-06
23236.9  1.356116e-06
23253.0  1.580440e-06
23269.1  2.059924e-06
23285.2  2.532254e-06
23301.3  3.130708e-06
23317.3  3.699138e-06
23333.4  3.840819e-06
23349.5  4.005957e-06
23365.6  3.750467e-06
23381.7  3.806226e-06
23397.7  3.992083e-06
23413.8  3.751463e-06
23429.9  3.508847e-06
23446.0  3.305997e-06
23462.1  3.148552e-06
23478.1  2.997962e-06
23494.2  3.068758e-06
23510.3  3.197491e-06
23526.4  3.256866e-06
23542.5  2.979332e-06
23558.5  2.759899e-06
23574.6  2.801058e-06
23590.7  3.061414e-06
23606.8  3.364777e-06
23622.9  3.915289e-06
23639.0  4.640015e-06
23655.0  5.552593e-06
23671.1  6.692195e-06
23687.2  8.207709e-06
23703.3  9.048660e-06
23719.4  8.766355e-06
23735.4  8.454723e-06
23751.5  7.926613e-06
23767.6  7.407887e-06
23783.7  7.106961e-06
23799.8  7.233844e-06
23815.8  7.422605e-06
23831.9  7.754023e-06
23848.0  8.366827e-06
23864.1  9.171523e-06
23880.2  9.894106e-06
23896.2  1.054046e-05
23912.3  1.132211e-05
23928.4  1.013546e-05
23944.5  8.932958e-06
23960.6  7.981642e-06
23976.7  7.553695e-06
23992.7  7.222604e-06
24008.8  6.852929e-06
24024.9  6.386654e-06
24041.0  6.022669e-06
24057.1  6.095008e-06
24073.1  6.485083e-06
24089.2  7.007672e-06
24105.3  6.797795e-06
24121.4  6.607739e-06
24137.5  6.551354e-06
24153.5  6.743634e-06
24169.6  7.163903e-06
24185.7  7.663089e-06
24201.8  7.740091e-06
24217.9  8.122264e-06
24233.9  7.969996e-06
24250.0  7.132998e-06
24266.1  6.441489e-06
24282.2  5.962660e-06
24298.3  5.830795e-06
24314.4  6.610052e-06
24330.4  6.450024e-06
24346.5  6.260285e-06
24362.6  6.192569e-06
24378.7  6.743822e-06
24394.8  7.396232e-06
24410.8  8.015212e-06
24426.9  7.628948e-06
24443.0  7.342892e-06
24459.1  6.506052e-06
24475.2  5.358560e-06
24491.2  5.123043e-06
24507.3  5.120194e-06
24523.4  5.190221e-06
24539.5  5.268509e-06
24555.6  4.890921e-06
24571.6  4.738152e-06
24587.7  4.792365e-06
24603.8  4.849397e-06
24619.9  4.890938e-06
24636.0  4.932775e-06
24652.0  4.589963e-06
24668.1  4.101906e-06
24684.2  3.666143e-06
24700.3  3.427380e-06
24716.4  3.313093e-06
24732.5  3.779918e-06
24748.5  4.180080e-06
24764.6  4.333720e-06
24780.7  4.587481e-06
24796.8  4.815904e-06
24812.9  5.052566e-06
24828.9  5.313217e-06
24845.0  5.387029e-06
24861.1  5.444287e-06
24877.2  5.502113e-06
24893.3  5.169132e-06
24909.3  4.848760e-06
24925.4  4.555377e-06
24941.5  4.415076e-06
24957.6  4.365231e-06
24973.7  4.396519e-06
24989.7  3.147578e-06
24997.8  4.363423e-09
25011.3  8.227018e-09
25024.8  1.808967e-06
25038.3  1.158165e-06
25051.8  4.849329e-09
25065.3  4.350833e-09
25078.9  4.347978e-09
25092.4  4.345011e-09
25105.9  4.342038e-09
25119.4  4.339096e-09
25132.9  5.030247e-07
25146.4  4.332931e-09
25159.9  9.308205e-09
25173.4  1.915310e-06
25187.0  8.966677e-08
25200.5  4.319754e-09
25214.0  4.316399e-09
25227.5  4.313019e-09
25241.0  4.309624e-09
25254.5  7.041045e-09
25268.0  2.608303e-06
25281.5  8.439902e-07
25295.1  1.677323e-07
25308.6  3.980803e-06
25322.1  4.792264e-06
25335.6  5.035000e-06
25349.1  3.612997e-06
25362.6  2.749863e-06
25376.1  3.413121e-06
25389.6  5.427320e-06
25403.2  3.900776e-06
25416.7  1.578351e-06
25430.2  4.686267e-06
25443.7  5.322797e-06
25457.2  4.435204e-06
25470.7  5.409768e-06
25484.2  3.805584e-06
25497.7  4.031991e-06
25511.2  3.571225e-06
25524.8  4.772125e-06
25538.3  7.375321e-06
25551.8  7.058419e-06
25565.3  4.693930e-06
25578.8  7.569620e-06
25592.3  7.460733e-06
25605.8  7.631999e-06
25619.3  3.873238e-06
25632.9  3.666976e-06
25646.4  7.241037e-06
25659.9  5.285577e-06
25673.4  3.235054e-06
25686.9  3.843860e-06
25700.4  4.237651e-06
25713.9  1.783470e-06
25727.4  2.662177e-06
25741.0  2.240683e-06
25754.5  2.678945e-06
25768.0  3.604784e-06
25781.5  3.494597e-06
25795.0  4.925281e-06
25808.5  2.521655e-06
25822.0  3.642210e-06
25835.5  2.707044e-06
25849.1  3.452537e-06
25862.6  3.048195e-06
25876.1  5.242566e-06
25889.6  3.342647e-06
25903.1  3.294618e-06
25916.6  1.014397e-06
25930.1  4.911924e-06
25943.6  6.694187e-06
25957.2  4.406170e-06
25970.7  2.415424e-06
25984.2  3.074986e-06
25997.7  3.892785e-06
26011.2  4.689762e-06
26024.7  3.464914e-06
26038.2  4.520900e-06
26051.7  4.274456e-06
26065.3  8.138785e-06
26078.8  4.695887e-06
26092.3  2.905320e-06
26105.8  6.258853e-06
26119.3  5.724252e-06
26132.8  5.170418e-06
26146.3  5.899184e-06
26159.8  5.429454e-06
26173.4  5.555092e-06
26186.9  5.937186e-06
26200.4  3.437462e-06
26213.9  4.364794e-06
26227.4  3.162100e-06
26240.9  4.517584e-06
26254.4  5.422575e-06
26267.9  4.025836e-06
26281.5  5.192025e-07
26295.0  9.667169e-07
26308.5  4.511836e-06
26322.0  2.938322e-06
26335.5  6.362667e-06
26349.0  6.470863e-06
26362.5  4.008828e-06
26376.0  5.076682e-06
26389.5  5.409814e-06
26403.1  3.043367e-06
26416.6  5.398261e-06
26430.1  5.270779e-06
26443.6  4.273701e-06
26457.1  5.389964e-06
26470.6  4.882178e-06
26484.1  5.393689e-06
26497.6  4.669079e-06
26511.2  4.043522e-06
26524.7  6.599993e-06
26538.2  3.638451e-06
26551.7  2.323288e-06
26565.2  4.091106e-06
26578.7  6.361431e-06
26592.2  6.913696e-06
26605.7  6.803857e-06
26619.3  1.077563e-05
26632.8  1.067780e-05
26646.3  1.046708e-05
26659.8  1.015045e-05
26673.3  9.289569e-06
26686.8  1.227641e-05
26700.3  1.559895e-05
26713.8  1.806992e-05
26727.4  1.811949e-05
26740.9  1.747903e-05
26754.4  2.130866e-05
26767.9  2.844456e-05
26781.4  2.848103e-05
26794.9  3.025292e-05
26808.4  3.114921e-05
26821.9  3.476902e-05
26835.5  3.799868e-05
26849.0  4.002379e-05
26862.5  4.378660e-05
26876.0  5.125839e-05
26889.5  5.199312e-05
26903.0  5.244449e-05
26916.5  5.745659e-05
26930.0  6.315096e-05
26943.6  6.332903e-05
26957.1  6.532343e-05
26970.6  7.197575e-05
26984.1  7.649098e-05
26997.6  8.215990e-05
27011.1  8.193256e-05
27024.6  8.435613e-05
27038.1  9.188053e-05
27051.7  9.180871e-05
27065.2  1.006724e-04
27078.7  1.059518e-04
27092.2  1.092373e-04
27105.7  1.150566e-04
27119.2  1.247204e-04
27132.7  1.304045e-04
27146.2  1.339011e-04
27159.8  1.432073e-04
27173.3  1.513961e-04
27186.8  1.620373e-04
27200.3  1.701246e-04
27213.8  1.807624e-04
27227.3  1.928235e-04
27240.8  2.069963e-04
27254.3  2.213771e-04
27267.9  2.290498e-04
27281.4  2.474868e-04
27294.9  2.688716e-04
27308.4  2.896072e-04
27321.9  3.085579e-04
27335.4  3.320963e-04
27348.9  3.605333e-04
27362.4  3.940114e-04
27375.9  4.260134e-04
27389.5  4.633600e-04
27403.0  5.044366e-04
27416.5  5.566141e-04
27430.0  6.079471e-04
27443.5  6.661847e-04
27457.0  7.320606e-04
27470.5  8.059664e-04
27484.0  8.885865e-04
27497.6  9.773461e-04
27511.1  1.078493e-03
27524.6  1.186550e-03
27538.1  1.306928e-03
27551.6  1.447881e-03
27565.1  1.598441e-03
27578.6  1.759069e-03
27592.1  1.939258e-03
27605.7  2.142012e-03
27619.2  2.358957e-03
27632.7  2.589693e-03
27646.2  2.844841e-03
27659.7  3.123942e-03
27673.2  3.423249e-03
27686.7  3.743127e-03
27700.2  4.091540e-03
27713.8  4.459432e-03
27727.3  4.855066e-03
27740.8  5.280526e-03
27754.3  5.732705e-03
27767.8  6.223206e-03
27781.3  6.750891e-03
27794.8  7.320055e-03
27808.3  7.921280e-03
27821.9  8.575449e-03
27835.4  9.282047e-03
27848.9  1.004498e-02
27862.4  1.086834e-02
27875.9  1.177479e-02
27889.4  1.276059e-02
27902.9  1.383717e-02
27916.4  1.501913e-02
27930.0  1.633398e-02
27943.5  1.777580e-02
27957.0  1.936785e-02
27970.5  2.116221e-02
27984.0  2.316479e-02
27997.5  2.538393e-02
28011.0  2.785794e-02
28024.5  3.064340e-02
28038.1  3.375779e-02
28051.6  3.719723e-02
28065.1  4.110944e-02
28078.6  4.549776e-02
28092.1  5.041410e-02
28105.6  5.587762e-02
28119.1  6.204132e-02
28132.6  6.891816e-02
28146.2  7.652197e-02
28159.7  8.494980e-02
28173.2  9.427212e-02
28186.7  1.045766e-01
28200.2  1.156156e-01
28213.7  1.275670e-01
28227.2  1.403310e-01
28240.7  1.538216e-01
28254.2  1.679127e-01
28267.8  1.824150e-01
28281.3  1.971347e-01
28294.8  2.118858e-01
28308.3  2.264524e-01
28321.8  2.405657e-01
28335.3  2.540707e-01
28348.8  2.668467e-01
28362.3  2.787149e-01
28375.9  2.893960e-01
28389.4  2.993685e-01
28402.9  3.084954e-01
28416.4  3.168862e-01
28429.9  3.241126e-01
28443.4  3.305602e-01
28456.9  3.363225e-01
28470.4  3.414470e-01
28484.0  3.459480e-01
28497.5  3.499710e-01
28511.0  3.533271e-01
28524.5  3.562568e-01
28538.0  3.588554e-01
28551.5  3.611275e-01
28565.0  3.631141e-01
28578.5  3.648217e-01
28592.1  3.663145e-01
28605.6  3.674162e-01
28619.1  3.684298e-01
28632.6  3.694746e-01
28646.1  3.706044e-01
28659.6  3.715080e-01
28673.1  3.721184e-01
28686.6  3.726053e-01
28700.2  3.730095e-01
28713.7  3.733713e-01
28727.2  3.736594e-01
28740.7  3.738727e-01
28754.2  3.740165e-01
28767.7  3.741409e-01
28781.2  3.742193e-01
28794.7  3.742850e-01
28808.3  3.743182e-01
28821.8  3.743333e-01
28835.3  3.743256e-01
28848.8  3.742952e-01
28862.3  3.738295e-01
28875.8  3.737999e-01
28889.3  3.737514e-01
28902.8  3.737119e-01
28916.4  3.737385e-01
28929.9  3.741678e-01
28943.4  3.741694e-01
28956.9  3.741572e-01
28970.4  3.741149e-01
28983.9  3.740441e-01
28997.4  3.739570e-01
29010.9  3.737504e-01
29024.5  3.734860e-01
29038.0  3.731900e-01
29051.5  3.728901e-01
29065.0  3.725624e-01
29078.5  3.722012e-01
29092.0  3.718222e-01
29105.5  3.711966e-01
29119.0  3.706512e-01
29132.5  3.702939e-01
29146.1  3.699477e-01
29159.6  3.695871e-01
29173.1  3.692164e-01
29186.6  3.688585e-01
29200.1  3.685070e-01
29213.6  3.680305e-01
29227.1  3.675673e-01
29240.6  3.671182e-01
29254.2  3.666724e-01
29267.7  3.665617e-01
29281.2  3.662593e-01
29294.7  3.658742e-01
29308.2  3.654526e-01
29321.7  3.649959e-01
29335.2  3.645584e-01
29348.7  3.641258e-01
29362.3  3.636938e-01
29375.8  3.630259e-01
29389.3  3.624292e-01
29402.8  3.620461e-01
29416.3  3.617064e-01
29429.8  3.613644e-01
29443.3  3.614489e-01
29456.8  3.610983e-01
29470.4  3.607441e-01
29483.9  3.603810e-01
29497.4  3.600084e-01
29510.9  3.598829e-01
29524.4  3.593642e-01
29537.9  3.588291e-01
29551.4  3.583057e-01
29564.9  3.577773e-01
29578.5  3.572553e-01
29592.0  3.567470e-01
29605.5  3.562400e-01
29619.0  3.557466e-01
29632.5  3.552629e-01
29646.0  3.548083e-01
29659.5  3.543765e-01
29673.0  3.539790e-01
29686.6  3.535917e-01
29700.1  3.532253e-01
29713.6  3.529213e-01
29727.1  3.526599e-01
29740.6  3.524341e-01
29754.1  3.525668e-01
29767.6  3.528839e-01
29781.1  3.527423e-01
29794.7  3.526315e-01
29808.2  3.524174e-01
29821.7  3.521436e-01
29835.2  3.518899e-01
29848.7  3.516566e-01
29862.2  3.514328e-01
29875.7  3.512153e-01
29889.2  3.513457e-01
29902.8  3.511846e-01
29916.3  3.511270e-01
29929.8  3.510643e-01
29943.3  3.510077e-01
29956.8  3.509276e-01
29970.3  3.508303e-01
29983.8  3.507162e-01
29997.3  3.505778e-01
30010.9  3.502392e-01
30024.4  3.501275e-01
30037.9  3.496652e-01
30051.4  3.491682e-01
30064.9  3.488511e-01
30078.4  3.485098e-01
30091.9  3.479488e-01
30105.4  3.474628e-01
30118.9  3.471215e-01
30132.5  3.467583e-01
30146.0  3.463678e-01
30159.5  3.459524e-01
30173.0  3.455310e-01
30186.5  3.450916e-01
30200.0  3.446366e-01
30213.5  3.440008e-01
30227.0  3.433502e-01
30240.6  3.426902e-01
30254.1  3.420087e-01
30267.6  3.413206e-01
30281.1  3.406160e-01
30294.6  3.399092e-01
30308.1  3.394000e-01
30321.6  3.390174e-01
30335.1  3.386092e-01
30348.7  3.381974e-01
30362.2  3.378535e-01
30375.7  3.377259e-01
30389.2  3.372705e-01
30402.7  3.368478e-01
30416.2  3.366003e-01
30429.7  3.363350e-01
30443.2  3.360566e-01
30456.8  3.357638e-01
30470.3  3.354639e-01
30483.8  3.352827e-01
30497.3  3.351813e-01
30510.8  3.347577e-01
30524.3  3.343108e-01
30537.8  3.338477e-01
30551.3  3.333974e-01
30564.9  3.329586e-01
30578.4  3.325308e-01
30591.9  3.321133e-01
30605.4  3.318759e-01
30618.9  3.318952e-01
30632.4  3.319387e-01
30645.9  3.320028e-01
30659.4  3.324719e-01
30673.0  3.326254e-01
30686.5  3.330293e-01
30700.0  3.333483e-01
30713.5  3.333337e-01
30727.0  3.333421e-01
30740.5  3.333809e-01
30754.0  3.334511e-01
30767.5  3.335359e-01
30781.1  3.336386e-01
30794.6  3.337573e-01
30808.1  3.340922e-01
30821.6  3.345700e-01
30835.1  3.350452e-01
30848.6  3.355004e-01
30862.1  3.359513e-01
30875.6  3.363854e-01
30889.2  3.367981e-01
30902.7  3.371885e-01
30916.2  3.376473e-01
30929.7  3.380557e-01
30943.2  3.388358e-01
30956.7  3.391642e-01
30970.2  3.394600e-01
30983.7  3.397136e-01
30997.2  3.399438e-01
31010.8  3.399918e-01
31024.3  3.399884e-01
31037.8  3.399726e-01
31051.3  3.399507e-01
31064.8  3.399289e-01
31078.3  3.399318e-01
31091.8  3.399530e-01
31105.3  3.400697e-01
31118.9  3.402939e-01
31132.4  3.405827e-01
31145.9  3.409271e-01
31159.4  3.413347e-01
31172.9  3.418033e-01
31186.4  3.423264e-01
31199.9  3.428885e-01
31213.4  3.441830e-01
31227.0  3.450740e-01
31240.5  3.459408e-01
31254.0  3.467215e-01
31267.5  3.473827e-01
31281.0  3.478451e-01
31294.5  3.480316e-01
31308.0  3.478063e-01
31321.5  3.470296e-01
31335.1  3.457328e-01
31348.6  3.437235e-01
31362.1  3.409665e-01
31375.6  3.373369e-01
31389.1  3.327022e-01
31402.6  3.271454e-01
31416.1  3.204641e-01
31429.6  3.127946e-01
31443.2  3.039664e-01
31456.7  2.941300e-01
31470.2  2.833884e-01
31483.7  2.720380e-01
31497.2  2.597707e-01
31510.7  2.468666e-01
31524.2  2.336582e-01
31537.7  2.202870e-01
31551.3  2.068906e-01
31564.8  1.937092e-01
31578.3  1.807586e-01
31591.8  1.682657e-01
31605.3  1.562774e-01
31618.8  1.448690e-01
31632.3  1.341146e-01
31645.8  1.240137e-01
31659.4  1.146021e-01
31672.9  1.058664e-01
31686.4  9.778958e-02
31699.9  9.034337e-02
31713.4  8.355948e-02
31726.9  7.739212e-02
31740.4  7.170473e-02
31753.9  6.647531e-02
31767.5  6.168758e-02
31781.0  5.731885e-02
31794.5  5.332601e-02
31808.0  4.966492e-02
31821.5  4.631459e-02
31835.0  4.324448e-02
31848.5  4.044330e-02
31862.0  3.787586e-02
31875.5  3.551887e-02
31889.1  3.336149e-02
31902.6  3.137778e-02
31916.1  2.955294e-02
31929.6  2.787347e-02
31943.1  2.632338e-02
31956.6  2.489596e-02
31970.1  2.357739e-02
31983.6  2.237799e-02
31997.2  2.124082e-02
32010.7  2.018334e-02
32024.2  1.919981e-02
32037.7  1.828367e-02
32051.2  1.742678e-02
32064.7  1.662483e-02
32078.2  1.587298e-02
32091.7  1.516440e-02
32105.3  1.450060e-02
32118.8  1.387729e-02
32132.3  1.327098e-02
32145.8  1.271081e-02
32159.3  1.217729e-02
32172.8  1.167009e-02
32186.3  1.119218e-02
32199.8  1.073908e-02
32213.4  1.031301e-02
32226.9  9.905806e-03
32240.4  9.503950e-03
32253.9  9.113400e-03
32267.4  8.734815e-03
32280.9  8.368064e-03
32294.4  8.016229e-03
32307.9  7.675221e-03
32321.5  7.347968e-03
32335.0  7.036157e-03
32348.5  6.733232e-03
32362.0  6.438961e-03
32375.5  6.147181e-03
32389.0  5.858756e-03
32402.5  5.580039e-03
32416.0  5.310770e-03
32429.6  5.050321e-03
32443.1  4.799266e-03
32456.6  4.556699e-03
32470.1  4.318699e-03
32483.6  4.088538e-03
32497.1  3.866261e-03
32510.6  3.653160e-03
32524.1  3.447900e-03
32537.7  3.252255e-03
32551.2  3.066356e-03
32564.7  2.882941e-03
32578.2  2.704310e-03
32591.7  2.537368e-03
32605.2  2.379155e-03
32618.7  2.231359e-03
32632.2  2.090965e-03
32645.8  1.952113e-03
32659.3  1.818304e-03
32672.8  1.693361e-03
32686.3  1.576352e-03
32699.8  1.465334e-03
32713.3  1.363035e-03
32726.8  1.269735e-03
32740.3  1.180864e-03
32753.9  1.096178e-03
32767.4  1.018563e-03
32780.9  9.480690e-04
32794.4  8.801360e-04
32807.9  8.163736e-04
32821.4  7.598530e-04
32834.9  7.036020e-04
32848.4  6.521280e-04
32861.9  6.056438e-04
32875.5  5.606412e-04
32889.0  5.200108e-04
32902.5  4.848023e-04
32916.0  4.528302e-04
32929.5  4.216960e-04
32943.0  3.915769e-04
32956.5  3.630521e-04
32970.0  3.341213e-04
32983.6  3.089286e-04
32997.1  2.913769e-04
33010.6  2.734654e-04
33024.1  2.558471e-04
33037.6  2.392402e-04
33051.1  2.198825e-04
33064.6  2.037122e-04
33078.1  1.921686e-04
33091.7  1.809041e-04
33105.2  1.684363e-04
33118.7  1.579854e-04
33132.2  1.504269e-04
33145.7  1.439694e-04
33159.2  1.353976e-04
33172.7  1.239997e-04
33186.2  1.139079e-04
33199.8  1.075770e-04
33213.3  1.045012e-04
33226.8  9.801489e-05
33240.3  9.360947e-05
33253.8  8.863482e-05
33267.3  8.212519e-05
33280.8  8.165812e-05
33294.3  8.003896e-05
33307.9  7.548875e-05
33321.4  7.032177e-05
33334.9  6.567862e-05
33348.4  6.293063e-05
33361.9  6.247490e-05
33375.4  5.967811e-05
33388.9  5.449350e-05
33402.4  5.113547e-05
33416.0  4.824897e-05
33429.5  4.726870e-05
33443.0  4.652467e-05
33456.5  4.798564e-05
33470.0  5.200720e-05
33483.5  5.311103e-05
33497.0  5.322372e-05
33510.5  5.208044e-05
33524.1  5.068344e-05
33537.6  5.076269e-05
33551.1  4.922907e-05
33564.6  4.315609e-05
33578.1  3.984176e-05
33591.6  4.125163e-05
33605.1  4.288904e-05
33618.6  4.360075e-05
33632.2  4.254321e-05
33645.7  4.047763e-05
33659.2  3.875561e-05
33672.7  3.787709e-05
33686.2  3.893894e-05
33699.7  3.872001e-05
33713.2  3.818966e-05
33726.7  3.823517e-05
33740.2  3.769137e-05
33753.8  3.700020e-05
33767.3  3.785732e-05
33780.8  3.937320e-05
33794.3  4.072561e-05
33807.8  3.897221e-05
33821.3  3.522942e-05
33834.8  3.677534e-05
33848.3  3.747963e-05
33861.9  3.524192e-05
33875.4  3.445266e-05
33888.9  3.311456e-05
33902.4  3.062211e-05
33915.9  2.680337e-05
33929.4  2.787636e-05
33942.9  3.186017e-05
33956.4  3.259991e-05
33970.0  3.322335e-05
33983.5  3.134740e-05
33997.0  2.997046e-05
34010.5  3.153187e-05
34024.0  3.183313e-05
34037.5  3.323397e-05
34051.0  3.432853e-05
34064.5  3.319945e-05
34078.1  3.251648e-05
34091.6  3.319865e-05
34105.1  3.207899e-05
34118.6  2.969373e-05
34132.1  2.877666e-05
34145.6  2.618502e-05
34159.1  2.983991e-05
34172.6  3.349356e-05
34186.2  3.628076e-05
34199.7  3.543213e-05
34213.2  3.528950e-05
34226.7  3.652929e-05
34240.2  3.782476e-05
34253.7  3.825167e-05
34267.2  3.792967e-05
34280.7  3.542459e-05
34294.3  3.210359e-05
34307.8  3.217035e-05
34321.3  3.473106e-05
34334.8  3.559125e-05
34348.3  3.493999e-05
34361.8  3.264924e-05
34375.3  3.040110e-05
34388.8  3.082593e-05
34402.4  3.081032e-05
34415.9  3.123691e-05
34429.4  3.314620e-05
34442.9  3.689051e-05
34456.4  4.004376e-05
34469.9  3.994268e-05
34483.4  3.721856e-05
34496.9  3.528293e-05
34510.5  3.708835e-05
34524.0  3.665379e-05
34537.5  3.489546e-05
34551.0  3.833330e-05
34564.5  4.171603e-05
34578.0  4.180701e-05
34591.5  4.202445e-05
34605.0  4.253367e-05
34618.5  4.337912e-05
34632.1  4.307275e-05
34645.6  4.184292e-05
34659.1  4.109975e-05
34672.6  4.294169e-05
34686.1  4.561951e-05
34699.6  4.510674e-05
34713.1  4.387250e-05
34726.6  4.226024e-05
34740.2  3.956437e-05
34753.7  3.765137e-05
34767.2  3.820333e-05
34780.7  4.106702e-05
34794.2  4.053629e-05
34807.7  3.902809e-05
34821.2  4.062798e-05
34834.7  4.132579e-05
34848.3  4.313738e-05
34861.8  4.491407e-05
34875.3  4.558592e-05
34888.8  4.608930e-05
34902.3  4.289461e-05
34915.8  4.043431e-05
34929.3  4.134105e-05
34942.8  4.563762e-05
34956.4  5.128051e-05
34969.9  5.300800e-05
34983.4  5.281228e-05
34996.9  5.052665e-05
35010.4  4.632875e-05
35023.9  4.436168e-05
35037.4  4.376352e-05
35050.9  4.516329e-05
35064.5  4.538019e-05
35078.0  4.220302e-05
35091.5  4.086588e-05
35105.0  3.825822e-05
35118.5  3.768125e-05
35132.0  4.166591e-05
35145.5  4.221210e-05
35159.0  4.060483e-05
35172.6  3.902243e-05
35186.1  3.544074e-05
35199.6  3.281108e-05
35213.1  3.150898e-05
35226.6  3.041294e-05
35240.1  2.743718e-05
35253.6  2.366570e-05
35267.1  2.372284e-05
35280.7  2.380617e-05
35294.2  2.034283e-05
35307.7  1.727112e-05
35321.2  1.804922e-05
35334.7  1.821260e-05
35348.2  1.695369e-05
35361.7  1.715139e-05
35375.2  1.748340e-05
35388.8  1.954725e-05
35402.3  2.183088e-05
35415.8  1.894257e-05
35429.3  1.609996e-05
35442.8  1.476743e-05
35456.3  1.427317e-05
35469.8  1.608859e-05
35483.3  1.697188e-05
35496.8  1.606559e-05
35510.4  1.465410e-05
35523.9  1.272174e-05
35537.4  1.449412e-05
35550.9  1.769982e-05
35564.4  1.875556e-05
35577.9  1.764184e-05
35591.4  1.578574e-05
35604.9  1.780714e-05
35618.5  1.997557e-05
35632.0  1.781020e-05
35645.5  1.869022e-05
35659.0  1.901582e-05
35672.5  1.644861e-05
35686.0  1.764306e-05
35699.5  2.003985e-05
35713.0  1.926013e-05
35726.6  1.844447e-05
35740.1  1.933924e-05
35753.6  2.121581e-05
35767.1  2.264302e-05
35780.6  2.335841e-05
35794.1  2.225346e-05
35807.6  2.082062e-05
35821.1  2.201662e-05
35834.7  2.292003e-05
35848.2  2.278648e-05
35861.7  2.403385e-05
35875.2  2.466700e-05
35888.7  2.600513e-05
35902.2  2.680108e-05
35915.7  2.520722e-05
35929.2  2.209827e-05
35942.8  2.102407e-05
35956.3  2.253420e-05
35969.8  2.597603e-05
35983.3  2.891320e-05
35996.8  3.019684e-05
36010.3  2.957116e-05
36023.8  2.865667e-05
36037.3  2.837925e-05
36050.9  2.992207e-05
36064.4  2.918826e-05
36077.9  2.799243e-05
36091.4  2.572001e-05
36104.9  2.698121e-05
36118.4  2.941078e-05
36131.9  2.951852e-05
36145.4  3.037052e-05
36159.0  3.020089e-05
36172.5  2.954426e-05
36186.0  3.024011e-05
36199.5  3.002707e-05
36213.0  3.006025e-05
36226.5  3.054174e-05
36240.0  3.032716e-05
36253.5  3.218681e-05
36267.1  3.432652e-05
36280.6  3.459558e-05
36294.1  3.569175e-05
36307.6  3.655060e-05
36321.1  3.661875e-05
36334.6  3.508965e-05
36348.1  3.271386e-05
36361.6  3.403181e-05
36375.2  3.596713e-05
36388.7  3.550455e-05
36402.2  3.676468e-05
36415.7  3.892951e-05
36429.2  3.961774e-05
36442.7  3.969122e-05
36456.2  3.748749e-05
36469.7  3.606831e-05
36483.2  3.903137e-05
36496.8  4.171832e-05
36510.3  4.144328e-05
36523.8  3.919238e-05
36537.3  3.700144e-05
36550.8  3.682897e-05
36564.3  3.535776e-05
36577.8  3.363428e-05
36591.3  3.548108e-05
36604.9  3.822066e-05
36618.4  4.049577e-05
36631.9  4.287024e-05
36645.4  4.180775e-05
36658.9  3.949965e-05
36672.4  4.014206e-05
36685.9  4.094181e-05
36699.4  4.125536e-05
36713.0  4.295116e-05
36726.5  4.491087e-05
36740.0  4.520627e-05
36753.5  4.469605e-05
36767.0  4.494857e-05
36780.5  4.490916e-05
36794.0  4.305319e-05
36807.5  4.019162e-05
36821.1  3.840741e-05
36834.6  4.059221e-05
36848.1  4.656047e-05
36861.6  5.068588e-05
36875.1  5.142975e-05
36888.6  5.078222e-05
36902.1  4.944597e-05
36915.6  4.956222e-05
36929.2  5.010834e-05
36942.7  4.840583e-05
36956.2  4.668339e-05
36969.7  4.633549e-05
36983.2  4.620136e-05
36996.7  4.657714e-05
37010.2  4.650627e-05
37023.7  4.596684e-05
37037.3  4.652250e-05
37050.8  4.686166e-05
37064.3  4.769645e-05
37077.8  5.007368e-05
37091.3  5.170090e-05
37104.8  5.203328e-05
37118.3  5.182784e-05
37131.8  5.055813e-05
37145.4  4.956034e-05
37158.9  4.832679e-05
37172.4  4.646853e-05
37185.9  4.801089e-05
37199.4  5.170266e-05
37212.9  5.241888e-05
37226.4  5.115383e-05
37239.9  4.913309e-05
37253.5  4.696494e-05
37267.0  4.606544e-05
37280.5  4.474771e-05
37294.0  4.276164e-05
37307.5  4.411767e-05
37321.0  4.791381e-05
37334.5  5.057210e-05
37348.0  5.111071e-05
37361.5  4.874029e-05
37375.1  4.478365e-05
37388.6  4.120943e-05
37402.1  3.796096e-05
37415.6  3.665053e-05
37429.1  3.758227e-05
37442.6  3.965987e-05
37456.1  4.474005e-05
37469.6  5.053083e-05
37483.2  5.083480e-05
37496.7  4.715900e-05
37510.2  4.522950e-05
37523.7  4.642165e-05
37537.2  4.924263e-05
37550.7  5.034264e-05
37564.2  4.873611e-05
37577.7  4.658573e-05
37591.3  4.397482e-05
37604.8  4.182423e-05
37618.3  4.247851e-05
37631.8  4.372408e-05
37645.3  4.270310e-05
37658.8  3.948595e-05
37672.3  3.510178e-05
37685.8  3.283814e-05
37699.4  3.500501e-05
37712.9  3.819866e-05
37726.4  3.919023e-05
37739.9  3.966316e-05
37753.4  3.996678e-05
37766.9  4.007467e-05
37780.4  4.123506e-05
37793.9  4.126615e-05
37807.5  3.787396e-05
37821.0  3.430317e-05
37834.5  3.376174e-05
37848.0  3.509709e-05
37861.5  3.504676e-05
37875.0  3.157679e-05
37888.5  2.843284e-05
37902.0  2.864053e-05
37915.6  2.975318e-05
37929.1  3.075738e-05
37942.6  3.364274e-05
37956.1  3.590744e-05
37969.6  3.604101e-05
37983.1  3.680562e-05
37996.6  3.723490e-05
38010.1  3.578584e-05
38023.7  3.509759e-05
38037.2  3.458944e-05
38050.7  3.142568e-05
38064.2  2.853514e-05
38077.7  3.014820e-05
38091.2  3.328328e-05
38104.7  3.332895e-05
38118.2  3.144983e-05
38131.8  3.045048e-05
38145.3  2.963173e-05
38158.8  2.844526e-05
38172.3  2.868271e-05
38185.8  3.002626e-05
38199.3  3.147751e-05
38212.8  3.311675e-05
38226.3  3.351958e-05
38239.8  3.204917e-05
38253.4  3.090792e-05
38266.9  3.131798e-05
38280.4  3.128679e-05
38293.9  2.887719e-05
38307.4  2.542419e-05
38320.9  2.466749e-05
38334.4  2.812749e-05
38347.9  3.056996e-05
38361.5  2.976841e-05
38375.0  2.985541e-05
38388.5  2.833216e-05
38402.0  2.330437e-05
38415.5  2.107996e-05
38429.0  2.251432e-05
38442.5  2.365703e-05
38456.0  2.340356e-05
38469.6  2.208388e-05
38483.1  2.067196e-05
38496.6  2.062822e-05
38510.1  2.260466e-05
38523.6  2.505817e-05
38537.1  2.510825e-05
38550.6  2.346726e-05
38564.1  2.162978e-05
38577.7  2.028795e-05
38591.2  1.863913e-05
38604.7  1.826489e-05
38618.2  2.448253e-05
38631.7  3.130841e-05
38645.2  3.094784e-05
38658.7  2.847906e-05
38672.2  2.799309e-05
38685.8  2.633600e-05
38699.3  2.398408e-05
38712.8  2.420444e-05
38726.3  2.749940e-05
38739.8  2.975367e-05
38753.3  2.886291e-05
38766.8  2.610977e-05
38780.3  2.507905e-05
38793.9  2.772117e-05
38807.4  3.047645e-05
38820.9  3.006266e-05
38834.4  2.735329e-05
38847.9  2.421986e-05
38861.4  2.452564e-05
38874.9  2.893363e-05
38888.4  3.289928e-05
38902.0  3.408956e-05
38915.5  3.429505e-05
38929.0  3.361230e-05
38942.5  3.095442e-05
38956.0  2.786579e-05
38969.5  2.640512e-05
38983.0  2.706538e-05
38996.5  3.045504e-05
39010.1  3.442252e-05
39023.6  3.387078e-05
39037.1  2.990327e-05
39050.6  2.711290e-05
39064.1  2.855887e-05
39077.6  3.353747e-05
39091.1  3.731919e-05
39104.6  3.648187e-05
39118.2  3.369749e-05
39131.7  3.190130e-05
39145.2  2.943398e-05
39158.7  2.719537e-05
39172.2  2.947065e-05
39185.7  3.149631e-05
39199.2  3.150317e-05
39212.7  3.137862e-05
39226.2  2.912384e-05
39239.8  2.587889e-05
39253.3  2.599637e-05
39266.8  2.911957e-05
39280.3  3.029670e-05
39293.8  2.823151e-05
39307.3  2.639276e-05
39320.8  2.298406e-05
39334.3  2.143566e-05
39347.9  2.602177e-05
39361.4  3.143539e-05
39374.9  3.351311e-05
39388.4  3.300558e-05
39401.9  3.137482e-05
39415.4  2.907272e-05
39428.9  2.670779e-05
39442.4  2.585468e-05
39456.0  2.473927e-05
39469.5  2.188173e-05
39483.0  2.066568e-05
39496.5  2.287847e-05
39510.0  2.677951e-05
39523.5  2.966821e-05
39537.0  3.004613e-05
39550.5  2.882244e-05
39564.1  2.623202e-05
39577.6  2.158126e-05
39591.1  1.747298e-05
39604.6  1.540137e-05
39618.1  1.294229e-05
39631.6  1.347511e-05
39645.1  1.829893e-05
39658.6  2.420480e-05
39672.2  2.519136e-05
39685.7  2.280639e-05
39699.2  2.115626e-05
39712.7  1.894272e-05
39726.2  1.756081e-05
39739.7  1.919918e-05
39753.2  2.051732e-05
39766.7  2.086675e-05
39780.3  2.113541e-05
39793.8  2.116514e-05
39807.3  1.995627e-05
39820.8  1.915416e-05
39834.3  2.082092e-05
39847.8  2.251185e-05
39861.3  2.372883e-05
39874.8  2.486772e-05
39888.4  2.598490e-05
39901.9  2.638035e-05
39915.4  2.517873e-05
39928.9  2.217216e-05
39942.4  1.997747e-05
39955.9  2.135995e-05
39969.4  2.187205e-05
39982.9  2.153491e-05
39996.5  2.233992e-05
40010.0  2.364008e-05
40023.5  2.352378e-05
40037.0  2.140446e-05
40050.5  1.903006e-05
40064.0  1.749789e-05
40077.5  1.936880e-05
40091.0  2.292986e-05
40104.5  2.436182e-05
40118.1  2.270516e-05
40131.6  2.154456e-05
40145.1  2.304114e-05
40158.6  2.375639e-05
40172.1  2.271242e-05
40185.6  2.075700e-05
40199.1  1.735840e-05
40212.6  1.499608e-05
40226.2  1.527797e-05
40239.7  1.845484e-05
40253.2  2.213494e-05
40266.7  2.573738e-05
40280.2  2.696092e-05
40293.7  2.461564e-05
40307.2  2.127928e-05
40320.7  1.798900e-05
40334.3  1.554810e-05
40347.8  1.248050e-05
40361.3  1.109601e-05
40374.8  1.079705e-05
40388.3  9.657424e-06
40401.8  7.842730e-06
40415.3  4.182727e-06
40428.8  3.176496e-06
40442.4  1.542880e-06
40455.9  1.342685e-06
40469.4  2.430493e-06
40482.9  5.353702e-06
40496.4  7.864323e-06
40509.9  9.069703e-06
40523.4  5.717669e-06
40536.9  3.290981e-06
40550.5  2.784104e-06
40564.0  5.073382e-06
40577.5  9.988165e-06
40591.0  1.050000e-05
40604.5  5.746345e-06
40618.0  2.486784e-06
40631.5  3.704800e-06
40645.0  7.617054e-06
40658.6  1.011986e-05
40672.1  8.314753e-06
40685.6  5.144170e-06
40699.1  3.369148e-06
40712.6  2.069464e-06
40726.1  2.127169e-06
40739.6  2.328247e-06
40753.1  2.466271e-06
40766.7  1.862826e-06
40780.2  3.935729e-07
40793.7  1.321612e-07
40807.2  5.792633e-09
40820.7  1.009360e-07
40834.2  1.336377e-06
40847.7  4.103547e-06
40861.2  4.256207e-06
40874.8  2.857337e-06
40888.3  3.471305e-06
40901.8  3.759527e-06
40915.3  3.035830e-06
40928.8  1.875679e-06
40942.3  2.483868e-06
40955.8  2.655604e-06
40969.3  2.007099e-06
40982.8  1.211974e-06
40996.4  2.885646e-06
41009.9  5.943947e-06
41023.4  4.242401e-06
41036.9  3.838539e-06
41050.4  4.576598e-06
41063.9  6.541934e-06
41077.4  6.474336e-06
41090.9  3.823400e-06
41104.5  2.522653e-06
41118.0  3.697921e-06
41131.5  4.075944e-06
41145.0  3.617681e-06
41158.5  3.113351e-06
41172.0  4.008495e-07
41185.5  5.709666e-07
41199.0  8.788859e-07
41212.6  1.137929e-06
41226.1  9.257577e-07
41239.6  1.852704e-06
41253.1  1.893264e-06
41266.6  2.245705e-06
41280.1  1.558864e-06
41293.6  1.396262e-06
41307.1  2.558985e-06
41320.7  5.016508e-06
41334.2  1.018971e-05
41347.7  1.093603e-05
41361.2  8.005935e-06
41374.7  4.958346e-06
41388.2  3.442947e-06
41401.7  2.523919e-06
41415.2  2.138046e-06
41428.8  2.228703e-06
41442.3  3.013361e-06
41455.8  3.791542e-06
41469.3  4.316008e-06
41482.8  3.698816e-06
41496.3  2.931503e-06
41509.8  3.294820e-06
41523.3  4.927232e-06
41536.9  3.950453e-06
41550.4  4.238924e-07
41563.9  5.916227e-07
41577.4  9.298615e-07
41590.9  2.266728e-06
41604.4  3.689277e-06
41617.9  7.291161e-06
41631.4  6.784057e-06
41645.0  7.749264e-06
41658.5  6.866990e-06
41672.0  3.609574e-06
41685.5  8.124730e-08
41699.0  5.803211e-09
41712.5  5.803442e-09
41726.0  5.803648e-09
41739.5  5.803829e-09
41753.1  8.672619e-08
41766.6  1.236089e-06
41780.1  2.632360e-06
41793.6  3.269858e-06
41807.1  2.551213e-06
41820.6  6.001645e-07
41834.1  3.953627e-08
41847.6  9.113205e-09
41861.1  4.156476e-07
41874.7  6.004894e-07
41888.2  1.258175e-06
41901.7  3.398932e-06
41915.2  5.470068e-06
41928.7  5.140357e-06
41942.2  3.111392e-06
41955.7  2.517176e-06
41969.2  2.336892e-06
41982.8  2.603565e-06
41996.3  2.725910e-06
42009.8  2.720226e-06
42023.3  1.240874e-06
42036.8  1.776196e-07
42050.3  2.838283e-06
42063.8  3.759947e-06
42077.3  1.469892e-06
42090.9  1.686537e-06
42104.4  2.343537e-06
42117.9  5.671009e-06
42131.4  8.361998e-06
42144.9  9.299078e-06
42158.4  7.852819e-06
42171.9  3.783116e-06
42185.4  2.368728e-06
42199.0  2.813616e-06
42212.5  3.191761e-06
42226.0  3.303093e-06
42239.5  2.555221e-06
42253.0  2.705386e-06
42266.5  2.354511e-06
42280.0  2.189538e-06
42293.5  2.639171e-06
42307.1  5.219532e-06
42320.6  6.265481e-06
42334.1  6.086478e-06
42347.6  5.705019e-06
42361.1  4.972580e-06
42374.6  5.193758e-06
42388.1  5.447944e-06
42401.6  7.346159e-06
42415.2  1.078459e-05
42428.7  1.081719e-05
42442.2  7.161480e-06
42455.7  4.523322e-06
42469.2  2.885875e-06
42482.7  6.768497e-07
42496.2  5.803291e-09
42509.7  5.802361e-09
42523.3  5.801401e-09
42536.8  2.438142e-08
42550.3  2.787465e-06
42563.8  3.050719e-06
42577.3  1.845423e-06
42590.8  1.779304e-06
42604.3  2.966537e-06
42617.8  5.174733e-06
42631.4  4.207684e-06
42644.9  4.083102e-06
42658.4  5.983688e-06
42671.9  6.875719e-06
42685.4  3.942950e-06
42698.9  2.216160e-06
42712.4  3.293132e-06
42725.9  5.100511e-06
42739.5  5.604865e-06
42753.0  4.899903e-06
42766.5  4.502530e-06
42780.0  4.425408e-06
42793.5  4.178097e-06
42807.0  4.695004e-06
42820.5  6.690635e-06
42834.0  4.574130e-06
42847.5  3.042255e-06
42861.1  1.205703e-06
42874.6  5.181121e-08
42888.1  1.528777e-08
42901.6  9.372106e-07
42915.1  3.562966e-06
42928.6  4.402974e-06
42942.1  3.124993e-07
42955.6  7.851350e-09
42969.2  1.787794e-07
42982.7  5.413286e-07
42996.2  9.497071e-07
43009.7  7.434049e-07
43023.2  1.809572e-07
43036.7  1.280739e-08
43050.2  3.350890e-08
43063.7  2.019528e-06
43077.3  3.653749e-06
43090.8  3.401176e-06
43104.3  3.624733e-06
43117.8  4.762280e-06
43131.3  5.593135e-06
43144.8  5.131890e-06
43158.3  3.203008e-06
43171.8  4.367741e-06
43185.4  5.831311e-06
43198.9  5.481986e-06
43212.4  4.258613e-06
43225.9  2.670603e-06
43239.4  1.742998e-06
43252.9  1.394079e-06
43266.4  2.365762e-06
43279.9  4.770726e-06
43293.5  4.082556e-06
43307.0  1.728933e-06
43320.5  6.783728e-07
43334.0  4.169790e-07
43347.5  2.929775e-06
43361.0  5.213262e-06
43374.5  4.400758e-06
43388.0  4.297671e-06
43401.6  3.115575e-06
43415.1  2.001496e-06
43428.6  4.293917e-06
43442.1  5.170819e-06
43455.6  3.759395e-06
43469.1  1.678224e-06
43482.6  1.781748e-06
43496.1  1.699313e-06
43509.7  1.215568e-06
43523.2  1.380573e-06
43536.7  2.369187e-07
43550.2  1.195438e-06
43563.7  1.859031e-06
43577.2  1.418164e-06
43590.7  1.095886e-06
43604.2  1.860931e-06
43617.8  2.546989e-06
43631.3  3.343609e-06
43644.8  3.673496e-06
43658.3  5.107226e-06
43671.8  4.904426e-06
43685.3  7.990199e-07
43698.8  5.281683e-08
43712.3  7.234594e-09
43725.8  5.758056e-09
43739.4  1.767823e-08
43752.9  3.583888e-07
43766.4  9.411696e-09
43779.9  5.753165e-09
43793.4  5.751901e-09
43806.9  5.750679e-09
43820.4  5.749497e-09
43833.9  5.748297e-09
43847.5  7.709016e-09
43861.0  5.965652e-08
43874.5  4.581988e-07
43888.0  1.455059e-06
43901.5  9.605094e-07
43915.0  1.001586e-08
43928.5  5.739385e-09
43942.0  5.738026e-09
43955.6  5.820493e-09
43969.1  8.852009e-08
43982.6  5.338197e-07
43996.1  2.999572e-07
44009.6  7.244854e-09
44023.1  5.731989e-09
44036.6  5.731042e-09
44050.1  5.730174e-09
44063.7  5.735406e-09
44077.2  5.734421e-09
44090.7  5.733424e-09
44104.2  5.732409e-09
44117.7  5.731367e-09
44131.2  3.165076e-08
44144.7  1.512855e-06
44158.2  1.055255e-06
44171.8  2.897125e-07
44185.3  3.964524e-08
44198.8  5.813107e-09
44212.3  1.723488e-07
44225.8  9.078338e-07
44239.3  3.156931e-07
44252.8  9.737747e-08
44266.3  6.035861e-07
44279.9  1.820767e-06
44293.4  3.510031e-06
44306.9  1.530879e-06
44320.4  1.926603e-06
44333.9  2.972956e-06
44347.4  2.261918e-06
44360.9  4.429113e-08
44374.4  5.716491e-09
44388.0  5.715267e-09
44401.5  5.714051e-09
44415.0  5.712897e-09
44428.5  5.711745e-09
44442.0  5.710557e-09
44455.5  2.323304e-08
44469.0  5.301136e-08
44482.5  6.113909e-09
44496.1  6.851482e-08
44509.6  5.799547e-08
44523.1  5.702104e-09
44536.6  5.700676e-09
44550.1  5.699253e-09
44563.6  5.697839e-09
44577.1  5.696432e-09
44590.6  5.695031e-09
44604.1  5.693653e-09
44617.7  5.807491e-09
44631.2  3.866234e-08
44644.7  3.329807e-07
44658.2  1.542109e-06
44671.7  2.379053e-06
44685.2  1.961999e-06
44698.7  3.806557e-07
44712.2  6.836632e-09
44725.8  5.681896e-09
44739.3  5.680634e-09
44752.8  5.679385e-09
44766.3  5.682072e-09
44779.8  5.683149e-09
44793.3  5.681932e-09
44806.8  5.680725e-09
44820.3  2.952358e-08
44833.9  4.614300e-07
44847.4  2.268273e-06
44860.9  2.260905e-06
44874.4  1.312068e-06
44887.9  5.162499e-07
44901.4  1.181556e-06
44914.9  2.391077e-06
44928.4  3.946452e-06
44942.0  3.120938e-06
44955.5  9.101775e-08
44969.0  5.672983e-09
44982.5  5.671737e-09
44996.0  1.144346e-07
45009.5  2.745670e-06
45023.0  2.417100e-06
45036.5  2.149570e-06
45050.1  2.519337e-06
45063.6  4.024715e-06
45077.1  3.827782e-06
45090.6  2.934165e-06
45104.1  1.970087e-06
45117.6  1.710842e-06
45131.1  1.284645e-06
45144.6  7.123064e-07
45158.2  1.666120e-07
45171.7  1.740222e-08
45185.2  5.655243e-09
45198.7  5.654191e-09
45212.2  5.653181e-09
45225.7  5.652178e-09
45239.2  5.651174e-09
45252.7  5.650173e-09
45266.3  1.058363e-08
45279.8  1.165338e-07
45293.3  8.222279e-07
45306.8  1.985894e-06
45320.3  1.806594e-06
45333.8  1.305031e-06
45347.3  4.808803e-07
45360.8  9.568165e-08
45374.4  8.770239e-09
45387.9  5.639584e-09
45401.4  9.909364e-09
45414.9  4.312447e-07
45428.4  1.825236e-06
45441.9  2.724791e-06
45455.4  4.255485e-06
45468.9  4.594668e-06
45482.5  3.605002e-06
45496.0  1.791468e-06
45509.5  1.208527e-06
45523.0  1.106936e-06
45536.5  1.602276e-06
45550.0  1.604549e-06
45563.5  1.569575e-06
45577.0  1.623282e-06
45590.5  1.950305e-06
45604.1  2.339738e-06
45617.6  2.739920e-06
45631.1  2.460079e-06
45644.6  1.524169e-06
45658.1  6.034439e-07
45671.6  1.807965e-08
45685.1  5.618959e-09
45698.6  5.617542e-09
45712.2  5.617449e-09
45725.7  5.620952e-09
45739.2  5.619428e-09
45752.7  5.617876e-09
45766.2  1.911420e-08
45779.7  9.327203e-07
45793.2  1.804668e-08
45806.7  5.611420e-09
45820.3  5.609764e-09
45833.8  5.608077e-09
45847.3  5.606361e-09
45860.8  5.604617e-09
45874.3  5.602840e-09
45887.8  5.601034e-09
45901.3  5.599187e-09
45914.8  5.597221e-09
45928.4  2.443248e-08
45941.9  1.921916e-06
45955.4  2.446890e-08
45968.9  5.589042e-09
45982.4  5.586914e-09
45995.9  5.584753e-09
46009.4  5.582558e-09
46022.9  5.580326e-09
46036.5  5.578060e-09
46050.0  5.575763e-09
46063.5  5.573428e-09
46077.0  5.571060e-09
46090.5  5.568660e-09
46104.0  5.566466e-09
46117.5  5.564814e-09
46131.0  5.563127e-09
46144.6  5.561404e-09
46158.1  5.559647e-09
46171.6  8.915049e-09
46185.1  1.050618e-07
46198.6  2.310208e-07
46212.1  3.318679e-07
46225.6  4.926296e-07
46239.1  8.981921e-07
46252.7  1.674781e-06
46266.2  2.798978e-06
46279.7  3.511347e-06
46293.2  3.471472e-06
46306.7  2.022467e-06
46320.2  9.033970e-08
46333.7  5.525413e-09
46347.2  5.522386e-09
46360.8  5.519330e-09
46374.3  6.086053e-09
46387.8  1.311918e-07
46401.3  7.173483e-07
46414.8  5.597904e-07
46428.3  1.742965e-08
46441.8  5.500489e-09
46455.3  5.497269e-09
46468.8  4.006914e-08
46482.4  2.960144e-07
46495.9  3.401725e-07
46509.4  2.396005e-08
46522.9  5.486717e-09
46536.4  5.483283e-09
46549.9  5.479828e-09
46563.4  8.450136e-09
46576.9  6.278356e-07
46590.5  3.430976e-06
46604.0  3.118698e-06
46617.5  1.537333e-06
46631.0  4.984275e-06
46644.5  7.593205e-06
46658.0  5.583847e-06
46671.5  3.549619e-06
46685.0  2.878568e-06
46698.6  2.227319e-06
46712.1  1.762913e-06
46725.6  1.503788e-06
46739.1  1.131775e-06
46752.6  7.773384e-07
46766.1  4.371092e-07
46779.6  2.658735e-07
46793.1  1.955903e-07
46806.7  6.024966e-07
46820.2  1.508068e-06
46833.7  3.124063e-06
46847.2  4.588958e-06
46860.7  6.023210e-06
46874.2  6.799395e-06
46887.7  6.091530e-06
46901.2  5.055438e-06
46914.8  2.495883e-06
46928.3  8.671732e-07
46941.8  3.195504e-07
46955.3  7.466432e-07
46968.8  1.617672e-06
46982.3  3.290381e-06
46995.8  4.548533e-06
47009.3  6.111628e-06
47022.9  7.758009e-06
47036.4  9.137208e-06
47049.9  9.961366e-06
47063.4  9.165446e-06
47076.9  6.151868e-06
47090.4  4.301209e-06
47103.9  3.639123e-06
47117.4  3.857148e-06
47131.0  6.520883e-06
47144.5  6.944910e-06
47158.0  6.751842e-06
47171.5  6.068140e-06
47185.0  6.017541e-06
47198.5  7.056091e-06
47212.0  7.075858e-06
47225.5  7.480847e-06
47239.1  8.685015e-06
47252.6  9.576213e-06
47266.1  9.175979e-06
47279.6  7.154890e-06
47293.1  5.170300e-06
47306.6  4.103264e-06
47320.1  3.131589e-06
47333.6  1.881503e-06
47347.1  9.769526e-07
47360.7  9.087623e-07
47374.2  1.145717e-06
47387.7  2.253332e-06
47401.2  3.358067e-06
47414.7  4.501687e-06
47428.2  5.315526e-06
47441.7  5.413694e-06
47455.2  4.932072e-06
47468.8  2.300602e-06
47482.3  3.201893e-07
47495.8  8.522225e-09
47509.3  5.250410e-09
47522.8  5.247450e-09
47536.3  5.244511e-09
47549.8  5.241589e-09
47563.3  5.238692e-09
47576.9  5.235813e-09
47590.4  7.716543e-09
47603.9  9.030587e-08
47617.4  8.215238e-07
47630.9  4.787605e-06
47644.4  5.166577e-06
47657.9  4.049839e-06
47671.4  2.105794e-06
47685.0  8.887086e-08
47698.5  4.501712e-07
47712.0  1.581228e-07
47725.5  2.733388e-08
47739.0  5.464714e-09
47752.5  1.199084e-07
47766.0  2.701876e-06
47779.5  3.596192e-06
47793.1  3.884583e-06
47806.6  3.787942e-06
47820.1  3.306311e-06
47833.6  1.216949e-06
47847.1  1.297866e-07
47860.6  1.581195e-08
47874.1  5.172766e-09
47887.6  5.169966e-09
47901.2  5.167181e-09
47914.7  5.164437e-09
47928.2  5.161703e-09
47941.7  5.158979e-09
47955.2  5.156267e-09
47968.7  5.153562e-09
47982.2  5.150867e-09
47995.7  5.148181e-09
48009.3  8.297206e-09
48022.8  1.368538e-07
48036.3  7.113212e-07
48049.8  1.495671e-06
48063.3  2.662061e-08
48076.8  5.132517e-09
48090.3  5.135532e-09
48103.8  5.132911e-09
48117.4  5.130213e-09
48130.9  5.127516e-09
48144.4  5.124822e-09
48157.9  5.122128e-09
48171.4  2.710621e-08
48184.9  5.683680e-07
48198.4  1.464722e-06
48211.9  2.024169e-06
48225.5  1.313677e-06
48239.0  1.142668e-06
48252.5  1.154570e-06
48266.0  1.939099e-06
48279.5  2.401702e-06
48293.0  2.102221e-06
48306.5  9.315105e-07
48320.0  4.285314e-07
48333.5  6.906117e-07
48347.1  1.271158e-06
48360.6  2.716260e-06
48374.1  3.652132e-06
48387.6  4.220223e-06
48401.1  3.820401e-06
48414.6  3.567179e-06
48428.1  3.453694e-06
48441.6  3.478461e-06
48455.2  3.444857e-06
48468.7  2.743890e-06
48482.2  2.363073e-06
48495.7  2.251328e-06
48509.2  2.726046e-06
48522.7  3.443554e-06
48536.2  2.902800e-06
48549.7  4.648183e-07
48563.3  9.209697e-09
48576.8  5.037757e-09
48590.3  5.034914e-09
48603.8  5.032044e-09
48617.3  1.008497e-08
48630.8  3.851579e-07
48644.3  2.157840e-06
48657.8  5.087844e-06
48671.4  5.333328e-06
48684.9  3.507116e-06
48698.4  2.620655e-06
48711.9  2.462758e-06
48725.4  2.277769e-06
48738.9  2.193210e-06
48752.4  2.227844e-06
48765.9  2.765038e-06
48779.5  3.213468e-06
48793.0  3.493582e-06
48806.5  3.322518e-06
48820.0  3.047155e-06
48833.5  2.722089e-06
48847.0  2.042770e-06
48860.5  1.178378e-06
48874.0  6.916114e-07
48887.6  4.094820e-07
48901.1  1.015183e-06
48914.6  1.933095e-06
48928.1  1.805656e-06
48941.6  1.492044e-06
48955.1  1.126295e-06
48968.6  1.676905e-06
48982.1  2.436840e-06
48995.7  1.725133e-06
49009.2  2.525701e-07
49022.7  8.082311e-09
49036.2  4.332645e-08
49049.7  1.546492e-06
49063.2  2.470938e-06
49076.7  3.782515e-06
49090.2  3.320947e-06
49103.8  3.000038e-06
49117.3  2.768570e-06
49130.8  3.047768e-06
49144.3  3.463197e-06
49157.8  3.957344e-06
49171.3  4.526276e-06
49184.8  5.184432e-06
49198.3  5.105043e-06
49211.8  4.677934e-06
49225.4  3.676072e-06
49238.9  3.009139e-06
49252.4  2.927567e-06
49265.9  2.721718e-06
49279.4  2.413294e-06
49292.9  1.563339e-06
49306.4  8.995634e-07
49319.9  2.336504e-07
49333.5  4.832368e-08
49347.0  7.659164e-09
49360.5  4.750084e-09
49374.0  4.743859e-09
49387.5  2.923939e-08
49401.0  7.011828e-07
49414.5  1.761302e-06
49428.0  3.717954e-06
49441.6  5.461376e-06
49455.1  6.473595e-06
49468.6  6.577286e-06
49482.1  4.789304e-06
49495.6  3.274056e-06
49509.1  2.285889e-06
49522.6  1.914459e-06
49536.1  2.520467e-06
49549.7  3.315356e-06
49563.2  2.824243e-06
49576.7  1.840077e-06
49590.2  1.585089e-06
49603.7  1.843059e-06
49617.2  2.064651e-06
49630.7  2.141106e-06
49644.2  2.105585e-06
49657.8  1.988687e-06
49671.3  2.116529e-06
49684.8  2.338117e-06
49698.3  3.095009e-06
49711.8  4.048054e-06
49725.3  5.137688e-06
49738.8  5.883984e-06
49752.3  6.130166e-06
49765.9  5.477761e-06
49779.4  4.656517e-06
49792.9  3.607874e-06
49806.4  3.000339e-06
49819.9  3.233071e-06
49833.4  3.908048e-06
49846.9  5.448631e-06
49860.4  6.534201e-06
49874.0  7.283103e-06
49887.5  6.131817e-06
49901.0  4.781880e-06
49914.5  2.699979e-06
49928.0  4.699554e-07
49941.5  1.150984e-08
49955.0  4.472749e-09
49968.5  4.466176e-09
49982.1  4.459598e-09
49995.6  4.453015e-09
50009.1  2.474057e-08
50022.6  1.034263e-07
50036.1  9.806082e-09
50049.6  4.429073e-09
50063.1  4.423123e-09
50076.6  1.282285e-08
50090.1  1.957326e-07
50103.7  2.426156e-07
50117.2  1.621014e-07
50130.7  1.359926e-08
50144.2  4.392037e-09
50157.7  4.386026e-09
50171.2  4.380006e-09
50184.7  4.373979e-09
50198.2  4.367944e-09
50211.8  4.361900e-09
50225.3  3.384028e-08
50238.8  7.886363e-07
50252.3  7.432074e-07
50265.8  2.817770e-07
50279.3  1.186978e-08
50292.8  4.325463e-09
50306.3  4.319359e-09
50319.9  4.313247e-09
50333.4  4.307125e-09
50346.9  4.300994e-09
50360.4  4.294853e-09
50373.9  4.288701e-09
50387.4  4.282540e-09
50400.9  4.276369e-09
50414.4  4.270187e-09
50428.0  4.263994e-09
50441.5  4.257791e-09
50455.0  4.251576e-09
50468.5  4.245349e-09
50482.0  4.239111e-09
50495.5  4.232861e-09
50509.0  4.226597e-09
50522.5  4.220319e-09
50536.1  4.214028e-09
50549.6  4.207725e-09
50563.1  4.201407e-09
50576.6  4.195076e-09
50590.1  4.188732e-09
50603.6  4.182372e-09
50617.1  4.175998e-09
50630.6  4.169672e-09
50644.2  4.164586e-09
50657.7  4.159482e-09
50671.2  4.154358e-09
50684.7  4.149213e-09
50698.2  4.144048e-09
50711.7  4.138862e-09
50725.2  4.133654e-09
50738.7  4.128426e-09
50752.3  4.123175e-09
50765.8  4.117902e-09
50779.3  4.116760e-09
50792.8  4.111758e-09
50806.3  4.106411e-09
50819.8  4.101041e-09
50833.3  4.095644e-09
50846.8  4.090225e-09
50860.4  4.084782e-09
50873.9  4.079311e-09
50887.4  4.073817e-09
50900.9  4.068297e-09
50914.4  4.062750e-09
50927.9  4.057177e-09
50941.4  4.051578e-09
50954.9  4.045950e-09
50968.4  4.040297e-09
50982.0  4.034615e-09
50995.5  4.028904e-09
