# from http://www.stsci.edu/jwst/instruments/nircam/instrumentdesign/filters
# Retrieved Jan 18, 2017, dated Feb 5, 2016 (pre-flight)
# Uses modA or modB  filters+DBS+QE+OTE (nrc_plus_ote)
# Units of transmission are PCE (photon to electron conversion efficiency)
# 
20004.7  1.002382e-11
20020.7  8.157757e-12
20036.8  7.182635e-12
20052.9  7.375919e-12
20069.0  7.054574e-12
20085.1  5.841831e-12
20101.1  5.106155e-12
20117.2  4.742610e-12
20133.3  4.357277e-12
20149.4  3.971538e-12
20165.5  3.526425e-12
20181.6  3.111624e-12
20197.6  3.134941e-12
20213.7  3.632255e-12
20229.8  3.400685e-12
20245.9  2.702560e-12
20262.0  2.824059e-12
20278.0  3.499399e-12
20294.1  3.591969e-12
20310.2  3.305330e-12
20326.3  3.345199e-12
20342.4  3.518326e-12
20358.4  3.802859e-12
20374.5  4.154635e-12
20390.6  4.087039e-12
20406.7  3.884289e-12
20422.8  3.656785e-12
20438.8  3.452657e-12
20454.9  2.942501e-12
20471.0  2.408344e-12
20487.1  2.647084e-12
20503.2  3.316044e-12
20519.3  3.085802e-12
20535.3  2.613429e-12
20551.4  2.781719e-12
20567.5  3.296779e-12
20583.6  3.353851e-12
20599.7  3.304155e-12
20615.7  3.137514e-12
20631.8  3.067600e-12
20647.9  3.616986e-12
20664.0  4.791668e-12
20680.1  4.999612e-12
20696.1  4.859609e-12
20712.2  5.095824e-12
20728.3  5.722065e-12
20744.4  5.173062e-12
20760.5  3.380156e-12
20776.5  2.642034e-12
20792.6  3.057189e-12
20808.7  3.670982e-12
20824.8  4.867471e-12
20840.9  6.453848e-12
20857.0  8.168869e-12
20873.0  1.019256e-11
20889.1  1.037079e-11
20905.2  1.061280e-11
20921.3  1.547811e-12
20937.4  2.346899e-13
20953.4  7.535993e-14
20969.5  3.802922e-14
20985.6  3.969483e-14
21001.7  4.685681e-14
21017.8  5.502773e-14
21033.8  6.486255e-14
21049.9  7.616389e-14
21066.0  8.835194e-14
21082.1  1.018857e-13
21098.2  1.157801e-13
21114.2  1.294856e-13
21130.3  1.419278e-13
21146.4  1.517537e-13
21162.5  1.597633e-13
21178.6  1.639414e-13
21194.7  1.656330e-13
21210.7  1.651050e-13
21226.8  1.625987e-13
21242.9  1.582460e-13
21259.0  1.538320e-13
21275.1  1.492935e-13
21291.1  1.445520e-13
21307.2  1.404030e-13
21323.3  1.363034e-13
21339.4  1.324237e-13
21355.5  1.290062e-13
21371.5  1.264414e-13
21387.6  1.239549e-13
21403.7  1.221506e-13
21419.8  1.202692e-13
21435.9  1.191737e-13
21451.9  1.183686e-13
21468.0  1.177999e-13
21484.1  1.175129e-13
21500.2  1.175084e-13
21516.3  1.178295e-13
21532.4  1.184784e-13
21548.4  1.192175e-13
21564.5  1.204504e-13
21580.6  1.216309e-13
21596.7  1.234233e-13
21612.8  1.256222e-13
21628.8  1.276463e-13
21644.9  1.302263e-13
21661.0  1.331294e-13
21677.1  1.363684e-13
21693.2  1.399457e-13
21709.2  1.435583e-13
21725.3  1.480624e-13
21741.4  1.528428e-13
21757.5  1.581208e-13
21773.6  1.639303e-13
21789.6  1.703051e-13
21805.7  1.773735e-13
21821.8  1.851330e-13
21837.9  1.939023e-13
21854.0  2.039155e-13
21870.1  2.144458e-13
21886.1  2.262420e-13
21902.2  2.393284e-13
21918.3  2.539729e-13
21934.4  2.704379e-13
21950.5  2.888545e-13
21966.5  3.100579e-13
21982.6  3.339111e-13
21998.7  3.609405e-13
22014.8  3.927355e-13
22030.9  4.283680e-13
22046.9  4.701091e-13
22063.0  5.189098e-13
22079.1  5.763791e-13
22095.2  6.461141e-13
22111.3  7.292928e-13
22127.3  8.300933e-13
22143.4  9.559752e-13
22159.5  1.111574e-12
22175.6  1.309858e-12
22191.7  1.554589e-12
22207.7  1.854846e-12
22217.9  2.073322e-12
22229.9  2.356863e-12
22241.9  2.648053e-12
22253.9  2.924334e-12
22265.9  3.171513e-12
22277.9  3.367382e-12
22289.9  3.516001e-12
22301.9  3.620150e-12
22313.9  3.701416e-12
22326.0  3.783065e-12
22338.0  3.880669e-12
22350.0  4.001410e-12
22362.0  4.172712e-12
22374.0  4.378333e-12
22386.0  4.632681e-12
22398.0  4.934579e-12
22410.0  5.300175e-12
22422.0  5.728092e-12
22434.0  6.223675e-12
22446.1  6.799121e-12
22458.1  7.454150e-12
22470.1  7.197080e-10
22482.1  8.844673e-10
22494.1  9.389560e-09
22506.1  3.196590e-09
22518.1  1.487933e-08
22530.1  1.860420e-08
22542.1  3.113380e-08
22554.1  2.960091e-08
22566.1  1.826936e-08
22578.2  3.075101e-08
22590.2  3.461759e-08
22602.2  2.404831e-11
22614.2  3.442720e-09
22626.2  3.363328e-08
22638.2  3.604349e-08
22650.2  8.223157e-08
22662.2  5.076821e-08
22674.2  5.659414e-08
22686.2  7.996884e-08
22698.3  8.032050e-08
22710.3  1.233659e-07
22722.3  1.448788e-07
22734.3  1.163318e-07
22746.3  1.847443e-07
22758.3  2.050921e-07
22770.3  1.995357e-07
22782.3  1.572352e-07
22794.3  1.936418e-07
22806.3  1.450014e-07
22818.4  1.225407e-07
22830.4  1.864226e-07
22842.4  1.681227e-07
22854.4  1.688572e-07
22866.4  2.553487e-07
22878.4  2.627517e-07
22890.4  2.218372e-07
22902.4  2.938923e-07
22914.4  2.973646e-07
22926.4  3.428645e-07
22938.4  3.911018e-07
22950.5  5.148228e-07
22962.5  5.969633e-07
22974.5  6.739904e-07
22986.5  7.035991e-07
22998.5  6.318777e-07
23010.5  7.351175e-07
23022.5  8.228310e-07
23034.5  7.128761e-07
23046.5  6.899821e-07
23058.5  8.469035e-07
23070.6  8.594731e-07
23082.6  1.204926e-06
23094.6  1.161539e-06
23106.6  1.338807e-06
23118.6  1.470762e-06
23130.6  1.397250e-06
23142.6  1.934057e-06
23154.6  2.151240e-06
23166.6  2.533969e-06
23178.6  3.111516e-06
23190.7  3.838769e-06
23202.7  4.194041e-06
23214.7  3.837857e-06
23226.7  5.098213e-06
23238.7  4.538973e-06
23250.7  4.571367e-06
23262.7  4.411717e-06
23274.7  6.481182e-06
23286.7  3.853192e-06
23298.7  2.925640e-06
23310.7  5.918786e-06
23322.8  5.114447e-06
23334.8  5.175383e-06
23346.8  4.430434e-06
23358.8  3.320996e-06
23370.8  3.889658e-06
23382.8  5.721322e-06
23394.8  4.822901e-06
23406.8  6.464569e-06
23418.8  5.481804e-06
23430.8  7.703313e-06
23442.9  8.483583e-06
23454.9  1.008739e-05
23466.9  1.064308e-05
23478.9  9.053710e-06
23490.9  8.931145e-06
23502.9  1.078407e-05
23514.9  1.162027e-05
23526.9  9.379529e-06
23538.9  7.869075e-06
23550.9  7.678804e-06
23563.0  8.010627e-06
23575.0  8.297684e-06
23587.0  9.010918e-06
23599.0  8.853066e-06
23611.0  7.993227e-06
23623.0  8.458424e-06
23635.0  1.080935e-05
23647.0  1.244283e-05
23659.0  1.583710e-05
23671.0  1.716817e-05
23683.0  2.146452e-05
23695.1  2.732966e-05
23707.1  4.550044e-05
23719.1  6.343283e-05
23731.1  8.663394e-05
23743.1  1.168964e-04
23755.1  1.496300e-04
23767.1  1.925780e-04
23779.1  2.370177e-04
23791.1  2.959187e-04
23803.1  3.769382e-04
23815.2  4.735798e-04
23827.2  5.933215e-04
23839.2  7.402764e-04
23851.2  9.248614e-04
23863.2  1.153821e-03
23875.2  1.443844e-03
23887.2  1.810327e-03
23899.2  2.269409e-03
23911.2  2.851001e-03
23923.2  3.588301e-03
23935.3  4.538821e-03
23947.3  5.765363e-03
23959.3  7.342669e-03
23971.3  9.399465e-03
23983.3  1.209433e-02
23995.3  1.562645e-02
24007.3  2.025982e-02
24019.3  2.633541e-02
24031.3  3.429265e-02
24043.3  4.462588e-02
24055.3  5.789526e-02
24067.4  7.466223e-02
24079.4  9.538111e-02
24091.4  1.203167e-01
24103.4  1.493223e-01
24115.4  1.817071e-01
24127.4  2.162410e-01
24139.4  2.511711e-01
24151.4  2.844338e-01
24163.4  3.141032e-01
24175.4  3.388113e-01
24187.5  3.579224e-01
24199.5  3.716509e-01
24211.5  3.810801e-01
24223.5  3.874429e-01
24235.5  3.910187e-01
24247.5  3.930200e-01
24259.5  3.941016e-01
24271.5  3.946891e-01
24283.5  3.950624e-01
24295.5  3.954358e-01
24307.6  3.959156e-01
24319.6  3.965214e-01
24331.6  3.972625e-01
24343.6  3.980974e-01
24355.6  3.990103e-01
24367.6  3.999902e-01
24379.6  4.010576e-01
24391.6  4.020985e-01
24403.6  4.030915e-01
24415.6  4.039976e-01
24427.6  4.048391e-01
24439.7  4.055819e-01
24451.7  4.062320e-01
24463.7  4.067708e-01
24475.7  4.069339e-01
24487.7  4.070528e-01
24499.7  4.068608e-01
24511.7  4.064907e-01
24523.7  4.060389e-01
24535.7  4.055257e-01
24547.7  4.049427e-01
24559.8  4.044790e-01
24571.8  4.039834e-01
24583.8  4.034910e-01
24595.8  4.030006e-01
24607.8  4.024847e-01
24619.8  4.019781e-01
24631.8  4.015284e-01
24643.8  4.011424e-01
24655.8  4.008358e-01
24667.8  4.006034e-01
24679.8  4.004678e-01
24691.9  4.006390e-01
24703.9  4.007930e-01
24715.9  4.011317e-01
24727.9  4.015930e-01
24739.9  4.025381e-01
24751.9  4.033555e-01
24763.9  4.041487e-01
24775.9  4.050464e-01
24787.9  4.060060e-01
24799.9  4.070890e-01
24812.0  4.078692e-01
24824.0  4.085706e-01
24836.0  4.096275e-01
24848.0  4.104940e-01
24860.0  4.114133e-01
24872.0  4.122909e-01
24884.0  4.130166e-01
24896.0  4.136070e-01
24908.0  4.141741e-01
24920.0  4.146094e-01
24932.1  4.150054e-01
24944.1  4.153529e-01
24956.1  4.155665e-01
24968.1  4.156867e-01
24980.1  4.156716e-01
24992.1  4.155353e-01
25004.1  4.153337e-01
25016.1  4.150507e-01
25028.1  4.146790e-01
25040.1  4.142712e-01
25052.1  4.138256e-01
25064.2  4.133491e-01
25076.2  4.128709e-01
25088.2  4.124250e-01
25100.2  4.119703e-01
25112.2  4.115642e-01
25124.2  4.112905e-01
25136.2  4.111347e-01
25148.2  4.110291e-01
25160.2  4.109989e-01
25172.2  4.110062e-01
25184.3  4.110754e-01
25196.3  4.112117e-01
25208.3  4.114016e-01
25220.3  4.116383e-01
25232.3  4.119306e-01
25244.3  4.122561e-01
25256.3  4.125866e-01
25268.3  4.129507e-01
25280.3  4.133312e-01
25292.3  4.136873e-01
25304.4  4.140620e-01
25316.4  4.144753e-01
25328.4  4.149664e-01
25340.4  4.154424e-01
25352.4  4.159046e-01
25364.4  4.163124e-01
25376.4  4.166594e-01
25388.4  4.169978e-01
25400.4  4.172716e-01
25412.4  4.175048e-01
25424.4  4.177234e-01
25436.5  4.178649e-01
25448.5  4.179434e-01
25460.5  4.180009e-01
25472.5  4.180121e-01
25484.5  4.179652e-01
25496.5  4.178642e-01
25508.5  4.177057e-01
25520.5  4.175454e-01
25532.5  4.173807e-01
25544.5  4.170351e-01
25556.6  4.165914e-01
25568.6  4.160431e-01
25580.6  4.153332e-01
25592.6  4.144912e-01
25604.6  4.135598e-01
25616.6  4.124588e-01
25628.6  4.112165e-01
25640.6  4.099285e-01
25652.6  4.085238e-01
25664.6  4.071413e-01
25676.7  4.058802e-01
25688.7  4.047478e-01
25700.7  4.038826e-01
25712.7  4.036432e-01
25724.7  4.034307e-01
25736.7  4.037647e-01
25748.7  4.044216e-01
25760.7  4.055411e-01
25772.7  4.069705e-01
25784.7  4.082577e-01
25796.7  4.096507e-01
25808.8  4.104603e-01
25820.8  4.099139e-01
25832.8  4.075133e-01
25844.8  4.024140e-01
25856.8  3.936613e-01
25868.8  3.811483e-01
25880.8  3.643581e-01
25892.8  3.432448e-01
25904.8  3.181885e-01
25916.8  2.898567e-01
25928.9  2.590042e-01
25940.9  2.270557e-01
25952.9  1.944200e-01
25964.9  1.635509e-01
25976.9  1.355426e-01
25988.9  1.106380e-01
26000.9  8.921133e-02
26012.9  7.126153e-02
26024.9  5.657512e-02
26036.9  4.484329e-02
26049.0  3.557808e-02
26061.0  2.818913e-02
26073.0  2.245090e-02
26085.0  1.794774e-02
26097.0  1.439810e-02
26109.0  1.161268e-02
26121.0  9.407728e-03
26133.0  7.649321e-03
26145.0  6.253787e-03
26157.0  5.136760e-03
26169.0  4.244370e-03
26181.1  3.524232e-03
26193.1  2.931912e-03
26205.1  2.458794e-03
26217.1  2.066091e-03
26229.1  1.741144e-03
26241.1  1.483633e-03
26253.1  1.269454e-03
26265.1  1.091773e-03
26277.1  9.415260e-04
26289.1  8.088944e-04
26301.2  7.078254e-04
26313.2  6.208046e-04
26325.2  5.386526e-04
26337.2  4.829596e-04
26349.2  4.269481e-04
26361.2  3.790575e-04
26373.2  3.385998e-04
26385.2  3.041673e-04
26397.2  2.814392e-04
26409.2  2.558984e-04
26421.3  2.291395e-04
26433.3  2.131833e-04
26445.3  1.959267e-04
26457.3  1.774972e-04
26469.3  1.674559e-04
26481.3  1.554226e-04
26493.3  1.443958e-04
26505.3  1.282625e-04
26517.3  1.230004e-04
26529.3  1.209456e-04
26541.3  1.080962e-04
26553.4  1.022002e-04
26565.4  9.731618e-05
26577.4  8.447778e-05
26589.4  8.164885e-05
26601.4  7.282386e-05
26613.4  6.307624e-05
26625.4  5.869677e-05
26637.4  5.373667e-05
26649.4  5.426265e-05
26661.4  4.850370e-05
26673.5  4.239808e-05
26685.5  3.797025e-05
26697.5  3.594565e-05
26709.5  3.896544e-05
26721.5  3.625090e-05
26733.5  3.801253e-05
26745.5  3.911302e-05
26757.5  3.653756e-05
26769.5  3.557070e-05
26781.5  3.443693e-05
26793.5  3.360966e-05
26805.6  3.281505e-05
26817.6  3.018268e-05
26829.6  3.261098e-05
26841.6  3.386816e-05
26853.6  2.765591e-05
26865.6  2.626129e-05
26877.6  2.876221e-05
26889.6  3.182739e-05
26901.6  3.163454e-05
26913.6  2.741541e-05
26925.7  2.717640e-05
26937.7  2.489250e-05
26949.7  2.567801e-05
26961.7  2.769572e-05
26973.7  2.461163e-05
26985.7  2.901764e-05
26997.7  2.916293e-05
27009.7  2.534618e-05
27021.7  2.035485e-05
27033.7  1.918346e-05
27045.8  1.964491e-05
27057.8  1.808378e-05
27069.8  2.017096e-05
27081.8  2.038684e-05
27093.8  1.825071e-05
27105.8  1.769135e-05
27117.8  1.547876e-05
27129.8  1.582573e-05
27141.8  1.749970e-05
27153.8  1.718633e-05
27165.8  1.599116e-05
27177.9  1.570447e-05
27189.9  1.537588e-05
27201.9  1.391369e-05
27213.9  1.632817e-05
27225.9  1.672261e-05
27237.9  1.595938e-05
27249.9  1.853135e-05
27261.9  1.547180e-05
27273.9  1.296612e-05
27285.9  1.158804e-05
27298.0  1.090481e-05
27310.0  9.314835e-06
27322.0  9.820701e-06
27334.0  1.002083e-05
27346.0  6.737150e-06
27358.0  5.333593e-06
27370.0  5.088631e-06
27382.0  5.749874e-06
27394.0  4.904190e-06
27406.0  5.401538e-06
27418.1  6.995100e-06
27430.1  7.974050e-06
27442.1  8.849625e-06
27454.1  5.263915e-06
27466.1  2.003823e-06
27478.1  4.481616e-06
27490.1  6.709352e-06
27502.1  6.227085e-06
27514.1  7.974795e-06
27526.1  1.131320e-05
27538.1  9.624567e-06
27550.2  1.005526e-05
27562.2  1.248925e-05
27574.2  1.450111e-05
27586.2  1.628552e-05
27598.2  1.630167e-05
27610.2  1.721549e-05
27622.2  1.684108e-05
27634.2  1.699364e-05
27646.2  1.406077e-05
27658.2  9.592887e-06
27670.3  1.253201e-05
27682.3  1.138657e-05
27694.3  1.153954e-05
27706.3  8.994525e-06
27718.3  6.594397e-06
27730.3  8.630316e-06
27742.3  9.550996e-06
27754.3  1.082526e-05
27766.3  1.125749e-05
27778.3  1.310315e-05
27790.4  1.083067e-05
27802.4  1.050851e-05
27814.4  1.052092e-05
27826.4  1.239166e-05
27838.4  1.418422e-05
27850.4  1.038923e-05
27862.4  1.208410e-05
27874.4  1.063907e-05
27886.4  1.162776e-05
27898.4  9.436094e-06
27910.4  8.214107e-06
27922.5  4.338687e-06
27934.5  3.701142e-06
27946.5  3.883526e-06
27958.5  2.514441e-07
27970.5  4.594141e-07
27982.5  1.253956e-07
27994.5  1.884173e-06
28006.5  2.783797e-06
28018.5  5.779396e-06
28030.5  4.996465e-06
28042.6  1.695183e-06
28054.6  9.393705e-07
28066.6  3.042155e-06
28078.6  5.895271e-06
28090.6  1.046728e-05
28102.6  1.136486e-05
28114.6  8.312444e-06
28126.6  8.289247e-06
28138.6  8.715518e-06
28150.6  9.346109e-06
28162.7  1.400663e-05
28174.7  2.094432e-05
28186.7  2.368761e-05
28198.7  2.324245e-05
28210.7  2.532860e-05
28222.7  2.405580e-05
28234.7  2.528512e-05
28246.7  2.554906e-05
28258.7  2.740620e-05
28270.7  2.950942e-05
28282.7  3.285413e-05
28294.8  3.083500e-05
28306.8  3.089836e-05
28318.8  3.294057e-05
28330.8  3.874151e-05
28342.8  3.986501e-05
28354.8  3.859662e-05
28366.8  3.924701e-05
28378.8  3.967615e-05
28390.8  4.235925e-05
28402.8  4.368915e-05
28414.9  4.357462e-05
28426.9  3.980812e-05
28438.9  4.162069e-05
28450.9  4.470528e-05
28462.9  4.729974e-05
28474.9  4.705971e-05
28486.9  4.426307e-05
28498.9  4.135242e-05
28510.9  3.992867e-05
28522.9  4.268793e-05
28535.0  4.502854e-05
28547.0  4.396369e-05
28559.0  4.034807e-05
28571.0  4.296007e-05
28583.0  4.066218e-05
28595.0  4.005891e-05
28607.0  3.868927e-05
28619.0  3.802358e-05
28631.0  4.064948e-05
28643.0  4.426079e-05
28655.0  3.829245e-05
28667.1  3.325650e-05
28679.1  3.354909e-05
28691.1  3.500368e-05
28703.1  3.480580e-05
28715.1  3.288826e-05
28727.1  3.157326e-05
28739.1  2.949288e-05
28751.1  3.248524e-05
28763.1  3.526528e-05
28775.1  3.097846e-05
28787.2  2.344384e-05
28799.2  2.211314e-05
28811.2  2.420024e-05
28823.2  2.131101e-05
28835.2  1.831486e-05
28847.2  1.812579e-05
28859.2  1.677173e-05
28871.2  1.877235e-05
28883.2  1.677380e-05
28895.2  1.746556e-05
28907.2  1.906178e-05
28919.3  1.792481e-05
28931.3  1.379025e-05
28943.3  1.606800e-05
28955.3  1.736273e-05
28967.3  1.784396e-05
28979.3  1.587326e-05
28991.3  8.507314e-06
29003.3  1.085744e-05
29015.3  1.314215e-05
29027.3  6.501143e-06
29039.4  5.533418e-06
29051.4  7.188984e-06
29063.4  7.272657e-06
29075.4  1.044848e-05
29087.4  1.245953e-05
29099.4  7.053236e-06
29111.4  2.442073e-06
29123.4  3.407387e-06
29135.4  6.022569e-06
29147.4  3.715484e-06
29159.5  1.343858e-06
29171.5  2.484111e-06
29183.5  5.218385e-06
29195.5  5.410925e-06
29207.5  3.820537e-06
29219.5  4.157305e-06
29231.5  1.139242e-06
29243.5  1.500029e-06
29255.5  3.591298e-06
29267.5  5.719208e-06
29279.5  9.495332e-07
29291.6  1.401334e-06
29303.6  2.038506e-06
29315.6  4.352089e-06
29327.6  4.990656e-06
29339.6  5.552904e-06
29351.6  2.357427e-07
29363.6  2.343324e-07
29375.6  2.922825e-06
29387.6  3.025220e-06
29399.6  2.039024e-06
29411.7  2.479487e-06
29423.7  5.140779e-06
29435.7  2.925393e-06
29447.7  1.891591e-06
29459.7  1.086738e-06
29471.7  1.215621e-06
29483.7  9.608266e-07
29495.7  1.229538e-06
29507.7  3.559236e-06
29519.7  3.041983e-06
29531.8  2.839340e-06
29543.8  2.863957e-06
29555.8  2.930476e-06
29567.8  3.487021e-06
29579.8  2.439697e-06
29591.8  1.823571e-06
29603.8  2.375097e-06
29615.8  3.213882e-06
29627.8  4.308903e-06
29639.8  1.501422e-06
29651.8  1.143338e-06
29663.9  2.409154e-06
29675.9  4.277540e-06
29687.9  4.732026e-06
29699.9  4.070056e-06
29711.9  1.391222e-06
29723.9  3.248327e-07
29735.9  9.768385e-07
29747.9  4.101939e-06
29759.9  5.224545e-06
29771.9  4.669889e-06
29784.0  5.962073e-06
29796.0  5.860141e-06
29808.0  4.557243e-06
29820.0  5.386725e-06
29832.0  5.525597e-06
29844.0  6.005254e-06
29856.0  9.971641e-06
29868.0  8.564282e-06
29880.0  9.804124e-06
29892.0  9.289007e-06
29904.1  8.252464e-06
29916.1  5.694214e-06
29928.1  5.962678e-06
29940.1  6.490908e-06
29952.1  8.549060e-06
29964.1  1.059801e-05
29976.1  1.059885e-05
29988.1  6.758604e-06
30000.1  7.822480e-06
30012.1  8.179143e-06
30024.1  1.077653e-05
30036.2  9.987405e-06
30048.2  8.129302e-06
30060.2  6.687332e-06
30072.2  9.010478e-06
30084.2  8.550770e-06
30096.2  1.006709e-05
30108.2  8.540922e-06
30120.2  5.841980e-06
30132.2  8.914383e-06
30144.2  9.110300e-06
30156.3  6.706653e-06
30168.3  4.228195e-06
30180.3  4.030850e-06
30192.3  4.264403e-06
30204.3  5.247897e-06
30216.3  5.899163e-06
30228.3  5.681528e-06
30240.3  4.135301e-06
30252.3  6.441431e-06
30264.3  9.030191e-06
30276.4  9.874785e-06
30288.4  9.096892e-06
30300.4  9.289648e-06
30312.4  6.517161e-06
30324.4  6.521236e-06
30336.4  4.317930e-06
30348.4  3.104815e-06
30360.4  3.410699e-06
30372.4  3.680771e-06
30384.4  4.743405e-06
30396.4  3.971264e-06
30408.5  3.321227e-06
30420.5  3.465451e-06
30432.5  3.701098e-06
30444.5  4.975020e-06
30456.5  6.283635e-06
30468.5  3.391744e-06
30480.5  2.969985e-06
30492.5  1.736287e-06
30504.5  1.951400e-06
30516.5  2.215525e-06
30528.6  1.736448e-06
30540.6  9.229700e-07
30552.6  6.737013e-07
30564.6  5.424929e-07
30576.6  9.754870e-07
30588.6  2.246426e-06
30600.6  2.579403e-06
30612.6  2.530380e-06
30624.6  4.101010e-06
30636.6  4.466670e-06
30648.7  8.290227e-07
30660.7  2.459703e-06
30672.7  3.136927e-06
30684.7  2.791464e-06
30696.7  2.207472e-06
30708.7  7.331135e-08
30720.7  3.957105e-09
30732.7  1.207458e-06
30744.7  4.341294e-06
30756.7  2.992778e-07
30768.7  6.979753e-07
30780.8  9.854845e-09
30792.8  9.087941e-07
30804.8  4.056599e-06
30816.8  3.556660e-06
30828.8  2.291426e-06
30840.8  1.936898e-06
30852.8  2.880576e-06
30864.8  3.809138e-06
30876.8  5.298040e-06
30888.8  5.274827e-06
30900.9  3.151773e-06
30912.9  3.300046e-06
30924.9  4.649264e-06
30936.9  3.225761e-06
30948.9  1.327821e-06
30960.9  2.730421e-06
30972.9  5.877201e-06
30984.9  6.400856e-06
30996.9  5.091127e-06
31008.9  5.079740e-06
31021.0  3.708829e-06
31033.0  3.795550e-06
31045.0  5.095695e-06
31057.0  9.328402e-06
31069.0  8.688022e-06
31081.0  6.692694e-06
31093.0  9.208243e-06
31105.0  1.121731e-05
31117.0  1.311938e-05
31129.0  1.374069e-05
31141.0  1.473758e-05
31153.1  1.641209e-05
31165.1  1.870414e-05
31177.1  1.498886e-05
31189.1  1.355490e-05
31201.1  1.329936e-05
31213.1  1.280903e-05
31225.1  1.592601e-05
31237.1  1.692259e-05
31249.1  1.730380e-05
31261.1  1.921081e-05
31273.2  2.034809e-05
31285.2  1.904669e-05
31297.2  2.160495e-05
31309.2  2.674064e-05
31321.2  2.810770e-05
31333.2  2.904841e-05
31345.2  2.762975e-05
31357.2  2.872801e-05
31369.2  2.853408e-05
31381.2  2.625590e-05
31393.2  2.696635e-05
31405.3  2.933927e-05
31417.3  2.783590e-05
31429.3  2.438904e-05
31441.3  2.493176e-05
31453.3  2.435370e-05
31465.3  2.412420e-05
31477.3  2.282771e-05
31489.3  2.134515e-05
31501.3  2.255414e-05
31513.3  2.031597e-05
31525.4  1.864517e-05
31537.4  1.874579e-05
31549.4  1.681384e-05
31561.4  1.493784e-05
31573.4  1.545466e-05
31585.4  1.307951e-05
31597.4  9.573376e-06
31609.4  6.637146e-06
31621.4  6.438454e-06
31633.4  9.018838e-06
31645.5  9.215593e-06
31657.5  9.078390e-06
31669.5  8.256694e-06
31681.5  7.602584e-06
31693.5  7.241965e-06
31705.5  6.142481e-06
31717.5  7.795099e-06
31729.5  1.023796e-05
31741.5  1.189590e-05
31753.5  1.070263e-05
31765.5  7.990892e-06
31777.6  6.914566e-06
31789.6  6.319400e-06
31801.6  6.883508e-06
31813.6  8.080172e-06
31825.6  1.050846e-05
31837.6  1.100429e-05
31849.6  8.893474e-06
31861.6  8.908276e-06
31873.6  1.171274e-05
31885.6  1.008221e-05
31897.7  6.704961e-06
31909.7  6.549984e-06
31921.7  5.934886e-06
31933.7  6.209234e-06
31945.7  8.523181e-06
31957.7  7.011767e-06
31969.7  4.735766e-06
31981.7  4.304115e-06
31993.7  3.997434e-06
32005.7  1.817182e-06
32017.8  3.570698e-06
32029.8  2.775405e-06
32041.8  1.470242e-06
32053.8  5.428793e-07
32065.8  3.272819e-07
32077.8  6.873103e-07
32089.8  1.135021e-06
32101.8  2.116347e-06
32113.8  2.550480e-06
32125.8  1.911375e-06
32137.8  3.176815e-06
32149.9  4.006578e-06
32161.9  2.821212e-06
32173.9  3.144006e-06
32185.9  3.853468e-06
32197.9  4.284438e-06
32209.9  3.051493e-06
32221.9  2.041868e-06
32233.9  5.422193e-07
32245.9  4.654615e-09
32257.9  5.207125e-08
32270.0  9.336192e-09
32282.0  4.674446e-09
32294.0  4.680995e-09
32306.0  2.046910e-08
32318.0  1.570255e-06
32330.0  2.213512e-06
32342.0  3.565129e-06
32354.0  1.886934e-06
32366.0  5.680298e-08
32378.0  4.710947e-09
32390.1  4.714936e-09
32402.1  5.761571e-07
32414.1  2.760806e-06
32426.1  1.825068e-06
32438.1  8.710638e-08
32450.1  4.737372e-09
32462.1  4.740556e-09
32474.1  4.743716e-09
32486.1  4.746854e-09
32498.1  4.749971e-09
32510.1  4.754072e-09
32522.2  1.360598e-07
32534.2  2.495669e-06
32546.2  3.984111e-06
32558.2  2.905177e-06
32570.2  1.120497e-06
32582.2  1.116270e-06
32594.2  2.393814e-06
32606.2  2.832818e-06
32618.2  1.366967e-06
32630.2  1.039432e-06
32642.3  7.019353e-08
32654.3  1.025012e-06
32666.3  3.262086e-06
32678.3  4.370796e-06
32690.3  2.367427e-06
32702.3  3.231060e-06
32714.3  3.359804e-06
32726.3  3.640655e-06
32738.3  3.654142e-06
32750.3  2.640636e-06
32762.4  5.920813e-07
32774.4  9.325615e-07
32786.4  1.737455e-06
32798.4  2.721818e-06
32810.4  3.027983e-06
32822.4  1.059259e-06
32834.4  2.469987e-07
32846.4  2.620943e-06
32858.4  2.999163e-06
32870.4  2.938763e-06
32882.4  2.279834e-06
32894.5  1.801982e-06
32906.5  2.465988e-06
32918.5  2.471940e-06
32930.5  1.605286e-06
32942.5  9.137406e-07
32954.5  1.299483e-06
32966.5  3.591946e-06
32978.5  2.298256e-06
32990.5  1.780404e-06
33002.5  9.502245e-07
33014.6  4.165415e-07
33026.6  2.339591e-06
33038.6  2.262547e-06
33050.6  1.433590e-06
33062.6  1.214333e-06
33074.6  1.300763e-07
33086.6  4.921175e-09
33098.6  4.924172e-09
33110.6  2.417563e-08
33122.6  1.550952e-06
33134.7  2.586905e-06
33146.7  5.526361e-07
33158.7  5.672250e-08
33170.7  1.298077e-06
33182.7  3.196514e-07
33194.7  9.453795e-09
33206.7  3.655869e-07
33218.7  8.272211e-07
33230.7  9.926949e-08
33242.7  6.406982e-09
33254.7  2.940393e-07
33266.8  4.967575e-09
33278.8  4.970361e-09
33290.8  4.973186e-09
33302.8  2.738685e-08
33314.8  3.282755e-08
33326.8  4.969296e-09
33338.8  4.966606e-09
33350.8  4.969776e-09
33362.8  4.967121e-09
33374.8  4.964480e-09
33386.9  4.961849e-09
33398.9  4.959226e-09
33410.9  4.946019e-09
33422.9  4.931697e-09
33434.9  4.917362e-09
33446.9  4.903013e-09
33458.9  4.888647e-09
33470.9  4.874261e-09
33482.9  4.859853e-09
33494.9  4.845419e-09
33506.9  4.819549e-09
33519.0  4.785328e-09
33531.0  4.751055e-09
33543.0  4.716728e-09
33555.0  4.682346e-09
33567.0  4.647909e-09
33579.0  4.613415e-09
33591.0  4.578860e-09
33603.0  9.541409e-09
33615.0  5.871056e-07
33627.0  4.180181e-08
33639.1  4.567171e-09
33651.1  4.571470e-09
33663.1  4.575734e-09
33675.1  4.579963e-09
33687.1  4.584158e-09
33699.1  4.987655e-09
33711.1  5.443833e-07
33723.1  6.711938e-07
33735.1  8.700401e-07
33747.1  3.260568e-06
33759.2  1.963242e-06
33771.2  1.206494e-07
33783.2  2.858018e-07
33795.2  8.644545e-09
33807.2  4.925690e-09
33819.2  4.937029e-09
33831.2  5.599091e-09
33843.2  6.888132e-07
33855.2  7.040963e-07
33867.2  1.247775e-06
33879.2  1.364779e-06
33891.3  8.803842e-07
33903.3  6.694130e-07
33915.3  2.413722e-06
33927.3  3.266525e-06
33939.3  3.054362e-06
33951.3  1.181029e-06
33963.3  2.889955e-07
33975.3  1.076630e-07
33987.3  1.538653e-06
33999.3  3.272422e-06
34011.4  1.742189e-06
34023.4  3.339764e-07
34035.4  1.777007e-06
34047.4  4.462134e-06
34059.4  5.694463e-06
34071.4  4.325250e-06
34083.4  2.180926e-06
34095.4  2.337091e-06
34107.4  3.494862e-06
34119.4  7.192977e-06
34131.5  9.491522e-06
34143.5  8.353994e-06
34155.5  6.151664e-06
34167.5  3.995140e-06
34179.5  2.641569e-06
34191.5  3.393918e-06
34203.5  4.983139e-06
34215.5  6.090348e-06
34227.5  4.265026e-06
34239.5  3.074518e-06
34251.5  3.840053e-06
34263.6  4.204362e-06
34275.6  4.395260e-06
34287.6  5.849232e-06
34299.6  6.584683e-06
34311.6  6.071190e-06
34323.6  7.771840e-06
34335.6  9.107504e-06
34347.6  8.283011e-06
34359.6  1.059867e-06
34371.6  1.066198e-08
34383.7  1.127350e-06
34395.7  3.389405e-06
34407.7  3.721822e-06
34419.7  5.112014e-06
34431.7  5.989012e-06
34443.7  6.109432e-06
34455.7  6.249647e-06
34467.7  5.864777e-06
34479.7  6.305038e-06
34491.7  4.740518e-06
34503.8  3.566843e-06
34515.8  3.926599e-06
34527.8  5.629022e-06
34539.8  4.610025e-06
34551.8  3.009836e-06
34563.8  1.875752e-06
34575.8  2.683282e-06
34587.8  3.103921e-06
34599.8  2.121791e-06
34611.8  1.497952e-06
34623.8  1.671007e-06
34635.9  1.349700e-06
34647.9  1.401562e-06
34659.9  2.833051e-06
34671.9  4.483497e-06
34683.9  5.171230e-06
34695.9  5.159949e-06
34707.9  5.239206e-06
34719.9  5.307805e-06
34731.9  5.292259e-06
34743.9  5.309624e-06
34756.0  3.101042e-06
34768.0  2.633552e-08
34780.0  6.235620e-08
34792.0  2.814189e-07
34804.0  2.739890e-06
34816.0  2.806613e-06
34828.0  2.721066e-06
34840.0  1.828933e-06
34852.0  2.352971e-06
34864.0  4.243707e-06
34876.1  4.813278e-06
34888.1  3.176082e-06
34900.1  2.405760e-06
34912.1  2.957750e-06
34924.1  3.583857e-06
34936.1  3.027326e-06
34948.1  2.799147e-06
34960.1  3.716129e-06
34972.1  4.374715e-06
34984.1  3.582878e-06
34996.1  2.601255e-06
35008.2  2.026457e-06
35020.2  1.987807e-06
35032.2  3.884986e-06
35044.2  4.562572e-06
35056.2  3.906461e-06
35068.2  2.318401e-06
35080.2  1.520239e-06
35092.2  3.953329e-07
35104.2  1.114551e-06
35116.2  2.449052e-06
35128.3  3.538394e-06
35140.3  4.721349e-06
35152.3  4.954223e-06
35164.3  4.501695e-06
35176.3  5.444457e-06
35188.3  5.413338e-06
35200.3  3.372261e-06
35212.3  1.753629e-06
35224.3  1.480987e-06
35236.3  2.610021e-06
35248.4  4.594727e-06
35260.4  5.349390e-06
35272.4  4.658578e-06
35284.4  3.468736e-06
35296.4  2.535497e-06
35308.4  2.355292e-07
35320.4  1.186168e-08
35332.4  7.573730e-07
35344.4  2.679884e-06
35356.4  3.092433e-06
35368.4  2.192485e-06
35380.5  2.587254e-06
35392.5  5.066592e-06
35404.5  4.127326e-06
35416.5  2.428121e-06
35428.5  4.191974e-06
35440.5  6.962939e-06
35452.5  7.142637e-06
35464.5  8.124077e-06
35476.5  8.247601e-06
35488.5  5.786053e-06
35500.6  3.175427e-06
35512.6  1.337717e-06
35524.6  8.206221e-07
35536.6  1.163851e-07
35548.6  6.958994e-08
35560.6  3.173069e-07
35572.6  5.261203e-09
35584.6  5.262405e-09
35596.6  6.054604e-09
35608.6  7.759714e-07
35620.6  1.166550e-06
35632.7  5.345654e-09
35644.7  9.213791e-07
35656.7  3.107300e-06
35668.7  3.531860e-06
35680.7  2.488848e-06
35692.7  1.878803e-06
35704.7  1.381598e-06
35716.7  1.003230e-06
35728.7  2.161351e-06
35740.7  3.757003e-06
35752.8  3.068637e-06
35764.8  1.536476e-06
35776.8  1.077235e-06
35788.8  2.583842e-07
35800.8  1.093844e-08
35812.8  7.360717e-08
35824.8  2.461978e-07
35836.8  1.895276e-07
35848.8  8.508846e-07
35860.8  3.260895e-06
35872.9  3.069480e-06
35884.9  2.023500e-06
35896.9  2.301251e-06
35908.9  1.832313e-06
35920.9  8.761617e-07
35932.9  3.338766e-07
35944.9  4.306113e-07
35956.9  2.220331e-06
35968.9  4.013786e-06
35980.9  4.656387e-06
35992.9  4.278623e-06
36005.0  3.016282e-06
36017.0  1.602812e-06
36029.0  1.291903e-06
36041.0  2.245233e-06
36053.0  3.416251e-06
36065.0  3.986529e-06
36077.0  3.828735e-06
36089.0  3.860584e-06
36101.0  4.200319e-06
36113.0  4.299165e-06
36125.1  4.366368e-06
36137.1  4.256803e-06
36149.1  3.631603e-06
36161.1  3.350648e-06
36173.1  3.393571e-06
36185.1  2.335430e-06
36197.1  2.168956e-06
36209.1  2.288461e-06
36221.1  3.348411e-06
36233.1  2.778997e-06
36245.2  1.867753e-06
36257.2  2.628780e-06
36269.2  3.633259e-06
36281.2  3.053828e-06
36293.2  1.828117e-06
36305.2  2.136958e-06
36317.2  4.500271e-06
36329.2  5.032612e-06
36341.2  3.541523e-06
36353.2  2.685192e-06
36365.2  1.211078e-06
36377.3  1.655745e-06
36389.3  1.456211e-06
36401.3  8.597018e-07
36413.3  6.305302e-07
36425.3  7.884163e-07
36437.3  2.552138e-06
36449.3  5.000676e-06
36461.3  6.861989e-06
36473.3  7.258315e-06
36485.3  6.705675e-06
36497.4  4.433031e-06
36509.4  1.348066e-06
36521.4  1.036306e-06
36533.4  6.297225e-07
36545.4  1.434750e-08
36557.4  5.354909e-09
36569.4  7.459183e-08
36581.4  1.852023e-06
36593.4  1.902071e-06
36605.4  8.160951e-07
36617.5  7.721030e-08
36629.5  5.362282e-09
36641.5  5.363076e-09
36653.5  5.363859e-09
36665.5  5.364631e-09
36677.5  2.932588e-07
36689.5  2.329207e-06
36701.5  4.531170e-06
36713.5  4.916229e-06
36725.5  4.282194e-06
36737.5  3.756011e-06
36749.6  2.311522e-06
36761.6  1.592352e-06
36773.6  1.913916e-06
36785.6  2.489677e-06
36797.6  2.453818e-06
36809.6  1.989049e-06
36821.6  1.175638e-06
36833.6  8.158194e-07
36845.6  3.543321e-07
36857.6  1.101187e-08
36869.7  1.542701e-07
36881.7  2.109548e-06
36893.7  3.292987e-06
36905.7  4.413215e-06
36917.7  4.856642e-06
36929.7  3.638697e-06
36941.7  3.024600e-06
36953.7  3.033173e-06
36965.7  4.080877e-06
36977.7  3.898596e-06
36989.8  3.465168e-06
37001.8  3.314912e-06
37013.8  2.723498e-06
37025.8  2.277720e-06
37037.8  2.405972e-06
37049.8  2.687729e-06
37061.8  2.466716e-06
37073.8  2.530387e-06
37085.8  3.399450e-06
37097.8  4.090686e-06
37109.8  4.195311e-06
37121.9  3.035742e-06
37133.9  4.264453e-07
37145.9  1.686577e-08
37157.9  5.403911e-09
37169.9  5.404581e-09
37181.9  5.405257e-09
37193.9  5.405940e-09
37205.9  5.406635e-09
37217.9  5.407343e-09
37229.9  5.408058e-09
37242.0  5.408780e-09
37254.0  5.409509e-09
37266.0  5.410244e-09
37278.0  5.410985e-09
37290.0  5.411733e-09
37302.0  5.412495e-09
37314.0  5.413300e-09
37326.0  5.414110e-09
37338.0  5.414927e-09
37350.0  5.415774e-09
37362.1  5.422852e-09
37374.1  5.423686e-09
37386.1  5.424525e-09
37398.1  1.131769e-08
37410.1  3.411384e-08
37422.1  5.431850e-09
37434.1  5.432022e-09
37446.1  5.432196e-09
37458.1  2.045449e-07
37470.1  1.326791e-08
37482.1  5.432731e-09
37494.2  5.432912e-09
37506.2  5.433085e-09
37518.2  5.433249e-09
37530.2  5.433413e-09
37542.2  5.433576e-09
37554.2  5.433737e-09
37566.2  5.433895e-09
37578.2  5.434051e-09
37590.2  5.434203e-09
37602.2  5.434353e-09
37614.3  5.434511e-09
37626.3  5.434664e-09
37638.3  5.434811e-09
37650.3  5.434951e-09
37662.3  5.435083e-09
37674.3  5.435207e-09
37686.3  5.435322e-09
37698.3  5.435428e-09
37710.3  5.435465e-09
37722.3  5.435481e-09
37734.3  5.435486e-09
37746.4  5.435480e-09
37758.4  5.435462e-09
37770.4  2.054724e-07
37782.4  6.512257e-07
37794.4  3.692732e-08
37806.4  5.441939e-09
37818.4  5.442595e-09
37830.4  5.443235e-09
37842.4  5.443857e-09
37854.4  5.444462e-09
37866.5  5.445051e-09
37878.5  5.445622e-09
37890.5  5.446174e-09
37902.5  5.446432e-09
37914.5  5.445617e-09
37926.5  5.507163e-09
37938.5  1.285871e-07
37950.5  1.011612e-08
37962.5  5.442163e-09
37974.5  5.441248e-09
37986.6  5.440313e-09
37998.6  9.606420e-09
38010.6  6.630115e-07
38022.6  6.699456e-09
38034.6  5.440285e-09
38046.6  5.440606e-09
38058.6  5.440906e-09
38070.6  5.441184e-09
38082.6  5.441439e-09
38094.6  5.441672e-09
38106.6  5.441484e-09
38118.7  5.440950e-09
38130.7  5.440395e-09
38142.7  5.439818e-09
38154.7  5.439221e-09
38166.7  5.438604e-09
38178.7  5.443441e-09
38190.7  5.443596e-09
38202.7  5.442935e-09
38214.7  5.442314e-09
38226.7  5.441676e-09
38238.8  5.441019e-09
38250.8  5.440344e-09
38262.8  5.439651e-09
38274.8  5.438941e-09
38286.8  5.438215e-09
38298.8  5.437474e-09
38310.8  5.436703e-09
38322.8  5.435914e-09
38334.8  5.435113e-09
38346.8  5.434298e-09
38358.9  5.433470e-09
38370.9  5.432630e-09
38382.9  5.433513e-09
38394.9  5.436957e-09
38406.9  5.436060e-09
38418.9  5.435137e-09
38430.9  5.434205e-09
38442.9  5.433265e-09
38454.9  5.432318e-09
38466.9  5.431374e-09
38478.9  5.430432e-09
38491.0  5.429485e-09
38503.0  5.428520e-09
38515.0  5.427510e-09
38527.0  5.426498e-09
38539.0  5.425484e-09
38551.0  5.424469e-09
38563.0  5.423454e-09
38575.0  5.425586e-09
38587.0  5.427686e-09
38599.0  5.426674e-09
38611.1  5.425726e-09
38623.1  5.424786e-09
38635.1  5.423851e-09
38647.1  5.422921e-09
38659.1  5.421996e-09
38671.1  5.421077e-09
38683.1  5.420166e-09
38695.1  5.419262e-09
38707.1  5.418294e-09
38719.1  5.417285e-09
38731.2  5.416286e-09
38743.2  5.415298e-09
38755.2  5.414319e-09
38767.2  5.413352e-09
38779.2  5.412395e-09
38791.2  5.411451e-09
38803.2  5.410556e-09
38815.2  5.409775e-09
38827.2  5.409006e-09
38839.2  5.408250e-09
38851.2  5.407509e-09
38863.3  5.406783e-09
38875.3  5.406070e-09
38887.3  5.405372e-09
38899.3  5.404689e-09
38911.3  5.403964e-09
38923.3  5.403251e-09
38935.3  5.402554e-09
38947.3  5.401872e-09
38959.3  5.401205e-09
38971.3  5.401392e-09
38983.4  5.406149e-09
38995.4  5.405530e-09
39007.4  5.404882e-09
39019.4  5.404221e-09
39031.4  5.403576e-09
39043.4  5.402948e-09
39055.4  5.402335e-09
39067.4  5.401737e-09
39079.4  5.401154e-09
39091.4  5.400588e-09
39103.5  5.400075e-09
39115.5  6.556950e-09
39127.5  1.214971e-07
39139.5  9.538178e-09
39151.5  5.404545e-09
39163.5  5.404198e-09
39175.5  5.403864e-09
39187.5  5.403542e-09
39199.5  5.403233e-09
39211.5  5.402959e-09
39223.5  5.402696e-09
39235.6  5.402441e-09
39247.6  5.402197e-09
39259.6  5.401963e-09
39271.6  5.401741e-09
39283.6  5.401529e-09
39295.6  5.401325e-09
39307.6  5.401074e-09
39319.6  5.400799e-09
39331.6  5.400532e-09
39343.6  5.400273e-09
39355.7  5.400021e-09
39367.7  5.399775e-09
39379.7  5.405552e-09
39391.7  5.405522e-09
39403.7  2.963592e-08
39415.7  4.753285e-07
39427.7  4.313744e-07
39439.7  6.834508e-09
39451.7  5.407350e-09
39463.7  5.407820e-09
39475.8  5.408291e-09
39487.8  5.408765e-09
39499.8  5.409239e-09
39511.8  4.844145e-08
39523.8  2.191297e-07
39535.8  6.414011e-08
39547.8  5.408044e-09
39559.8  5.407740e-09
39571.8  5.407435e-09
39583.8  2.534820e-08
39595.8  8.513044e-08
39607.9  5.406551e-09
39619.9  5.406304e-09
39631.9  5.406054e-09
39643.9  5.405800e-09
39655.9  5.405542e-09
39667.9  5.405280e-09
39679.9  5.405014e-09
39691.9  5.405897e-09
39703.9  5.410508e-09
39715.9  5.410361e-09
39728.0  5.410207e-09
39740.0  5.410049e-09
39752.0  5.409884e-09
39764.0  5.409713e-09
39776.0  5.413266e-09
39788.0  5.415579e-09
39800.0  5.415390e-09
39812.0  5.415075e-09
39824.0  5.414755e-09
39836.0  5.414428e-09
39848.0  5.414095e-09
39860.1  5.413755e-09
39872.1  5.413409e-09
39884.1  5.413057e-09
39896.1  5.412698e-09
39908.1  5.412329e-09
39920.1  5.411953e-09
39932.1  5.411570e-09
39944.1  5.411181e-09
39956.1  5.410787e-09
39968.1  5.410387e-09
39980.2  5.409981e-09
39992.2  5.409571e-09
40004.2  5.414575e-09
40016.2  9.387748e-08
40028.2  2.040611e-08
40040.2  5.407584e-09
40052.2  5.407063e-09
40064.2  5.406539e-09
40076.2  5.406011e-09
40088.2  5.405481e-09
40100.3  5.404962e-09
40112.3  5.405076e-09
40124.3  5.405189e-09
40136.3  5.405300e-09
40148.3  5.405409e-09
40160.3  5.405518e-09
40172.3  5.405627e-09
40184.3  5.408419e-09
40196.3  5.412057e-09
40208.3  5.416739e-09
40220.3  5.417225e-09
40232.4  5.416717e-09
40244.4  5.416210e-09
40256.4  5.415706e-09
40268.4  5.415204e-09
40280.4  5.414705e-09
40292.4  4.669922e-08
40304.4  9.051665e-07
40316.4  1.200055e-06
40328.4  9.102498e-09
40340.4  5.412142e-09
40352.5  5.411632e-09
40364.5  5.411127e-09
40376.5  5.410628e-09
40388.5  8.467689e-08
40400.5  8.727272e-07
40412.5  4.456108e-07
40424.5  1.609073e-06
40436.5  1.854867e-06
40448.5  6.926001e-08
40460.5  5.410659e-09
40472.6  5.410880e-09
40484.6  5.411110e-09
40496.6  5.411349e-09
40508.6  5.411125e-09
40520.6  5.410721e-09
40532.6  5.410329e-09
40544.6  1.975467e-08
40556.6  1.143556e-07
40568.6  1.448393e-07
40580.6  7.392970e-08
40592.6  7.294266e-08
40604.7  1.424878e-07
40616.7  4.633698e-07
40628.7  5.737431e-07
40640.7  2.236967e-08
40652.7  5.413241e-09
40664.7  6.773932e-09
40676.7  1.933734e-07
40688.7  8.593202e-07
40700.7  9.156618e-07
40712.7  2.446414e-07
40724.8  7.449154e-09
40736.8  5.419632e-09
40748.8  5.420099e-09
40760.8  5.420578e-09
40772.8  5.421067e-09
40784.8  5.421567e-09
40796.8  5.422076e-09
40808.8  5.422113e-09
40820.8  5.421984e-09
40832.8  5.421851e-09
40844.9  5.421726e-09
40856.9  5.421609e-09
40868.9  5.421501e-09
40880.9  5.421401e-09
40892.9  5.421310e-09
40904.9  6.142790e-09
40916.9  7.045625e-08
40928.9  1.592836e-08
40940.9  1.518755e-08
40952.9  7.916386e-07
40964.9  1.260527e-06
40977.0  1.367371e-06
40989.0  1.544176e-06
41001.0  2.345483e-06
41013.0  1.206967e-06
41025.0  4.618531e-08
41037.0  5.423047e-09
41049.0  5.424249e-09
41061.0  5.423593e-09
41073.0  5.422939e-09
41085.0  8.109716e-09
41097.1  1.546450e-07
41109.1  1.249978e-08
41121.1  5.421350e-09
41133.1  7.549530e-09
41145.1  2.481006e-07
41157.1  8.551909e-08
41169.1  5.902932e-07
41181.1  2.861500e-07
41193.1  8.653971e-09
41205.1  5.426823e-09
41217.2  5.426784e-09
41229.2  5.600927e-09
41241.2  3.410385e-07
41253.2  3.098974e-06
41265.2  5.642307e-06
41277.2  6.269525e-06
41289.2  6.196983e-06
41301.2  3.940985e-06
41313.2  2.127370e-06
41325.2  7.145028e-07
41337.2  2.311097e-08
41349.3  5.423200e-09
41361.3  5.667796e-09
41373.3  1.907728e-08
41385.3  4.649249e-08
41397.3  3.179184e-08
41409.3  5.739920e-09
41421.3  1.569856e-07
41433.3  1.591635e-06
41445.3  2.164653e-06
41457.3  1.089829e-06
41469.4  1.256971e-06
41481.4  2.078529e-06
41493.4  4.252549e-06
41505.4  5.324176e-06
41517.4  5.140383e-06
41529.4  3.818963e-06
41541.4  2.025787e-06
41553.4  7.623325e-07
41565.4  1.540955e-07
41577.4  1.495661e-06
41589.5  2.577324e-06
41601.5  3.288968e-06
41613.5  3.382259e-06
41625.5  3.117095e-06
41637.5  1.867838e-06
41649.5  9.603592e-07
41661.5  1.548566e-06
41673.5  2.071078e-06
41685.5  2.971952e-06
41697.5  3.067849e-06
41709.5  3.214325e-06
41721.6  1.979252e-06
41733.6  1.952378e-06
41745.6  2.029073e-06
41757.6  2.267929e-06
41769.6  3.288043e-06
41781.6  5.893312e-06
41793.6  8.132824e-06
41805.6  9.258733e-06
41817.6  8.967071e-06
41829.6  5.585451e-06
41841.7  3.488207e-06
41853.7  3.008847e-06
41865.7  1.924405e-06
41877.7  1.687139e-06
41889.7  1.816711e-06
41901.7  1.907733e-06
41913.7  2.397777e-06
41925.7  1.629948e-06
41937.7  1.685776e-06
41949.7  2.260056e-06
41961.7  4.117984e-06
41973.8  3.140745e-06
41985.8  1.281224e-06
41997.8  4.974846e-07
42009.8  1.738122e-06
42021.8  6.781628e-06
42033.8  1.058673e-05
42045.8  1.143866e-05
42057.8  8.820085e-06
42069.8  3.979908e-06
42081.8  2.297182e-06
42093.9  3.126538e-06
42105.9  5.378900e-06
42117.9  8.042023e-06
42129.9  7.378155e-06
42141.9  7.030455e-06
42153.9  7.124676e-06
42165.9  7.452967e-06
42177.9  6.567273e-06
42189.9  5.471561e-06
42201.9  6.259825e-06
42214.0  5.526784e-06
42226.0  2.939158e-06
42238.0  2.404364e-06
42250.0  3.505510e-06
42262.0  5.172240e-06
42274.0  6.902084e-06
42286.0  6.399884e-06
42298.0  6.541060e-06
42310.0  7.813435e-06
42322.0  9.666024e-06
42334.0  1.247131e-05
42346.1  1.585170e-05
42358.1  1.881984e-05
42370.1  1.833120e-05
42382.1  1.710169e-05
42394.1  1.564223e-05
42406.1  1.517441e-05
42418.1  1.351892e-05
42430.1  1.089861e-05
42442.1  7.471662e-06
42454.1  4.056752e-06
42466.2  4.161342e-06
42478.2  5.293834e-06
42490.2  6.376614e-06
42502.2  7.480232e-06
42514.2  6.901393e-06
42526.2  4.526367e-06
42538.2  4.062969e-06
42550.2  4.455664e-06
42562.2  3.856605e-06
42574.2  2.992789e-06
42586.3  5.566222e-06
42598.3  8.653558e-06
42610.3  1.022342e-05
42622.3  1.093685e-05
42634.3  1.191709e-05
42646.3  1.594807e-05
42658.3  1.852500e-05
42670.3  1.735273e-05
42682.3  1.180914e-05
42694.3  8.536932e-06
42706.3  6.884858e-06
42718.4  7.034596e-06
42730.4  9.141058e-06
42742.4  1.134063e-05
42754.4  1.439491e-05
42766.4  1.824256e-05
42778.4  2.036266e-05
42790.4  1.891375e-05
42802.4  1.485226e-05
42814.4  1.066797e-05
42826.4  8.578069e-06
42838.5  8.726309e-06
42850.5  1.112171e-05
42862.5  1.295737e-05
42874.5  1.217504e-05
42886.5  1.118690e-05
42898.5  1.168333e-05
42910.5  1.323957e-05
42922.5  1.447652e-05
42934.5  1.466336e-05
42946.5  1.537364e-05
42958.6  1.539465e-05
42970.6  1.433284e-05
42982.6  9.138341e-06
42994.6  3.934783e-06
43006.6  3.088575e-06
43018.6  2.228754e-06
43030.6  2.296230e-06
43042.6  2.691851e-06
43054.6  4.040867e-06
43066.6  1.022885e-05
43078.6  1.577917e-05
43090.7  1.567303e-05
43102.7  1.526514e-05
43114.7  1.485238e-05
43126.7  1.524936e-05
43138.7  1.563332e-05
43150.7  1.582850e-05
43162.7  1.623404e-05
43174.7  1.614205e-05
43186.7  1.537024e-05
43198.7  1.388394e-05
43210.8  1.324423e-05
43222.8  1.369474e-05
43234.8  1.432601e-05
43246.8  1.495767e-05
43258.8  1.536726e-05
43270.8  1.542042e-05
43282.8  1.518560e-05
43294.8  1.487903e-05
43306.8  1.478916e-05
43318.8  1.460745e-05
43330.9  1.485181e-05
43342.9  1.524682e-05
43354.9  1.674919e-05
43366.9  2.006995e-05
43378.9  2.051718e-05
43390.9  1.937227e-05
43402.9  1.751157e-05
43414.9  1.676148e-05
43426.9  1.692954e-05
43438.9  1.771517e-05
43450.9  1.800682e-05
43463.0  1.828840e-05
43475.0  1.868665e-05
43487.0  1.707742e-05
43499.0  1.557984e-05
43511.0  1.488466e-05
43523.0  1.763392e-05
43535.0  2.089116e-05
43547.0  2.259115e-05
43559.0  2.034269e-05
43571.0  1.733558e-05
43583.1  1.472305e-05
43595.1  1.286525e-05
43607.1  1.143707e-05
43619.1  9.516547e-06
43631.1  8.641046e-06
43643.1  1.090604e-05
43655.1  1.146386e-05
43667.1  1.192408e-05
43679.1  1.285849e-05
43691.1  1.473066e-05
43703.2  1.579905e-05
43715.2  1.612171e-05
43727.2  1.618945e-05
43739.2  1.734393e-05
43751.2  1.950871e-05
43763.2  2.090576e-05
43775.2  2.213115e-05
43787.2  2.297678e-05
43799.2  2.294723e-05
43811.2  2.158159e-05
43823.2  1.894457e-05
43835.3  1.701310e-05
43847.3  1.600874e-05
43859.3  1.734395e-05
43871.3  1.779567e-05
43883.3  1.747479e-05
43895.3  1.531111e-05
43907.3  1.418625e-05
43919.3  1.406236e-05
43931.3  1.556165e-05
43943.3  1.662417e-05
43955.4  1.710070e-05
43967.4  1.522606e-05
43979.4  1.402123e-05
43991.4  1.326064e-05
44003.4  1.409645e-05
44015.4  1.495477e-05
44027.4  1.511167e-05
44039.4  1.485188e-05
44051.4  1.500487e-05
44063.4  1.650551e-05
44075.4  1.784455e-05
44087.5  1.868053e-05
44099.5  1.727486e-05
44111.5  1.521294e-05
44123.5  1.437636e-05
44135.5  1.424774e-05
44147.5  1.517851e-05
44159.5  1.665046e-05
44171.5  1.653971e-05
44183.5  1.581611e-05
44195.5  1.444859e-05
44207.6  1.470196e-05
44219.6  1.562857e-05
44231.6  1.700173e-05
44243.6  1.716545e-05
44255.6  1.724905e-05
44267.6  1.620607e-05
44279.6  1.561063e-05
44291.6  1.447803e-05
44303.6  1.353400e-05
44315.6  1.301471e-05
44327.7  1.419598e-05
44339.7  1.583982e-05
44351.7  1.785320e-05
44363.7  1.757731e-05
44375.7  1.668438e-05
44387.7  1.542133e-05
44399.7  1.523462e-05
44411.7  1.526169e-05
44423.7  1.570859e-05
44435.7  1.512915e-05
44447.7  1.442451e-05
44459.8  1.368773e-05
44471.8  1.401621e-05
44483.8  1.503405e-05
44495.8  1.615032e-05
44507.8  1.687841e-05
44519.8  1.741847e-05
44531.8  1.711945e-05
44543.8  1.666677e-05
44555.8  1.480921e-05
44567.8  1.378514e-05
44579.9  1.344926e-05
44591.9  1.598180e-05
44603.9  1.870459e-05
44615.9  2.069184e-05
44627.9  2.114885e-05
44639.9  2.151131e-05
44651.9  2.287900e-05
44663.9  2.271334e-05
44675.9  2.198269e-05
44687.9  1.907163e-05
44700.0  1.763076e-05
44712.0  1.815182e-05
44724.0  1.930937e-05
44736.0  2.031484e-05
44748.0  2.021189e-05
44760.0  1.988902e-05
44772.0  1.952167e-05
44784.0  1.760664e-05
44796.0  1.631248e-05
44808.0  1.561892e-05
44820.0  1.718143e-05
44832.1  1.890200e-05
44844.1  1.855774e-05
44856.1  1.706426e-05
44868.1  1.511228e-05
44880.1  1.558795e-05
44892.1  1.613393e-05
44904.1  1.666487e-05
44916.1  1.646059e-05
44928.1  1.597654e-05
44940.1  1.540038e-05
44952.2  1.416607e-05
44964.2  1.248753e-05
44976.2  1.234104e-05
44988.2  1.292484e-05
45000.2  1.549660e-05
45012.2  1.680214e-05
45024.2  1.710129e-05
45036.2  1.486927e-05
45048.2  1.255162e-05
45060.2  1.055157e-05
45072.3  7.743875e-06
45084.3  7.293246e-06
45096.3  8.199581e-06
45108.3  9.855075e-06
45120.3  1.153946e-05
45132.3  1.154244e-05
45144.3  1.059704e-05
45156.3  1.001779e-05
45168.3  1.085025e-05
45180.3  1.308285e-05
45192.3  1.446775e-05
45204.4  1.549522e-05
45216.4  1.578223e-05
45228.4  1.627471e-05
45240.4  1.695683e-05
45252.4  1.811834e-05
45264.4  1.942359e-05
45276.4  2.122188e-05
45288.4  2.261560e-05
45300.4  2.404366e-05
45312.4  2.487503e-05
45324.5  2.546865e-05
45336.5  2.558307e-05
45348.5  2.370925e-05
45360.5  2.136421e-05
45372.5  1.865842e-05
45384.5  1.727619e-05
45396.5  1.704969e-05
45408.5  1.779739e-05
45420.5  1.906395e-05
45432.5  2.056711e-05
45444.6  2.137162e-05
45456.6  2.171262e-05
45468.6  2.042760e-05
45480.6  1.999099e-05
45492.6  2.044280e-05
45504.6  2.104218e-05
45516.6  2.149305e-05
45528.6  1.998447e-05
45540.6  1.886278e-05
45552.6  1.857658e-05
45564.6  1.833845e-05
45576.7  1.798369e-05
45588.7  1.528708e-05
45600.7  1.296891e-05
45612.7  1.192952e-05
45624.7  1.235992e-05
45636.7  1.440972e-05
45648.7  1.669852e-05
45660.7  1.902222e-05
45672.7  2.036441e-05
45684.7  2.015791e-05
45696.8  1.819342e-05
45708.8  1.526416e-05
45720.8  1.318086e-05
45732.8  1.381539e-05
45744.8  1.454828e-05
45756.8  1.535544e-05
45768.8  1.559418e-05
45780.8  1.595066e-05
45792.8  1.747656e-05
45804.8  1.817548e-05
45816.9  1.744878e-05
45828.9  1.536865e-05
45840.9  1.316117e-05
45852.9  1.336832e-05
45864.9  1.341235e-05
45876.9  1.315638e-05
45888.9  1.142135e-05
45900.9  1.090960e-05
45912.9  1.199811e-05
45924.9  1.302037e-05
45936.9  1.322010e-05
45949.0  1.398007e-05
45961.0  1.371984e-05
45973.0  1.313259e-05
45985.0  1.188677e-05
45997.0  1.018957e-05
46009.0  9.940128e-06
46021.0  1.035124e-05
46033.0  1.197606e-05
46045.0  1.550351e-05
46057.0  1.656696e-05
46069.1  1.740788e-05
46081.1  1.784283e-05
46093.1  1.880839e-05
46105.1  2.010376e-05
46117.1  1.982440e-05
46129.1  1.973837e-05
46141.1  1.983374e-05
46153.1  2.055879e-05
46165.1  2.194865e-05
46177.1  2.180349e-05
46189.1  2.146072e-05
46201.2  2.046801e-05
46213.2  1.987037e-05
46225.2  1.949109e-05
46237.2  1.844624e-05
46249.2  1.742209e-05
46261.2  1.661657e-05
46273.2  1.596249e-05
46285.2  1.583709e-05
46297.2  1.543124e-05
46309.2  1.509515e-05
46321.3  1.519261e-05
46333.3  1.555395e-05
46345.3  1.625968e-05
46357.3  1.673215e-05
46369.3  1.660969e-05
46381.3  1.645464e-05
46393.3  1.620161e-05
46405.3  1.644416e-05
46417.3  1.737491e-05
46429.3  1.789101e-05
46441.4  1.759971e-05
46453.4  1.680970e-05
46465.4  1.563941e-05
46477.4  1.526436e-05
46489.4  1.682033e-05
46501.4  1.883604e-05
46513.4  2.140608e-05
46525.4  2.310505e-05
46537.4  2.390064e-05
46549.4  2.398729e-05
46561.4  2.432089e-05
46573.5  2.467744e-05
46585.5  2.514386e-05
46597.5  2.473959e-05
46609.5  2.358275e-05
46621.5  2.218066e-05
46633.5  2.168172e-05
46645.5  2.160489e-05
46657.5  2.378985e-05
46669.5  2.615063e-05
46681.5  2.778508e-05
46693.6  2.707247e-05
46705.6  2.481656e-05
46717.6  2.238601e-05
46729.6  2.038050e-05
46741.6  2.044549e-05
46753.6  2.033057e-05
46765.6  1.985410e-05
46777.6  1.951324e-05
46789.6  1.923546e-05
46801.6  1.987699e-05
46813.7  2.104467e-05
46825.7  2.092926e-05
46837.7  2.102609e-05
46849.7  2.073285e-05
46861.7  2.039287e-05
46873.7  2.042272e-05
46885.7  1.939997e-05
46897.7  1.846158e-05
46909.7  1.880658e-05
46921.7  1.964009e-05
46933.7  2.220500e-05
46945.8  2.431607e-05
46957.8  2.559262e-05
46969.8  2.558979e-05
46981.8  2.510036e-05
46993.8  2.366709e-05
47005.8  2.233348e-05
47017.8  2.117898e-05
47029.8  2.076732e-05
47041.8  2.143836e-05
47053.8  2.078717e-05
47065.9  1.958443e-05
47077.9  1.484992e-05
47089.9  1.141480e-05
47101.9  1.046820e-05
47113.9  1.061211e-05
47125.9  1.194385e-05
47137.9  1.440338e-05
47149.9  1.595085e-05
47161.9  1.692976e-05
47173.9  1.757688e-05
47186.0  1.716375e-05
47198.0  1.706281e-05
47210.0  1.572382e-05
47222.0  1.478917e-05
47234.0  1.443794e-05
47246.0  1.415685e-05
47258.0  1.482517e-05
47270.0  1.511172e-05
47282.0  1.544231e-05
47294.0  1.498315e-05
47306.0  1.452606e-05
47318.1  1.299980e-05
47330.1  1.189181e-05
47342.1  1.142273e-05
47354.1  1.210279e-05
47366.1  1.409480e-05
47378.1  1.616391e-05
47390.1  1.838767e-05
47402.1  1.953536e-05
47414.1  2.047862e-05
47426.1  1.936813e-05
47438.2  1.710489e-05
47450.2  1.368795e-05
47462.2  1.164974e-05
47474.2  1.071480e-05
47486.2  1.063206e-05
47498.2  1.083203e-05
47510.2  1.051426e-05
47522.2  1.019865e-05
47534.2  1.028278e-05
47546.2  1.062391e-05
47558.3  1.135004e-05
47570.3  1.213870e-05
47582.3  1.306148e-05
47594.3  1.398492e-05
47606.3  1.496615e-05
47618.3  1.432896e-05
47630.3  1.359062e-05
47642.3  1.242854e-05
47654.3  1.178430e-05
47666.3  1.298423e-05
47678.3  1.392081e-05
47690.4  1.390497e-05
47702.4  1.243408e-05
47714.4  1.015363e-05
47726.4  9.500015e-06
47738.4  9.480436e-06
47750.4  1.059907e-05
47762.4  1.193227e-05
47774.4  1.193133e-05
47786.4  1.203436e-05
47798.4  1.228234e-05
47810.5  1.245590e-05
47822.5  1.243749e-05
47834.5  1.176466e-05
47846.5  1.066655e-05
47858.5  1.000096e-05
47870.5  9.537879e-06
47882.5  9.303122e-06
47894.5  9.107049e-06
47906.5  8.632741e-06
47918.5  8.567046e-06
47930.6  9.105420e-06
47942.6  1.008009e-05
47954.6  1.109748e-05
47966.6  1.228935e-05
47978.6  1.339840e-05
47990.6  1.353630e-05
48002.6  1.329330e-05
48014.6  1.127726e-05
48026.6  9.638556e-06
48038.6  7.383718e-06
48050.6  6.141862e-06
48062.7  5.778204e-06
48074.7  6.180741e-06
48086.7  6.631104e-06
48098.7  7.521539e-06
48110.7  7.931318e-06
48122.7  7.807170e-06
48134.7  7.081016e-06
48146.7  6.046686e-06
48158.7  5.067897e-06
48170.7  5.288185e-06
48182.8  6.282775e-06
48194.8  6.838914e-06
48206.8  7.335589e-06
48218.8  6.393879e-06
48230.8  5.959821e-06
48242.8  7.038181e-06
48254.8  8.524766e-06
48266.8  1.083624e-05
48278.8  1.223695e-05
48290.8  1.216152e-05
48302.8  1.101536e-05
48314.9  9.344032e-06
48326.9  7.185488e-06
48338.9  5.720465e-06
48350.9  4.520510e-06
48362.9  3.690587e-06
48374.9  4.268804e-06
48386.9  5.637323e-06
48398.9  6.968226e-06
48410.9  9.208948e-06
48422.9  1.009120e-05
48435.0  9.903824e-06
48447.0  1.018987e-05
48459.0  1.034112e-05
48471.0  9.751370e-06
48483.0  7.653088e-06
48495.0  5.380646e-06
48507.0  3.620556e-06
48519.0  3.480377e-06
48531.0  3.569547e-06
48543.0  3.698002e-06
48555.1  3.615011e-06
48567.1  3.686672e-06
48579.1  4.540112e-06
48591.1  6.122844e-06
48603.1  6.807077e-06
48615.1  7.347047e-06
48627.1  7.030637e-06
48639.1  6.685858e-06
48651.1  6.075882e-06
48663.1  5.342010e-06
48675.1  4.254648e-06
48687.2  3.175986e-06
48699.2  2.422432e-06
48711.2  2.729456e-06
48723.2  3.788485e-06
48735.2  5.178940e-06
48747.2  7.086531e-06
48759.2  7.604902e-06
48771.2  7.631965e-06
48783.2  5.559547e-06
48795.2  3.901895e-06
48807.3  2.100906e-06
48819.3  1.410021e-06
48831.3  2.225545e-06
48843.3  4.168079e-06
48855.3  5.805003e-06
48867.3  7.474150e-06
48879.3  6.919214e-06
48891.3  5.682785e-06
48903.3  3.523484e-06
48915.3  1.609978e-06
48927.4  1.356248e-06
48939.4  1.615823e-06
48951.4  2.227875e-06
48963.4  2.759820e-06
48975.4  3.358671e-06
48987.4  3.693166e-06
48999.4  3.426402e-06
49011.4  3.165433e-06
49023.4  3.118708e-06
49035.4  3.434945e-06
49047.4  3.946793e-06
49059.5  4.100952e-06
49071.5  4.706715e-06
49083.5  4.752802e-06
49095.5  5.047703e-06
49107.5  4.465746e-06
49119.5  3.770125e-06
49131.5  1.756213e-06
49143.5  1.631548e-06
49155.5  1.741162e-06
49167.5  1.903846e-06
49179.6  2.469352e-06
49191.6  4.114687e-06
49203.6  5.794143e-06
49215.6  8.092335e-06
49227.6  8.885120e-06
49239.6  9.260753e-06
49251.6  8.444344e-06
49263.6  7.451765e-06
49275.6  6.345729e-06
49287.6  5.760921e-06
49299.7  5.533593e-06
49311.7  5.586018e-06
49323.7  5.943686e-06
49335.7  6.418031e-06
49347.7  7.018753e-06
49359.7  7.445378e-06
49371.7  7.706284e-06
49383.7  7.568347e-06
49395.7  7.188639e-06
49407.7  7.210476e-06
49419.7  7.562459e-06
49431.8  8.527593e-06
49443.8  1.008127e-05
49455.8  1.116340e-05
49467.8  1.178124e-05
49479.8  1.094276e-05
49491.8  1.030080e-05
49503.8  9.245095e-06
49515.8  8.230633e-06
49527.8  7.418454e-06
49539.8  6.778706e-06
49551.9  6.568083e-06
49563.9  6.976871e-06
49575.9  7.560045e-06
49587.9  8.663803e-06
49599.9  8.859753e-06
49611.9  8.910150e-06
49623.9  8.200209e-06
49635.9  7.766247e-06
49647.9  6.135476e-06
49659.9  5.820284e-06
49672.0  5.606868e-06
49684.0  5.465293e-06
49696.0  6.299455e-06
49708.0  7.503325e-06
49720.0  7.530489e-06
49732.0  7.544873e-06
49744.0  6.436042e-06
49756.0  5.569444e-06
49768.0  6.118072e-06
49780.0  6.838332e-06
49792.0  7.721506e-06
49804.1  9.115692e-06
49816.1  8.360218e-06
49828.1  8.077454e-06
49840.1  8.289430e-06
49852.1  8.527726e-06
49864.1  8.950576e-06
49876.1  9.340615e-06
49888.1  9.007322e-06
49900.1  1.024330e-05
49912.1  1.015161e-05
49924.2  1.008239e-05
49936.2  9.152435e-06
49948.2  8.645290e-06
49960.2  8.016973e-06
49972.2  7.397449e-06
49984.2  6.600688e-06
49996.2  6.852922e-06
50008.2  6.104016e-06
50020.2  5.948404e-06
50032.2  5.015978e-06
50044.3  4.966836e-06
50056.3  4.958536e-06
50068.3  6.367439e-06
50080.3  6.072697e-06
50092.3  6.828734e-06
50104.3  4.962616e-06
50116.3  3.669692e-06
50128.3  2.723318e-06
50140.3  2.759518e-06
50152.3  3.316988e-06
50164.3  4.371246e-06
50176.4  4.766883e-06
50188.4  5.397027e-06
50200.4  5.701066e-06
50212.4  6.087092e-06
50224.4  4.996929e-06
50236.4  4.661557e-06
50248.4  4.267447e-06
50260.4  4.009012e-06
50272.4  4.307011e-06
50284.4  4.965170e-06
50296.5  5.796985e-06
50308.5  6.614951e-06
50320.5  7.264297e-06
50332.5  8.019606e-06
50344.5  8.065060e-06
50356.5  7.975159e-06
50368.5  7.329407e-06
50380.5  6.585586e-06
50392.5  6.425027e-06
50404.5  6.551089e-06
50416.5  6.348596e-06
50428.6  6.181450e-06
50440.6  5.407806e-06
50452.6  5.392349e-06
50464.6  6.139509e-06
50476.6  7.789194e-06
50488.6  1.046779e-05
50500.6  1.276555e-05
50512.6  1.424570e-05
50524.6  1.423714e-05
50536.6  1.411717e-05
50548.7  1.391018e-05
50560.7  1.410806e-05
50572.7  1.491512e-05
50584.7  1.572298e-05
50596.7  1.661644e-05
50608.7  1.765413e-05
50620.7  1.818684e-05
50632.7  1.864990e-05
50644.7  1.836928e-05
50656.7  1.812887e-05
50668.8  1.812327e-05
50680.8  1.819931e-05
50692.8  1.880107e-05
50704.8  1.950288e-05
50716.8  1.919004e-05
50728.8  1.888674e-05
50740.8  1.792737e-05
50752.8  1.712743e-05
50764.8  1.620199e-05
50776.8  1.536058e-05
50788.8  1.417236e-05
50800.9  1.300337e-05
50812.9  1.264540e-05
50824.9  1.256216e-05
50836.9  1.284858e-05
50848.9  1.339248e-05
50860.9  1.337267e-05
50872.9  1.292878e-05
50884.9  1.265623e-05
50896.9  1.275453e-05
50908.9  1.294150e-05
50921.0  1.305864e-05
50933.0  1.200583e-05
50945.0  1.012105e-05
50957.0  8.498524e-06
50969.0  6.907839e-06
50981.0  5.927816e-06
50993.0  5.465914e-06
