# from http://www.stsci.edu/jwst/instruments/nircam/instrumentdesign/filters
# Retrieved Jan 18, 2017, dated Feb 5, 2016 (pre-flight)
# Uses modA or modB  filters+DBS+QE+OTE (nrc_plus_ote)
# Units of transmission are PCE (photon to electron conversion efficiency)
# 
20004.7  5.206374e-12
20020.7  4.909663e-12
20036.8  4.934628e-12
20052.9  4.799215e-12
20069.0  4.403270e-12
20085.1  3.549615e-12
20101.1  2.934588e-12
20117.2  2.511122e-12
20133.3  2.179033e-12
20149.4  1.911077e-12
20165.5  1.788958e-12
20181.6  1.838260e-12
20197.6  1.994526e-12
20213.7  2.317016e-12
20229.8  2.420556e-12
20245.9  2.309914e-12
20262.0  2.165760e-12
20278.0  1.994242e-12
20294.1  1.947361e-12
20310.2  1.968701e-12
20326.3  2.002342e-12
20342.4  2.093356e-12
20358.4  1.922029e-12
20374.5  1.725417e-12
20390.6  1.702401e-12
20406.7  1.761305e-12
20422.8  1.828537e-12
20438.8  1.914813e-12
20454.9  1.905250e-12
20471.0  1.857124e-12
20487.1  1.796063e-12
20503.2  1.801097e-12
20519.3  1.928402e-12
20535.3  1.973480e-12
20551.4  1.935435e-12
20567.5  2.275614e-12
20583.6  2.553574e-12
20599.7  2.781280e-12
20615.7  2.918942e-12
20631.8  3.055583e-12
20647.9  3.177428e-12
20664.0  3.324075e-12
20680.1  3.675458e-12
20696.1  4.302800e-12
20712.2  5.494849e-12
20728.3  7.272885e-12
20744.4  9.923699e-12
20760.5  1.123066e-11
20776.5  1.302853e-11
20792.6  1.505258e-11
20808.7  1.691755e-11
20824.8  1.718413e-11
20840.9  2.019105e-11
20857.0  2.323222e-11
20873.0  2.692066e-11
20889.1  2.381170e-11
20905.2  2.186039e-11
20921.3  1.903491e-11
20937.4  2.048144e-11
20953.4  2.535318e-11
20969.5  3.182401e-11
20985.6  3.988978e-11
21001.7  5.412963e-11
21017.8  7.880435e-11
21033.8  1.047896e-10
21049.9  1.210192e-10
21066.0  1.295995e-10
21082.1  1.417779e-10
21098.2  1.555450e-10
21114.2  1.670337e-10
21130.3  1.747821e-10
21146.4  2.125382e-10
21162.5  2.470085e-10
21178.6  2.849706e-10
21194.7  2.902456e-10
21210.7  2.979959e-10
21226.8  2.537984e-10
21242.9  2.129709e-10
21259.0  1.928934e-10
21275.1  1.831761e-10
21291.1  1.825659e-10
21307.2  1.905595e-10
21323.3  2.015176e-10
21339.4  2.134589e-10
21355.5  2.202772e-10
21371.5  1.918918e-10
21387.6  1.692608e-10
21403.7  1.678473e-10
21419.8  1.703490e-10
21435.9  1.846351e-10
21451.9  2.060966e-10
21468.0  2.165299e-10
21484.1  2.149761e-10
21500.2  2.103856e-10
21516.3  2.007535e-10
21532.4  1.942706e-10
21548.4  1.926233e-10
21564.5  1.919656e-10
21580.6  2.207151e-10
21596.7  2.623893e-10
21612.8  2.852566e-10
21628.8  2.940839e-10
21644.9  2.825414e-10
21661.0  2.519124e-10
21677.1  2.290123e-10
21693.2  2.097831e-10
21709.2  2.053171e-10
21725.3  2.087720e-10
21741.4  2.284694e-10
21757.5  2.471024e-10
21773.6  2.492697e-10
21789.6  2.593008e-10
21805.7  2.771878e-10
21821.8  2.996740e-10
21837.9  3.404678e-10
21854.0  3.891916e-10
21870.1  3.712830e-10
21886.1  3.421737e-10
21902.2  3.320116e-10
21918.3  3.371173e-10
21934.4  3.569115e-10
21950.5  4.456739e-10
21966.5  5.679433e-10
21982.6  6.845415e-10
21998.7  8.279454e-10
22014.8  9.160010e-10
22030.9  9.446352e-10
22046.9  9.874369e-10
22063.0  1.040259e-09
22079.1  1.106958e-09
22095.2  1.207505e-09
22111.3  1.357940e-09
22127.3  1.517943e-09
22143.4  1.687316e-09
22159.5  1.932098e-09
22175.6  2.371970e-09
22191.7  2.962667e-09
22207.7  3.315398e-09
22223.8  3.680916e-09
22239.9  4.317865e-09
22256.0  5.341822e-09
22272.1  6.500951e-09
22288.2  7.025883e-09
22304.2  7.451408e-09
22320.3  7.318701e-09
22336.4  7.034336e-09
22352.5  7.124459e-09
22368.6  7.986832e-09
22384.6  9.211980e-09
22400.7  9.501764e-09
22416.8  9.873494e-09
22432.9  1.015037e-08
22449.0  1.042745e-08
22465.0  1.102264e-08
22481.1  1.289937e-08
22497.2  1.521128e-08
22513.3  1.795524e-08
22529.4  2.114723e-08
22545.4  2.383617e-08
22561.5  2.342810e-08
22577.6  2.304227e-08
22593.7  2.432143e-08
22609.8  2.794855e-08
22625.9  3.395485e-08
22641.9  4.246876e-08
22658.0  5.308003e-08
22674.1  6.303616e-08
22690.2  7.578496e-08
22706.3  8.816263e-08
22722.3  9.510222e-08
22738.4  1.022111e-07
22754.5  8.813440e-08
22770.6  7.514861e-08
22786.7  6.630877e-08
22802.7  6.130641e-08
22818.8  5.736667e-08
22834.9  5.020832e-08
22851.0  4.794933e-08
22867.1  4.684461e-08
22883.1  4.721916e-08
22899.2  5.370224e-08
22915.3  5.965643e-08
22931.4  6.768301e-08
22947.5  8.029136e-08
22963.6  1.001529e-07
22979.6  1.281981e-07
22995.7  1.571996e-07
23011.8  1.982592e-07
23027.9  2.276735e-07
23044.0  2.287986e-07
23060.0  2.371788e-07
23076.1  2.655298e-07
23092.2  3.067866e-07
23108.3  3.797780e-07
23124.4  5.081884e-07
23140.4  6.917008e-07
23156.5  9.464720e-07
23172.6  1.300442e-06
23188.7  1.762951e-06
23204.8  2.083981e-06
23220.8  2.450071e-06
23236.9  2.749918e-06
23253.0  2.950796e-06
23269.1  3.137546e-06
23285.2  3.460403e-06
23301.3  3.819755e-06
23317.3  4.003544e-06
23333.4  4.000164e-06
23349.5  4.180363e-06
23365.6  4.313108e-06
23381.7  4.418584e-06
23397.7  4.435271e-06
23413.8  4.109997e-06
23429.9  3.789115e-06
23446.0  3.544664e-06
23462.1  3.385190e-06
23478.1  3.242480e-06
23494.2  3.165059e-06
23510.3  3.109348e-06
23526.4  3.054900e-06
23542.5  2.967791e-06
23558.5  2.895426e-06
23574.6  2.679747e-06
23590.7  2.362041e-06
23606.8  2.095449e-06
23622.9  1.815868e-06
23639.0  1.610883e-06
23655.0  1.481123e-06
23671.1  1.832616e-06
23687.2  2.519531e-06
23703.3  2.956856e-06
23719.4  2.916988e-06
23735.4  2.864511e-06
23751.5  2.448316e-06
23767.6  2.019650e-06
23783.7  1.648186e-06
23799.8  1.196547e-06
23815.8  8.703140e-07
23831.9  6.897253e-07
23848.0  6.438819e-07
23864.1  6.644738e-07
23880.2  3.722795e-07
23896.2  3.923275e-07
23912.3  6.100927e-07
23928.4  6.586263e-07
23944.5  6.807988e-07
23960.6  7.287164e-07
23976.7  9.472559e-07
23992.7  1.231173e-06
24008.8  1.510617e-06
24024.9  1.695762e-06
24041.0  1.903353e-06
24057.1  1.924351e-06
24073.1  1.826743e-06
24089.2  1.734217e-06
24105.3  1.408484e-06
24121.4  1.181323e-06
24137.5  1.548844e-06
24153.5  1.843087e-06
24169.6  2.211708e-06
24185.7  1.935109e-06
24201.8  1.435980e-06
24217.9  1.616487e-06
24233.9  1.623226e-06
24250.0  1.344742e-06
24266.1  1.114408e-06
24282.2  9.561488e-07
24298.3  8.379149e-07
24314.4  7.345840e-07
24330.4  7.422817e-07
24346.5  7.788731e-07
24362.6  8.172244e-07
24378.7  5.665004e-07
24394.8  3.842738e-07
24410.8  2.291173e-07
24426.9  4.065815e-08
24443.0  9.386456e-09
24459.1  5.613401e-09
24475.2  2.055176e-08
24491.2  1.255925e-07
24507.3  4.621128e-07
24523.4  5.552324e-07
24539.5  6.670831e-07
24555.6  2.730423e-07
24571.6  3.545989e-08
24587.7  7.022649e-09
24603.8  4.711571e-09
24619.9  4.708514e-09
24636.0  4.705457e-09
24652.0  4.702397e-09
24668.1  4.699337e-09
24684.2  4.697318e-09
24700.3  4.695776e-09
24716.4  4.695888e-09
24732.5  4.697405e-09
24748.5  4.701326e-09
24764.6  4.700534e-09
24780.7  4.699742e-09
24796.8  4.701434e-09
24812.9  4.698882e-09
24828.9  4.696450e-09
24845.0  4.696624e-09
24861.1  4.696809e-09
24877.2  4.698231e-09
24893.3  4.697166e-09
24909.3  4.698177e-09
24925.4  4.698892e-09
24941.5  4.699608e-09
24957.6  4.700323e-09
24973.7  4.701039e-09
24989.7  4.701754e-09
24997.8  4.702112e-09
25011.3  4.702652e-09
25024.8  4.703179e-09
25038.3  4.703707e-09
25051.8  4.704235e-09
25065.3  4.704762e-09
25078.9  4.705290e-09
25092.4  4.705818e-09
25105.9  1.231491e-07
25119.4  4.024646e-07
25132.9  9.199866e-07
25146.4  4.795571e-08
25159.9  4.709491e-09
25173.4  4.710252e-09
25187.0  6.846434e-09
25200.5  1.201403e-07
25214.0  4.712612e-09
25227.5  4.713447e-09
25241.0  4.714282e-09
25254.5  4.715117e-09
25268.0  4.715952e-09
25281.5  3.839784e-08
25295.1  8.700425e-09
25308.6  4.718791e-09
25322.1  4.720151e-09
25335.6  2.888058e-08
25349.1  4.271944e-08
25362.6  1.374494e-08
25376.1  4.725597e-09
25389.6  4.726959e-09
25403.2  4.728234e-09
25416.7  1.370556e-08
25430.2  3.766430e-06
25443.7  3.249310e-06
25457.2  1.182095e-06
25470.7  1.296714e-06
25484.2  3.864853e-06
25497.7  2.385279e-06
25511.2  3.445234e-06
25524.8  2.738599e-06
25538.3  2.393596e-06
25551.8  7.838143e-06
25565.3  6.537152e-06
25578.8  5.621723e-06
25592.3  4.121140e-06
25605.8  8.662918e-06
25619.3  8.448402e-06
25632.9  1.343761e-05
25646.4  1.445598e-05
25659.9  1.099794e-05
25673.4  1.399220e-05
25686.9  1.522512e-05
25700.4  1.277836e-05
25713.9  1.037226e-05
25727.4  1.013951e-05
25741.0  7.304523e-06
25754.5  4.319021e-06
25768.0  5.024109e-06
25781.5  7.304183e-06
25795.0  8.955428e-06
25808.5  6.684882e-06
25822.0  7.430420e-06
25835.5  3.951966e-06
25849.1  3.638980e-06
25862.6  9.616423e-06
25876.1  1.082653e-05
25889.6  8.660378e-06
25903.1  1.081312e-05
25916.6  1.179233e-05
25930.1  1.529723e-05
25943.6  9.553524e-06
25957.2  9.585366e-06
25970.7  7.957105e-06
25984.2  1.071283e-05
25997.7  8.098137e-06
26011.2  8.895868e-06
26024.7  9.261357e-06
26038.2  7.939520e-06
26051.7  4.557451e-06
26065.3  7.421777e-06
26078.8  1.057800e-05
26092.3  1.013760e-05
26105.8  1.104302e-05
26119.3  9.878451e-06
26132.8  9.502325e-06
26146.3  7.907380e-06
26159.8  8.191798e-06
26173.4  6.075012e-06
26186.9  5.401995e-06
26200.4  7.122103e-06
26213.9  6.431506e-06
26227.4  5.814965e-06
26240.9  2.272243e-06
26254.4  5.501871e-06
26267.9  6.256010e-08
26281.5  3.026453e-06
26295.0  3.028996e-06
26308.5  1.587584e-08
26322.0  8.458415e-07
26335.5  4.311741e-07
26349.0  6.914235e-07
26362.5  1.186703e-08
26376.0  4.753336e-09
26389.5  2.870641e-07
26403.1  1.855890e-06
26416.6  3.003766e-06
26430.1  3.034664e-06
26443.6  4.194210e-06
26457.1  3.279227e-06
26470.6  1.970781e-06
26484.1  4.530463e-06
26497.6  1.688708e-06
26511.2  2.354729e-06
26524.7  5.699060e-06
26538.2  7.078195e-06
26551.7  1.978985e-06
26565.2  4.164434e-06
26578.7  1.196458e-05
26592.2  1.517955e-05
26605.7  1.354170e-05
26619.3  1.539932e-05
26632.8  2.208123e-05
26646.3  2.096221e-05
26659.8  2.555637e-05
26673.3  2.699097e-05
26686.8  2.588911e-05
26700.3  3.196358e-05
26713.8  3.228186e-05
26727.4  3.208669e-05
26740.9  3.594902e-05
26754.4  4.119901e-05
26767.9  4.135768e-05
26781.4  4.794130e-05
26794.9  5.066802e-05
26808.4  4.627056e-05
26821.9  5.147070e-05
26835.5  5.781462e-05
26849.0  6.696283e-05
26862.5  6.656244e-05
26876.0  7.267385e-05
26889.5  7.630111e-05
26903.0  8.123094e-05
26916.5  8.507910e-05
26930.0  9.392347e-05
26943.6  9.882482e-05
26957.1  1.027815e-04
26970.6  1.039962e-04
26984.1  1.076810e-04
26997.6  1.155596e-04
27011.1  1.259206e-04
27024.6  1.304769e-04
27038.1  1.329520e-04
27051.7  1.449890e-04
27065.2  1.492375e-04
27078.7  1.531137e-04
27092.2  1.614795e-04
27105.7  1.664105e-04
27119.2  1.767193e-04
27132.7  1.878155e-04
27146.2  1.948820e-04
27159.8  1.993939e-04
27173.3  2.114726e-04
27186.8  2.230312e-04
27200.3  2.336736e-04
27213.8  2.484587e-04
27227.3  2.626187e-04
27240.8  2.757957e-04
27254.3  2.899974e-04
27267.9  3.082955e-04
27281.4  3.254829e-04
27294.9  3.469932e-04
27308.4  3.712667e-04
27321.9  4.010037e-04
27335.4  4.273015e-04
27348.9  4.554225e-04
27362.4  4.948122e-04
27375.9  5.270346e-04
27389.5  5.688148e-04
27403.0  6.202946e-04
27416.5  6.743156e-04
27430.0  7.348871e-04
27443.5  7.970074e-04
27457.0  8.691337e-04
27470.5  9.501435e-04
27484.0  1.038686e-03
27497.6  1.131152e-03
27511.1  1.235598e-03
27524.6  1.347316e-03
27538.1  1.463690e-03
27551.6  1.599519e-03
27565.1  1.742112e-03
27578.6  1.897871e-03
27592.1  2.064781e-03
27605.7  2.244559e-03
27619.2  2.436994e-03
27632.7  2.649739e-03
27646.2  2.875745e-03
27659.7  3.119384e-03
27673.2  3.375746e-03
27686.7  3.652983e-03
27700.2  3.945183e-03
27713.8  4.256932e-03
27727.3  4.590493e-03
27740.8  4.938901e-03
27754.3  5.309652e-03
27767.8  5.717143e-03
27781.3  6.152137e-03
27794.8  6.620558e-03
27808.3  7.114323e-03
27821.9  7.650554e-03
27835.4  8.229627e-03
27848.9  8.861606e-03
27862.4  9.536443e-03
27875.9  1.029041e-02
27889.4  1.111277e-02
27902.9  1.201089e-02
27916.4  1.299813e-02
27930.0  1.409623e-02
27943.5  1.530900e-02
27957.0  1.664721e-02
27970.5  1.814189e-02
27984.0  1.982414e-02
27997.5  2.169645e-02
28011.0  2.378086e-02
28024.5  2.611904e-02
28038.1  2.874064e-02
28051.6  3.164372e-02
28065.1  3.494573e-02
28078.6  3.866393e-02
28092.1  4.283406e-02
28105.6  4.748376e-02
28119.1  5.274775e-02
28132.6  5.864996e-02
28146.2  6.522074e-02
28159.7  7.257483e-02
28173.2  8.078211e-02
28186.7  8.995826e-02
28200.2  9.993325e-02
28213.7  1.109254e-01
28227.2  1.228904e-01
28240.7  1.358089e-01
28254.2  1.496516e-01
28267.8  1.643137e-01
28281.3  1.796731e-01
28294.8  1.955867e-01
28308.3  2.118588e-01
28321.8  2.282336e-01
28335.3  2.445167e-01
28348.8  2.605110e-01
28362.3  2.759589e-01
28375.9  2.904503e-01
28389.4  3.043528e-01
28402.9  3.174357e-01
28416.4  3.297121e-01
28429.9  3.406244e-01
28443.4  3.505282e-01
28456.9  3.594665e-01
28470.4  3.674518e-01
28484.0  3.744864e-01
28497.5  3.807303e-01
28511.0  3.859999e-01
28524.5  3.905258e-01
28538.0  3.944194e-01
28551.5  3.977492e-01
28565.0  4.005853e-01
28578.5  4.029164e-01
28592.1  4.048596e-01
28605.6  4.062352e-01
28619.1  4.073944e-01
28632.6  4.084740e-01
28646.1  4.095765e-01
28659.6  4.103556e-01
28673.1  4.107485e-01
28686.6  4.109928e-01
28700.2  4.111058e-01
28713.7  4.111383e-01
28727.2  4.110855e-01
28740.7  4.109521e-01
28754.2  4.107671e-01
28767.7  4.105562e-01
28781.2  4.103215e-01
28794.7  4.100880e-01
28808.3  4.098427e-01
28821.8  4.096121e-01
28835.3  4.093949e-01
28848.8  4.091955e-01
28862.3  4.085501e-01
28875.8  4.084152e-01
28889.3  4.083137e-01
28902.8  4.082544e-01
28916.4  4.083142e-01
28929.9  4.088572e-01
28943.4  4.089659e-01
28956.9  4.090918e-01
28970.4  4.092190e-01
28983.9  4.093442e-01
28997.4  4.094589e-01
29010.9  4.094855e-01
29024.5  4.094893e-01
29038.0  4.094714e-01
29051.5  4.094445e-01
29065.0  4.093893e-01
29078.5  4.092998e-01
29092.0  4.091839e-01
29105.5  4.088096e-01
29119.0  4.085206e-01
29132.5  4.084044e-01
29146.1  4.082720e-01
29159.6  4.081234e-01
29173.1  4.079397e-01
29186.6  4.077481e-01
29200.1  4.075406e-01
29213.6  4.071559e-01
29227.1  4.067483e-01
29240.6  4.063196e-01
29254.2  4.058769e-01
29267.7  4.057706e-01
29281.2  4.054155e-01
29294.7  4.049435e-01
29308.2  4.043985e-01
29321.7  4.037828e-01
29335.2  4.031605e-01
29348.7  4.025248e-01
29362.3  4.018844e-01
29375.8  4.009606e-01
29389.3  4.001011e-01
29402.8  3.994606e-01
29416.3  3.988509e-01
29429.8  3.982415e-01
29443.3  3.981039e-01
29456.8  3.974808e-01
29470.4  3.968663e-01
29483.9  3.962472e-01
29497.4  3.956262e-01
29510.9  3.952847e-01
29524.4  3.945132e-01
29537.9  3.937508e-01
29551.4  3.930077e-01
29564.9  3.922764e-01
29578.5  3.915690e-01
29592.0  3.908854e-01
29605.5  3.902235e-01
29619.0  3.895910e-01
29632.5  3.889916e-01
29646.0  3.884264e-01
29659.5  3.878968e-01
29673.0  3.874207e-01
29686.6  3.869667e-01
29700.1  3.865528e-01
29713.6  3.862079e-01
29727.1  3.859038e-01
29740.6  3.856495e-01
29754.1  3.857986e-01
29767.6  3.861423e-01
29781.1  3.859729e-01
29794.7  3.858368e-01
29808.2  3.855854e-01
29821.7  3.852703e-01
29835.2  3.849736e-01
29848.7  3.846907e-01
29862.2  3.844087e-01
29875.7  3.841249e-01
29889.2  3.842175e-01
29902.8  3.839998e-01
29916.3  3.838815e-01
29929.8  3.837436e-01
29943.3  3.835876e-01
29956.8  3.833994e-01
29970.3  3.832032e-01
29983.8  3.829759e-01
29997.3  3.827238e-01
30010.9  3.822491e-01
30024.4  3.820274e-01
30037.9  3.814205e-01
30051.4  3.807759e-01
30064.9  3.803286e-01
30078.4  3.798566e-01
30091.9  3.791271e-01
30105.4  3.784903e-01
30118.9  3.780268e-01
30132.5  3.775386e-01
30146.0  3.770333e-01
30159.5  3.765152e-01
30173.0  3.759942e-01
30186.5  3.754587e-01
30200.0  3.749106e-01
30213.5  3.741681e-01
30227.0  3.734272e-01
30240.6  3.726791e-01
30254.1  3.719242e-01
30267.6  3.711607e-01
30281.1  3.703868e-01
30294.6  3.696167e-01
30308.1  3.690610e-01
30321.6  3.686485e-01
30335.1  3.682231e-01
30348.7  3.677877e-01
30362.2  3.674327e-01
30375.7  3.673170e-01
30389.2  3.668371e-01
30402.7  3.663955e-01
30416.2  3.661316e-01
30429.7  3.658549e-01
30443.2  3.655590e-01
30456.8  3.652451e-01
30470.3  3.649104e-01
30483.8  3.647062e-01
30497.3  3.645842e-01
30510.8  3.640937e-01
30524.3  3.635637e-01
30537.8  3.630335e-01
30551.3  3.624978e-01
30564.9  3.619510e-01
30578.4  3.614123e-01
30591.9  3.608779e-01
30605.4  3.605272e-01
30618.9  3.604370e-01
30632.4  3.603715e-01
30645.9  3.603281e-01
30659.4  3.607178e-01
30673.0  3.607420e-01
30686.5  3.610311e-01
30700.0  3.612328e-01
30713.5  3.610772e-01
30727.0  3.609413e-01
30740.5  3.608357e-01
30754.0  3.607620e-01
30767.5  3.607186e-01
30781.1  3.607010e-01
30794.6  3.607148e-01
30808.1  3.609690e-01
30821.6  3.613803e-01
30835.1  3.617976e-01
30848.6  3.622371e-01
30862.1  3.626815e-01
30875.6  3.631201e-01
30889.2  3.635524e-01
30902.7  3.640008e-01
30916.2  3.645319e-01
30929.7  3.650453e-01
30943.2  3.659841e-01
30956.7  3.664666e-01
30970.2  3.669275e-01
30983.7  3.673624e-01
30997.2  3.677828e-01
31010.8  3.680325e-01
31024.3  3.682321e-01
31037.8  3.684267e-01
31051.3  3.686197e-01
31064.8  3.688152e-01
31078.3  3.690216e-01
31091.8  3.692247e-01
31105.3  3.694843e-01
31118.9  3.698331e-01
31132.4  3.701917e-01
31145.9  3.705499e-01
31159.4  3.709014e-01
31172.9  3.712391e-01
31186.4  3.715269e-01
31199.9  3.717278e-01
31213.4  3.725715e-01
31227.0  3.727958e-01
31240.5  3.728327e-01
31254.0  3.725734e-01
31267.5  3.719756e-01
31281.0  3.709289e-01
31294.5  3.693426e-01
31308.0  3.670998e-01
31321.5  3.640051e-01
31335.1  3.601716e-01
31348.6  3.553798e-01
31362.1  3.496629e-01
31375.6  3.429343e-01
31389.1  3.351167e-01
31402.6  3.263642e-01
31416.1  3.165267e-01
31429.6  3.058337e-01
31443.2  2.942102e-01
31456.7  2.818518e-01
31470.2  2.689052e-01
31483.7  2.557142e-01
31497.2  2.420008e-01
31510.7  2.280664e-01
31524.2  2.142153e-01
31537.7  2.005554e-01
31551.3  1.871952e-01
31564.8  1.743102e-01
31578.3  1.619119e-01
31591.8  1.501343e-01
31605.3  1.389907e-01
31618.8  1.285100e-01
31632.3  1.187319e-01
31645.8  1.096315e-01
31659.4  1.012096e-01
31672.9  9.343723e-02
31686.4  8.628202e-02
31699.9  7.970121e-02
31713.4  7.371729e-02
31726.9  6.828863e-02
31740.4  6.329066e-02
31753.9  5.869857e-02
31767.5  5.449644e-02
31781.0  5.065973e-02
31794.5  4.714612e-02
31808.0  4.391989e-02
31821.5  4.096632e-02
31835.0  3.826240e-02
31848.5  3.578624e-02
31862.0  3.351422e-02
31875.5  3.142934e-02
31889.1  2.951641e-02
31902.6  2.775196e-02
31916.1  2.613063e-02
31929.6  2.463997e-02
31943.1  2.325954e-02
31956.6  2.198631e-02
31970.1  2.081031e-02
31983.6  1.973828e-02
31997.2  1.871973e-02
32010.7  1.777143e-02
32024.2  1.688909e-02
32037.7  1.607094e-02
32051.2  1.530707e-02
32064.7  1.458845e-02
32078.2  1.391273e-02
32091.7  1.327910e-02
32105.3  1.268849e-02
32118.8  1.213059e-02
32132.3  1.158642e-02
32145.8  1.109104e-02
32159.3  1.062403e-02
32172.8  1.017809e-02
32186.3  9.751354e-03
32199.8  9.343445e-03
32213.4  8.956320e-03
32226.9  8.585959e-03
32240.4  8.225748e-03
32253.9  7.885322e-03
32267.4  7.563680e-03
32280.9  7.255426e-03
32294.4  6.959748e-03
32307.9  6.668564e-03
32321.5  6.384273e-03
32335.0  6.109935e-03
32348.5  5.842327e-03
32362.0  5.582068e-03
32375.5  5.328388e-03
32389.0  5.083140e-03
32402.5  4.848072e-03
32416.0  4.620239e-03
32429.6  4.399448e-03
32443.1  4.184488e-03
32456.6  3.976831e-03
32470.1  3.776378e-03
32483.6  3.580714e-03
32497.1  3.387027e-03
32510.6  3.200204e-03
32524.1  3.022570e-03
32537.7  2.854001e-03
32551.2  2.694060e-03
32564.7  2.538660e-03
32578.2  2.385892e-03
32591.7  2.238999e-03
32605.2  2.098850e-03
32618.7  1.967617e-03
32632.2  1.845129e-03
32645.8  1.725597e-03
32659.3  1.608174e-03
32672.8  1.500606e-03
32686.3  1.400957e-03
32699.8  1.304806e-03
32713.3  1.214258e-03
32726.8  1.129938e-03
32740.3  1.048904e-03
32753.9  9.713236e-04
32767.4  9.020323e-04
32780.9  8.359272e-04
32794.4  7.717672e-04
32807.9  7.141979e-04
32821.4  6.609713e-04
32834.9  6.096636e-04
32848.4  5.614668e-04
32861.9  5.192075e-04
32875.5  4.808783e-04
32889.0  4.417272e-04
32902.5  4.049018e-04
32916.0  3.691958e-04
32929.5  3.359762e-04
32943.0  3.084889e-04
32956.5  2.842866e-04
32970.0  2.619292e-04
32983.6  2.410843e-04
32997.1  2.203803e-04
33010.6  1.989601e-04
33024.1  1.808147e-04
33037.6  1.669276e-04
33051.1  1.537559e-04
33064.6  1.376434e-04
33078.1  1.200458e-04
33091.7  1.085971e-04
33105.2  1.004645e-04
33118.7  8.879953e-05
33132.2  7.519895e-05
33145.7  6.585860e-05
33159.2  6.014207e-05
33172.7  5.396070e-05
33186.2  5.067458e-05
33199.8  4.904394e-05
33213.3  4.623911e-05
33226.8  4.254693e-05
33240.3  3.966772e-05
33253.8  3.873939e-05
33267.3  3.839731e-05
33280.8  3.482924e-05
33294.3  3.157578e-05
33307.9  3.002757e-05
33321.4  2.797849e-05
33334.9  2.446803e-05
33348.4  2.235292e-05
33361.9  2.408755e-05
33375.4  2.459915e-05
33388.9  2.320131e-05
33402.4  2.070040e-05
33416.0  1.797333e-05
33429.5  1.686725e-05
33443.0  1.747913e-05
33456.5  1.879439e-05
33470.0  1.590222e-05
33483.5  1.546339e-05
33497.0  1.664028e-05
33510.5  1.520544e-05
33524.1  1.609486e-05
33537.6  1.403564e-05
33551.1  1.228374e-05
33564.6  1.365158e-05
33578.1  1.379109e-05
33591.6  1.406672e-05
33605.1  1.448417e-05
33618.6  1.441473e-05
33632.2  1.366746e-05
33645.7  1.182233e-05
33659.2  1.281905e-05
33672.7  1.498531e-05
33686.2  1.232111e-05
33699.7  9.910727e-06
33713.2  1.096406e-05
33726.7  1.236957e-05
33740.2  1.357866e-05
33753.8  1.152182e-05
33767.3  1.073729e-05
33780.8  1.180280e-05
33794.3  1.134707e-05
33807.8  1.257318e-05
33821.3  1.384948e-05
33834.8  1.455161e-05
33848.3  1.376592e-05
33861.9  1.411627e-05
33875.4  9.451693e-06
33888.9  6.845439e-06
33902.4  1.022642e-05
33915.9  1.634901e-05
33929.4  1.821070e-05
33942.9  1.893148e-05
33956.4  1.989270e-05
33970.0  1.996657e-05
33983.5  2.039702e-05
33997.0  1.985798e-05
34010.5  1.938571e-05
34024.0  2.287789e-05
34037.5  2.506032e-05
34051.0  2.363768e-05
34064.5  2.265926e-05
34078.1  2.082087e-05
34091.6  1.948087e-05
34105.1  1.938132e-05
34118.6  2.037237e-05
34132.1  2.274659e-05
34145.6  2.372960e-05
34159.1  2.235246e-05
34172.6  2.090039e-05
34186.2  2.234934e-05
34199.7  2.503117e-05
34213.2  2.456354e-05
34226.7  2.188739e-05
34240.2  2.229157e-05
34253.7  2.575215e-05
34267.2  2.616454e-05
34280.7  2.554473e-05
34294.3  2.394152e-05
34307.8  2.197518e-05
34321.3  2.371582e-05
34334.8  2.687998e-05
34348.3  3.025095e-05
34361.8  3.391372e-05
34375.3  3.379996e-05
34388.8  3.096714e-05
34402.4  2.910157e-05
34415.9  2.863367e-05
34429.4  2.700385e-05
34442.9  2.704415e-05
34456.4  2.865315e-05
34469.9  3.040815e-05
34483.4  3.339342e-05
34496.9  3.536836e-05
34510.5  3.479877e-05
34524.0  3.182330e-05
34537.5  3.104229e-05
34551.0  3.466048e-05
34564.5  3.640572e-05
34578.0  3.729942e-05
34591.5  3.704627e-05
34605.0  3.431380e-05
34618.5  3.072525e-05
34632.1  2.608058e-05
34645.6  2.265135e-05
34659.1  2.170147e-05
34672.6  2.337806e-05
34686.1  2.472460e-05
34699.6  2.268137e-05
34713.1  2.231010e-05
34726.6  2.290660e-05
34740.2  2.217106e-05
34753.7  2.167991e-05
34767.2  2.178804e-05
34780.7  2.003940e-05
34794.2  1.757163e-05
34807.7  1.885618e-05
34821.2  2.349489e-05
34834.7  2.527073e-05
34848.3  2.515924e-05
34861.8  2.431384e-05
34875.3  2.361535e-05
34888.8  2.541052e-05
34902.3  2.752383e-05
34915.8  2.751086e-05
34929.3  2.323824e-05
34942.8  2.031906e-05
34956.4  2.085286e-05
34969.9  1.991866e-05
34983.4  2.014585e-05
34996.9  1.940578e-05
35010.4  1.683303e-05
35023.9  1.707337e-05
35037.4  1.686752e-05
35050.9  1.468578e-05
35064.5  1.222447e-05
35078.0  1.053308e-05
35091.5  1.114976e-05
35105.0  1.330290e-05
35118.5  1.342303e-05
35132.0  9.825679e-06
35145.5  5.317145e-06
35159.0  3.964680e-06
35172.6  2.215748e-06
35186.1  2.252114e-06
35199.6  3.074862e-06
35213.1  3.292463e-06
35226.6  3.054936e-06
35240.1  2.493582e-06
35253.6  1.442802e-06
35267.1  1.388606e-06
35280.7  3.102432e-06
35294.2  5.334805e-06
35307.7  3.741845e-06
35321.2  2.124499e-06
35334.7  1.965134e-06
35348.2  3.688119e-06
35361.7  3.205487e-06
35375.2  2.331488e-06
35388.8  1.751380e-06
35402.3  1.880010e-06
35415.8  2.544954e-06
35429.3  1.517996e-06
35442.8  3.388527e-07
35456.3  4.042829e-07
35469.8  1.989183e-06
35483.3  7.458484e-06
35496.8  9.154022e-06
35510.4  8.124558e-06
35523.9  5.179284e-06
35537.4  3.618719e-06
35550.9  4.986109e-06
35564.4  7.091500e-06
35577.9  7.615237e-06
35591.4  7.369014e-06
35604.9  7.434122e-06
35618.5  8.247614e-06
35632.0  1.006036e-05
35645.5  9.522726e-06
35659.0  9.320679e-06
35672.5  1.314054e-05
35686.0  1.435216e-05
35699.5  1.291075e-05
35713.0  1.403725e-05
35726.6  1.355244e-05
35740.1  1.254675e-05
35753.6  1.257298e-05
35767.1  1.307683e-05
35780.6  1.327511e-05
35794.1  1.317957e-05
35807.6  1.203614e-05
35821.1  1.423388e-05
35834.7  1.656514e-05
35848.2  1.767761e-05
35861.7  1.703407e-05
35875.2  1.525656e-05
35888.7  1.375351e-05
35902.2  1.364960e-05
35915.7  1.481664e-05
35929.2  1.861165e-05
35942.8  2.000700e-05
35956.3  2.078733e-05
35969.8  2.216620e-05
35983.3  1.952057e-05
35996.8  1.699481e-05
36010.3  1.757415e-05
36023.8  1.766008e-05
36037.3  1.618933e-05
36050.9  1.340803e-05
36064.4  1.118957e-05
36077.9  1.159372e-05
36091.4  1.360844e-05
36104.9  1.740647e-05
36118.4  2.143284e-05
36131.9  2.130876e-05
36145.4  2.118856e-05
36159.0  2.113593e-05
36172.5  2.049353e-05
36186.0  2.209755e-05
36199.5  2.342403e-05
36213.0  2.140091e-05
36226.5  2.046116e-05
36240.0  2.150838e-05
36253.5  2.158260e-05
36267.1  2.196950e-05
36280.6  2.612334e-05
36294.1  3.053255e-05
36307.6  3.188894e-05
36321.1  3.265982e-05
36334.6  3.196218e-05
36348.1  3.000940e-05
36361.6  2.993798e-05
36375.2  2.958872e-05
36388.7  2.903009e-05
36402.2  3.078137e-05
36415.7  3.105998e-05
36429.2  2.938973e-05
36442.7  3.026286e-05
36456.2  3.275797e-05
36469.7  3.357571e-05
36483.2  3.148616e-05
36496.8  2.804463e-05
36510.3  2.640628e-05
36523.8  2.622037e-05
36537.3  2.848889e-05
36550.8  3.250986e-05
36564.3  3.252116e-05
36577.8  3.123975e-05
36591.3  3.338426e-05
36604.9  3.552807e-05
36618.4  3.644393e-05
36631.9  3.801999e-05
36645.4  4.017643e-05
36658.9  4.220678e-05
36672.4  4.276902e-05
36685.9  4.233099e-05
36699.4  4.239842e-05
36713.0  4.235417e-05
36726.5  4.338623e-05
36740.0  4.493054e-05
36753.5  4.372576e-05
36767.0  4.089334e-05
36780.5  3.960223e-05
36794.0  3.871877e-05
36807.5  3.701234e-05
36821.1  3.500266e-05
36834.6  3.652203e-05
36848.1  4.139121e-05
36861.6  4.204518e-05
36875.1  4.052741e-05
36888.6  4.160594e-05
36902.1  4.005469e-05
36915.6  3.683359e-05
36929.2  3.819960e-05
36942.7  4.317528e-05
36956.2  4.857610e-05
36969.7  5.057866e-05
36983.2  4.661167e-05
36996.7  4.168803e-05
37010.2  3.887189e-05
37023.7  3.748897e-05
37037.3  3.944760e-05
37050.8  4.367549e-05
37064.3  4.560471e-05
37077.8  4.487923e-05
37091.3  4.309660e-05
37104.8  4.162971e-05
37118.3  4.046572e-05
37131.8  3.865960e-05
37145.4  3.677984e-05
37158.9  3.501856e-05
37172.4  3.327425e-05
37185.9  3.393653e-05
37199.4  3.694208e-05
37212.9  3.938187e-05
37226.4  4.087906e-05
37239.9  3.870041e-05
37253.5  3.384910e-05
37267.0  3.377735e-05
37280.5  3.870209e-05
37294.0  4.304014e-05
37307.5  4.473016e-05
37321.0  4.475429e-05
37334.5  4.412845e-05
37348.0  4.448121e-05
37361.5  4.472459e-05
37375.1  4.419054e-05
37388.6  4.368439e-05
37402.1  4.335888e-05
37415.6  4.404955e-05
37429.1  4.379146e-05
37442.6  4.122219e-05
37456.1  4.004951e-05
37469.6  4.157032e-05
37483.2  4.294936e-05
37496.7  4.312291e-05
37510.2  4.211161e-05
37523.7  4.079419e-05
37537.2  4.086300e-05
37550.7  4.097075e-05
37564.2  3.999358e-05
37577.7  3.934049e-05
37591.3  3.853091e-05
37604.8  3.691103e-05
37618.3  3.555161e-05
37631.8  3.458386e-05
37645.3  3.359574e-05
37658.8  3.258115e-05
37672.3  3.105113e-05
37685.8  3.068338e-05
37699.4  3.289877e-05
37712.9  3.408978e-05
37726.4  3.156476e-05
37739.9  2.893208e-05
37753.4  2.851744e-05
37766.9  2.905838e-05
37780.4  2.890714e-05
37793.9  2.904748e-05
37807.5  3.117622e-05
37821.0  3.322993e-05
37834.5  3.159415e-05
37848.0  2.904718e-05
37861.5  2.979509e-05
37875.0  3.133853e-05
37888.5  3.098523e-05
37902.0  3.093721e-05
37915.6  3.214703e-05
37929.1  3.256616e-05
37942.6  3.251546e-05
37956.1  3.240678e-05
37969.6  3.372641e-05
37983.1  3.380631e-05
37996.6  3.229089e-05
38010.1  3.143746e-05
38023.7  3.082742e-05
38037.2  3.134791e-05
38050.7  3.392850e-05
38064.2  3.321964e-05
38077.7  2.897242e-05
38091.2  2.887450e-05
38104.7  3.313657e-05
38118.2  3.624100e-05
38131.8  3.537452e-05
38145.3  3.185407e-05
38158.8  3.021277e-05
38172.3  3.132501e-05
38185.8  3.055159e-05
38199.3  2.692995e-05
38212.8  2.598287e-05
38226.3  2.830425e-05
38239.8  2.915426e-05
38253.4  2.791863e-05
38266.9  2.695792e-05
38280.4  2.691780e-05
38293.9  2.812974e-05
38307.4  2.821157e-05
38320.9  2.457665e-05
38334.4  2.176328e-05
38347.9  2.308273e-05
38361.5  2.461625e-05
38375.0  2.639165e-05
38388.5  2.920524e-05
38402.0  3.128634e-05
38415.5  3.324832e-05
38429.0  3.327304e-05
38442.5  3.120626e-05
38456.0  3.189616e-05
38469.6  3.487143e-05
38483.1  3.463726e-05
38496.6  3.069112e-05
38510.1  2.725043e-05
38523.6  2.564422e-05
38537.1  2.517441e-05
38550.6  2.540141e-05
38564.1  2.545792e-05
38577.7  2.559341e-05
38591.2  2.570446e-05
38604.7  2.279364e-05
38618.2  1.960356e-05
38631.7  2.159922e-05
38645.2  2.388801e-05
38658.7  2.427374e-05
38672.2  2.551062e-05
38685.8  2.693808e-05
38699.3  2.776728e-05
38712.8  2.813570e-05
38726.3  2.698675e-05
38739.8  2.340768e-05
38753.3  2.119423e-05
38766.8  2.272083e-05
38780.3  2.487084e-05
38793.9  2.351866e-05
38807.4  2.041301e-05
38820.9  2.011626e-05
38834.4  2.460101e-05
38847.9  2.827551e-05
38861.4  2.738331e-05
38874.9  2.460131e-05
38888.4  2.271825e-05
38902.0  2.179937e-05
38915.5  2.161319e-05
38929.0  2.183389e-05
38942.5  2.318485e-05
38956.0  2.616638e-05
38969.5  2.979858e-05
38983.0  2.983958e-05
38996.5  2.563315e-05
39010.1  2.331362e-05
39023.6  2.449616e-05
39037.1  2.509459e-05
39050.6  2.414990e-05
39064.1  2.324958e-05
39077.6  2.336368e-05
39091.1  2.422148e-05
39104.6  2.504235e-05
39118.2  2.494484e-05
39131.7  2.438471e-05
39145.2  2.373805e-05
39158.7  2.385677e-05
39172.2  2.638493e-05
39185.7  3.015648e-05
39199.2  3.125395e-05
39212.7  2.876593e-05
39226.2  2.509748e-05
39239.8  2.314655e-05
39253.3  2.371515e-05
39266.8  2.432052e-05
39280.3  2.396098e-05
39293.8  2.414020e-05
39307.3  2.528628e-05
39320.8  2.732666e-05
39334.3  2.805218e-05
39347.9  2.672656e-05
39361.4  2.603477e-05
39374.9  2.786836e-05
39388.4  2.976091e-05
39401.9  2.919130e-05
39415.4  2.775497e-05
39428.9  2.829743e-05
39442.4  2.977830e-05
39456.0  2.997618e-05
39469.5  3.033419e-05
39483.0  3.030503e-05
39496.5  2.938475e-05
39510.0  2.867646e-05
39523.5  2.798196e-05
39537.0  2.703279e-05
39550.5  2.651720e-05
39564.1  2.655218e-05
39577.6  2.639147e-05
39591.1  2.655856e-05
39604.6  2.637576e-05
39618.1  2.520801e-05
39631.6  2.564556e-05
39645.1  2.766430e-05
39658.6  2.829362e-05
39672.2  2.571931e-05
39685.7  2.290618e-05
39699.2  2.242917e-05
39712.7  2.321084e-05
39726.2  2.436765e-05
39739.7  2.547475e-05
39753.2  2.648122e-05
39766.7  2.765610e-05
39780.3  2.844811e-05
39793.8  2.769713e-05
39807.3  2.723449e-05
39820.8  3.066296e-05
39834.3  3.391658e-05
39847.8  3.133159e-05
39861.3  2.820611e-05
39874.8  2.641713e-05
39888.4  2.471540e-05
39901.9  2.357114e-05
39915.4  2.435910e-05
39928.9  2.691285e-05
39942.4  2.761381e-05
39955.9  2.624370e-05
39969.4  2.543359e-05
39982.9  2.551130e-05
39996.5  2.551360e-05
40010.0  2.443263e-05
40023.5  2.233245e-05
40037.0  2.047854e-05
40050.5  2.039145e-05
40064.0  2.163369e-05
40077.5  2.351340e-05
40091.0  2.520967e-05
40104.5  2.569666e-05
40118.1  2.483469e-05
40131.6  2.305743e-05
40145.1  2.090243e-05
40158.6  1.966494e-05
40172.1  2.080667e-05
40185.6  2.241554e-05
40199.1  2.362058e-05
40212.6  2.503509e-05
40226.2  2.682832e-05
40239.7  2.798484e-05
40253.2  2.714459e-05
40266.7  2.374324e-05
40280.2  1.901885e-05
40293.7  1.775760e-05
40307.2  1.726837e-05
40320.7  1.770165e-05
40334.3  1.996537e-05
40347.8  2.125964e-05
40361.3  2.183759e-05
40374.8  1.952361e-05
40388.3  1.585487e-05
40401.8  1.565460e-05
40415.3  1.724793e-05
40428.8  1.874436e-05
40442.4  1.897130e-05
40455.9  1.975335e-05
40469.4  2.048882e-05
40482.9  2.039297e-05
40496.4  1.924855e-05
40509.9  1.824504e-05
40523.4  1.710099e-05
40536.9  1.613331e-05
40550.5  1.553581e-05
40564.0  1.587592e-05
40577.5  1.601721e-05
40591.0  1.622098e-05
40604.5  1.667806e-05
40618.0  1.716620e-05
40631.5  1.651866e-05
40645.0  1.492332e-05
40658.6  1.458283e-05
40672.1  1.305514e-05
40685.6  1.302405e-05
40699.1  1.413961e-05
40712.6  1.654799e-05
40726.1  1.782204e-05
40739.6  1.487841e-05
40753.1  1.212706e-05
40766.7  1.073295e-05
40780.2  9.311439e-06
40793.7  9.694293e-06
40807.2  1.321472e-05
40820.7  1.808249e-05
40834.2  1.803588e-05
40847.7  1.565448e-05
40861.2  1.242157e-05
40874.8  9.651237e-06
40888.3  8.000176e-06
40901.8  9.560667e-06
40915.3  1.195481e-05
40928.8  1.386202e-05
40942.3  1.580153e-05
40955.8  1.820533e-05
40969.3  1.940954e-05
40982.8  1.638052e-05
40996.4  1.279485e-05
41009.9  1.119809e-05
41023.4  1.082391e-05
41036.9  1.077608e-05
41050.4  1.048496e-05
41063.9  9.945190e-06
41077.4  1.097405e-05
41090.9  1.237243e-05
41104.5  1.124812e-05
41118.0  7.335060e-06
41131.5  5.395866e-06
41145.0  6.242793e-06
41158.5  6.267226e-06
41172.0  5.278780e-06
41185.5  4.587785e-06
41199.0  4.895896e-06
41212.6  5.586038e-06
41226.1  4.055844e-06
41239.6  2.622387e-06
41253.1  2.679594e-06
41266.6  3.952466e-06
41280.1  6.276276e-06
41293.6  8.373176e-06
41307.1  6.797912e-06
41320.7  5.750921e-06
41334.2  6.213961e-06
41347.7  5.702562e-06
41361.2  3.944868e-06
41374.7  2.737760e-06
41388.2  3.090814e-06
41401.7  3.935792e-06
41415.2  5.316838e-06
41428.8  5.756333e-06
41442.3  4.609310e-06
41455.8  3.588804e-06
41469.3  3.682416e-06
41482.8  4.517676e-06
41496.3  5.556583e-06
41509.8  5.708716e-06
41523.3  5.803658e-06
41536.9  6.143685e-06
41550.4  6.061007e-06
41563.9  5.525432e-06
41577.4  4.918695e-06
41590.9  4.717002e-06
41604.4  4.031876e-06
41617.9  3.300715e-06
41631.4  3.126546e-06
41645.0  3.728866e-06
41658.5  3.939167e-06
41672.0  1.879536e-06
41685.5  4.150990e-08
41699.0  1.962280e-08
41712.5  1.131199e-06
41726.0  3.454597e-06
41739.5  4.717489e-06
41753.1  5.114663e-06
41766.6  4.731065e-06
41780.1  4.062715e-06
41793.6  3.729242e-06
41807.1  4.186189e-06
41820.6  4.002103e-06
41834.1  2.637807e-06
41847.6  4.355805e-07
41861.1  5.639650e-09
41874.7  5.414877e-09
41888.2  5.413801e-09
41901.7  5.412693e-09
41915.2  5.411507e-09
41928.7  5.410299e-09
41942.2  5.415254e-09
41955.7  6.268378e-08
41969.2  8.054287e-07
41982.8  7.211199e-07
41996.3  6.868603e-07
42009.8  8.998946e-07
42023.3  4.880650e-07
42036.8  5.385717e-08
42050.3  7.716410e-09
42063.8  7.330043e-07
42077.3  2.047476e-06
42090.9  2.477787e-06
42104.4  2.148282e-06
42117.9  1.605993e-06
42131.4  2.116766e-06
42144.9  3.391098e-06
42158.4  3.860135e-06
42171.9  2.001778e-06
42185.4  3.052245e-07
42199.0  8.436337e-09
42212.5  1.344488e-07
42226.0  3.114382e-06
42239.5  5.113754e-06
42253.0  6.092759e-06
42266.5  5.529152e-06
42280.0  4.056082e-06
42293.5  2.683813e-06
42307.1  1.920646e-06
42320.6  2.688675e-06
42334.1  4.112794e-06
42347.6  4.890225e-06
42361.1  4.010171e-06
42374.6  2.441766e-06
42388.1  1.414070e-06
42401.6  1.181287e-06
42415.2  1.326248e-07
42428.7  5.371679e-09
42442.2  5.370729e-09
42455.7  5.368960e-09
42469.2  5.367191e-09
42482.7  5.371339e-09
42496.2  5.369570e-09
42509.7  7.807155e-08
42523.3  1.909046e-08
42536.8  5.363977e-09
42550.3  5.362107e-09
42563.8  5.360242e-09
42577.3  5.358379e-09
42590.8  2.655639e-08
42604.3  8.135179e-07
42617.8  8.685309e-07
42631.4  1.277970e-08
42644.9  5.315950e-09
42658.4  5.304135e-09
42671.9  5.292333e-09
42685.4  5.280543e-09
42698.9  5.268765e-09
42712.4  5.252384e-09
42725.9  5.235614e-09
42739.5  5.218859e-09
42753.0  5.202121e-09
42766.5  2.548157e-08
42780.0  1.045269e-06
42793.5  4.014673e-06
42807.0  4.566697e-06
42820.5  7.542161e-07
42834.0  4.183272e-08
42847.5  5.224636e-09
42861.1  5.247539e-09
42874.6  2.882024e-08
42888.1  4.600898e-07
42901.6  1.697935e-06
42915.1  2.001835e-06
42928.6  3.883755e-08
42942.1  5.317982e-09
42955.6  5.321913e-09
42969.2  5.321075e-09
42982.7  5.320242e-09
42996.2  5.319412e-09
43009.7  5.317987e-09
43023.2  5.316331e-09
43036.7  5.314678e-09
43050.2  5.313027e-09
43063.7  5.311380e-09
43077.3  5.309735e-09
43090.8  5.308091e-09
43104.3  5.306436e-09
43117.8  5.304752e-09
43131.3  5.303070e-09
43144.8  5.301388e-09
43158.3  5.299705e-09
43171.8  5.298021e-09
43185.4  5.296336e-09
43198.9  5.294649e-09
43212.4  5.293104e-09
43225.9  5.291570e-09
43239.4  5.290032e-09
43252.9  5.288491e-09
43266.4  5.286945e-09
43279.9  8.414050e-09
43293.5  3.163265e-07
43307.0  1.403877e-08
43320.5  5.280562e-09
43334.0  5.278891e-09
43347.5  5.277212e-09
43361.0  5.275526e-09
43374.5  5.273832e-09
43388.0  5.272129e-09
43401.6  5.270415e-09
43415.1  1.315319e-07
43428.6  1.408176e-06
43442.1  5.961151e-07
43455.6  7.735961e-09
43469.1  5.267392e-09
43482.6  5.265564e-09
43496.1  6.951202e-09
43509.7  7.851233e-07
43523.2  3.935382e-06
43536.7  4.950710e-06
43550.2  4.311546e-06
43563.7  3.773810e-06
43577.2  4.337147e-06
43590.7  5.247054e-06
43604.2  5.724420e-06
43617.8  4.866239e-06
43631.3  3.660885e-06
43644.8  2.555196e-06
43658.3  1.749280e-06
43671.8  2.134431e-06
43685.3  2.495636e-06
43698.8  2.196494e-06
43712.3  8.300835e-07
43725.8  2.103424e-08
43739.4  5.232183e-09
43752.9  5.229990e-09
43766.4  5.227781e-09
43779.9  4.347121e-08
43793.4  9.178733e-07
43806.9  3.396190e-06
43820.4  3.293164e-06
43833.9  3.167710e-06
43847.5  2.941241e-06
43861.0  2.507117e-06
43874.5  1.544788e-06
43888.0  1.339870e-06
43901.5  1.615153e-06
43915.0  1.675170e-06
43928.5  1.320803e-06
43942.0  1.358630e-06
43955.6  2.401856e-06
43969.1  2.807809e-06
43982.6  2.430802e-06
43996.1  2.010013e-06
44009.6  2.440246e-06
44023.1  3.058694e-06
44036.6  3.483516e-06
44050.1  2.140050e-06
44063.7  2.953782e-07
44077.2  1.930671e-08
44090.7  1.015632e-08
44104.2  4.107005e-07
44117.7  2.811187e-07
44131.2  1.593541e-06
44144.7  7.708336e-07
44158.2  8.809262e-09
44171.8  5.175492e-09
44185.3  5.173367e-09
44198.8  5.171232e-09
44212.3  5.169111e-09
44225.8  4.402183e-08
44239.3  2.826973e-06
44252.8  2.034318e-06
44266.3  3.838800e-08
44279.9  1.423043e-08
44293.4  1.080502e-06
44306.9  2.540963e-06
44320.4  4.054994e-06
44333.9  5.359676e-06
44347.4  5.240951e-06
44360.9  3.412101e-06
44374.4  1.896249e-06
44388.0  1.978113e-06
44401.5  9.881046e-07
44415.0  6.461852e-08
44428.5  8.842185e-09
44442.0  6.638873e-07
44455.5  3.449678e-06
44469.0  5.746062e-06
44482.5  6.425912e-06
44496.1  7.814082e-06
44509.6  9.028673e-06
44523.1  9.509373e-06
44536.6  7.856415e-06
44550.1  6.591447e-06
44563.6  6.357699e-06
44577.1  6.765702e-06
44590.6  6.650531e-06
44604.1  6.040291e-06
44617.7  5.470526e-06
44631.2  4.245722e-06
44644.7  3.768863e-06
44658.2  5.046644e-06
44671.7  6.182573e-06
44685.2  5.876260e-06
44698.7  3.927665e-06
44712.2  3.977521e-06
44725.8  4.400118e-06
44739.3  5.121765e-06
44752.8  6.081305e-06
44766.3  6.904090e-06
44779.8  6.989765e-06
44793.3  8.000509e-06
44806.8  6.937607e-06
44820.3  7.200728e-06
44833.9  7.625867e-06
44847.4  7.983613e-06
44860.9  7.019681e-06
44874.4  6.781347e-06
44887.9  6.061659e-06
44901.4  5.286887e-06
44914.9  5.756334e-06
44928.4  7.083639e-06
44942.0  8.632819e-06
44955.5  8.662575e-06
44969.0  7.813082e-06
44982.5  7.070634e-06
44996.0  7.569463e-06
45009.5  7.722006e-06
45023.0  7.092101e-06
45036.5  6.214175e-06
45050.1  6.215193e-06
45063.6  6.935848e-06
45077.1  6.755493e-06
45090.6  6.605685e-06
45104.1  6.802399e-06
45117.6  6.908628e-06
45131.1  5.719121e-06
45144.6  3.912530e-06
45158.2  4.199672e-06
45171.7  5.177888e-06
45185.2  6.484529e-06
45198.7  7.224908e-06
45212.2  8.255494e-06
45225.7  9.101616e-06
45239.2  9.401417e-06
45252.7  7.045918e-06
45266.3  5.611430e-06
45279.8  4.922754e-06
45293.3  6.272267e-06
45306.8  7.454326e-06
45320.3  8.002901e-06
45333.8  8.677605e-06
45347.3  9.575561e-06
45360.8  1.033107e-05
45374.4  9.735369e-06
45387.9  9.020271e-06
45401.4  8.258456e-06
45414.9  7.360715e-06
45428.4  6.460532e-06
45441.9  6.126856e-06
45455.4  7.177373e-06
45468.9  8.891599e-06
45482.5  1.090842e-05
45496.0  1.252570e-05
45509.5  1.255266e-05
45523.0  1.101275e-05
45536.5  8.020379e-06
45550.0  5.022889e-06
45563.5  4.042027e-06
45577.0  4.771685e-06
45590.5  5.380914e-06
45604.1  6.175352e-06
45617.6  6.352311e-06
45631.1  4.938964e-06
45644.6  3.312934e-06
45658.1  2.469677e-06
45671.6  2.739501e-06
45685.1  3.458181e-06
45698.6  7.127568e-06
45712.2  7.992192e-06
45725.7  7.304443e-06
45739.2  5.747220e-06
45752.7  3.929838e-06
45766.2  2.354064e-06
45779.7  1.253680e-06
45793.2  2.583174e-06
45806.7  4.589992e-06
45820.3  7.013478e-06
45833.8  5.440710e-06
45847.3  3.667437e-06
45860.8  2.723684e-06
45874.3  3.103050e-06
45887.8  4.348085e-06
45901.3  5.653036e-06
45914.8  6.181786e-06
45928.4  6.169231e-06
45941.9  5.459932e-06
45955.4  2.061059e-06
45968.9  1.803145e-07
45982.4  5.075142e-09
45995.9  4.867177e-09
46009.4  4.863747e-09
46022.9  4.860282e-09
46036.5  4.856784e-09
46050.0  4.853256e-09
46063.5  4.849693e-09
46077.0  1.025233e-07
46090.5  1.588747e-06
46104.0  3.230727e-06
46117.5  5.342824e-06
46131.0  7.349204e-06
46144.6  7.166688e-06
46158.1  2.533129e-06
46171.6  3.667216e-07
46185.1  6.797394e-09
46198.6  4.817434e-09
46212.1  4.813553e-09
46225.6  4.809563e-09
46239.1  1.800480e-08
46252.7  1.927562e-07
46266.2  9.882958e-07
46279.7  1.734976e-06
46293.2  7.900166e-07
46306.7  4.759716e-08
46320.2  3.012921e-07
46333.7  1.352677e-06
46347.2  1.399932e-06
46360.8  1.119579e-06
46374.3  9.746036e-07
46387.8  1.456249e-06
46401.3  2.132869e-06
46414.8  3.457918e-06
46428.3  3.855743e-06
46441.8  3.783787e-06
46455.3  3.171257e-06
46468.8  3.249081e-06
46482.4  4.210081e-06
46495.9  5.919202e-06
46509.4  6.631837e-06
46522.9  6.485212e-06
46536.4  5.119339e-06
46549.9  3.231870e-06
46563.4  2.255334e-06
46576.9  2.304836e-06
46590.5  2.034037e-06
46604.0  1.308718e-06
46617.5  5.204828e-07
46631.0  3.067777e-06
46644.5  4.424508e-06
46658.0  3.161413e-06
46671.5  2.723733e-06
46685.0  2.765572e-06
46698.6  3.305299e-06
46712.1  4.025971e-06
46725.6  3.793603e-06
46739.1  3.347505e-06
46752.6  4.115666e-06
46766.1  4.906327e-06
46779.6  5.305356e-06
46793.1  7.123469e-06
46806.7  8.222011e-06
46820.2  8.221432e-06
46833.7  6.844485e-06
46847.2  3.537906e-06
46860.7  1.522481e-06
46874.2  1.611561e-06
46887.7  1.976591e-06
46901.2  2.288601e-06
46914.8  2.589518e-06
46928.3  3.229334e-06
46941.8  2.808977e-06
46955.3  3.372103e-06
46968.8  5.162912e-06
46982.3  7.380852e-06
46995.8  8.538713e-06
47009.3  8.558729e-06
47022.9  6.911251e-06
47036.4  5.549655e-06
47049.9  5.092207e-06
47063.4  6.062104e-06
47076.9  6.568478e-06
47090.4  6.808484e-06
47103.9  6.892806e-06
47117.4  7.193221e-06
47131.0  7.837093e-06
47144.5  7.402388e-06
47158.0  6.782889e-06
47171.5  6.275868e-06
47185.0  5.977739e-06
47198.5  5.347877e-06
47212.0  4.956826e-06
47225.5  5.489184e-06
47239.1  6.403035e-06
47252.6  6.643457e-06
47266.1  6.081585e-06
47279.6  5.687155e-06
47293.1  4.926067e-06
47306.6  3.892736e-06
47320.1  2.586131e-06
47333.6  3.998754e-06
47347.1  4.967873e-06
47360.7  6.260521e-06
47374.2  7.014841e-06
47387.7  6.018062e-06
47401.2  3.804021e-06
47414.7  2.484339e-06
47428.2  2.617649e-06
47441.7  3.053064e-06
47455.2  3.838938e-06
47468.8  4.368994e-06
47482.3  4.995215e-06
47495.8  5.713008e-06
47509.3  5.424256e-06
47522.8  4.938944e-06
47536.3  4.775307e-06
47549.8  5.584133e-06
47563.3  7.626351e-06
47576.9  8.860628e-06
47590.4  9.480442e-06
47603.9  8.646870e-06
47617.4  7.515293e-06
47630.9  6.589150e-06
47644.4  6.927470e-06
47657.9  8.147635e-06
47671.4  1.013048e-05
47685.0  1.064384e-05
47698.5  1.070758e-05
47712.0  9.543118e-06
47725.5  9.199706e-06
47739.0  9.245198e-06
47752.5  8.683463e-06
47766.0  8.530070e-06
47779.5  7.691137e-06
47793.1  6.782155e-06
47806.6  5.937491e-06
47820.1  5.598853e-06
47833.6  7.374472e-06
47847.1  8.125652e-06
47860.6  8.390963e-06
47874.1  7.019516e-06
47887.6  5.330770e-06
47901.2  4.557009e-06
47914.7  3.647352e-06
47928.2  2.951270e-06
47941.7  2.378096e-06
47955.2  1.882346e-06
47968.7  1.979524e-06
47982.2  2.512918e-06
47995.7  3.271307e-06
48009.3  3.608270e-06
48022.8  2.769130e-06
48036.3  1.565947e-06
48049.8  7.790581e-07
48063.3  1.003852e-06
48076.8  1.346418e-06
48090.3  1.933470e-06
48103.8  2.704499e-06
48117.4  3.699884e-06
48130.9  4.306467e-06
48144.4  4.387894e-06
48157.9  3.717346e-06
48171.4  3.130378e-06
48184.9  2.666334e-06
48198.4  2.532926e-06
48211.9  2.015549e-06
48225.5  1.292079e-06
48239.0  5.006254e-08
48252.5  4.760933e-09
48266.0  3.714833e-08
48279.5  1.191178e-07
48293.0  6.457720e-08
48306.5  6.239422e-08
48320.0  2.644152e-06
48333.5  3.569600e-06
48347.1  3.842448e-06
48360.6  3.207433e-06
48374.1  3.079215e-06
48387.6  3.023194e-06
48401.1  2.742923e-06
48414.6  2.337515e-06
48428.1  1.851130e-06
48441.6  2.608126e-06
48455.2  4.178286e-06
48468.7  5.386930e-06
48482.2  5.960095e-06
48495.7  5.410041e-06
48509.2  4.959004e-06
48522.7  5.599185e-06
48536.2  7.035543e-06
48549.7  8.557513e-06
48563.3  9.082342e-06
48576.8  7.915615e-06
48590.3  6.854045e-06
48603.8  5.372630e-06
48617.3  5.019234e-06
48630.8  5.633683e-06
48644.3  7.747347e-06
48657.8  1.099366e-05
48671.4  1.062538e-05
48684.9  9.970913e-06
48698.4  9.003466e-06
48711.9  8.345261e-06
48725.4  8.116590e-06
48738.9  6.122926e-06
48752.4  4.701889e-06
48765.9  3.386506e-06
48779.5  2.713756e-06
48793.0  2.378091e-06
48806.5  1.756408e-06
48820.0  1.310833e-06
48833.5  1.575834e-06
48847.0  2.050724e-06
48860.5  3.008816e-06
48874.0  3.399339e-06
48887.6  3.423777e-06
48901.1  3.651376e-06
48914.6  5.100976e-06
48928.1  5.050927e-06
48941.6  3.757145e-06
48955.1  2.203435e-06
48968.6  1.279285e-06
48982.1  1.138614e-06
48995.7  1.957331e-06
49009.2  2.896878e-06
49022.7  3.843210e-06
49036.2  5.340522e-06
49049.7  6.460491e-06
49063.2  5.099992e-06
49076.7  5.224776e-06
49090.2  4.872127e-06
49103.8  4.450162e-06
49117.3  4.002356e-06
49130.8  3.489796e-06
49144.3  3.096825e-06
49157.8  3.213133e-06
49171.3  3.630810e-06
49184.8  4.654226e-06
49198.3  5.129459e-06
49211.8  5.260802e-06
49225.4  4.405085e-06
49238.9  4.235599e-06
49252.4  3.537603e-06
49265.9  3.352224e-06
49279.4  3.636789e-06
49292.9  4.177575e-06
49306.4  4.867278e-06
49319.9  5.309528e-06
49333.5  5.623945e-06
49347.0  5.306825e-06
49360.5  5.283898e-06
49374.0  6.252532e-06
49387.5  6.940262e-06
49401.0  7.178881e-06
49414.5  5.545086e-06
49428.0  4.529945e-06
49441.6  4.090694e-06
49455.1  4.151326e-06
49468.6  5.019378e-06
49482.1  4.734289e-06
49495.6  4.633424e-06
49509.1  4.233479e-06
49522.6  4.273178e-06
49536.1  3.734352e-06
49549.7  2.288299e-06
49563.2  2.719354e-06
49576.7  3.523304e-06
49590.2  4.482135e-06
49603.7  4.594922e-06
49617.2  4.615113e-06
49630.7  4.514449e-06
49644.2  6.698620e-06
49657.8  7.681126e-06
49671.3  7.633532e-06
49684.8  7.576200e-06
49698.3  7.288850e-06
49711.8  7.077953e-06
49725.3  7.350330e-06
49738.8  8.104472e-06
49752.3  7.460461e-06
49765.9  6.848088e-06
49779.4  6.430729e-06
49792.9  6.699964e-06
49806.4  7.352354e-06
49819.9  7.545567e-06
49833.4  7.733846e-06
49846.9  8.005172e-06
49860.4  7.826699e-06
49874.0  7.744945e-06
49887.5  6.771322e-06
49901.0  6.413282e-06
49914.5  6.479737e-06
49928.0  7.651544e-06
49941.5  9.757310e-06
49955.0  1.178540e-05
49968.5  1.254882e-05
49982.1  1.333459e-05
49995.6  1.433480e-05
50009.1  1.380058e-05
50022.6  1.282023e-05
50036.1  1.023220e-05
50049.6  8.587074e-06
50063.1  7.710481e-06
50076.6  7.354331e-06
50090.1  7.445054e-06
50103.7  6.209077e-06
50117.2  6.440351e-06
50130.7  6.132869e-06
50144.2  5.671776e-06
50157.7  5.060795e-06
50171.2  5.139030e-06
50184.7  5.675651e-06
50198.2  5.975985e-06
50211.8  6.142030e-06
50225.3  5.205306e-06
50238.8  4.361864e-06
50252.3  4.495942e-06
50265.8  5.104129e-06
50279.3  6.538795e-06
50292.8  7.172300e-06
50306.3  6.593229e-06
50319.9  4.998392e-06
50333.4  4.278738e-06
50346.9  4.185473e-06
50360.4  3.884363e-06
50373.9  2.465678e-06
50387.4  2.154897e-06
50400.9  2.312125e-06
50414.4  2.706944e-06
50428.0  3.572156e-06
50441.5  4.371915e-06
50455.0  5.095984e-06
50468.5  5.481206e-06
50482.0  5.771341e-06
50495.5  5.319884e-06
50509.0  4.790391e-06
50522.5  3.868311e-06
50536.1  3.237698e-06
50549.6  2.912592e-06
50563.1  2.557708e-06
50576.6  2.194287e-06
50590.1  1.729832e-06
50603.6  1.311377e-06
50617.1  1.763329e-06
50630.6  2.599031e-06
50644.2  3.263190e-06
50657.7  3.728623e-06
50671.2  2.902091e-06
50684.7  1.853329e-06
50698.2  8.389153e-07
50711.7  4.949229e-07
50725.2  3.688468e-07
50738.7  5.309747e-07
50752.3  1.021604e-06
50765.8  1.429977e-06
50779.3  1.890113e-06
50792.8  1.873633e-06
50806.3  1.799317e-06
50819.8  1.490843e-06
50833.3  1.132671e-06
50846.8  7.236838e-07
50860.4  4.572174e-07
50873.9  2.855907e-07
50887.4  4.793217e-07
50900.9  1.399887e-06
50914.4  2.256436e-06
50927.9  3.114300e-06
50941.4  2.338239e-06
50954.9  1.202476e-06
50968.4  2.193973e-08
50982.0  2.674587e-09
50995.5  2.666278e-09
