# from http://www.stsci.edu/jwst/instruments/nircam/instrumentdesign/filters
# Retrieved March, 2023, dated Nov, 2022 (post-flight)
# Uses modA or modB  filters+DBS+QE+OTE (nrc_plus_ote)
# Units of transmission are PCE (photon to electron conversion efficiency)
# 
39982.9  0.000000e+00
39996.5  0.000000e+00
40010.0  1.858056e-05
40023.5  1.928969e-05
40037.0  1.878968e-05
40050.5  1.854944e-05
40064.0  1.849966e-05
40077.5  1.915047e-05
40091.0  1.987159e-05
40104.5  2.052601e-05
40118.1  2.104408e-05
40131.6  2.149782e-05
40145.1  2.070803e-05
40158.6  1.934870e-05
40172.1  1.863617e-05
40185.6  1.824451e-05
40199.1  1.857588e-05
40212.6  1.953398e-05
40226.2  2.065139e-05
40239.7  2.194745e-05
40253.2  2.381814e-05
40266.7  2.458262e-05
40280.2  2.307388e-05
40293.7  2.123958e-05
40307.2  2.135642e-05
40320.7  2.339166e-05
40334.3  2.681195e-05
40347.8  2.911279e-05
40361.3  2.816391e-05
40374.8  2.669687e-05
40388.3  2.782528e-05
40401.8  3.073559e-05
40415.3  3.391258e-05
40428.8  3.617399e-05
40442.4  3.889620e-05
40455.9  4.048585e-05
40469.4  4.199115e-05
40482.9  4.487304e-05
40496.4  4.747741e-05
40509.9  5.045607e-05
40523.4  5.528074e-05
40536.9  6.399388e-05
40550.5  7.299659e-05
40564.0  7.959686e-05
40577.5  8.552937e-05
40591.0  9.075622e-05
40604.5  9.548545e-05
40618.0  1.006941e-04
40631.5  1.084070e-04
40645.0  1.163945e-04
40658.6  1.224793e-04
40672.1  1.290631e-04
40685.6  1.378202e-04
40699.1  1.492693e-04
40712.6  1.621869e-04
40726.1  1.748442e-04
40739.6  1.882382e-04
40753.1  2.043715e-04
40766.7  2.229269e-04
40780.2  2.430081e-04
40793.7  2.637451e-04
40807.2  2.860111e-04
40820.7  3.117674e-04
40834.2  3.408433e-04
40847.7  3.729351e-04
40861.2  4.076311e-04
40874.8  4.448537e-04
40888.3  4.858080e-04
40901.8  5.327744e-04
40915.3  5.844020e-04
40928.8  6.403813e-04
40942.3  7.015697e-04
40955.8  7.685977e-04
40969.3  8.419902e-04
40982.8  9.230587e-04
40996.4  1.013526e-03
41009.9  1.112974e-03
41023.4  1.222028e-03
41036.9  1.342163e-03
41050.4  1.477330e-03
41063.9  1.630286e-03
41077.4  1.800860e-03
41090.9  1.990149e-03
41104.5  2.199409e-03
41118.0  2.431765e-03
41131.5  2.691679e-03
41145.0  2.984331e-03
41158.5  3.313367e-03
41172.0  3.682698e-03
41185.5  4.096262e-03
41199.0  4.561126e-03
41212.6  5.086232e-03
41226.1  5.679264e-03
41239.6  6.347966e-03
41253.1  7.104714e-03
41266.6  7.959115e-03
41280.1  8.926319e-03
41293.6  1.001875e-02
41307.1  1.126102e-02
41320.7  1.267482e-02
41334.2  1.427975e-02
41347.7  1.610571e-02
41361.2  1.819008e-02
41374.7  2.056843e-02
41388.2  2.327963e-02
41401.7  2.637860e-02
41415.2  2.991498e-02
41428.8  3.395516e-02
41442.3  3.857403e-02
41455.8  4.384564e-02
41469.3  4.985466e-02
41482.8  5.670157e-02
41496.3  6.447446e-02
41509.8  7.329432e-02
41523.3  8.324517e-02
41536.9  9.440603e-02
41550.4  1.069065e-01
41563.9  1.208082e-01
41577.4  1.361871e-01
41590.9  1.530070e-01
41604.4  1.712143e-01
41617.9  1.908116e-01
41631.4  2.117256e-01
41645.0  2.337734e-01
41658.5  2.566379e-01
41672.0  2.798512e-01
41685.5  3.033426e-01
41699.0  3.268615e-01
41712.5  3.501371e-01
41726.0  3.726459e-01
41739.5  3.937367e-01
41753.1  4.137923e-01
41766.6  4.325688e-01
41780.1  4.499954e-01
41793.6  4.658846e-01
41807.1  4.797610e-01
41820.6  4.922323e-01
41834.1  5.032914e-01
41847.6  5.130251e-01
41861.1  5.214705e-01
41874.7  5.283181e-01
41888.2  5.341891e-01
41901.7  5.391716e-01
41915.2  5.432903e-01
41928.7  5.466173e-01
41942.2  5.492201e-01
41955.7  5.513041e-01
41969.2  5.529502e-01
41982.8  5.542475e-01
41996.3  5.552502e-01
42009.8  5.559482e-01
42023.3  5.564795e-01
42036.8  5.568785e-01
42050.3  5.571995e-01
42063.8  5.573914e-01
42077.3  5.575164e-01
42090.9  5.576368e-01
42104.4  5.577278e-01
42117.9  5.577811e-01
42131.4  5.578432e-01
42144.9  5.579382e-01
42158.4  5.580269e-01
42171.9  5.581182e-01
42185.4  5.582435e-01
42199.0  5.584105e-01
42212.5  5.585504e-01
42226.0  5.587058e-01
42239.5  5.588860e-01
42253.0  5.590743e-01
42266.5  5.592236e-01
42280.0  5.593830e-01
42293.5  5.595492e-01
42307.1  5.596982e-01
42320.6  5.597922e-01
42334.1  5.599066e-01
42347.6  5.599996e-01
42361.1  5.600518e-01
42374.6  5.600727e-01
42388.1  5.601205e-01
42401.6  5.601307e-01
42415.2  5.601165e-01
42428.7  5.600800e-01
42442.2  5.600450e-01
42455.7  5.599380e-01
42469.2  5.597791e-01
42482.7  5.595781e-01
42496.2  5.593616e-01
42509.7  5.590338e-01
42523.3  5.586539e-01
42536.8  5.582333e-01
42550.3  5.577583e-01
42563.8  5.571511e-01
42577.3  5.564509e-01
42590.8  5.556605e-01
42604.3  5.547519e-01
42617.8  5.536650e-01
42631.4  5.523737e-01
42644.9  5.508715e-01
42658.4  5.490967e-01
42671.9  5.469975e-01
42685.4  5.444021e-01
42698.9  5.413172e-01
42712.4  5.378523e-01
42725.9  5.341614e-01
42739.5  5.307510e-01
42753.0  5.288352e-01
42766.5  5.288425e-01
42780.0  5.309138e-01
42793.5  5.351462e-01
42807.0  5.398994e-01
42820.5  5.437278e-01
42834.0  5.463301e-01
42847.5  5.475761e-01
42861.1  5.475915e-01
42874.6  5.472760e-01
42888.1  5.468061e-01
42901.6  5.463243e-01
42915.1  5.457972e-01
42928.6  5.452821e-01
42942.1  5.448140e-01
42955.6  5.443511e-01
42969.2  5.438709e-01
42982.7  5.434422e-01
42996.2  5.430243e-01
43009.7  5.426304e-01
43023.2  5.422495e-01
43036.7  5.418974e-01
43050.2  5.416142e-01
43063.7  5.413389e-01
43077.3  5.410740e-01
43090.8  5.409203e-01
43104.3  5.407885e-01
43117.8  5.406880e-01
43131.3  5.406258e-01
43144.8  5.406149e-01
43158.3  5.406355e-01
43171.8  5.407044e-01
43185.4  5.407475e-01
43198.9  5.408623e-01
43212.4  5.410239e-01
43225.9  5.411603e-01
43239.4  5.412937e-01
43252.9  5.415025e-01
43266.4  5.416616e-01
43279.9  5.417955e-01
43293.5  5.419328e-01
43307.0  5.420545e-01
43320.5  5.421659e-01
43334.0  5.421978e-01
43347.5  5.421799e-01
43361.0  5.421577e-01
43374.5  5.420285e-01
43388.0  5.418200e-01
43401.6  5.415652e-01
43415.1  5.412096e-01
43428.6  5.407588e-01
43442.1  5.402407e-01
43455.6  5.396104e-01
43469.1  5.389032e-01
43482.6  5.381360e-01
43496.1  5.372429e-01
43509.7  5.362910e-01
43523.2  5.352942e-01
43536.7  5.342205e-01
43550.2  5.330944e-01
43563.7  5.319421e-01
43577.2  5.307645e-01
43590.7  5.295647e-01
43604.2  5.283143e-01
43617.8  5.270751e-01
43631.3  5.258114e-01
43644.8  5.244959e-01
43658.3  5.231149e-01
43671.8  5.216602e-01
43685.3  5.200614e-01
43698.8  5.182942e-01
43712.3  5.162647e-01
43725.8  5.138705e-01
43739.4  5.110782e-01
43752.9  5.078301e-01
43766.4  5.037897e-01
43779.9  4.989468e-01
43793.4  4.933128e-01
43806.9  4.868280e-01
43820.4  4.787521e-01
43833.9  4.695783e-01
43847.5  4.592850e-01
43861.0  4.475748e-01
43874.5  4.340214e-01
43888.0  4.192758e-01
43901.5  4.034081e-01
43915.0  3.858089e-01
43928.5  3.668474e-01
43942.0  3.470968e-01
43955.6  3.267572e-01
43969.1  3.049861e-01
43982.6  2.831506e-01
43996.1  2.614666e-01
44009.6  2.398850e-01
44023.1  2.184711e-01
44036.6  1.979872e-01
44050.1  1.785843e-01
44063.7  1.600471e-01
44077.2  1.428058e-01
44090.7  1.270086e-01
44104.2  1.125983e-01
44117.7  9.947745e-02
44131.2  8.774724e-02
44144.7  7.729330e-02
44158.2  6.800603e-02
44171.8  5.980514e-02
44185.3  5.258581e-02
44198.8  4.624073e-02
44212.3  4.069525e-02
44225.8  3.583733e-02
44239.3  3.158271e-02
44252.8  2.786682e-02
44266.3  2.462615e-02
44279.9  2.178798e-02
44293.4  1.929987e-02
44306.9  1.713048e-02
44320.4  1.522660e-02
44333.9  1.355144e-02
44347.4  1.207826e-02
44360.9  1.078326e-02
44374.4  9.640232e-03
44388.0  8.631374e-03
44401.5  7.742378e-03
44415.0  6.952700e-03
44428.5  6.250903e-03
44442.0  5.629739e-03
44455.5  5.076670e-03
44469.0  4.583918e-03
44482.5  4.145813e-03
44496.1  3.756787e-03
44509.6  3.405782e-03
44523.1  3.089106e-03
44536.6  2.806256e-03
44550.1  2.553310e-03
44563.6  2.325143e-03
44577.1  2.118317e-03
44590.6  1.932983e-03
44604.1  1.766249e-03
44617.7  1.616205e-03
44631.2  1.480249e-03
44644.7  1.357141e-03
44658.2  1.245494e-03
44671.7  1.144466e-03
44685.2  1.051783e-03
44698.7  9.671550e-04
44712.2  8.902787e-04
44725.8  8.202262e-04
44739.3  7.561859e-04
44752.8  6.976569e-04
44766.3  6.447763e-04
44779.8  5.956294e-04
44793.3  5.502458e-04
44806.8  5.088664e-04
44820.3  4.717156e-04
44833.9  4.372855e-04
44847.4  4.047522e-04
44860.9  3.756094e-04
44874.4  3.498442e-04
44887.9  3.272067e-04
44901.4  3.047186e-04
44914.9  2.824665e-04
44928.4  2.608732e-04
44942.0  2.402686e-04
44955.5  2.223531e-04
44969.0  2.073201e-04
44982.5  1.964783e-04
44996.0  1.861693e-04
45009.5  1.751728e-04
45023.0  1.627843e-04
45036.5  1.529762e-04
45050.1  1.448394e-04
45063.6  1.383065e-04
45077.1  1.298396e-04
45090.6  1.222282e-04
45104.1  1.154932e-04
45117.6  1.095020e-04
45131.1  1.029228e-04
45144.6  9.648055e-05
45158.2  9.111016e-05
45171.7  8.685342e-05
45185.2  8.313809e-05
45198.7  7.980695e-05
45212.2  7.687649e-05
45225.7  7.339825e-05
45239.2  6.900269e-05
45252.7  6.370502e-05
45266.3  5.908312e-05
45279.8  5.516889e-05
45293.3  5.121833e-05
45306.8  4.776882e-05
45320.3  4.492329e-05
45333.8  4.168811e-05
45347.3  3.670652e-05
45360.8  3.134871e-05
45374.4  2.753250e-05
45387.9  2.680750e-05
45401.4  2.713024e-05
45414.9  2.685960e-05
45428.4  2.582639e-05
45441.9  2.464706e-05
45455.4  2.366274e-05
45468.9  2.168437e-05
45482.5  2.093425e-05
45496.0  2.004904e-05
45509.5  0.000000e+00
45523.0  0.000000e+00
