# from http://www.stsci.edu/jwst/instruments/nircam/instrumentdesign/filters
# Retrieved Jan 18, 2017, dated Feb 5, 2016 (pre-flight)
# Uses modA or modB  filters+DBS+QE+OTE (nrc_plus_ote)
# Units of transmission are PCE (photon to electron conversion efficiency)
# 
5501.5  2.151780e-09
5511.5  3.071955e-09
5521.5  3.799008e-09
5531.5  4.702328e-09
5541.5  4.577575e-09
5551.5  4.857516e-09
5561.5  5.061248e-09
5571.5  4.879856e-09
5581.5  3.318723e-09
5591.5  1.804494e-09
5601.5  1.943377e-09
5611.5  2.770024e-09
5621.5  2.851388e-09
5631.5  2.871676e-09
5641.5  3.446050e-09
5651.5  4.447550e-09
5661.5  6.539267e-09
5671.5  7.435775e-09
5681.5  9.902694e-09
5691.5  9.583405e-09
5701.5  1.108410e-08
5711.5  1.099263e-08
5721.5  1.252177e-08
5731.5  1.154639e-08
5741.5  9.296661e-09
5751.5  8.084035e-09
5761.5  8.944759e-09
5771.5  1.049221e-08
5781.5  1.046589e-08
5791.5  1.080316e-08
5801.5  1.317730e-08
5811.5  1.701014e-08
5821.5  1.933525e-08
5831.5  2.169072e-08
5841.5  2.090842e-08
5851.5  1.988732e-08
5861.5  1.857470e-08
5871.5  2.383551e-08
5881.5  3.014788e-08
5891.5  3.347251e-08
5901.5  3.693785e-08
5911.5  4.158805e-08
5921.5  4.802298e-08
5931.5  5.253102e-08
5941.5  6.649570e-08
5951.5  7.910891e-08
5961.5  9.901334e-08
5971.5  1.780081e-07
5981.5  4.843623e-07
5991.5  1.809647e-06
6001.5  6.117120e-06
6011.5  2.308988e-05
6021.5  1.223133e-04
6031.5  5.112643e-04
6041.5  2.023318e-03
6051.5  6.740060e-03
6061.5  1.622550e-02
6071.5  3.050898e-02
6081.5  4.677961e-02
6091.5  6.109593e-02
6101.5  7.115539e-02
6111.5  7.685725e-02
6121.5  8.082767e-02
6131.5  8.492042e-02
6141.5  9.028105e-02
6151.5  9.651849e-02
6161.5  1.029227e-01
6171.5  1.088691e-01
6181.5  1.140547e-01
6191.5  1.186184e-01
6201.5  1.224985e-01
6211.5  1.250418e-01
6221.5  1.268634e-01
6231.5  1.280088e-01
6241.5  1.295388e-01
6251.5  1.311960e-01
6261.5  1.324273e-01
6271.5  1.336557e-01
6281.5  1.346542e-01
6291.5  1.352627e-01
6301.5  1.359422e-01
6311.5  1.366282e-01
6321.5  1.378318e-01
6331.5  1.400713e-01
6341.5  1.428132e-01
6351.5  1.454671e-01
6361.5  1.476993e-01
6371.5  1.491717e-01
6381.5  1.502304e-01
6391.5  1.513470e-01
6401.5  1.526820e-01
6411.5  1.546539e-01
6421.5  1.566727e-01
6431.5  1.582032e-01
6441.5  1.590311e-01
6451.5  1.594844e-01
6461.5  1.600946e-01
6471.5  1.611792e-01
6481.5  1.629580e-01
6491.5  1.650134e-01
6501.5  1.673778e-01
6511.5  1.692546e-01
6521.5  1.704386e-01
6531.5  1.709366e-01
6541.5  1.706953e-01
6551.5  1.698439e-01
6561.5  1.690392e-01
6571.5  1.680667e-01
6581.5  1.673392e-01
6591.5  1.670681e-01
6601.5  1.673896e-01
6611.5  1.680177e-01
6621.5  1.695939e-01
6631.5  1.719580e-01
6641.5  1.746691e-01
6651.5  1.768564e-01
6661.5  1.781340e-01
6671.5  1.783097e-01
6681.5  1.783233e-01
6691.5  1.787166e-01
6701.5  1.791596e-01
6711.5  1.796222e-01
6721.5  1.801036e-01
6731.5  1.809935e-01
6741.5  1.816303e-01
6751.5  1.819872e-01
6761.5  1.825502e-01
6771.5  1.833557e-01
6781.5  1.841934e-01
6791.5  1.857260e-01
6801.5  1.875990e-01
6811.5  1.889114e-01
6821.5  1.894541e-01
6831.5  1.894899e-01
6841.5  1.900942e-01
6851.5  1.906769e-01
6861.5  1.917368e-01
6871.5  1.927704e-01
6881.5  1.943045e-01
6891.5  1.962921e-01
6901.5  1.977386e-01
6911.5  1.978856e-01
6921.5  1.964933e-01
6931.5  1.938180e-01
6941.5  1.904563e-01
6951.5  1.870403e-01
6961.5  1.848759e-01
6971.5  1.846063e-01
6981.5  1.862574e-01
6991.5  1.895302e-01
7001.5  1.935219e-01
7011.5  1.977184e-01
7021.5  2.004296e-01
7031.5  2.024800e-01
7041.5  2.035828e-01
7051.5  2.037515e-01
7061.5  2.044138e-01
7071.5  2.052030e-01
7081.5  2.068726e-01
7091.5  2.086709e-01
7101.5  2.088168e-01
7111.5  2.077619e-01
7121.5  2.052609e-01
7131.5  2.030915e-01
7141.5  2.023029e-01
7151.5  2.030670e-01
7161.5  2.037229e-01
7171.5  2.029745e-01
7181.5  2.002979e-01
7191.5  1.965026e-01
7201.5  1.934108e-01
7211.5  1.927132e-01
7221.5  1.954736e-01
7231.5  2.010277e-01
7241.5  2.077130e-01
7251.5  2.143179e-01
7261.5  2.199987e-01
7271.5  2.241521e-01
7281.5  2.267101e-01
7291.5  2.284252e-01
7301.5  2.290521e-01
7311.5  2.277317e-01
7321.5  2.253498e-01
7331.5  2.220315e-01
7341.5  2.182269e-01
7351.5  2.150728e-01
7361.5  2.131219e-01
7371.5  2.125606e-01
7381.5  2.134923e-01
7391.5  2.149243e-01
7401.5  2.156851e-01
7411.5  2.162068e-01
7421.5  2.169810e-01
7431.5  2.194763e-01
7441.5  2.238577e-01
7451.5  2.290275e-01
7461.5  2.333522e-01
7471.5  2.372888e-01
7481.5  2.397966e-01
7491.5  2.420489e-01
7501.5  2.433434e-01
7511.5  2.438625e-01
7521.5  2.429391e-01
7531.5  2.396469e-01
7541.5  2.352186e-01
7551.5  2.302527e-01
7561.5  2.266085e-01
7571.5  2.251847e-01
7581.5  2.256284e-01
7591.5  2.260310e-01
7601.5  2.262770e-01
7611.5  2.263893e-01
7621.5  2.271849e-01
7631.5  2.303386e-01
7641.5  2.351831e-01
7651.5  2.411879e-01
7661.5  2.465160e-01
7671.5  2.503404e-01
7681.5  2.516023e-01
7691.5  2.513742e-01
7701.5  2.503152e-01
7711.5  2.485868e-01
7721.5  2.469211e-01
7731.5  2.444363e-01
7741.5  2.421252e-01
7751.5  2.398699e-01
7761.5  2.380353e-01
7771.5  2.345515e-01
7781.5  2.272624e-01
7791.5  2.143527e-01
7801.5  1.952584e-01
7811.5  1.704096e-01
7821.5  1.416279e-01
7831.5  1.118191e-01
7841.5  8.407072e-02
7851.5  6.039650e-02
7861.5  4.165101e-02
7871.5  2.791394e-02
7881.5  1.854227e-02
7891.5  1.240911e-02
7901.5  8.595470e-03
7911.5  6.021107e-03
7921.5  4.298859e-03
7931.5  3.006176e-03
7941.5  2.126105e-03
7951.5  1.530193e-03
7961.5  1.109119e-03
7971.5  8.068054e-04
7981.5  5.879946e-04
7991.5  4.321641e-04
8001.5  3.206561e-04
8011.5  2.386483e-04
8021.5  1.784365e-04
8031.5  1.347084e-04
8041.5  1.032971e-04
8051.5  8.054601e-05
8061.5  6.407774e-05
8071.5  5.186474e-05
8081.5  4.265283e-05
8091.5  3.544945e-05
8101.5  2.964432e-05
8111.5  2.490553e-05
8121.5  2.150635e-05
8131.5  1.908529e-05
8141.5  1.735140e-05
8151.5  1.585433e-05
8161.5  1.470864e-05
8171.5  1.369793e-05
8181.5  1.295463e-05
8191.5  1.220568e-05
8201.5  1.159917e-05
8211.5  1.099822e-05
8221.5  1.065418e-05
8231.5  1.041538e-05
8241.5  1.032974e-05
8251.5  1.015910e-05
8261.5  1.003444e-05
8271.5  9.863409e-06
8281.5  9.801695e-06
8291.5  9.605703e-06
8301.5  9.285217e-06
8311.5  8.928763e-06
8321.5  8.821144e-06
8331.5  9.016296e-06
8341.5  9.213572e-06
8351.5  9.059282e-06
8361.5  8.394900e-06
8371.5  7.525327e-06
8381.5  6.740527e-06
8391.5  6.465190e-06
8401.5  6.719965e-06
8411.5  7.332156e-06
8421.5  7.896510e-06
8431.5  8.033076e-06
8441.5  7.879612e-06
8451.5  7.292258e-06
8461.5  6.679629e-06
8471.5  5.856361e-06
8481.5  5.258547e-06
8491.5  4.838847e-06
8501.5  5.004231e-06
8511.5  5.709016e-06
8521.5  6.563181e-06
8531.5  6.953827e-06
8541.5  6.405050e-06
8551.5  5.315513e-06
8561.5  4.267055e-06
8571.5  4.148942e-06
8581.5  4.674524e-06
8591.5  5.376359e-06
8601.5  5.765815e-06
8611.5  5.384282e-06
8621.5  4.672753e-06
8631.5  4.193495e-06
8641.5  4.076850e-06
8651.5  4.332809e-06
8661.5  3.967111e-06
8671.5  3.237125e-06
8681.5  2.308357e-06
8691.5  1.461614e-06
8701.5  1.375409e-06
8711.5  1.580583e-06
8721.5  2.452365e-06
8731.5  3.003495e-06
8741.5  2.960084e-06
8751.5  1.962378e-06
8761.5  9.774182e-07
8771.5  5.884512e-07
8781.5  7.122931e-07
8791.5  1.069910e-06
8801.5  1.388152e-06
8811.5  1.815743e-06
8821.5  1.563912e-06
8831.5  1.302479e-06
8841.5  1.079054e-06
8851.5  1.179591e-06
8861.5  1.041864e-06
8871.5  6.567135e-07
8881.5  3.477293e-07
8891.5  5.029302e-07
8901.5  5.666684e-07
8911.5  8.805298e-07
8921.5  8.833169e-07
8931.5  9.417220e-07
8941.5  6.088293e-07
8951.5  1.302167e-06
8961.5  2.131487e-06
8971.5  7.078985e-06
8981.5  1.071381e-05
8991.5  1.404143e-05
9001.5  1.298991e-05
9011.5  1.234809e-05
9021.5  1.243628e-05
9031.5  1.212991e-05
9041.5  1.195917e-05
9051.5  1.118619e-05
9061.5  1.226398e-05
9071.5  1.315569e-05
9081.5  1.342007e-05
9091.5  1.244718e-05
9101.5  1.123612e-05
9111.5  1.122619e-05
9121.5  1.074355e-05
9131.5  1.042586e-05
9141.5  9.945210e-06
9151.5  1.018899e-05
9161.5  1.010183e-05
9171.5  9.872288e-06
9181.5  9.647567e-06
9191.5  9.299927e-06
9201.5  8.822343e-06
9211.5  8.908320e-06
9221.5  9.061865e-06
9231.5  8.943639e-06
9241.5  8.329661e-06
9251.5  7.664461e-06
9261.5  7.542142e-06
9271.5  7.442734e-06
9281.5  7.791439e-06
9291.5  7.574961e-06
9301.5  7.581328e-06
9311.5  7.324995e-06
9321.5  7.735181e-06
9331.5  7.911027e-06
9341.5  8.256587e-06
9351.5  7.977292e-06
9361.5  7.408305e-06
9371.5  7.284607e-06
9381.5  6.941218e-06
9391.5  6.780732e-06
9401.5  6.577573e-06
9411.5  6.567244e-06
9421.5  6.892647e-06
9431.5  6.490962e-06
9441.5  6.393604e-06
9451.5  6.182384e-06
9461.5  6.006696e-06
9471.5  6.143100e-06
9481.5  6.138717e-06
9491.5  6.295913e-06
9501.5  5.723889e-06
9511.5  5.691965e-06
9521.5  5.479609e-06
9531.5  5.806689e-06
9541.5  5.178162e-06
9551.5  5.169466e-06
9561.5  5.036338e-06
9571.5  5.322600e-06
9581.5  5.494696e-06
9591.5  5.512573e-06
9601.5  5.564746e-06
9611.5  5.234653e-06
9621.5  5.051537e-06
9631.5  4.912729e-06
9641.5  4.862847e-06
9651.5  5.083534e-06
9661.5  4.868553e-06
9671.5  4.765049e-06
9681.5  4.558522e-06
9691.5  4.603438e-06
9701.5  4.636212e-06
9711.5  4.622888e-06
9721.5  4.435436e-06
9731.5  4.235151e-06
9741.5  4.031713e-06
9751.5  4.059346e-06
9761.5  4.132890e-06
9771.5  4.269374e-06
9781.5  4.243967e-06
9791.5  4.095381e-06
9801.5  4.164607e-06
9811.5  4.431228e-06
9821.5  4.599216e-06
9831.5  4.525089e-06
9841.5  4.314601e-06
9851.5  4.272224e-06
9861.5  4.237900e-06
9871.5  4.034327e-06
9881.5  3.992235e-06
9891.5  3.937723e-06
9901.5  4.041481e-06
9911.5  3.930942e-06
9921.5  3.787533e-06
9931.5  3.659120e-06
9941.5  3.723393e-06
9951.5  3.631796e-06
9961.5  3.843040e-06
9971.5  3.881820e-06
9981.5  3.848110e-06
9991.5  3.665144e-06
10001.5  3.457384e-06
10011.5  3.524218e-06
10021.5  3.588760e-06
10031.5  3.640560e-06
10041.5  3.676767e-06
10051.5  3.665773e-06
10061.5  3.652989e-06
10071.5  3.636310e-06
10081.5  3.474243e-06
10091.5  3.601539e-06
10101.5  3.562557e-06
10111.5  3.740583e-06
10121.5  3.517130e-06
10131.5  3.541940e-06
10141.5  3.445069e-06
10151.5  3.357941e-06
10161.5  3.119372e-06
10171.5  2.891729e-06
10181.5  3.091022e-06
10191.5  3.338454e-06
10201.5  3.446497e-06
10211.5  3.564740e-06
10221.5  3.440863e-06
10231.5  3.387342e-06
10241.5  3.224220e-06
10251.5  3.181511e-06
10261.5  3.347038e-06
10271.5  3.316461e-06
10281.5  3.462429e-06
10291.5  3.305320e-06
10301.5  3.276005e-06
10311.5  3.145714e-06
10321.5  3.168627e-06
10331.5  2.975222e-06
10341.5  2.837932e-06
10351.5  2.788790e-06
10361.5  2.874048e-06
10371.5  3.007354e-06
10381.5  3.056104e-06
10391.5  3.270081e-06
10401.5  3.224565e-06
10411.5  3.143342e-06
10421.5  2.991135e-06
10431.5  3.100558e-06
10441.5  3.337091e-06
10451.5  3.292569e-06
10461.5  3.035736e-06
10471.5  2.744780e-06
10481.5  2.691121e-06
10491.5  2.841637e-06
10501.5  2.773099e-06
10511.5  3.016774e-06
10521.5  3.003783e-06
10531.5  3.094758e-06
10541.5  2.933495e-06
10551.5  2.995675e-06
10561.5  3.189634e-06
10571.5  3.140895e-06
10581.5  3.084236e-06
10591.5  2.842832e-06
10601.5  2.910875e-06
10611.5  2.862443e-06
10621.5  2.923566e-06
10631.5  3.021321e-06
10641.5  2.986751e-06
10651.5  3.096874e-06
10661.5  2.843020e-06
10671.5  2.843386e-06
10681.5  2.759319e-06
10691.5  2.821784e-06
10701.5  2.750378e-06
10711.5  2.683288e-06
10721.5  2.706059e-06
10731.5  2.776288e-06
10741.5  2.699725e-06
10751.5  2.523120e-06
10761.5  2.403471e-06
10771.5  2.582492e-06
10781.5  2.739861e-06
10791.5  2.956729e-06
10801.5  2.847565e-06
10811.5  3.051081e-06
10821.5  3.047176e-06
10831.5  2.961456e-06
10841.5  2.701269e-06
10851.5  2.714161e-06
10861.5  2.762150e-06
10871.5  2.724617e-06
10881.5  2.573394e-06
10891.5  2.756507e-06
10901.5  2.781895e-06
10911.5  2.803442e-06
10921.5  2.740101e-06
10931.5  2.821449e-06
10941.5  2.838838e-06
10951.5  2.701984e-06
10961.5  2.669334e-06
10971.5  2.502217e-06
10981.5  2.615702e-06
10991.5  2.517986e-06
11001.5  2.737055e-06
11011.5  2.684415e-06
11021.5  2.835569e-06
11031.5  2.868491e-06
11041.5  2.915616e-06
11051.5  2.914179e-06
11061.5  2.811635e-06
11071.5  2.715957e-06
11081.5  2.750947e-06
11091.5  2.755902e-06
11101.5  2.764748e-06
11111.5  2.691682e-06
11121.5  2.714273e-06
11131.5  2.800663e-06
11141.5  2.815593e-06
11151.5  2.948720e-06
11161.5  3.202229e-06
11171.5  3.439495e-06
11181.5  3.712718e-06
11191.5  3.804791e-06
11201.5  3.997406e-06
11211.5  4.084753e-06
11221.5  4.370764e-06
11231.5  4.383251e-06
11241.5  4.512713e-06
11251.5  4.617082e-06
11261.5  4.859599e-06
11271.5  5.030901e-06
11281.5  4.997972e-06
11291.5  5.048356e-06
11301.5  5.090189e-06
11311.5  5.162684e-06
11321.5  5.316772e-06
11331.5  5.392310e-06
11341.5  5.615864e-06
11351.5  5.476553e-06
11361.5  5.554907e-06
11371.5  5.280187e-06
11381.5  5.269709e-06
11391.5  5.120734e-06
11401.5  5.194826e-06
11411.5  5.248334e-06
11421.5  5.090462e-06
11431.5  5.065497e-06
11441.5  4.704863e-06
11451.5  4.599505e-06
11461.5  4.321569e-06
11471.5  4.339337e-06
11481.5  4.150301e-06
11491.5  4.060344e-06
11501.5  3.992355e-06
11511.5  3.810968e-06
11521.5  3.509996e-06
11531.5  3.350949e-06
11541.5  3.268508e-06
11551.5  3.251825e-06
11561.5  3.196758e-06
11571.5  3.257043e-06
11581.5  3.374674e-06
11591.5  3.341875e-06
11601.5  3.336207e-06
11611.5  3.143091e-06
11621.5  3.125430e-06
11631.5  2.929386e-06
11641.5  2.964673e-06
11651.5  2.902894e-06
11661.5  2.909986e-06
11671.5  2.786725e-06
11681.5  2.722033e-06
11691.5  2.629302e-06
11701.5  2.713534e-06
11711.5  2.652856e-06
11721.5  2.760503e-06
11731.5  2.836321e-06
11741.5  3.006240e-06
11751.5  2.993591e-06
11761.5  3.009132e-06
11771.5  2.880127e-06
11781.5  2.900414e-06
11791.5  2.810643e-06
11801.5  2.903965e-06
11811.5  2.974076e-06
11821.5  2.957050e-06
11831.5  3.011013e-06
11841.5  3.225898e-06
11851.5  3.283052e-06
11861.5  3.106957e-06
11871.5  2.981498e-06
11881.5  2.948402e-06
11891.5  3.033270e-06
11901.5  3.001692e-06
11911.5  3.055269e-06
11921.5  3.135960e-06
11931.5  2.976959e-06
11941.5  2.908831e-06
11951.5  2.903712e-06
11961.5  3.074866e-06
11971.5  3.138375e-06
11981.5  3.110743e-06
11991.5  3.026438e-06
12001.5  2.960320e-06
12011.5  3.076708e-06
12021.5  3.081487e-06
12031.5  3.141097e-06
12041.5  3.143078e-06
12051.5  3.275281e-06
12061.5  3.192040e-06
12071.5  3.149760e-06
12081.5  2.987834e-06
12091.5  3.113792e-06
12101.5  2.949839e-06
12111.5  3.006155e-06
12121.5  2.906687e-06
12131.5  3.052425e-06
12141.5  3.049491e-06
12151.5  3.095036e-06
12161.5  3.079891e-06
12171.5  3.147608e-06
12181.5  3.123339e-06
12191.5  3.088382e-06
12201.5  2.959764e-06
12211.5  2.925364e-06
12221.5  3.018021e-06
12231.5  2.961342e-06
12241.5  3.082757e-06
12251.5  2.979585e-06
12261.5  3.142826e-06
12271.5  3.109917e-06
12281.5  3.024403e-06
12291.5  2.914535e-06
12301.5  2.733535e-06
12311.5  2.701993e-06
12321.5  2.663626e-06
12331.5  2.639229e-06
12341.5  2.662204e-06
12351.5  2.576142e-06
12361.5  2.694070e-06
12371.5  2.656480e-06
12381.5  2.772048e-06
12391.5  2.697897e-06
12401.5  2.808764e-06
12411.5  2.812033e-06
12421.5  2.918566e-06
12431.5  2.896314e-06
12441.5  2.844094e-06
12451.5  2.849932e-06
12461.5  2.932621e-06
12471.5  3.122274e-06
12481.5  3.107557e-06
12491.5  3.083081e-06
12501.5  3.018231e-06
12511.5  3.170107e-06
12521.5  3.303948e-06
12531.5  3.433910e-06
12541.5  3.509954e-06
12551.5  3.569707e-06
12561.5  3.433026e-06
12571.5  3.502128e-06
12581.5  3.526448e-06
12591.5  3.808488e-06
12601.5  3.711811e-06
12611.5  3.789372e-06
12621.5  3.915332e-06
12631.5  4.055778e-06
12641.5  4.045771e-06
12651.5  3.847159e-06
12661.5  3.847951e-06
12671.5  3.873130e-06
12681.5  3.757984e-06
12691.5  3.635900e-06
12701.5  3.450778e-06
12711.5  3.413999e-06
12721.5  3.350173e-06
12731.5  3.304722e-06
12741.5  3.490282e-06
12751.5  3.540995e-06
12761.5  3.516240e-06
12771.5  3.337309e-06
12781.5  3.118993e-06
12791.5  3.013514e-06
12801.5  3.095351e-06
12811.5  3.210749e-06
12821.5  3.241919e-06
12831.5  3.178121e-06
12841.5  3.039088e-06
12851.5  3.034853e-06
12861.5  2.794326e-06
12871.5  2.879304e-06
12881.5  2.661016e-06
12891.5  2.866508e-06
12901.5  2.858859e-06
12911.5  2.996086e-06
12921.5  2.881823e-06
12931.5  2.932491e-06
12941.5  2.889299e-06
12951.5  2.883886e-06
12961.5  2.808140e-06
12971.5  2.877017e-06
12981.5  3.010819e-06
12991.5  3.178664e-06
13001.5  3.259347e-06
13011.5  3.289371e-06
13021.5  3.439799e-06
13031.5  3.435634e-06
13041.5  3.420234e-06
13051.5  3.386290e-06
13061.5  3.613377e-06
13071.5  3.815107e-06
13081.5  3.795919e-06
13091.5  4.040578e-06
13101.5  4.148305e-06
13111.5  4.317310e-06
13121.5  4.207069e-06
13131.5  4.202784e-06
13141.5  4.226642e-06
13151.5  4.269103e-06
13161.5  4.281807e-06
13171.5  4.386136e-06
13181.5  4.400506e-06
13191.5  4.390464e-06
13201.5  4.232058e-06
13211.5  4.179422e-06
13221.5  4.110638e-06
13231.5  4.055124e-06
13241.5  4.091419e-06
13251.5  4.036832e-06
13261.5  3.948183e-06
13271.5  3.817574e-06
13281.5  3.796126e-06
13291.5  3.665246e-06
13301.5  3.570364e-06
13311.5  3.431478e-06
13321.5  3.498891e-06
13331.5  3.277211e-06
13341.5  3.214289e-06
13351.5  3.195667e-06
13361.5  3.351118e-06
13371.5  3.494794e-06
13381.5  3.353468e-06
13391.5  3.336603e-06
13401.5  3.185731e-06
13411.5  3.172740e-06
13421.5  3.168642e-06
13431.5  3.127138e-06
13441.5  3.215870e-06
13451.5  3.059744e-06
13461.5  3.221342e-06
13471.5  3.236546e-06
13481.5  3.479005e-06
13491.5  3.461659e-06
13501.5  3.597851e-06
13511.5  3.457471e-06
13521.5  3.648725e-06
13531.5  3.476080e-06
13541.5  3.639781e-06
13551.5  3.487598e-06
13561.5  3.694561e-06
13571.5  3.702153e-06
13581.5  3.802116e-06
13591.5  3.719251e-06
13601.5  3.807687e-06
13611.5  3.782660e-06
13621.5  3.724785e-06
13631.5  3.866244e-06
13641.5  4.151976e-06
13651.5  4.587096e-06
13661.5  4.514451e-06
13671.5  4.410335e-06
13681.5  4.115740e-06
13691.5  4.108938e-06
13701.5  4.249248e-06
13711.5  4.603354e-06
13721.5  4.824157e-06
13731.5  4.702685e-06
13741.5  4.752347e-06
13751.5  4.973335e-06
13761.5  5.380003e-06
13771.5  5.185644e-06
13781.5  5.085803e-06
13791.5  4.954875e-06
13801.5  5.021139e-06
13811.5  5.193883e-06
13821.5  5.197262e-06
13831.5  5.330614e-06
13841.5  5.061097e-06
13851.5  4.919701e-06
13861.5  4.798299e-06
13871.5  4.743153e-06
13881.5  4.793547e-06
13891.5  4.682180e-06
13901.5  4.584767e-06
13911.5  4.452166e-06
13921.5  4.371544e-06
13931.5  4.290967e-06
13941.5  4.122399e-06
13951.5  4.130413e-06
13961.5  4.064766e-06
13971.5  4.144774e-06
13981.5  3.962878e-06
13991.5  3.991233e-06
14001.5  3.787706e-06
14011.5  3.834205e-06
14021.5  3.809427e-06
14031.5  3.883553e-06
14041.5  3.709794e-06
14051.5  3.623453e-06
14061.5  3.434691e-06
14071.5  3.440325e-06
14081.5  3.610668e-06
14091.5  3.574712e-06
14101.5  3.817779e-06
14111.5  3.552169e-06
14121.5  3.672400e-06
14131.5  3.639123e-06
14141.5  3.757884e-06
14151.5  3.761326e-06
14161.5  3.569031e-06
14171.5  3.474031e-06
14181.5  3.575010e-06
14191.5  3.843014e-06
14201.5  3.974650e-06
14211.5  3.714039e-06
14221.5  3.602246e-06
14231.5  3.519314e-06
14241.5  3.784590e-06
14251.5  3.580821e-06
14261.5  3.512022e-06
14271.5  3.309972e-06
14281.5  3.409163e-06
14291.5  3.495313e-06
14301.5  3.589213e-06
14311.5  3.577983e-06
14321.5  3.329745e-06
14331.5  3.467160e-06
14341.5  3.597663e-06
14351.5  3.889023e-06
14361.5  3.813856e-06
14371.5  3.772607e-06
14381.5  3.659458e-06
14391.5  3.786922e-06
14401.5  4.021806e-06
14411.5  4.092428e-06
14421.5  4.006980e-06
14431.5  3.679303e-06
14441.5  3.704510e-06
14451.5  3.748166e-06
14461.5  3.731036e-06
14471.5  3.610780e-06
14481.5  3.530769e-06
14491.5  3.396994e-06
14501.5  3.506574e-06
14511.5  3.403771e-06
14521.5  3.549194e-06
14531.5  3.533895e-06
14541.5  3.701981e-06
14551.5  3.784641e-06
14561.5  3.656337e-06
14571.5  3.610072e-06
14581.5  3.878808e-06
14591.5  4.026585e-06
14601.5  4.133281e-06
14611.5  3.949246e-06
14621.5  4.040326e-06
14631.5  3.767953e-06
14641.5  3.767498e-06
14651.5  3.728253e-06
14661.5  4.016538e-06
14671.5  3.971503e-06
14681.5  3.939884e-06
14691.5  3.935496e-06
14701.5  3.954861e-06
14711.5  3.915849e-06
14721.5  3.865036e-06
14731.5  3.828668e-06
14741.5  3.801694e-06
14751.5  3.856267e-06
14761.5  3.921801e-06
14771.5  4.107215e-06
14781.5  4.059797e-06
14791.5  3.966727e-06
14801.5  4.010780e-06
14811.5  3.826228e-06
14821.5  3.888512e-06
14831.5  3.727357e-06
14841.5  3.848994e-06
14851.5  3.739822e-06
14861.5  3.863596e-06
14871.5  3.972346e-06
14881.5  4.086371e-06
14891.5  3.996257e-06
14901.5  3.891912e-06
14911.5  4.009444e-06
14921.5  4.198380e-06
14931.5  4.422442e-06
14941.5  4.495165e-06
14951.5  4.461364e-06
14961.5  4.375336e-06
14971.5  4.328426e-06
14981.5  4.190742e-06
14991.5  3.996733e-06
15001.5  4.048054e-06
15011.5  3.989224e-06
15021.5  4.047140e-06
15031.5  3.931851e-06
15041.5  3.986697e-06
15051.5  4.141961e-06
15061.5  4.203867e-06
15071.5  4.225150e-06
15081.5  4.174064e-06
15091.5  4.195545e-06
15101.5  4.345812e-06
15111.5  4.379519e-06
15121.5  4.406345e-06
15131.5  4.342784e-06
15141.5  4.488373e-06
15151.5  4.491615e-06
15161.5  4.625627e-06
15171.5  4.517869e-06
15181.5  4.402122e-06
15191.5  4.305996e-06
15201.5  4.272371e-06
15211.5  4.466345e-06
15221.5  4.136911e-06
15231.5  4.176094e-06
15241.5  3.928575e-06
15251.5  4.262369e-06
15261.5  4.285191e-06
15271.5  4.539228e-06
15281.5  4.501695e-06
15291.5  4.433820e-06
15301.5  4.327218e-06
15311.5  4.266146e-06
15321.5  4.190576e-06
15331.5  4.191477e-06
15341.5  4.272478e-06
15351.5  4.212258e-06
15361.5  4.147906e-06
15371.5  4.038753e-06
15381.5  4.480161e-06
15391.5  4.565153e-06
15401.5  4.589932e-06
15411.5  4.310827e-06
15421.5  4.183754e-06
15431.5  4.388466e-06
15441.5  4.579812e-06
15451.5  4.699432e-06
15461.5  4.440996e-06
15471.5  4.194171e-06
15481.5  4.120943e-06
15491.5  4.367409e-06
15501.5  4.557975e-06
15511.5  4.722345e-06
15521.5  4.768087e-06
15531.5  4.807695e-06
15541.5  4.891851e-06
15551.5  4.680143e-06
15561.5  4.847821e-06
15571.5  4.728303e-06
15581.5  5.095983e-06
15591.5  4.884271e-06
15601.5  5.054604e-06
15611.5  5.173322e-06
15621.5  5.219814e-06
15631.5  5.264069e-06
15641.5  4.963696e-06
15651.5  4.834940e-06
15661.5  4.853405e-06
15671.5  4.718152e-06
15681.5  4.953982e-06
15691.5  4.845634e-06
15701.5  5.040055e-06
15711.5  4.893247e-06
15721.5  4.970901e-06
15731.5  4.851044e-06
15741.5  5.266109e-06
15751.5  5.303965e-06
15761.5  5.461980e-06
15771.5  5.085647e-06
15781.5  4.742355e-06
15791.5  4.639509e-06
15801.5  4.688187e-06
15811.5  4.981847e-06
15821.5  5.067204e-06
15831.5  5.008980e-06
15841.5  4.853631e-06
15851.5  4.595849e-06
15861.5  4.931824e-06
15871.5  4.887573e-06
15881.5  5.020588e-06
15891.5  4.871621e-06
15901.5  5.047051e-06
15911.5  5.229337e-06
15921.5  5.286236e-06
15931.5  5.209948e-06
15941.5  5.307450e-06
15951.5  5.124824e-06
15961.5  5.183334e-06
15971.5  4.944690e-06
15981.5  5.138307e-06
15991.5  5.167498e-06
16001.5  5.390267e-06
16011.5  5.295261e-06
16021.5  5.187445e-06
16031.5  5.328735e-06
16041.5  5.186362e-06
16051.5  5.491634e-06
16061.5  5.089344e-06
16071.5  5.485894e-06
16081.5  5.529119e-06
16091.5  5.816539e-06
16101.5  5.853654e-06
16111.5  5.849742e-06
16121.5  5.944722e-06
16131.5  5.754277e-06
16141.5  5.986758e-06
16151.5  6.038587e-06
16161.5  6.354188e-06
16171.5  6.290149e-06
16181.5  6.501353e-06
16191.5  6.403099e-06
16201.5  6.499395e-06
16211.5  6.391364e-06
16221.5  6.518903e-06
16231.5  6.654292e-06
16241.5  6.935309e-06
16251.5  7.151570e-06
16261.5  6.931447e-06
16271.5  6.570211e-06
16281.5  6.444513e-06
16291.5  6.351509e-06
16301.5  6.614168e-06
16311.5  6.325637e-06
16321.5  6.592714e-06
16331.5  6.588820e-06
16341.5  6.481083e-06
16351.5  6.269963e-06
16361.5  6.088678e-06
16371.5  6.360130e-06
16381.5  6.434010e-06
16391.5  6.643337e-06
16401.5  6.392594e-06
16411.5  6.091590e-06
16421.5  5.681083e-06
16431.5  5.737095e-06
16441.5  6.189126e-06
16451.5  6.504158e-06
16461.5  6.464150e-06
16471.5  6.214067e-06
16481.5  6.044368e-06
16491.5  6.294400e-06
16501.5  6.285505e-06
16511.5  6.354769e-06
16521.5  6.327009e-06
16531.5  6.339412e-06
16541.5  6.478429e-06
16551.5  6.566437e-06
16561.5  6.459099e-06
16571.5  6.161283e-06
16581.5  5.692937e-06
16591.5  5.787876e-06
16601.5  6.227295e-06
16611.5  6.684795e-06
16621.5  6.995169e-06
16631.5  6.787192e-06
16641.5  6.236290e-06
16651.5  6.046310e-06
16661.5  5.851265e-06
16671.5  6.310481e-06
16681.5  6.190147e-06
16691.5  6.270074e-06
16701.5  6.217912e-06
16711.5  6.361387e-06
16721.5  6.455701e-06
16731.5  6.443038e-06
16741.5  6.603508e-06
16751.5  6.838686e-06
16761.5  6.961191e-06
16771.5  6.651917e-06
16781.5  6.350976e-06
16791.5  6.103057e-06
16801.5  5.898208e-06
16811.5  6.017704e-06
16821.5  6.444575e-06
16831.5  6.779382e-06
16841.5  6.825456e-06
16851.5  6.748876e-06
16861.5  7.294291e-06
16871.5  7.248197e-06
16881.5  7.141283e-06
16891.5  6.669032e-06
16901.5  6.742101e-06
16911.5  6.498102e-06
16921.5  6.676741e-06
16931.5  6.957873e-06
16941.5  7.354050e-06
16951.5  7.059216e-06
16961.5  6.708315e-06
16971.5  6.718892e-06
16981.5  7.005837e-06
16991.5  6.841511e-06
17001.5  6.691586e-06
17011.5  6.528103e-06
17021.5  6.847123e-06
17031.5  6.921037e-06
17041.5  6.830130e-06
17051.5  6.880094e-06
17061.5  7.051776e-06
17071.5  6.800887e-06
17081.5  7.232290e-06
17091.5  7.181656e-06
17101.5  7.422028e-06
17111.5  6.732008e-06
17121.5  6.968169e-06
17131.5  7.346431e-06
17141.5  7.652846e-06
17151.5  7.563036e-06
17161.5  7.582970e-06
17171.5  7.199441e-06
17181.5  6.922149e-06
17191.5  6.816727e-06
17201.5  7.302539e-06
17211.5  7.325560e-06
17221.5  7.456235e-06
17231.5  7.057705e-06
17241.5  7.323248e-06
17251.5  7.361992e-06
17261.5  7.838432e-06
17271.5  8.070354e-06
17281.5  7.925603e-06
17291.5  7.601097e-06
17301.5  7.277604e-06
17311.5  7.219828e-06
17321.5  7.400142e-06
17331.5  7.589718e-06
17341.5  7.776448e-06
17351.5  7.959935e-06
17361.5  7.936815e-06
17371.5  8.081445e-06
17381.5  8.453371e-06
17391.5  8.325902e-06
17401.5  7.821690e-06
17411.5  7.191844e-06
17421.5  7.260208e-06
17431.5  7.685097e-06
17441.5  8.227193e-06
17451.5  8.493484e-06
17461.5  8.820595e-06
17471.5  8.295066e-06
17481.5  8.318301e-06
17491.5  8.099448e-06
17501.5  8.665171e-06
17511.5  8.493563e-06
17521.5  8.145977e-06
17531.5  8.079224e-06
17541.5  8.166657e-06
17551.5  8.443231e-06
17561.5  8.011622e-06
17571.5  7.933166e-06
17581.5  8.143126e-06
17591.5  8.600355e-06
17601.5  8.316629e-06
17611.5  8.683509e-06
17621.5  8.384933e-06
17631.5  8.794793e-06
17641.5  8.157793e-06
17651.5  8.227485e-06
17661.5  8.317694e-06
17671.5  8.865202e-06
17681.5  9.308755e-06
17691.5  9.385217e-06
17701.5  8.613549e-06
17711.5  8.426479e-06
17721.5  8.137702e-06
17731.5  8.662022e-06
17741.5  8.832941e-06
17751.5  8.928258e-06
17761.5  9.106288e-06
17771.5  8.640449e-06
17781.5  8.816686e-06
17791.5  8.633052e-06
17801.5  9.017733e-06
17811.5  8.468197e-06
17821.5  8.740871e-06
17831.5  8.626240e-06
17841.5  9.340154e-06
17851.5  9.159103e-06
17861.5  8.936222e-06
17871.5  9.257333e-06
17881.5  9.367373e-06
17891.5  9.786238e-06
17901.5  9.005328e-06
17911.5  8.984361e-06
17921.5  8.920303e-06
17931.5  9.282696e-06
17941.5  9.287366e-06
17951.5  9.598826e-06
17961.5  9.801037e-06
17971.5  9.980511e-06
17981.5  9.773040e-06
17991.5  9.433419e-06
18001.5  9.507022e-06
18011.5  1.006946e-05
18021.5  1.065356e-05
18031.5  1.065559e-05
18041.5  1.034305e-05
18051.5  1.024439e-05
18061.5  1.055472e-05
18071.5  1.081395e-05
18081.5  1.075771e-05
18091.5  1.045328e-05
18101.5  1.082903e-05
18111.5  1.109979e-05
18121.5  1.138410e-05
18131.5  1.141369e-05
18141.5  1.180168e-05
18151.5  1.230946e-05
18161.5  1.186110e-05
18171.5  1.157322e-05
18181.5  1.169512e-05
18191.5  1.271776e-05
18201.5  1.346775e-05
18211.5  1.282732e-05
18221.5  1.249775e-05
18231.5  1.184926e-05
18241.5  1.214974e-05
18251.5  1.260798e-05
18261.5  1.300650e-05
18271.5  1.312447e-05
18281.5  1.274153e-05
18291.5  1.279530e-05
18301.5  1.282176e-05
18311.5  1.320907e-05
18321.5  1.324626e-05
18331.5  1.386821e-05
18341.5  1.285017e-05
18351.5  1.301978e-05
18361.5  1.223680e-05
18371.5  1.273380e-05
18381.5  1.221520e-05
18391.5  1.256519e-05
18401.5  1.330332e-05
18411.5  1.392064e-05
18421.5  1.423649e-05
18431.5  1.357064e-05
18441.5  1.328092e-05
18451.5  1.269207e-05
18461.5  1.253617e-05
18471.5  1.216861e-05
18481.5  1.307087e-05
18491.5  1.340358e-05
18501.5  1.371178e-05
18511.5  1.263339e-05
18521.5  1.283087e-05
18531.5  1.271751e-05
18541.5  1.348427e-05
18551.5  1.310080e-05
18561.5  1.403315e-05
18571.5  1.370793e-05
18581.5  1.445054e-05
18591.5  1.381636e-05
18601.5  1.350400e-05
18611.5  1.306526e-05
18621.5  1.348835e-05
18631.5  1.417663e-05
18641.5  1.403855e-05
18651.5  1.331661e-05
18661.5  1.349695e-05
18671.5  1.275208e-05
18681.5  1.406056e-05
18691.5  1.351898e-05
18701.5  1.488185e-05
18711.5  1.413624e-05
18721.5  1.420715e-05
18731.5  1.367052e-05
18741.5  1.330202e-05
18751.5  1.342705e-05
18761.5  1.289443e-05
18771.5  1.323511e-05
18781.5  1.337897e-05
18791.5  1.351486e-05
18801.5  1.322596e-05
18811.5  1.307624e-05
18821.5  1.332873e-05
18831.5  1.340652e-05
18841.5  1.332335e-05
18851.5  1.323692e-05
18861.5  1.383072e-05
18871.5  1.369037e-05
18881.5  1.387472e-05
18891.5  1.378402e-05
18901.5  1.399989e-05
18911.5  1.460388e-05
18921.5  1.432051e-05
18931.5  1.512067e-05
18941.5  1.454800e-05
18951.5  1.414444e-05
18961.5  1.303740e-05
18971.5  1.310816e-05
18981.5  1.378203e-05
18991.5  1.439401e-05
19001.5  1.446122e-05
19011.5  1.393295e-05
19021.5  1.379239e-05
19031.5  1.371157e-05
19041.5  1.487180e-05
19051.5  1.523973e-05
19061.5  1.468704e-05
19071.5  1.436023e-05
19081.5  1.397900e-05
19091.5  1.508293e-05
19101.5  1.466564e-05
19111.5  1.453226e-05
19121.5  1.374912e-05
19131.5  1.305351e-05
19141.5  1.305373e-05
19151.5  1.322381e-05
19161.5  1.351046e-05
19171.5  1.417921e-05
19181.5  1.510589e-05
19191.5  1.577047e-05
19201.5  1.543786e-05
19211.5  1.481619e-05
19221.5  1.463058e-05
19231.5  1.513405e-05
19241.5  1.551970e-05
19251.5  1.569473e-05
19261.5  1.493428e-05
19271.5  1.493557e-05
19281.5  1.554885e-05
19291.5  1.691144e-05
19301.5  1.695546e-05
19311.5  1.669433e-05
19321.5  1.613353e-05
19331.5  1.602000e-05
19341.5  1.565369e-05
19351.5  1.518393e-05
19361.5  1.576515e-05
19371.5  1.574931e-05
19381.5  1.571875e-05
19391.5  1.573962e-05
19401.5  1.635363e-05
19411.5  1.793600e-05
19421.5  1.823637e-05
19431.5  1.810708e-05
19441.5  1.771129e-05
19451.5  1.767285e-05
19461.5  1.884622e-05
19471.5  1.868747e-05
19481.5  1.823174e-05
19491.5  1.767864e-05
19501.5  1.802649e-05
19511.5  1.873099e-05
19521.5  1.920724e-05
19531.5  1.829885e-05
19541.5  1.770008e-05
19551.5  1.639341e-05
19561.5  1.715594e-05
19571.5  1.789139e-05
19581.5  1.913295e-05
19591.5  1.863003e-05
19601.5  1.895409e-05
19611.5  1.827276e-05
19621.5  1.871849e-05
19631.5  1.812033e-05
19641.5  1.867770e-05
19651.5  1.852018e-05
19661.5  1.821407e-05
19671.5  1.774933e-05
19681.5  1.805813e-05
19691.5  1.831197e-05
19701.5  1.709553e-05
19711.5  1.643840e-05
19721.5  1.590668e-05
19731.5  1.684192e-05
19741.5  1.693213e-05
19751.5  1.727459e-05
19761.5  1.668290e-05
19771.5  1.654199e-05
19781.5  1.659302e-05
19791.5  1.719235e-05
19801.5  1.661892e-05
19811.5  1.656624e-05
19821.5  1.696802e-05
19831.5  1.859351e-05
19841.5  1.835116e-05
19851.5  1.707299e-05
19861.5  1.566405e-05
19871.5  1.537829e-05
19881.5  1.613860e-05
19891.5  1.731372e-05
19901.5  1.838133e-05
19911.5  1.871551e-05
19921.5  1.752523e-05
19931.5  1.654215e-05
19941.5  1.633793e-05
19951.5  1.647338e-05
19961.5  1.701436e-05
19971.5  1.663304e-05
19981.5  1.670166e-05
19991.5  1.699905e-05
20001.5  1.661738e-05
20011.5  1.789784e-05
20021.5  1.714717e-05
20031.5  1.812273e-05
20041.5  1.711863e-05
20051.5  1.699745e-05
20061.5  1.685779e-05
20071.5  1.795775e-05
20081.5  1.780491e-05
20091.5  1.795533e-05
20101.5  1.754358e-05
20111.5  1.781779e-05
20121.5  1.799661e-05
20131.5  1.737947e-05
20141.5  1.761134e-05
20151.5  1.786387e-05
20161.5  1.905927e-05
20171.5  1.866788e-05
20181.5  1.802246e-05
20191.5  1.786038e-05
20201.5  1.863839e-05
20211.5  1.901218e-05
20221.5  1.834186e-05
20231.5  1.884907e-05
20241.5  1.800897e-05
20251.5  1.835969e-05
20261.5  1.753382e-05
20271.5  1.888551e-05
20281.5  1.880484e-05
20291.5  1.877150e-05
20301.5  1.801967e-05
20311.5  1.822023e-05
20321.5  1.883985e-05
20331.5  1.842278e-05
20341.5  1.826423e-05
20351.5  1.861993e-05
20361.5  2.060596e-05
20371.5  2.066923e-05
20381.5  2.060623e-05
20391.5  1.928106e-05
20401.5  1.955767e-05
20411.5  1.955866e-05
20421.5  1.960190e-05
20431.5  1.944486e-05
20441.5  1.965167e-05
20451.5  1.998148e-05
20461.5  1.932555e-05
20471.5  1.888527e-05
20481.5  1.877558e-05
20491.5  1.958219e-05
20501.5  2.059429e-05
20511.5  1.995078e-05
20521.5  1.883524e-05
20531.5  1.792453e-05
20541.5  1.918770e-05
20551.5  2.075605e-05
20561.5  2.122984e-05
20571.5  2.194905e-05
20581.5  2.216609e-05
20591.5  2.220590e-05
20601.5  2.048709e-05
20611.5  1.937971e-05
20621.5  1.979069e-05
20631.5  2.073952e-05
20641.5  2.127699e-05
20651.5  2.087321e-05
20661.5  2.151652e-05
20671.5  2.103348e-05
20681.5  2.144919e-05
20691.5  2.169279e-05
20701.5  2.263293e-05
20711.5  2.253002e-05
20721.5  2.255059e-05
20731.5  2.156866e-05
20741.5  2.083895e-05
20751.5  1.996538e-05
20761.5  2.102708e-05
20771.5  2.219340e-05
20781.5  2.248621e-05
20791.5  2.204384e-05
20801.5  2.137425e-05
20811.5  2.072695e-05
20821.5  2.160340e-05
20831.5  2.151690e-05
20841.5  2.209668e-05
20851.5  2.211468e-05
20861.5  2.282982e-05
20871.5  2.429926e-05
20881.5  2.365691e-05
20891.5  2.306662e-05
20901.5  2.223677e-05
20911.5  2.202024e-05
20921.5  2.101632e-05
20931.5  2.129167e-05
20941.5  2.203779e-05
20951.5  2.329761e-05
20961.5  2.249041e-05
20971.5  2.293049e-05
20981.5  2.241597e-05
20991.5  2.327773e-05
21001.5  2.347817e-05
21011.5  2.406316e-05
21021.5  2.268288e-05
21031.5  2.287207e-05
21041.5  2.324767e-05
21051.5  2.355140e-05
21061.5  2.306333e-05
21071.5  2.309692e-05
21081.5  2.459839e-05
21091.5  2.420971e-05
21101.5  2.354669e-05
21111.5  2.338911e-05
21121.5  2.367858e-05
21131.5  2.436786e-05
21141.5  2.366322e-05
21151.5  2.353253e-05
21161.5  2.316055e-05
21171.5  2.412589e-05
21181.5  2.331836e-05
21191.5  2.412090e-05
21201.5  2.321449e-05
21211.5  2.457800e-05
21221.5  2.368762e-05
21231.5  2.410697e-05
21241.5  2.414575e-05
21251.5  2.442594e-05
21261.5  2.511773e-05
21271.5  2.601632e-05
21281.5  2.592203e-05
21291.5  2.561260e-05
21301.5  2.512038e-05
21311.5  2.546005e-05
21321.5  2.403831e-05
21331.5  2.341977e-05
21341.5  2.270471e-05
21351.5  2.365121e-05
21361.5  2.298794e-05
21371.5  2.342059e-05
21381.5  2.379512e-05
21391.5  2.545504e-05
21401.5  2.574796e-05
21411.5  2.628003e-05
21421.5  2.602962e-05
21431.5  2.622024e-05
21441.5  2.626824e-05
21451.5  2.600842e-05
21461.5  2.637320e-05
21471.5  2.681511e-05
21481.5  2.742263e-05
21491.5  2.647958e-05
21501.5  2.583175e-05
21511.5  2.587557e-05
21521.5  2.726105e-05
21531.5  2.737616e-05
21541.5  2.744552e-05
21551.5  2.834730e-05
21561.5  2.690901e-05
21571.5  2.459054e-05
21581.5  2.470627e-05
21591.5  2.530975e-05
21601.5  2.710780e-05
21611.5  2.713136e-05
21621.5  2.928477e-05
21631.5  2.913432e-05
21641.5  2.882967e-05
21651.5  2.658685e-05
21661.5  2.760849e-05
21671.5  2.738109e-05
21681.5  2.935660e-05
21691.5  2.836655e-05
21701.5  2.712516e-05
21711.5  2.688564e-05
21721.5  2.638552e-05
21731.5  2.712146e-05
21741.5  2.572256e-05
21751.5  2.532581e-05
21761.5  2.493195e-05
21771.5  2.501456e-05
21781.5  2.485410e-05
21791.5  2.429664e-05
21801.5  2.342182e-05
21811.5  2.336447e-05
21821.5  2.369696e-05
21831.5  2.410899e-05
21841.5  2.486770e-05
21851.5  2.438024e-05
21861.5  2.485154e-05
21871.5  2.509617e-05
21881.5  2.553179e-05
21891.5  2.525376e-05
21901.5  2.640372e-05
21911.5  2.612518e-05
21921.5  2.592359e-05
21931.5  2.575784e-05
21941.5  2.673031e-05
21951.5  2.824231e-05
21961.5  2.841925e-05
21971.5  2.867091e-05
21981.5  3.027622e-05
21991.5  3.131705e-05
22001.5  3.243527e-05
22011.5  3.108258e-05
22021.5  3.128889e-05
22031.5  3.158990e-05
22041.5  3.188118e-05
22051.5  3.394211e-05
22061.5  3.451778e-05
22071.5  3.546182e-05
22081.5  3.518246e-05
22091.5  3.668289e-05
22101.5  3.636663e-05
22111.5  3.622591e-05
22121.5  3.571552e-05
22131.5  3.612294e-05
22141.5  3.505744e-05
22151.5  3.523060e-05
22161.5  3.536753e-05
22171.5  3.690223e-05
22181.5  3.448458e-05
22191.5  3.528863e-05
22201.5  3.495855e-05
22211.5  3.656771e-05
22221.5  3.670403e-05
22231.5  3.570372e-05
22241.5  3.747442e-05
22251.5  3.925140e-05
22261.5  4.123374e-05
22271.5  4.024145e-05
22281.5  3.785098e-05
22291.5  3.776417e-05
22301.5  3.719892e-05
22311.5  3.836077e-05
22321.5  3.673906e-05
22331.5  3.917193e-05
22341.5  3.992611e-05
22351.5  4.024443e-05
22361.5  3.652313e-05
22371.5  3.774007e-05
22381.5  3.873645e-05
22391.5  4.193405e-05
22401.5  4.286385e-05
22411.5  4.471964e-05
22421.5  4.500762e-05
22431.5  4.482702e-05
22441.5  4.440573e-05
22451.5  4.409924e-05
22461.5  4.449963e-05
22471.5  4.463375e-05
22481.5  4.580084e-05
22491.5  4.302093e-05
22501.5  4.237597e-05
22511.5  4.337030e-05
22521.5  4.604635e-05
22531.5  4.743661e-05
22541.5  4.783905e-05
22551.5  4.841617e-05
22561.5  4.870039e-05
22571.5  4.896419e-05
22581.5  4.694864e-05
22591.5  4.533291e-05
22601.5  4.222063e-05
22611.5  4.146759e-05
22621.5  4.379111e-05
22631.5  4.516841e-05
22641.5  4.754172e-05
22651.5  4.643614e-05
22661.5  4.815932e-05
22671.5  4.767435e-05
22681.5  4.620835e-05
22691.5  4.495541e-05
22701.5  4.365370e-05
22711.5  4.315995e-05
22721.5  3.988307e-05
22731.5  3.850154e-05
22741.5  3.817771e-05
22751.5  3.742752e-05
22761.5  3.746565e-05
22771.5  3.594256e-05
22781.5  3.695204e-05
22791.5  3.611505e-05
22801.5  3.424071e-05
22811.5  3.336706e-05
22821.5  3.243608e-05
22831.5  3.366142e-05
22841.5  3.254175e-05
22851.5  2.923486e-05
22861.5  2.785082e-05
22871.5  2.742215e-05
22881.5  2.922628e-05
22891.5  2.831663e-05
22901.5  2.803180e-05
22911.5  2.709335e-05
22921.5  2.684443e-05
22931.5  2.580444e-05
22941.5  2.392797e-05
22951.5  2.198086e-05
22961.5  2.033317e-05
22971.5  2.132922e-05
22981.5  2.082354e-05
22991.5  2.117088e-05
23001.5  1.974830e-05
23011.5  1.936343e-05
23021.5  1.853508e-05
23031.5  1.855807e-05
23041.5  1.857515e-05
23051.5  1.859654e-05
23061.5  1.866974e-05
23071.5  1.892078e-05
23081.5  1.799206e-05
23091.5  1.702053e-05
23101.5  1.624229e-05
23111.5  1.650784e-05
23121.5  1.613664e-05
23131.5  1.537254e-05
23141.5  1.472794e-05
23151.5  1.531673e-05
23161.5  1.593841e-05
23171.5  1.577974e-05
23181.5  1.447298e-05
23191.5  1.424511e-05
23201.5  1.367925e-05
23211.5  1.308723e-05
23221.5  1.207750e-05
23231.5  1.159670e-05
23241.5  1.125826e-05
23251.5  1.106932e-05
23261.5  1.027833e-05
23271.5  9.974375e-06
23281.5  9.509555e-06
23291.5  9.112078e-06
23301.5  9.092925e-06
23311.5  8.515143e-06
23321.5  8.317584e-06
23331.5  7.214058e-06
23341.5  6.965877e-06
23351.5  6.547655e-06
23361.5  6.520313e-06
23371.5  5.996526e-06
23381.5  5.651752e-06
23391.5  5.616424e-06
23401.5  5.492867e-06
23411.5  5.306571e-06
23421.5  4.920073e-06
23431.5  4.910688e-06
23441.5  4.975108e-06
23451.5  4.985242e-06
23461.5  5.004160e-06
23471.5  4.882122e-06
23481.5  4.602141e-06
23491.5  4.543988e-06
23501.5  4.613777e-06
23511.5  4.820837e-06
23521.5  4.455580e-06
23531.5  4.321966e-06
23541.5  4.336341e-06
23551.5  4.474020e-06
23561.5  4.352993e-06
23571.5  4.164747e-06
23581.5  3.997630e-06
23591.5  3.852915e-06
23601.5  3.544664e-06
23611.5  3.217253e-06
23621.5  3.081313e-06
23631.5  3.028965e-06
23641.5  2.942556e-06
23651.5  2.611064e-06
23661.5  2.259096e-06
23671.5  1.940556e-06
23681.5  1.688591e-06
23691.5  1.541066e-06
23701.5  1.374922e-06
23711.5  1.273788e-06
23721.5  1.067052e-06
23731.5  9.360920e-07
23741.5  7.845267e-07
23751.5  7.947786e-07
23761.5  7.777859e-07
23771.5  8.196121e-07
23781.5  8.006846e-07
23791.5  8.301821e-07
23801.5  8.045365e-07
23811.5  7.256434e-07
23821.5  6.408786e-07
23831.5  5.778495e-07
23841.5  5.290107e-07
23851.5  4.929941e-07
23861.5  4.601560e-07
23871.5  4.490333e-07
23881.5  4.074491e-07
23891.5  3.802980e-07
23901.5  3.456165e-07
23911.5  3.300427e-07
23921.5  3.050936e-07
23931.5  2.841291e-07
23941.5  2.590598e-07
23951.5  2.363578e-07
23961.5  2.189247e-07
23971.5  1.984599e-07
23981.5  1.736965e-07
23991.5  1.561510e-07
24001.5  1.388588e-07
24011.5  1.265394e-07
24021.5  1.116732e-07
24031.5  9.792889e-08
24041.5  8.776776e-08
24051.5  7.676385e-08
24061.5  6.887577e-08
24071.5  5.974843e-08
24081.5  5.184520e-08
24091.5  4.634774e-08
24101.5  4.020969e-08
24111.5  3.638572e-08
24121.5  3.159747e-08
24131.5  2.819254e-08
24141.5  2.454305e-08
24151.5  2.112151e-08
24161.5  1.844901e-08
24171.5  1.552498e-08
24181.5  1.405896e-08
24191.5  1.263861e-08
24201.5  1.140901e-08
24211.5  9.908866e-09
24221.5  8.509277e-09
24231.5  7.603201e-09
24241.5  6.849367e-09
24251.5  5.955306e-09
24261.5  5.259396e-09
24271.5  4.471389e-09
24281.5  4.111533e-09
24291.5  3.683856e-09
24301.5  3.409946e-09
24311.5  3.098759e-09
24321.5  2.769870e-09
24331.5  2.511256e-09
24341.5  2.264982e-09
24351.5  2.061208e-09
24361.5  1.797764e-09
24371.5  1.605169e-09
24381.5  1.392692e-09
24391.5  1.236245e-09
24401.5  1.081698e-09
24411.5  9.728575e-10
24421.5  8.554960e-10
24431.5  7.513939e-10
24441.5  6.551798e-10
24451.5  5.661867e-10
24461.5  4.995404e-10
24471.5  4.225377e-10
24481.5  3.520986e-10
24491.5  2.907220e-10
24501.5  2.951877e-10
24511.5  2.955215e-10
24521.5  2.949787e-10
24531.5  2.779897e-10
24541.5  2.633716e-10
24551.5  2.467923e-10
24561.5  2.339006e-10
24571.5  2.239518e-10
24581.5  2.056987e-10
24591.5  1.942056e-10
24601.5  1.860799e-10
24611.5  1.734391e-10
24621.5  1.586508e-10
24631.5  1.426125e-10
24641.5  1.354884e-10
24651.5  1.240074e-10
24661.5  1.142043e-10
24671.5  1.057681e-10
24681.5  9.909920e-11
24691.5  8.622690e-11
24701.5  7.772963e-11
24711.5  7.086380e-11
24721.5  6.710682e-11
24731.5  6.277745e-11
24741.5  5.799358e-11
24751.5  5.288336e-11
24761.5  4.831612e-11
24771.5  4.389731e-11
24781.5  4.100566e-11
24791.5  3.668322e-11
24801.5  3.384816e-11
24811.5  3.334362e-11
24821.5  3.178393e-11
24831.5  2.956954e-11
24841.5  2.703504e-11
24851.5  2.579622e-11
24861.5  2.450189e-11
24871.5  2.307467e-11
24881.5  2.264205e-11
24891.5  2.220619e-11
24901.5  2.176462e-11
24911.5  2.140053e-11
24921.5  2.217625e-11
24931.5  2.304206e-11
24941.5  2.366533e-11
24951.5  2.383825e-11
24961.5  2.437975e-11
24971.5  2.504754e-11
24981.5  2.567559e-11
24991.5  2.577641e-11
25001.5  2.567832e-11
25011.5  2.545605e-11
25021.5  2.511230e-11
25031.5  2.454581e-11
25041.5  2.383253e-11
25051.5  2.295600e-11
25061.5  2.199262e-11
25071.5  2.091274e-11
25081.5  1.966243e-11
25091.5  1.841795e-11
25101.5  1.712617e-11
25111.5  1.585080e-11
25121.5  1.450076e-11
25131.5  1.315299e-11
25141.5  1.186615e-11
25151.5  1.061062e-11
25161.5  9.433934e-12
25171.5  8.341620e-12
25181.5  7.377747e-12
25191.5  6.492171e-12
25201.5  5.685081e-12
25211.5  4.941450e-12
25221.5  4.290631e-12
25231.5  3.710968e-12
25241.5  3.208246e-12
25251.5  2.761355e-12
25261.5  2.389839e-12
25271.5  2.059175e-12
25281.5  1.784562e-12
25291.5  1.542987e-12
25301.5  1.347065e-12
25311.5  1.187212e-12
25321.5  1.044238e-12
25331.5  9.274043e-13
25341.5  8.292059e-13
25351.5  7.585541e-13
25361.5  6.991383e-13
25371.5  6.466787e-13
25381.5  5.986838e-13
25391.5  5.588425e-13
25401.5  5.221574e-13
25411.5  4.902094e-13
25421.5  4.580880e-13
25431.5  4.264189e-13
25441.5  3.993181e-13
25451.5  3.740785e-13
25461.5  3.522522e-13
25471.5  3.289294e-13
25481.5  3.099281e-13
25491.5  2.878881e-13
25501.5  2.678065e-13
25511.5  2.440469e-13
25521.5  2.243758e-13
25531.5  2.039368e-13
25541.5  1.850755e-13
25551.5  1.673987e-13
25561.5  1.503878e-13
25571.5  1.345350e-13
25581.5  1.194966e-13
25591.5  1.064280e-13
25601.5  9.455313e-14
25611.5  8.382576e-14
25621.5  7.379180e-14
25631.5  6.494125e-14
25641.5  5.649447e-14
25651.5  4.923014e-14
25661.5  4.296827e-14
25671.5  3.710965e-14
25681.5  3.211209e-14
25691.5  2.748080e-14
25701.5  2.368760e-14
25711.5  2.048912e-14
25721.5  1.773444e-14
25731.5  1.535558e-14
25741.5  1.306096e-14
25751.5  1.119752e-14
25761.5  9.633792e-15
25771.5  8.348272e-15
25781.5  7.252490e-15
25791.5  6.291057e-15
25801.5  5.436047e-15
25811.5  4.666962e-15
25821.5  4.030038e-15
25831.5  3.480008e-15
25841.5  2.970583e-15
25851.5  2.582495e-15
25861.5  2.206479e-15
25871.5  1.924996e-15
25881.5  1.611517e-15
25891.5  1.363556e-15
25901.5  1.151584e-15
25911.5  9.818323e-16
25921.5  8.309010e-16
25931.5  6.876709e-16
25941.5  5.862243e-16
25951.5  4.829311e-16
25961.5  3.962938e-16
25971.5  3.268920e-16
25981.5  2.722973e-16
25991.5  2.276282e-16
