# from http://www.stsci.edu/jwst/instruments/nircam/instrumentdesign/filters
# Retrieved March, 2023, dated Nov, 2022 (post-flight)
# Uses modA or modB  filters+DBS+QE+OTE (nrc_plus_ote)
# Units of transmission are PCE (photon to electron conversion efficiency)
# 
29470.4  0.000000e+00
29483.9  0.000000e+00
29497.4  1.016084e-05
29510.9  1.093361e-05
29524.4  1.358444e-05
29537.9  1.491353e-05
29551.4  1.481559e-05
29564.9  1.373884e-05
29578.5  1.470812e-05
29592.0  1.809083e-05
29605.5  1.889004e-05
29619.0  1.967702e-05
29632.5  1.992808e-05
29646.0  2.258715e-05
29659.5  2.413014e-05
29673.0  2.622948e-05
29686.6  2.692097e-05
29700.1  2.894040e-05
29713.6  2.799953e-05
29727.1  2.901826e-05
29740.6  3.068164e-05
29754.1  3.490826e-05
29767.6  3.554388e-05
29781.1  3.948368e-05
29794.7  4.230673e-05
29808.2  4.384246e-05
29821.7  4.730424e-05
29835.2  4.767050e-05
29848.7  4.991818e-05
29862.2  5.013983e-05
29875.7  5.325804e-05
29889.2  5.679737e-05
29902.8  6.102509e-05
29916.3  6.585886e-05
29929.8  7.202561e-05
29943.3  7.722084e-05
29956.8  7.812339e-05
29970.3  8.304701e-05
29983.8  8.751161e-05
29997.3  9.229518e-05
30010.9  9.801737e-05
30024.4  1.058821e-04
30037.9  1.090356e-04
30051.4  1.079692e-04
30064.9  1.018600e-04
30078.4  1.067775e-04
30091.9  1.161275e-04
30105.4  1.183469e-04
30118.9  1.199479e-04
30132.5  1.236895e-04
30146.0  1.254503e-04
30159.5  1.220618e-04
30173.0  1.229263e-04
30186.5  1.232825e-04
30200.0  1.207587e-04
30213.5  1.169702e-04
30227.0  1.184867e-04
30240.6  1.162402e-04
30254.1  1.218077e-04
30267.6  1.281717e-04
30281.1  1.341030e-04
30294.6  1.415430e-04
30308.1  1.467666e-04
30321.6  1.496201e-04
30335.1  1.522917e-04
30348.7  1.563798e-04
30362.2  1.623958e-04
30375.7  1.696474e-04
30389.2  1.730951e-04
30402.7  1.806506e-04
30416.2  1.855582e-04
30429.7  1.957715e-04
30443.2  2.035439e-04
30456.8  2.159132e-04
30470.3  2.271631e-04
30483.8  2.414650e-04
30497.3  2.517774e-04
30510.8  2.642964e-04
30524.3  2.788665e-04
30537.8  2.953357e-04
30551.3  3.121414e-04
30564.9  3.269499e-04
30578.4  3.437130e-04
30591.9  3.634543e-04
30605.4  3.855130e-04
30618.9  4.071742e-04
30632.4  4.328119e-04
30645.9  4.596820e-04
30659.4  4.884314e-04
30673.0  5.133966e-04
30686.5  5.425719e-04
30700.0  5.688762e-04
30713.5  6.017500e-04
30727.0  6.354529e-04
30740.5  6.724605e-04
30754.0  7.063163e-04
30767.5  7.492486e-04
30781.1  7.896178e-04
30794.6  8.348790e-04
30808.1  8.803029e-04
30821.6  9.290203e-04
30835.1  9.758010e-04
30848.6  1.033735e-03
30862.1  1.092026e-03
30875.6  1.153335e-03
30889.2  1.214017e-03
30902.7  1.284478e-03
30916.2  1.358068e-03
30929.7  1.440007e-03
30943.2  1.521856e-03
30956.7  1.611156e-03
30970.2  1.708153e-03
30983.7  1.817920e-03
30997.2  1.940186e-03
31010.8  2.070457e-03
31024.3  2.202011e-03
31037.8  2.350729e-03
31051.3  2.512577e-03
31064.8  2.685784e-03
31078.3  2.879323e-03
31091.8  3.095232e-03
31105.3  3.331119e-03
31118.9  3.588405e-03
31132.4  3.872096e-03
31145.9  4.194974e-03
31159.4  4.553730e-03
31172.9  4.951980e-03
31186.4  5.388976e-03
31199.9  5.875043e-03
31213.4  6.422816e-03
31227.0  7.035639e-03
31240.5  7.720721e-03
31254.0  8.491198e-03
31267.5  9.354032e-03
31281.0  1.032580e-02
31294.5  1.141197e-02
31308.0  1.263518e-02
31321.5  1.402179e-02
31335.1  1.558449e-02
31348.6  1.734179e-02
31362.1  1.933545e-02
31375.6  2.157642e-02
31389.1  2.411120e-02
31402.6  2.697075e-02
31416.1  3.019118e-02
31429.6  3.381128e-02
31443.2  3.789463e-02
31456.7  4.245234e-02
31470.2  4.755026e-02
31483.7  5.319435e-02
31497.2  5.944927e-02
31510.7  6.630984e-02
31524.2  7.379806e-02
31537.7  8.189952e-02
31551.3  9.060544e-02
31564.8  9.987186e-02
31578.3  1.095932e-01
31591.8  1.197566e-01
31605.3  1.302343e-01
31618.8  1.409323e-01
31632.3  1.518659e-01
31645.8  1.627630e-01
31659.4  1.737475e-01
31672.9  1.846831e-01
31686.4  1.955319e-01
31699.9  2.063551e-01
31713.4  2.170244e-01
31726.9  2.276544e-01
31740.4  2.382120e-01
31753.9  2.486638e-01
31767.5  2.591036e-01
31781.0  2.693963e-01
31794.5  2.796210e-01
31808.0  2.897387e-01
31821.5  2.996646e-01
31835.0  3.094635e-01
31848.5  3.190067e-01
31862.0  3.283127e-01
31875.5  3.373870e-01
31889.1  3.460840e-01
31902.6  3.544918e-01
31916.1  3.625602e-01
31929.6  3.702341e-01
31943.1  3.775834e-01
31956.6  3.845248e-01
31970.1  3.911060e-01
31983.6  3.973601e-01
31997.2  4.031957e-01
32010.7  4.087259e-01
32024.2  4.139224e-01
32037.7  4.187557e-01
32051.2  4.233055e-01
32064.7  4.275477e-01
32078.2  4.314945e-01
32091.7  4.351922e-01
32105.3  4.385984e-01
32118.8  4.417655e-01
32132.3  4.447278e-01
32145.8  4.474403e-01
32159.3  4.499733e-01
32172.8  4.522977e-01
32186.3  4.544307e-01
32199.8  4.564026e-01
32213.4  4.582281e-01
32226.9  4.599101e-01
32240.4  4.614550e-01
32253.9  4.628763e-01
32267.4  4.641620e-01
32280.9  4.653247e-01
32294.4  4.664194e-01
32307.9  4.674183e-01
32321.5  4.682944e-01
32335.0  4.691300e-01
32348.5  4.698890e-01
32362.0  4.705597e-01
32375.5  4.711914e-01
32389.0  4.717721e-01
32402.5  4.722406e-01
32416.0  4.727169e-01
32429.6  4.731460e-01
32443.1  4.734889e-01
32456.6  4.738497e-01
32470.1  4.741083e-01
32483.6  4.743922e-01
32497.1  4.746205e-01
32510.6  4.747656e-01
32524.1  4.749673e-01
32537.7  4.751673e-01
32551.2  4.752703e-01
32564.7  4.754345e-01
32578.2  4.755773e-01
32591.7  4.756574e-01
32605.2  4.757990e-01
32618.7  4.759271e-01
32632.2  4.759788e-01
32645.8  4.760930e-01
32659.3  4.762173e-01
32672.8  4.762774e-01
32686.3  4.764163e-01
32699.8  4.765560e-01
32713.3  4.766550e-01
32726.8  4.768050e-01
32740.3  4.769086e-01
32753.9  4.770780e-01
32767.4  4.772657e-01
32780.9  4.774262e-01
32794.4  4.776406e-01
32807.9  4.778640e-01
32821.4  4.780509e-01
32834.9  4.782810e-01
32848.4  4.785089e-01
32861.9  4.787456e-01
32875.5  4.789987e-01
32889.0  4.792585e-01
32902.5  4.795239e-01
32916.0  4.797983e-01
32929.5  4.800740e-01
32943.0  4.803572e-01
32956.5  4.806253e-01
32970.0  4.809119e-01
32983.6  4.811872e-01
32997.1  4.814422e-01
33010.6  4.817318e-01
33024.1  4.819672e-01
33037.6  4.822064e-01
33051.1  4.825134e-01
33064.6  4.827317e-01
33078.1  4.829458e-01
33091.7  4.832343e-01
33105.2  4.834377e-01
33118.7  4.836363e-01
33132.2  4.839552e-01
33145.7  4.841568e-01
33159.2  4.843504e-01
33172.7  4.846733e-01
33186.2  4.848595e-01
33199.8  4.850470e-01
33213.3  4.853577e-01
33226.8  4.855356e-01
33240.3  4.858797e-01
33253.8  4.860844e-01
33267.3  4.863022e-01
33280.8  4.866910e-01
33294.3  4.869122e-01
33307.9  4.871293e-01
33321.4  4.875237e-01
33334.9  4.877698e-01
33348.4  4.880436e-01
33361.9  4.884986e-01
33375.4  4.887879e-01
33388.9  4.890961e-01
33402.4  4.895918e-01
33416.0  4.899233e-01
33429.5  4.902471e-01
33443.0  4.907753e-01
33456.5  4.911416e-01
33470.0  4.917071e-01
33483.5  4.920993e-01
33497.0  4.924938e-01
33510.5  4.930773e-01
33524.1  4.934744e-01
33537.6  4.938815e-01
33551.1  4.944563e-01
33564.6  4.948501e-01
33578.1  4.952447e-01
33591.6  4.958114e-01
33605.1  4.962141e-01
33618.6  4.965990e-01
33632.2  4.971313e-01
33645.7  4.974795e-01
33659.2  4.978153e-01
33672.7  4.982966e-01
33686.2  4.986110e-01
33699.7  4.989177e-01
33713.2  4.993552e-01
33726.7  4.996354e-01
33740.2  5.000274e-01
33753.8  5.002661e-01
33767.3  5.004896e-01
33780.8  5.008247e-01
33794.3  5.010308e-01
33807.8  5.012319e-01
33821.3  5.015476e-01
33834.8  5.017509e-01
33848.3  5.019604e-01
33861.9  5.022609e-01
33875.4  5.024499e-01
33888.9  5.026431e-01
33902.4  5.029200e-01
33915.9  5.031165e-01
33929.4  5.033176e-01
33942.9  5.036021e-01
33956.4  5.038104e-01
33970.0  5.040133e-01
33983.5  5.042926e-01
33997.0  5.045103e-01
34010.5  5.048215e-01
34024.0  5.050818e-01
34037.5  5.053510e-01
34051.0  5.056971e-01
34064.5  5.059961e-01
34078.1  5.063198e-01
34091.6  5.067118e-01
34105.1  5.070589e-01
34118.6  5.074219e-01
34132.1  5.078426e-01
34145.6  5.082197e-01
34159.1  5.085950e-01
34172.6  5.090242e-01
34186.2  5.094088e-01
34199.7  5.097849e-01
34213.2  5.102059e-01
34226.7  5.105687e-01
34240.2  5.109671e-01
34253.7  5.112951e-01
34267.2  5.116035e-01
34280.7  5.119631e-01
34294.3  5.122562e-01
34307.8  5.125531e-01
34321.3  5.129299e-01
34334.8  5.132384e-01
34348.3  5.134745e-01
34361.8  5.136598e-01
34375.3  5.136974e-01
34388.8  5.137101e-01
34402.4  5.137696e-01
34415.9  5.137470e-01
34429.4  5.137043e-01
34442.9  5.137110e-01
34456.4  5.136328e-01
34469.9  5.135261e-01
34483.4  5.134850e-01
34496.9  5.133674e-01
34510.5  5.133293e-01
34524.0  5.132190e-01
34537.5  5.131138e-01
34551.0  5.131198e-01
34564.5  5.130736e-01
34578.0  5.130630e-01
34591.5  5.131848e-01
34605.0  5.132535e-01
34618.5  5.133828e-01
34632.1  5.136684e-01
34645.6  5.139211e-01
34659.1  5.142493e-01
34672.6  5.147448e-01
34686.1  5.152199e-01
34699.6  5.157671e-01
34713.1  5.164913e-01
34726.6  5.171954e-01
34740.2  5.180599e-01
34753.7  5.188834e-01
34767.2  5.197551e-01
34780.7  5.207737e-01
34794.2  5.217242e-01
34807.7  5.226829e-01
34821.2  5.237498e-01
34834.7  5.246672e-01
34848.3  5.255166e-01
34861.8  5.263779e-01
34875.3  5.269905e-01
34888.8  5.274417e-01
34902.3  5.277507e-01
34915.8  5.276901e-01
34929.3  5.273434e-01
34942.8  5.267476e-01
34956.4  5.256825e-01
34969.9  5.241713e-01
34983.4  5.222602e-01
34996.9  5.196979e-01
35010.4  5.166376e-01
35023.9  5.128997e-01
35037.4  5.085329e-01
35050.9  5.035842e-01
35064.5  4.979062e-01
35078.0  4.915342e-01
35091.5  4.844786e-01
35105.0  4.766751e-01
35118.5  4.682041e-01
35132.0  4.592126e-01
35145.5  4.496206e-01
35159.0  4.395841e-01
35172.6  4.292262e-01
35186.1  4.183848e-01
35199.6  4.071691e-01
35213.1  3.956879e-01
35226.6  3.839314e-01
35240.1  3.720587e-01
35253.6  3.600472e-01
35267.1  3.480278e-01
35280.7  3.360635e-01
35294.2  3.241248e-01
35307.7  3.123484e-01
35321.2  3.007873e-01
35334.7  2.894247e-01
35348.2  2.783219e-01
35361.7  2.675211e-01
35375.2  2.570175e-01
35388.8  2.468176e-01
35402.3  2.369678e-01
35415.8  2.274492e-01
35429.3  2.182613e-01
35442.8  2.094461e-01
35456.3  2.009517e-01
35469.8  1.927906e-01
35483.3  1.849786e-01
35496.8  1.774564e-01
35510.4  1.702655e-01
35523.9  1.633592e-01
35537.4  1.567241e-01
35550.9  1.503829e-01
35564.4  1.442809e-01
35577.9  1.384284e-01
35591.4  1.328251e-01
35604.9  1.274251e-01
35618.5  1.222436e-01
35632.0  1.172574e-01
35645.5  1.124416e-01
35659.0  1.078119e-01
35672.5  1.033438e-01
35686.0  9.903246e-02
35699.5  9.487031e-02
35713.0  9.084661e-02
35726.6  8.695639e-02
35740.1  8.319263e-02
35753.6  7.954842e-02
35767.1  7.602893e-02
35780.6  7.261236e-02
35794.1  6.930429e-02
35807.6  6.609778e-02
35821.1  6.299698e-02
35834.7  6.000553e-02
35848.2  5.710719e-02
35861.7  5.431242e-02
35875.2  5.161247e-02
35888.7  4.900246e-02
35902.2  4.650213e-02
35915.7  4.408946e-02
35929.2  4.176877e-02
35942.8  3.955498e-02
35956.3  3.742007e-02
35969.8  3.538235e-02
35983.3  3.344365e-02
35996.8  3.158276e-02
36010.3  2.981727e-02
36023.8  2.813203e-02
36037.3  2.653151e-02
36050.9  2.502027e-02
36064.4  2.357826e-02
36077.9  2.222029e-02
36091.4  2.094153e-02
36104.9  1.972150e-02
36118.4  1.858048e-02
36131.9  1.750657e-02
36145.4  1.649293e-02
36159.0  1.554497e-02
36172.5  1.464936e-02
36186.0  1.381056e-02
36199.5  1.302468e-02
36213.0  1.228051e-02
36226.5  1.158620e-02
36240.0  1.093473e-02
36253.5  1.032353e-02
36267.1  9.759330e-03
36280.6  9.219634e-03
36294.1  8.712186e-03
36307.6  8.245485e-03
36321.1  7.802872e-03
36334.6  7.392435e-03
36348.1  7.007713e-03
36361.6  6.640648e-03
36375.2  6.298981e-03
36388.7  5.977934e-03
36402.2  5.682693e-03
36415.7  5.409922e-03
36429.2  5.143261e-03
36442.7  4.894694e-03
36456.2  4.664963e-03
36469.7  4.444364e-03
36483.2  4.242321e-03
36496.8  4.048981e-03
36510.3  3.863248e-03
36523.8  3.696746e-03
36537.3  3.534726e-03
36550.8  3.383245e-03
36564.3  3.245947e-03
36577.8  3.108286e-03
36591.3  2.981936e-03
36604.9  2.867631e-03
36618.4  2.755254e-03
36631.9  2.651581e-03
36645.4  2.550601e-03
36658.9  2.452177e-03
36672.4  2.364648e-03
36685.9  2.278383e-03
36699.4  2.196954e-03
36713.0  2.124637e-03
36726.5  2.050247e-03
36740.0  1.980111e-03
36753.5  1.914982e-03
36767.0  1.848645e-03
36780.5  1.791544e-03
36794.0  1.737867e-03
36807.5  1.682612e-03
36821.1  1.635240e-03
36834.6  1.586857e-03
36848.1  1.539959e-03
36861.6  1.501275e-03
36875.1  1.453657e-03
36888.6  1.405719e-03
36902.1  1.368189e-03
36915.6  1.330773e-03
36929.2  1.297209e-03
36942.7  1.265731e-03
36956.2  1.230048e-03
36969.7  1.198963e-03
36983.2  1.168250e-03
36996.7  1.133902e-03
37010.2  1.104497e-03
37023.7  1.075191e-03
37037.3  1.045135e-03
37050.8  1.019502e-03
37064.3  9.925533e-04
37077.8  9.665852e-04
37091.3  9.429517e-04
37104.8  9.148969e-04
37118.3  8.878150e-04
37131.8  8.628025e-04
37145.4  8.358812e-04
37158.9  8.137768e-04
37172.4  7.938466e-04
37185.9  7.706420e-04
37199.4  7.492105e-04
37212.9  7.278878e-04
37226.4  7.063826e-04
37239.9  6.865083e-04
37253.5  6.626374e-04
37267.0  6.392513e-04
37280.5  6.200720e-04
37294.0  5.978982e-04
37307.5  5.766550e-04
37321.0  5.579125e-04
37334.5  5.360153e-04
37348.0  5.168901e-04
37361.5  4.992322e-04
37375.1  4.778173e-04
37388.6  4.605111e-04
37402.1  4.443394e-04
37415.6  4.233744e-04
37429.1  4.048755e-04
37442.6  3.873657e-04
37456.1  3.692150e-04
37469.6  3.551453e-04
37483.2  3.387854e-04
37496.7  3.207667e-04
37510.2  3.081167e-04
37523.7  2.943606e-04
37537.2  2.798454e-04
37550.7  2.688178e-04
37564.2  2.540060e-04
37577.7  2.385455e-04
37591.3  2.285754e-04
37604.8  2.173312e-04
37618.3  2.057276e-04
37631.8  1.966846e-04
37645.3  1.861449e-04
37658.8  1.774092e-04
37672.3  1.707967e-04
37685.8  1.604860e-04
37699.4  1.511627e-04
37712.9  1.451848e-04
37726.4  1.378865e-04
37739.9  1.323555e-04
37753.4  1.284973e-04
37766.9  1.215465e-04
37780.4  1.154289e-04
37793.9  1.082803e-04
37807.5  1.008624e-04
37821.0  9.792171e-05
37834.5  9.726773e-05
37848.0  9.388547e-05
37861.5  9.107131e-05
37875.0  8.826481e-05
37888.5  8.304023e-05
37902.0  8.051828e-05
37915.6  7.856923e-05
37929.1  7.304637e-05
37942.6  7.040797e-05
37956.1  7.006845e-05
37969.6  6.765014e-05
37983.1  6.893227e-05
37996.6  7.051950e-05
38010.1  6.712189e-05
38023.7  6.595177e-05
38037.2  6.492257e-05
38050.7  6.255402e-05
38064.2  6.393829e-05
38077.7  6.245573e-05
38091.2  5.725143e-05
38104.7  5.662835e-05
38118.2  5.639583e-05
38131.8  5.390851e-05
38145.3  5.252232e-05
38158.8  5.062758e-05
38172.3  4.833721e-05
38185.8  4.792308e-05
38199.3  4.746759e-05
38212.8  4.641808e-05
38226.3  4.648313e-05
38239.8  4.759860e-05
38253.4  4.780270e-05
38266.9  4.962118e-05
38280.4  5.109032e-05
38293.9  5.008682e-05
38307.4  4.962973e-05
38320.9  4.915841e-05
38334.4  4.788660e-05
38347.9  5.018382e-05
38361.5  5.045387e-05
38375.0  4.491678e-05
38388.5  4.215978e-05
38402.0  4.199927e-05
38415.5  4.121936e-05
38429.0  4.362383e-05
38442.5  4.292195e-05
38456.0  3.928981e-05
38469.6  3.863405e-05
38483.1  3.792672e-05
38496.6  3.700820e-05
38510.1  3.845414e-05
38523.6  4.036738e-05
38537.1  3.698719e-05
38550.6  3.659953e-05
38564.1  3.846704e-05
38577.7  3.863158e-05
38591.2  3.821608e-05
38604.7  3.905412e-05
38618.2  3.557284e-05
38631.7  3.569582e-05
38645.2  3.878514e-05
38658.7  3.840160e-05
38672.2  3.820450e-05
38685.8  3.898782e-05
38699.3  3.759939e-05
38712.8  3.658989e-05
38726.3  3.654601e-05
38739.8  3.511123e-05
38753.3  3.471726e-05
38766.8  3.534427e-05
38780.3  3.328241e-05
38793.9  3.090600e-05
38807.4  3.340290e-05
38820.9  3.565272e-05
38834.4  3.471421e-05
38847.9  3.382386e-05
38861.4  3.101584e-05
38874.9  2.786119e-05
38888.4  2.727834e-05
38902.0  2.874613e-05
38915.5  3.065034e-05
38929.0  3.408245e-05
38942.5  3.817595e-05
38956.0  3.879934e-05
38969.5  3.894981e-05
38983.0  3.801697e-05
38996.5  3.548315e-05
39010.1  0.000000e+00
39023.6  0.000000e+00
