# from http://www.stsci.edu/jwst/instruments/nircam/instrumentdesign/filters
# Retrieved Jan 18, 2017, dated Feb 5, 2016 (pre-flight)
# Uses modA or modB  filters+DBS+QE+OTE (nrc_plus_ote)
# Units of transmission are PCE (photon to electron conversion efficiency)
# 
5504.0  4.569463e-10
5514.0  3.649638e-10
5524.0  3.523196e-10
5534.0  1.164600e-09
5544.0  1.413972e-09
5554.0  1.641673e-09
5564.0  8.314489e-10
5574.0  6.600007e-10
5584.0  3.604497e-10
5594.0  4.126614e-10
5604.0  7.849303e-10
5614.0  6.274026e-10
5624.0  4.601422e-10
5634.0  6.655507e-11
5644.0  4.291552e-11
5654.0  7.956518e-11
5664.0  7.883647e-10
5674.0  9.543383e-10
5684.0  1.866108e-09
5694.0  1.250465e-09
5704.0  1.232582e-09
5714.0  6.417453e-10
5724.0  1.941785e-09
5734.0  3.532825e-09
5744.0  3.103896e-09
5754.0  2.846533e-09
5764.0  1.273074e-09
5774.0  3.506570e-09
5784.0  2.778859e-09
5794.0  3.581818e-09
5804.0  1.841986e-09
5814.0  1.972401e-09
5824.0  1.089492e-09
5834.0  2.866276e-09
5844.0  7.977522e-09
5854.0  9.224849e-09
5864.0  8.383685e-09
5874.0  1.384815e-09
5884.0  3.390613e-09
5894.0  4.729595e-09
5904.0  9.722760e-09
5914.0  9.890543e-09
5924.0  1.251712e-08
5934.0  1.154962e-08
5944.0  1.111862e-08
5954.0  9.236166e-09
5964.0  5.132495e-09
5974.0  5.288409e-09
5984.0  1.138355e-08
5994.0  1.722367e-08
6004.0  2.494287e-08
6014.0  1.624378e-08
6024.0  1.104397e-08
6034.0  6.591812e-09
6044.0  8.548921e-09
6054.0  1.388431e-08
6064.0  1.506356e-08
6074.0  1.740425e-08
6084.0  1.780670e-08
6094.0  2.104886e-08
6104.0  2.061376e-08
6114.0  2.397433e-08
6124.0  1.798129e-08
6134.0  1.876204e-08
6144.0  1.519869e-08
6154.0  1.468391e-08
6164.0  1.427262e-08
6174.0  1.814259e-08
6184.0  1.843617e-08
6194.0  1.601146e-08
6204.0  1.878044e-08
6214.0  2.381121e-08
6224.0  2.475432e-08
6234.0  2.254755e-08
6244.0  1.559091e-08
6254.0  1.422123e-08
6264.0  1.167206e-08
6274.0  1.606349e-08
6284.0  1.753995e-08
6294.0  1.177031e-08
6304.0  2.345782e-08
6314.0  3.758356e-08
6324.0  4.947641e-08
6334.0  4.909647e-08
6344.0  4.451823e-08
6354.0  4.449433e-08
6364.0  4.285397e-08
6374.0  4.813932e-08
6384.0  4.750896e-08
6394.0  4.695867e-08
6404.0  4.337352e-08
6414.0  4.362466e-08
6424.0  4.566033e-08
6434.0  4.320815e-08
6444.0  4.792534e-08
6454.0  5.577875e-08
6464.0  5.745083e-08
6474.0  6.863927e-08
6484.0  7.789788e-08
6494.0  8.410667e-08
6504.0  7.050118e-08
6514.0  6.546424e-08
6524.0  7.341375e-08
6534.0  9.262573e-08
6544.0  7.849461e-08
6554.0  6.756985e-08
6564.0  5.873163e-08
6574.0  7.348875e-08
6584.0  8.364809e-08
6594.0  8.181005e-08
6604.0  7.112144e-08
6614.0  7.341845e-08
6624.0  7.104012e-08
6634.0  6.906204e-08
6644.0  5.757436e-08
6654.0  4.467538e-08
6664.0  5.018889e-08
6674.0  4.950192e-08
6684.0  5.561405e-08
6694.0  4.720889e-08
6704.0  4.604220e-08
6714.0  5.490860e-08
6724.0  6.299448e-08
6734.0  5.729221e-08
6744.0  6.131326e-08
6754.0  5.744742e-08
6764.0  6.493013e-08
6774.0  6.318474e-08
6784.0  5.883396e-08
6794.0  6.314399e-08
6804.0  4.984233e-08
6814.0  5.872746e-08
6824.0  5.867003e-08
6834.0  5.638503e-08
6844.0  6.589849e-08
6854.0  6.961501e-08
6864.0  7.491215e-08
6874.0  7.861698e-08
6884.0  8.440496e-08
6894.0  9.587327e-08
6904.0  7.665968e-08
6914.0  6.934736e-08
6924.0  6.006393e-08
6934.0  5.852519e-08
6944.0  3.420518e-08
6954.0  2.914100e-08
6964.0  1.947399e-08
6974.0  4.030339e-08
6984.0  4.388969e-08
6994.0  6.798595e-08
7004.0  8.158405e-08
7014.0  7.398127e-08
7024.0  7.021376e-08
7034.0  6.081675e-08
7044.0  8.497879e-08
7054.0  9.044132e-08
7064.0  8.608173e-08
7074.0  8.306545e-08
7084.0  9.052984e-08
7094.0  1.040590e-07
7104.0  9.732897e-08
7114.0  7.005059e-08
7124.0  6.050218e-08
7134.0  6.281140e-08
7144.0  7.391956e-08
7154.0  6.945027e-08
7164.0  6.052032e-08
7174.0  6.656751e-08
7184.0  6.453633e-08
7194.0  7.129103e-08
7204.0  5.362501e-08
7214.0  6.531327e-08
7224.0  6.714217e-08
7234.0  6.330353e-08
7244.0  4.675801e-08
7254.0  3.611382e-08
7264.0  5.502987e-08
7274.0  5.915833e-08
7284.0  6.568501e-08
7294.0  6.782635e-08
7304.0  7.920751e-08
7314.0  8.654169e-08
7324.0  9.612884e-08
7334.0  1.049983e-07
7344.0  1.239037e-07
7354.0  1.221032e-07
7364.0  1.362235e-07
7374.0  1.164974e-07
7384.0  1.157692e-07
7394.0  1.029468e-07
7404.0  1.088624e-07
7414.0  8.037373e-08
7424.0  4.855463e-08
7434.0  3.527466e-08
7444.0  3.549358e-08
7454.0  6.871819e-08
7464.0  5.969313e-08
7474.0  9.351904e-08
7484.0  7.649125e-08
7494.0  7.775880e-08
7504.0  5.783067e-08
7514.0  5.398498e-08
7524.0  5.714096e-08
7534.0  5.779882e-08
7544.0  5.531525e-08
7554.0  5.327800e-08
7564.0  8.459577e-08
7574.0  1.013199e-07
7584.0  1.095709e-07
7594.0  8.453266e-08
7604.0  8.571620e-08
7614.0  7.621889e-08
7624.0  7.846362e-08
7634.0  6.823547e-08
7644.0  7.474408e-08
7654.0  7.647838e-08
7664.0  9.070834e-08
7674.0  1.052567e-07
7684.0  1.075892e-07
7694.0  1.068886e-07
7704.0  9.654149e-08
7714.0  1.209367e-07
7724.0  1.218228e-07
7734.0  1.448464e-07
7744.0  1.213588e-07
7754.0  1.325546e-07
7764.0  1.209508e-07
7774.0  1.286775e-07
7784.0  1.105518e-07
7794.0  1.097381e-07
7804.0  9.169361e-08
7814.0  9.127184e-08
7824.0  7.735295e-08
7834.0  8.100298e-08
7844.0  7.694619e-08
7854.0  7.226240e-08
7864.0  6.934378e-08
7874.0  8.232950e-08
7884.0  1.144238e-07
7894.0  1.225834e-07
7904.0  1.091905e-07
7914.0  9.283428e-08
7924.0  8.559521e-08
7934.0  7.047289e-08
7944.0  7.126627e-08
7954.0  7.662364e-08
7964.0  1.226527e-07
7974.0  1.677170e-07
7984.0  2.157405e-07
7994.0  2.393823e-07
8004.0  2.372507e-07
8014.0  2.486748e-07
8024.0  2.374199e-07
8034.0  2.631024e-07
8044.0  2.756213e-07
8054.0  3.163495e-07
8064.0  3.202015e-07
8074.0  3.095255e-07
8084.0  2.987060e-07
8094.0  3.135909e-07
8104.0  3.107934e-07
8114.0  2.899912e-07
8124.0  2.727862e-07
8134.0  2.293493e-07
8144.0  1.944781e-07
8154.0  1.359519e-07
8164.0  1.255072e-07
8174.0  1.118919e-07
8184.0  9.456255e-08
8194.0  8.737908e-08
8204.0  7.138133e-08
8214.0  7.483559e-08
8224.0  5.484802e-08
8234.0  6.705569e-08
8244.0  5.899483e-08
8254.0  6.641855e-08
8264.0  6.166580e-08
8274.0  6.659850e-08
8284.0  8.488409e-08
8294.0  8.271643e-08
8304.0  8.193469e-08
8314.0  5.734768e-08
8324.0  4.892016e-08
8334.0  3.865629e-08
8344.0  3.484697e-08
8354.0  3.733597e-08
8364.0  4.205298e-08
8374.0  5.777621e-08
8384.0  6.218803e-08
8394.0  6.525593e-08
8404.0  4.964203e-08
8414.0  4.678139e-08
8424.0  4.551379e-08
8434.0  7.317141e-08
8444.0  8.711773e-08
8454.0  8.381695e-08
8464.0  5.706453e-08
8474.0  8.008175e-08
8484.0  9.499854e-08
8494.0  1.176852e-07
8504.0  9.138317e-08
8514.0  1.038476e-07
8524.0  9.400423e-08
8534.0  7.378436e-08
8544.0  5.843229e-08
8554.0  4.883877e-08
8564.0  1.054330e-07
8574.0  9.991196e-08
8584.0  1.274139e-07
8594.0  1.118390e-07
8604.0  1.371899e-07
8614.0  1.302566e-07
8624.0  8.950869e-08
8634.0  1.023717e-07
8644.0  1.374678e-07
8654.0  1.521059e-07
8664.0  1.220886e-07
8674.0  6.626129e-08
8684.0  7.709786e-08
8694.0  4.722596e-08
8704.0  4.702743e-08
8714.0  5.078755e-08
8724.0  8.638939e-08
8734.0  9.724809e-08
8744.0  9.780540e-08
8754.0  6.435194e-08
8764.0  1.057530e-07
8774.0  6.909231e-08
8784.0  1.479130e-07
8794.0  1.519758e-07
8804.0  1.522890e-07
8814.0  1.321948e-07
8824.0  1.827910e-07
8834.0  2.011644e-07
8844.0  2.241762e-07
8854.0  4.767142e-07
8864.0  8.373073e-07
8874.0  9.820483e-07
8884.0  9.560428e-07
8894.0  5.768316e-07
8904.0  4.910475e-07
8914.0  7.318207e-07
8924.0  7.321305e-07
8934.0  1.061402e-06
8944.0  7.417901e-07
8954.0  1.276946e-06
8964.0  8.450475e-07
8974.0  6.613083e-07
8984.0  2.289506e-07
8994.0  2.630635e-07
9004.0  2.676885e-07
9014.0  2.594716e-07
9024.0  2.637260e-07
9034.0  2.839788e-07
9044.0  2.867451e-07
9054.0  2.886201e-07
9064.0  2.604696e-07
9074.0  2.324187e-07
9084.0  2.196951e-07
9094.0  2.126043e-07
9104.0  2.309964e-07
9114.0  1.921605e-07
9124.0  1.957783e-07
9134.0  1.915659e-07
9144.0  2.092544e-07
9154.0  2.199241e-07
9164.0  1.996258e-07
9174.0  2.184605e-07
9184.0  1.829441e-07
9194.0  1.673315e-07
9204.0  1.728803e-07
9214.0  2.192059e-07
9224.0  2.387915e-07
9234.0  2.479718e-07
9244.0  2.637715e-07
9254.0  3.021501e-07
9264.0  3.210825e-07
9274.0  3.166005e-07
9284.0  2.921634e-07
9294.0  2.907533e-07
9304.0  2.973089e-07
9314.0  3.408210e-07
9324.0  3.474280e-07
9334.0  3.630898e-07
9344.0  3.635859e-07
9354.0  4.021766e-07
9364.0  3.999565e-07
9374.0  4.186474e-07
9384.0  4.175398e-07
9394.0  4.175162e-07
9404.0  4.044198e-07
9414.0  4.020384e-07
9424.0  4.192793e-07
9434.0  4.169512e-07
9444.0  3.990109e-07
9454.0  3.624163e-07
9464.0  3.776044e-07
9474.0  4.197238e-07
9484.0  4.202355e-07
9494.0  3.874453e-07
9504.0  3.596688e-07
9514.0  3.721820e-07
9524.0  3.785315e-07
9534.0  3.966135e-07
9544.0  3.943723e-07
9554.0  4.096810e-07
9564.0  3.880743e-07
9574.0  3.771794e-07
9584.0  3.529986e-07
9594.0  3.393886e-07
9604.0  3.584783e-07
9614.0  3.224625e-07
9624.0  2.938802e-07
9634.0  2.756368e-07
9644.0  2.985968e-07
9654.0  3.112214e-07
9664.0  3.023061e-07
9674.0  3.083475e-07
9684.0  3.076057e-07
9694.0  2.968738e-07
9704.0  3.113706e-07
9714.0  3.059941e-07
9724.0  3.050629e-07
9734.0  2.977707e-07
9744.0  3.174116e-07
9754.0  3.330778e-07
9764.0  3.272226e-07
9774.0  3.379663e-07
9784.0  3.549524e-07
9794.0  3.740823e-07
9804.0  3.377132e-07
9814.0  3.284068e-07
9824.0  3.105192e-07
9834.0  3.502203e-07
9844.0  3.397039e-07
9854.0  3.478503e-07
9864.0  3.081305e-07
9874.0  2.936885e-07
9884.0  2.654340e-07
9894.0  2.885114e-07
9904.0  3.111115e-07
9914.0  3.362280e-07
9924.0  3.164658e-07
9934.0  3.003705e-07
9944.0  2.956912e-07
9954.0  2.868064e-07
9964.0  2.776301e-07
9974.0  1.190674e-06
9984.0  1.992635e-06
9994.0  2.909574e-06
10004.0  2.911841e-06
10014.0  3.085875e-06
10024.0  3.002766e-06
10034.0  2.949261e-06
10044.0  2.586064e-06
10054.0  2.709813e-06
10064.0  2.602566e-06
10074.0  2.777226e-06
10084.0  2.668025e-06
10094.0  2.778666e-06
10104.0  2.864061e-06
10114.0  2.827629e-06
10124.0  2.834743e-06
10134.0  2.886174e-06
10144.0  3.009242e-06
10154.0  2.803398e-06
10164.0  2.580590e-06
10174.0  2.514269e-06
10184.0  2.456320e-06
10194.0  2.552342e-06
10204.0  2.432162e-06
10214.0  2.559393e-06
10224.0  2.597133e-06
10234.0  2.610104e-06
10244.0  2.609318e-06
10254.0  2.365828e-06
10264.0  2.184273e-06
10274.0  2.094072e-06
10284.0  2.294781e-06
10294.0  2.484079e-06
10304.0  2.606094e-06
10314.0  2.700078e-06
10324.0  2.601048e-06
10334.0  2.453324e-06
10344.0  2.287414e-06
10354.0  2.358774e-06
10364.0  2.332958e-06
10374.0  2.258132e-06
10384.0  2.261641e-06
10394.0  2.354413e-06
10404.0  2.381734e-06
10414.0  2.384624e-06
10424.0  2.434930e-06
10434.0  2.305116e-06
10444.0  2.260812e-06
10454.0  2.136073e-06
10464.0  2.279754e-06
10474.0  2.276362e-06
10484.0  2.348925e-06
10494.0  2.285670e-06
10504.0  2.285420e-06
10514.0  2.212670e-06
10524.0  2.336521e-06
10534.0  2.224761e-06
10544.0  2.361352e-06
10554.0  2.177252e-06
10564.0  2.093108e-06
10574.0  1.780015e-06
10584.0  2.006703e-06
10594.0  2.060338e-06
10604.0  2.100932e-06
10614.0  2.015511e-06
10624.0  2.074370e-06
10634.0  2.185257e-06
10644.0  1.984264e-06
10654.0  2.027547e-06
10664.0  2.013937e-06
10674.0  2.183806e-06
10684.0  2.149238e-06
10694.0  2.192529e-06
10704.0  2.020906e-06
10714.0  2.076330e-06
10724.0  2.036975e-06
10734.0  2.061726e-06
10744.0  1.886411e-06
10754.0  1.858748e-06
10764.0  1.971230e-06
10774.0  2.239182e-06
10784.0  2.307654e-06
10794.0  2.123058e-06
10804.0  1.946722e-06
10814.0  1.912752e-06
10824.0  1.980396e-06
10834.0  2.097080e-06
10844.0  2.075000e-06
10854.0  2.095940e-06
10864.0  2.034873e-06
10874.0  1.907405e-06
10884.0  2.118397e-06
10894.0  1.893031e-06
10904.0  2.041621e-06
10914.0  1.824964e-06
10924.0  2.011052e-06
10934.0  2.078273e-06
10944.0  2.204510e-06
10954.0  2.126231e-06
10964.0  1.917512e-06
10974.0  1.741592e-06
10984.0  1.819812e-06
10994.0  1.995523e-06
11004.0  2.135528e-06
11014.0  2.081836e-06
11024.0  2.105569e-06
11034.0  1.982035e-06
11044.0  1.959659e-06
11054.0  1.935415e-06
11064.0  1.944718e-06
11074.0  1.981196e-06
11084.0  1.889783e-06
11094.0  1.914848e-06
11104.0  1.851075e-06
11114.0  2.015645e-06
11124.0  1.923744e-06
11134.0  1.931252e-06
11144.0  1.802769e-06
11154.0  2.037922e-06
11164.0  2.050080e-06
11174.0  1.945978e-06
11184.0  1.792517e-06
11194.0  1.725803e-06
11204.0  1.836984e-06
11214.0  1.852067e-06
11224.0  1.865630e-06
11234.0  1.820309e-06
11244.0  1.834747e-06
11254.0  1.853602e-06
11264.0  1.938720e-06
11274.0  2.006341e-06
11284.0  1.911706e-06
11294.0  1.776606e-06
11304.0  1.717640e-06
11314.0  1.865032e-06
11324.0  1.869213e-06
11334.0  1.855834e-06
11344.0  1.763522e-06
11354.0  1.843444e-06
11364.0  1.762803e-06
11374.0  1.876154e-06
11384.0  1.833686e-06
11394.0  1.811808e-06
11404.0  1.720316e-06
11414.0  1.763642e-06
11424.0  1.902085e-06
11434.0  1.917905e-06
11444.0  1.832778e-06
11454.0  1.817455e-06
11464.0  1.895269e-06
11474.0  1.987170e-06
11484.0  1.871619e-06
11494.0  1.916230e-06
11504.0  1.874089e-06
11514.0  1.830355e-06
11524.0  1.682987e-06
11534.0  1.622533e-06
11544.0  1.662547e-06
11554.0  1.656867e-06
11564.0  1.643723e-06
11574.0  1.830458e-06
11584.0  2.003166e-06
11594.0  2.012694e-06
11604.0  1.936947e-06
11614.0  1.938549e-06
11624.0  2.050199e-06
11634.0  1.956138e-06
11644.0  1.807045e-06
11654.0  1.665643e-06
11664.0  1.897821e-06
11674.0  1.965106e-06
11684.0  2.075001e-06
11694.0  1.891011e-06
11704.0  1.777427e-06
11714.0  1.778445e-06
11724.0  1.748609e-06
11734.0  1.806332e-06
11744.0  1.666938e-06
11754.0  1.707961e-06
11764.0  1.767146e-06
11774.0  1.863848e-06
11784.0  1.830455e-06
11794.0  1.867913e-06
11804.0  1.872475e-06
11814.0  1.856436e-06
11824.0  1.806838e-06
11834.0  1.953637e-06
11844.0  1.977162e-06
11854.0  1.944599e-06
11864.0  1.788299e-06
11874.0  1.896461e-06
11884.0  1.918958e-06
11894.0  1.777012e-06
11904.0  1.714944e-06
11914.0  1.772556e-06
11924.0  1.926800e-06
11934.0  1.946920e-06
11944.0  1.876338e-06
11954.0  1.866924e-06
11964.0  1.767313e-06
11974.0  1.780513e-06
11984.0  1.775871e-06
11994.0  1.809245e-06
12004.0  1.766605e-06
12014.0  1.826482e-06
12024.0  1.903583e-06
12034.0  1.773793e-06
12044.0  1.742220e-06
12054.0  1.622687e-06
12064.0  1.803348e-06
12074.0  1.862330e-06
12084.0  2.001901e-06
12094.0  1.842372e-06
12104.0  1.629571e-06
12114.0  1.529121e-06
12124.0  1.629277e-06
12134.0  1.756629e-06
12144.0  1.773842e-06
12154.0  1.709348e-06
12164.0  1.690619e-06
12174.0  1.640225e-06
12184.0  1.722858e-06
12194.0  1.767633e-06
12204.0  1.867412e-06
12214.0  1.931037e-06
12224.0  1.968118e-06
12234.0  1.853625e-06
12244.0  1.851451e-06
12254.0  1.853827e-06
12264.0  1.945147e-06
12274.0  1.980070e-06
12284.0  2.000516e-06
12294.0  1.929320e-06
12304.0  1.861863e-06
12314.0  1.816814e-06
12324.0  1.810865e-06
12334.0  1.773622e-06
12344.0  1.891376e-06
12354.0  1.964884e-06
12364.0  2.018782e-06
12374.0  1.906107e-06
12384.0  1.881806e-06
12394.0  1.855239e-06
12404.0  1.869438e-06
12414.0  1.863461e-06
12424.0  1.784545e-06
12434.0  1.794927e-06
12444.0  1.830644e-06
12454.0  1.958922e-06
12464.0  2.010274e-06
12474.0  2.039054e-06
12484.0  1.998492e-06
12494.0  2.000362e-06
12504.0  1.994516e-06
12514.0  1.976984e-06
12524.0  2.097989e-06
12534.0  1.978956e-06
12544.0  1.912990e-06
12554.0  1.863250e-06
12564.0  1.936969e-06
12574.0  1.977090e-06
12584.0  1.883134e-06
12594.0  1.942567e-06
12604.0  2.040585e-06
12614.0  2.021800e-06
12624.0  2.055453e-06
12634.0  2.157701e-06
12644.0  2.070213e-06
12654.0  1.993859e-06
12664.0  1.939044e-06
12674.0  1.832408e-06
12684.0  1.907796e-06
12694.0  1.833172e-06
12704.0  1.946143e-06
12714.0  1.911436e-06
12724.0  1.951367e-06
12734.0  2.014367e-06
12744.0  2.073390e-06
12754.0  2.066890e-06
12764.0  2.175303e-06
12774.0  2.121618e-06
12784.0  2.003694e-06
12794.0  1.892331e-06
12804.0  1.801889e-06
12814.0  1.843830e-06
12824.0  1.925751e-06
12834.0  2.071187e-06
12844.0  2.060392e-06
12854.0  1.803448e-06
12864.0  1.678086e-06
12874.0  1.795240e-06
12884.0  2.059662e-06
12894.0  2.032840e-06
12904.0  1.857063e-06
12914.0  1.850352e-06
12924.0  1.917460e-06
12934.0  2.060055e-06
12944.0  2.061237e-06
12954.0  2.052458e-06
12964.0  2.131942e-06
12974.0  2.088809e-06
12984.0  2.166618e-06
12994.0  2.113567e-06
13004.0  2.069305e-06
13014.0  2.149343e-06
13024.0  2.013833e-06
13034.0  2.147613e-06
13044.0  2.040089e-06
13054.0  2.166951e-06
13064.0  2.137822e-06
13074.0  2.263691e-06
13084.0  2.238951e-06
13094.0  2.341625e-06
13104.0  2.275804e-06
13114.0  2.340117e-06
13124.0  2.142537e-06
13134.0  2.100850e-06
13144.0  2.052293e-06
13154.0  2.101669e-06
13164.0  2.168814e-06
13174.0  2.327417e-06
13184.0  2.287050e-06
13194.0  2.221618e-06
13204.0  2.128459e-06
13214.0  2.189834e-06
13224.0  2.004912e-06
13234.0  2.047094e-06
13244.0  1.978375e-06
13254.0  2.306650e-06
13264.0  2.243449e-06
13274.0  2.187312e-06
13284.0  2.088048e-06
13294.0  2.156979e-06
13304.0  2.244337e-06
13314.0  2.319848e-06
13324.0  2.134786e-06
13334.0  2.196285e-06
13344.0  2.089668e-06
13354.0  2.234737e-06
13364.0  2.154546e-06
13374.0  2.137988e-06
13384.0  2.183624e-06
13394.0  2.249081e-06
13404.0  2.387545e-06
13414.0  2.345033e-06
13424.0  2.434763e-06
13434.0  2.462659e-06
13444.0  2.553868e-06
13454.0  2.509412e-06
13464.0  2.379619e-06
13474.0  2.476184e-06
13484.0  2.518746e-06
13494.0  2.583597e-06
13504.0  2.397403e-06
13514.0  2.462593e-06
13524.0  2.495439e-06
13534.0  2.627014e-06
13544.0  2.502206e-06
13554.0  2.533338e-06
13564.0  2.545189e-06
13574.0  2.621100e-06
13584.0  2.830430e-06
13594.0  2.968128e-06
13604.0  3.142995e-06
13614.0  3.093386e-06
13624.0  3.094279e-06
13634.0  2.818810e-06
13644.0  2.744342e-06
13654.0  2.601444e-06
13664.0  2.723169e-06
13674.0  2.541308e-06
13684.0  2.620120e-06
13694.0  2.764768e-06
13704.0  2.949580e-06
13714.0  2.960826e-06
13724.0  2.869201e-06
13734.0  2.943699e-06
13744.0  2.810748e-06
13754.0  3.086574e-06
13764.0  2.987415e-06
13774.0  3.107360e-06
13784.0  2.809630e-06
13794.0  3.012646e-06
13804.0  3.020756e-06
13814.0  3.027829e-06
13824.0  2.960998e-06
13834.0  2.963330e-06
13844.0  3.184357e-06
13854.0  3.123136e-06
13864.0  3.058574e-06
13874.0  2.696851e-06
13884.0  2.742803e-06
13894.0  2.588848e-06
13904.0  2.758386e-06
13914.0  2.716208e-06
13924.0  3.012776e-06
13934.0  3.037388e-06
13944.0  2.810280e-06
13954.0  2.587685e-06
13964.0  2.532956e-06
13974.0  2.684624e-06
13984.0  2.749141e-06
13994.0  2.793155e-06
14004.0  2.807734e-06
14014.0  2.986516e-06
14024.0  3.101635e-06
14034.0  3.084577e-06
14044.0  2.758891e-06
14054.0  2.582492e-06
14064.0  2.516492e-06
14074.0  2.645013e-06
14084.0  2.658725e-06
14094.0  2.595587e-06
14104.0  2.538692e-06
14114.0  2.359734e-06
14124.0  2.284810e-06
14134.0  2.432706e-06
14144.0  2.525887e-06
14154.0  2.740707e-06
14164.0  2.588503e-06
14174.0  2.663060e-06
14184.0  2.559881e-06
14194.0  2.674269e-06
14204.0  2.575776e-06
14214.0  2.574398e-06
14224.0  2.526511e-06
14234.0  2.579170e-06
14244.0  2.461748e-06
14254.0  2.387936e-06
14264.0  2.348818e-06
14274.0  2.478953e-06
14284.0  2.522426e-06
14294.0  2.739151e-06
14304.0  2.802671e-06
14314.0  2.881934e-06
14324.0  2.752098e-06
14334.0  2.722015e-06
14344.0  2.562767e-06
14354.0  2.558435e-06
14364.0  2.635047e-06
14374.0  2.875471e-06
14384.0  2.743009e-06
14394.0  2.587902e-06
14404.0  2.467496e-06
14414.0  2.640000e-06
14424.0  2.600530e-06
14434.0  2.506833e-06
14444.0  2.549907e-06
14454.0  2.548576e-06
14464.0  2.603635e-06
14474.0  2.536841e-06
14484.0  2.641022e-06
14494.0  2.480687e-06
14504.0  2.402237e-06
14514.0  2.419332e-06
14524.0  2.632060e-06
14534.0  2.768913e-06
14544.0  2.801582e-06
14554.0  2.692002e-06
14564.0  2.578357e-06
14574.0  2.517123e-06
14584.0  2.636185e-06
14594.0  2.804437e-06
14604.0  2.719905e-06
14614.0  2.519587e-06
14624.0  2.192645e-06
14634.0  2.354073e-06
14644.0  2.662311e-06
14654.0  2.920455e-06
14664.0  2.761167e-06
14674.0  2.832250e-06
14684.0  2.866887e-06
14694.0  3.068759e-06
14704.0  2.887266e-06
14714.0  2.935809e-06
14724.0  2.960726e-06
14734.0  2.879446e-06
14744.0  2.818758e-06
14754.0  2.820353e-06
14764.0  2.911945e-06
14774.0  2.817373e-06
14784.0  2.795299e-06
14794.0  2.642831e-06
14804.0  2.910068e-06
14814.0  2.721382e-06
14824.0  2.699707e-06
14834.0  2.529058e-06
14844.0  2.763155e-06
14854.0  2.959893e-06
14864.0  3.205767e-06
14874.0  3.221042e-06
14884.0  3.363337e-06
14894.0  3.200584e-06
14904.0  3.139674e-06
14914.0  2.926367e-06
14924.0  2.914838e-06
14934.0  3.144721e-06
14944.0  3.188677e-06
14954.0  3.212302e-06
14964.0  3.179260e-06
14974.0  3.243717e-06
14984.0  3.321201e-06
14994.0  3.182211e-06
15004.0  3.284192e-06
15014.0  3.083383e-06
15024.0  3.062219e-06
15034.0  3.041055e-06
15044.0  3.138546e-06
15054.0  3.202564e-06
15064.0  3.235190e-06
15074.0  3.172749e-06
15084.0  3.114507e-06
15094.0  3.120683e-06
15104.0  3.276765e-06
15114.0  3.262610e-06
15124.0  3.292315e-06
15134.0  3.236928e-06
15144.0  3.522710e-06
15154.0  3.516359e-06
15164.0  3.593899e-06
15174.0  3.399456e-06
15184.0  3.312787e-06
15194.0  3.346915e-06
15204.0  3.155834e-06
15214.0  3.251120e-06
15224.0  3.120649e-06
15234.0  3.561953e-06
15244.0  3.550901e-06
15254.0  3.448226e-06
15264.0  3.204974e-06
15274.0  3.401425e-06
15284.0  3.664133e-06
15294.0  3.975846e-06
15304.0  3.863442e-06
15314.0  3.715383e-06
15324.0  3.430255e-06
15334.0  3.575931e-06
15344.0  3.650782e-06
15354.0  3.724537e-06
15364.0  3.425036e-06
15374.0  3.481870e-06
15384.0  3.361864e-06
15394.0  3.511758e-06
15404.0  3.311097e-06
15414.0  3.179864e-06
15424.0  3.116461e-06
15434.0  3.315796e-06
15444.0  3.477256e-06
15454.0  3.341864e-06
15464.0  3.150843e-06
15474.0  3.146071e-06
15484.0  3.450675e-06
15494.0  3.488624e-06
15504.0  3.571416e-06
15514.0  3.311098e-06
15524.0  3.449221e-06
15534.0  3.597920e-06
15544.0  3.941526e-06
15554.0  4.064754e-06
15564.0  3.968243e-06
15574.0  3.739363e-06
15584.0  3.644798e-06
15594.0  3.658595e-06
15604.0  3.652224e-06
15614.0  3.902235e-06
15624.0  3.726781e-06
15634.0  3.967214e-06
15644.0  4.022617e-06
15654.0  4.391748e-06
15664.0  4.262052e-06
15674.0  4.110155e-06
15684.0  4.055279e-06
15694.0  4.159672e-06
15704.0  4.291436e-06
15714.0  4.141654e-06
15724.0  4.094262e-06
15734.0  4.052779e-06
15744.0  4.167016e-06
15754.0  4.171841e-06
15764.0  4.037358e-06
15774.0  4.029264e-06
15784.0  4.185937e-06
15794.0  4.011354e-06
15804.0  4.005076e-06
15814.0  3.863705e-06
15824.0  4.086567e-06
15834.0  4.219723e-06
15844.0  4.338029e-06
15854.0  4.505014e-06
15864.0  4.462563e-06
15874.0  4.260323e-06
15884.0  3.977662e-06
15894.0  4.058723e-06
15904.0  4.365907e-06
15914.0  4.744055e-06
15924.0  4.482132e-06
15934.0  4.171229e-06
15944.0  3.941183e-06
15954.0  3.909819e-06
15964.0  3.970195e-06
15974.0  3.849354e-06
15984.0  3.980928e-06
15994.0  4.186865e-06
16004.0  4.297208e-06
16014.0  4.499695e-06
16024.0  4.390732e-06
16034.0  4.744170e-06
16044.0  4.756796e-06
16054.0  4.720061e-06
16064.0  4.389964e-06
16074.0  4.500201e-06
16084.0  4.634639e-06
16094.0  4.466865e-06
16104.0  4.028908e-06
16114.0  4.252668e-06
16124.0  4.442906e-06
16134.0  4.686733e-06
16144.0  4.444006e-06
16154.0  4.483156e-06
16164.0  4.405835e-06
16174.0  4.763628e-06
16184.0  5.168362e-06
16194.0  5.251816e-06
16204.0  4.910110e-06
16214.0  4.501907e-06
16224.0  4.650156e-06
16234.0  4.903714e-06
16244.0  4.912052e-06
16254.0  4.921716e-06
16264.0  5.040790e-06
16274.0  5.146436e-06
16284.0  5.233332e-06
16294.0  5.028824e-06
16304.0  5.125539e-06
16314.0  5.364053e-06
16324.0  5.486783e-06
16334.0  5.638002e-06
16344.0  5.788351e-06
16354.0  5.537361e-06
16364.0  5.581494e-06
16374.0  5.549068e-06
16384.0  6.035866e-06
16394.0  6.166900e-06
16404.0  6.102299e-06
16414.0  6.503896e-06
16424.0  6.758606e-06
16434.0  7.194568e-06
16444.0  7.508736e-06
16454.0  7.871052e-06
16464.0  8.291531e-06
16474.0  8.134212e-06
16484.0  8.574654e-06
16494.0  8.793966e-06
16504.0  8.976961e-06
16514.0  8.777077e-06
16524.0  8.688924e-06
16534.0  9.253293e-06
16544.0  9.569007e-06
16554.0  9.997343e-06
16564.0  1.006008e-05
16574.0  1.080274e-05
16584.0  1.145682e-05
16594.0  1.200540e-05
16604.0  1.247250e-05
16614.0  1.294086e-05
16624.0  1.393032e-05
16634.0  1.494641e-05
16644.0  1.611262e-05
16654.0  1.717602e-05
16664.0  1.797828e-05
16674.0  1.891819e-05
16684.0  2.037383e-05
16694.0  2.169847e-05
16704.0  2.334519e-05
16714.0  2.476776e-05
16724.0  2.687238e-05
16734.0  2.863373e-05
16744.0  3.108386e-05
16754.0  3.358954e-05
16764.0  3.625359e-05
16774.0  3.892905e-05
16784.0  4.180355e-05
16794.0  4.508743e-05
16804.0  4.833635e-05
16814.0  5.240034e-05
16824.0  5.666135e-05
16834.0  6.135013e-05
16844.0  6.594120e-05
16854.0  7.138946e-05
16864.0  7.697245e-05
16874.0  8.335103e-05
16884.0  8.993723e-05
16894.0  9.719221e-05
16904.0  1.053231e-04
16914.0  1.144399e-04
16924.0  1.256300e-04
16934.0  1.378472e-04
16944.0  1.518830e-04
16954.0  1.671286e-04
16964.0  1.844287e-04
16974.0  2.046048e-04
16984.0  2.273758e-04
16994.0  2.533221e-04
17004.0  2.836983e-04
17014.0  3.179931e-04
17024.0  3.578021e-04
17034.0  4.032882e-04
17044.0  4.552881e-04
17054.0  5.142933e-04
17064.0  5.809441e-04
17074.0  6.567329e-04
17084.0  7.421130e-04
17094.0  8.385804e-04
17104.0  9.483638e-04
17114.0  1.070554e-03
17124.0  1.208949e-03
17134.0  1.365036e-03
17144.0  1.540729e-03
17154.0  1.740033e-03
17164.0  1.968814e-03
17174.0  2.229669e-03
17184.0  2.525386e-03
17194.0  2.865496e-03
17204.0  3.256981e-03
17214.0  3.710881e-03
17224.0  4.236510e-03
17234.0  4.852353e-03
17244.0  5.567743e-03
17254.0  6.416860e-03
17264.0  7.420033e-03
17274.0  8.620196e-03
17284.0  1.006062e-02
17294.0  1.178120e-02
17304.0  1.382676e-02
17314.0  1.623490e-02
17324.0  1.913303e-02
17334.0  2.228742e-02
17344.0  2.551697e-02
17354.0  2.831361e-02
17364.0  3.108137e-02
17374.0  3.374602e-02
17384.0  3.697408e-02
17394.0  4.051598e-02
17404.0  4.479036e-02
17414.0  4.994553e-02
17424.0  5.573016e-02
17434.0  6.243171e-02
17444.0  6.960335e-02
17454.0  7.825097e-02
17464.0  8.788823e-02
17474.0  9.961909e-02
17484.0  1.134481e-01
17494.0  1.298534e-01
17504.0  1.483300e-01
17514.0  1.687944e-01
17524.0  1.900940e-01
17534.0  2.122149e-01
17544.0  2.342936e-01
17554.0  2.564427e-01
17564.0  2.770591e-01
17574.0  2.961590e-01
17584.0  3.131486e-01
17594.0  3.283616e-01
17604.0  3.413414e-01
17614.0  3.535806e-01
17624.0  3.652986e-01
17634.0  3.761555e-01
17644.0  3.867255e-01
17654.0  3.968013e-01
17664.0  4.066657e-01
17674.0  4.152569e-01
17684.0  4.231701e-01
17694.0  4.306736e-01
17704.0  4.376691e-01
17714.0  4.434712e-01
17724.0  4.487672e-01
17734.0  4.522716e-01
17744.0  4.549591e-01
17754.0  4.566752e-01
17764.0  4.578745e-01
17774.0  4.587244e-01
17784.0  4.587579e-01
17794.0  4.595135e-01
17804.0  4.600480e-01
17814.0  4.606005e-01
17824.0  4.605044e-01
17834.0  4.610292e-01
17844.0  4.614635e-01
17854.0  4.621273e-01
17864.0  4.622541e-01
17874.0  4.628824e-01
17884.0  4.643507e-01
17894.0  4.648980e-01
17904.0  4.657868e-01
17914.0  4.656768e-01
17924.0  4.658975e-01
17934.0  4.652636e-01
17944.0  4.646312e-01
17954.0  4.639942e-01
17964.0  4.629992e-01
17974.0  4.619060e-01
17984.0  4.605741e-01
17994.0  4.593065e-01
18004.0  4.578585e-01
18014.0  4.569537e-01
18024.0  4.558861e-01
18034.0  4.549755e-01
18044.0  4.529749e-01
18054.0  4.519851e-01
18064.0  4.513781e-01
18074.0  4.516051e-01
18084.0  4.514237e-01
18094.0  4.508079e-01
18104.0  4.502846e-01
18114.0  4.500308e-01
18124.0  4.510727e-01
18134.0  4.518187e-01
18144.0  4.531390e-01
18154.0  4.532339e-01
18164.0  4.544742e-01
18174.0  4.554693e-01
18184.0  4.567110e-01
18194.0  4.572801e-01
18204.0  4.580061e-01
18214.0  4.590631e-01
18224.0  4.605527e-01
18234.0  4.610484e-01
18244.0  4.620850e-01
18254.0  4.634193e-01
18264.0  4.647322e-01
18274.0  4.653184e-01
18284.0  4.655579e-01
18294.0  4.661781e-01
18304.0  4.669977e-01
18314.0  4.678629e-01
18324.0  4.688377e-01
18334.0  4.689364e-01
18344.0  4.687892e-01
18354.0  4.686740e-01
18364.0  4.696320e-01
18374.0  4.700846e-01
18384.0  4.704202e-01
18394.0  4.700721e-01
18404.0  4.705603e-01
18414.0  4.701194e-01
18424.0  4.697682e-01
18434.0  4.699096e-01
18444.0  4.697890e-01
18454.0  4.693634e-01
18464.0  4.682200e-01
18474.0  4.678872e-01
18484.0  4.676633e-01
18494.0  4.670995e-01
18504.0  4.665671e-01
18514.0  4.661226e-01
18524.0  4.660306e-01
18534.0  4.654680e-01
18544.0  4.645362e-01
18554.0  4.638975e-01
18564.0  4.634787e-01
18574.0  4.639747e-01
18584.0  4.638044e-01
18594.0  4.628588e-01
18604.0  4.623455e-01
18614.0  4.617418e-01
18624.0  4.609114e-01
18634.0  4.599337e-01
18644.0  4.599623e-01
18654.0  4.600324e-01
18664.0  4.601742e-01
18674.0  4.599397e-01
18684.0  4.607166e-01
18694.0  4.612963e-01
18704.0  4.621316e-01
18714.0  4.633479e-01
18724.0  4.641005e-01
18734.0  4.655066e-01
18744.0  4.665812e-01
18754.0  4.673556e-01
18764.0  4.680709e-01
18774.0  4.676682e-01
18784.0  4.681762e-01
18794.0  4.685975e-01
18804.0  4.694506e-01
18814.0  4.703008e-01
18824.0  4.704064e-01
18834.0  4.715480e-01
18844.0  4.720657e-01
18854.0  4.726457e-01
18864.0  4.733458e-01
18874.0  4.736930e-01
18884.0  4.742378e-01
18894.0  4.746424e-01
18904.0  4.747686e-01
18914.0  4.744433e-01
18924.0  4.741872e-01
18934.0  4.741759e-01
18944.0  4.746696e-01
18954.0  4.754586e-01
18964.0  4.759533e-01
18974.0  4.764013e-01
18984.0  4.764750e-01
18994.0  4.769224e-01
19004.0  4.766050e-01
19014.0  4.770755e-01
19024.0  4.770909e-01
19034.0  4.779315e-01
19044.0  4.775360e-01
19054.0  4.778071e-01
19064.0  4.777495e-01
19074.0  4.782778e-01
19084.0  4.786039e-01
19094.0  4.780510e-01
19104.0  4.779591e-01
19114.0  4.778052e-01
19124.0  4.790238e-01
19134.0  4.797163e-01
19144.0  4.798436e-01
19154.0  4.794283e-01
19164.0  4.786274e-01
19174.0  4.792336e-01
19184.0  4.792081e-01
19194.0  4.790205e-01
19204.0  4.778332e-01
19214.0  4.779512e-01
19224.0  4.778567e-01
19234.0  4.772243e-01
19244.0  4.772425e-01
19254.0  4.765033e-01
19264.0  4.761918e-01
19274.0  4.758732e-01
19284.0  4.761009e-01
19294.0  4.757377e-01
19304.0  4.753912e-01
19314.0  4.747683e-01
19324.0  4.747284e-01
19334.0  4.739374e-01
19344.0  4.732863e-01
19354.0  4.724802e-01
19364.0  4.722498e-01
19374.0  4.713481e-01
19384.0  4.711038e-01
19394.0  4.707166e-01
19404.0  4.709617e-01
19414.0  4.710544e-01
19424.0  4.714948e-01
19434.0  4.723929e-01
19444.0  4.730172e-01
19454.0  4.739893e-01
19464.0  4.743182e-01
19474.0  4.748211e-01
19484.0  4.752365e-01
19494.0  4.753575e-01
19504.0  4.757250e-01
19514.0  4.759141e-01
19524.0  4.768197e-01
19534.0  4.772027e-01
19544.0  4.772061e-01
19554.0  4.778007e-01
19564.0  4.785658e-01
19574.0  4.794939e-01
19584.0  4.796373e-01
19594.0  4.791782e-01
19604.0  4.794541e-01
19614.0  4.793154e-01
19624.0  4.803850e-01
19634.0  4.800725e-01
19644.0  4.802545e-01
19654.0  4.798376e-01
19664.0  4.794347e-01
19674.0  4.792884e-01
19684.0  4.796267e-01
19694.0  4.796408e-01
19704.0  4.791979e-01
19714.0  4.790897e-01
19724.0  4.792507e-01
19734.0  4.787350e-01
19744.0  4.779044e-01
19754.0  4.777976e-01
19764.0  4.783266e-01
19774.0  4.787014e-01
19784.0  4.787529e-01
19794.0  4.788858e-01
19804.0  4.791898e-01
19814.0  4.797776e-01
19824.0  4.798946e-01
19834.0  4.793845e-01
19844.0  4.795465e-01
19854.0  4.793592e-01
19864.0  4.792715e-01
19874.0  4.796740e-01
19884.0  4.801660e-01
19894.0  4.811129e-01
19904.0  4.807054e-01
19914.0  4.808387e-01
19924.0  4.807816e-01
19934.0  4.809714e-01
19944.0  4.798006e-01
19954.0  4.782341e-01
19964.0  4.759298e-01
19974.0  4.757972e-01
19984.0  4.775021e-01
19994.0  4.790302e-01
20004.0  4.796473e-01
20014.0  4.799195e-01
20024.0  4.809175e-01
20034.0  4.824025e-01
20044.0  4.826411e-01
20054.0  4.822501e-01
20064.0  4.814086e-01
20074.0  4.811392e-01
20084.0  4.806362e-01
20094.0  4.809109e-01
20104.0  4.813565e-01
20114.0  4.814315e-01
20124.0  4.811697e-01
20134.0  4.810085e-01
20144.0  4.817933e-01
20154.0  4.826116e-01
20164.0  4.831781e-01
20174.0  4.834594e-01
20184.0  4.846355e-01
20194.0  4.838424e-01
20204.0  4.837785e-01
20214.0  4.828857e-01
20224.0  4.838687e-01
20234.0  4.849109e-01
20244.0  4.864339e-01
20254.0  4.876657e-01
20264.0  4.879998e-01
20274.0  4.878229e-01
20284.0  4.876846e-01
20294.0  4.881475e-01
20304.0  4.885646e-01
20314.0  4.885247e-01
20324.0  4.885864e-01
20334.0  4.888734e-01
20344.0  4.886839e-01
20354.0  4.882800e-01
20364.0  4.878668e-01
20374.0  4.882183e-01
20384.0  4.885730e-01
20394.0  4.889047e-01
20404.0  4.881015e-01
20414.0  4.868704e-01
20424.0  4.862358e-01
20434.0  4.847445e-01
20444.0  4.840346e-01
20454.0  4.828188e-01
20464.0  4.819960e-01
20474.0  4.815231e-01
20484.0  4.803579e-01
20494.0  4.801867e-01
20504.0  4.800974e-01
20514.0  4.799981e-01
20524.0  4.798582e-01
20534.0  4.795518e-01
20544.0  4.795383e-01
20554.0  4.793698e-01
20564.0  4.791096e-01
20574.0  4.787732e-01
20584.0  4.788614e-01
20594.0  4.791624e-01
20604.0  4.797645e-01
20614.0  4.808313e-01
20624.0  4.814207e-01
20634.0  4.819814e-01
20644.0  4.827526e-01
20654.0  4.828389e-01
20664.0  4.836674e-01
20674.0  4.847481e-01
20684.0  4.860232e-01
20694.0  4.867766e-01
20704.0  4.873807e-01
20714.0  4.886818e-01
20724.0  4.902159e-01
20734.0  4.913712e-01
20744.0  4.920530e-01
20754.0  4.926842e-01
20764.0  4.926013e-01
20774.0  4.927473e-01
20784.0  4.928229e-01
20794.0  4.931524e-01
20804.0  4.935211e-01
20814.0  4.936479e-01
20824.0  4.938323e-01
20834.0  4.939749e-01
20844.0  4.946586e-01
20854.0  4.946835e-01
20864.0  4.950300e-01
20874.0  4.943279e-01
20884.0  4.942660e-01
20894.0  4.936701e-01
20904.0  4.932161e-01
20914.0  4.918459e-01
20924.0  4.907969e-01
20934.0  4.912209e-01
20944.0  4.921313e-01
20954.0  4.922387e-01
20964.0  4.916963e-01
20974.0  4.912216e-01
20984.0  4.910157e-01
20994.0  4.906585e-01
21004.0  4.903710e-01
21014.0  4.902696e-01
21024.0  4.897400e-01
21034.0  4.900486e-01
21044.0  4.909268e-01
21054.0  4.914263e-01
21064.0  4.910266e-01
21074.0  4.900731e-01
21084.0  4.902219e-01
21094.0  4.896636e-01
21104.0  4.900082e-01
21114.0  4.888909e-01
21124.0  4.895806e-01
21134.0  4.887469e-01
21144.0  4.889191e-01
21154.0  4.879778e-01
21164.0  4.881565e-01
21174.0  4.889753e-01
21184.0  4.892280e-01
21194.0  4.889096e-01
21204.0  4.878024e-01
21214.0  4.878619e-01
21224.0  4.878505e-01
21234.0  4.874082e-01
21244.0  4.865525e-01
21254.0  4.860494e-01
21264.0  4.859206e-01
21274.0  4.859952e-01
21284.0  4.856115e-01
21294.0  4.855438e-01
21304.0  4.854537e-01
21314.0  4.853945e-01
21324.0  4.858366e-01
21334.0  4.859167e-01
21344.0  4.858916e-01
21354.0  4.858863e-01
21364.0  4.850561e-01
21374.0  4.855211e-01
21384.0  4.856714e-01
21394.0  4.864148e-01
21404.0  4.869134e-01
21414.0  4.873040e-01
21424.0  4.873876e-01
21434.0  4.877171e-01
21444.0  4.888152e-01
21454.0  4.897180e-01
21464.0  4.900367e-01
21474.0  4.894479e-01
21484.0  4.900338e-01
21494.0  4.909812e-01
21504.0  4.914376e-01
21514.0  4.907364e-01
21524.0  4.903955e-01
21534.0  4.902481e-01
21544.0  4.900610e-01
21554.0  4.891660e-01
21564.0  4.885433e-01
21574.0  4.890774e-01
21584.0  4.886277e-01
21594.0  4.881967e-01
21604.0  4.870710e-01
21614.0  4.865849e-01
21624.0  4.849546e-01
21634.0  4.839501e-01
21644.0  4.838395e-01
21654.0  4.829308e-01
21664.0  4.822163e-01
21674.0  4.810524e-01
21684.0  4.805836e-01
21694.0  4.791045e-01
21704.0  4.777406e-01
21714.0  4.768078e-01
21724.0  4.765443e-01
21734.0  4.759570e-01
21744.0  4.760642e-01
21754.0  4.755301e-01
21764.0  4.760470e-01
21774.0  4.754856e-01
21784.0  4.758724e-01
21794.0  4.751342e-01
21804.0  4.747059e-01
21814.0  4.741071e-01
21824.0  4.734406e-01
21834.0  4.738947e-01
21844.0  4.747611e-01
21854.0  4.760545e-01
21864.0  4.764857e-01
21874.0  4.763515e-01
21884.0  4.761063e-01
21894.0  4.765119e-01
21904.0  4.770385e-01
21914.0  4.776744e-01
21924.0  4.780564e-01
21934.0  4.786724e-01
21944.0  4.793263e-01
21954.0  4.797050e-01
21964.0  4.805524e-01
21974.0  4.815929e-01
21984.0  4.828613e-01
21994.0  4.838895e-01
22004.0  4.844401e-01
22014.0  4.845100e-01
22024.0  4.856646e-01
22034.0  4.862188e-01
22044.0  4.868319e-01
22054.0  4.865292e-01
22064.0  4.856083e-01
22074.0  4.842967e-01
22084.0  4.824987e-01
22094.0  4.804900e-01
22104.0  4.775164e-01
22114.0  4.734858e-01
22124.0  4.682875e-01
22134.0  4.612435e-01
22144.0  4.527948e-01
22154.0  4.423863e-01
22164.0  4.310209e-01
22174.0  4.174182e-01
22184.0  4.024456e-01
22194.0  3.859028e-01
22204.0  3.680208e-01
22214.0  3.489403e-01
22224.0  3.290714e-01
22234.0  3.078982e-01
22244.0  2.855492e-01
22254.0  2.634547e-01
22264.0  2.423588e-01
22274.0  2.224010e-01
22284.0  2.036273e-01
22294.0  1.863314e-01
22304.0  1.701791e-01
22314.0  1.553860e-01
22324.0  1.418277e-01
22334.0  1.291133e-01
22344.0  1.173077e-01
22354.0  1.062276e-01
22364.0  9.586536e-02
22374.0  8.599367e-02
22384.0  7.676993e-02
22394.0  6.844546e-02
22404.0  6.076502e-02
22414.0  5.376125e-02
22424.0  4.750100e-02
22434.0  4.183939e-02
22444.0  3.670196e-02
22454.0  3.212754e-02
22464.0  2.807231e-02
22474.0  2.454199e-02
22484.0  2.143253e-02
22494.0  1.871787e-02
22504.0  1.633695e-02
22514.0  1.425730e-02
22524.0  1.244722e-02
22534.0  1.086912e-02
22544.0  9.492695e-03
22554.0  8.291642e-03
22564.0  7.229306e-03
22574.0  6.322050e-03
22584.0  5.521922e-03
22594.0  4.832880e-03
22604.0  4.222265e-03
22614.0  3.698826e-03
22624.0  3.242030e-03
22634.0  2.850369e-03
22644.0  2.507355e-03
22654.0  2.211251e-03
22664.0  1.949896e-03
22674.0  1.728182e-03
22684.0  1.534867e-03
22694.0  1.369269e-03
22704.0  1.222489e-03
22714.0  1.098576e-03
22724.0  9.863655e-04
22734.0  8.906831e-04
22744.0  8.023262e-04
22754.0  7.261690e-04
22764.0  6.553898e-04
22774.0  5.960440e-04
22784.0  5.423219e-04
22794.0  4.954374e-04
22804.0  4.514856e-04
22814.0  4.130388e-04
22824.0  3.777295e-04
22834.0  3.483133e-04
22844.0  3.204455e-04
22854.0  2.959068e-04
22864.0  2.707183e-04
22874.0  2.506809e-04
22884.0  2.304581e-04
22894.0  2.134315e-04
22904.0  1.970983e-04
22914.0  1.821722e-04
22924.0  1.683504e-04
22934.0  1.547230e-04
22944.0  1.437203e-04
22954.0  1.332714e-04
22964.0  1.251169e-04
22974.0  1.156524e-04
22984.0  1.088573e-04
22994.0  1.009567e-04
23004.0  9.451358e-05
23014.0  8.698937e-05
23024.0  8.191044e-05
23034.0  7.651940e-05
23044.0  7.145812e-05
23054.0  6.665654e-05
23064.0  6.294727e-05
23074.0  5.907897e-05
23084.0  5.466718e-05
23094.0  5.168118e-05
23104.0  4.851682e-05
23114.0  4.570927e-05
23124.0  4.173570e-05
23134.0  3.853296e-05
23144.0  3.574940e-05
23154.0  3.362659e-05
23164.0  3.145518e-05
23174.0  2.982221e-05
23184.0  2.758047e-05
23194.0  2.578727e-05
23204.0  2.377410e-05
23214.0  2.306103e-05
23224.0  2.214385e-05
23234.0  2.084781e-05
23244.0  1.868508e-05
23254.0  1.724896e-05
23264.0  1.566123e-05
23274.0  1.481413e-05
23284.0  1.362794e-05
23294.0  1.303278e-05
23304.0  1.184368e-05
23314.0  1.102550e-05
23324.0  1.006193e-05
23334.0  9.223961e-06
23344.0  8.522757e-06
23354.0  7.974525e-06
23364.0  7.452285e-06
23374.0  6.982994e-06
23384.0  6.457481e-06
23394.0  5.991030e-06
23404.0  5.500043e-06
23414.0  5.143984e-06
23424.0  5.197138e-06
23434.0  5.054485e-06
23444.0  5.047377e-06
23454.0  4.739956e-06
23464.0  4.618874e-06
23474.0  4.374318e-06
23484.0  4.232526e-06
23494.0  4.268622e-06
23504.0  4.261248e-06
23514.0  4.037121e-06
23524.0  3.812827e-06
23534.0  3.673295e-06
23544.0  3.635401e-06
23554.0  3.530780e-06
23564.0  3.257740e-06
23574.0  3.203128e-06
23584.0  3.025075e-06
23594.0  3.023178e-06
23604.0  2.979253e-06
23614.0  2.782531e-06
23624.0  2.575683e-06
23634.0  2.310889e-06
23644.0  2.168710e-06
23654.0  2.034133e-06
23664.0  1.790084e-06
23674.0  1.539085e-06
23684.0  1.277979e-06
23694.0  1.142384e-06
23704.0  9.605907e-07
23714.0  8.247410e-07
23724.0  6.915928e-07
23734.0  6.080510e-07
23744.0  5.533355e-07
23754.0  5.425099e-07
23764.0  5.355300e-07
23774.0  5.551757e-07
23784.0  5.163692e-07
23794.0  4.958074e-07
23804.0  4.170902e-07
23814.0  4.000612e-07
23824.0  3.404988e-07
23834.0  3.035015e-07
23844.0  2.486918e-07
23854.0  2.455994e-07
23864.0  2.264301e-07
23874.0  2.189820e-07
23884.0  1.996247e-07
23894.0  1.764291e-07
23904.0  1.520884e-07
23914.0  1.265997e-07
23924.0  1.223011e-07
23934.0  1.157233e-07
23944.0  1.092686e-07
23954.0  9.391202e-08
23964.0  8.103777e-08
23974.0  6.731523e-08
23984.0  6.179273e-08
23994.0  5.835828e-08
24004.0  5.577992e-08
24014.0  5.004472e-08
24024.0  4.381156e-08
24034.0  3.795116e-08
24044.0  3.284368e-08
24054.0  2.936504e-08
24064.0  2.853804e-08
24074.0  2.582070e-08
24084.0  2.418740e-08
24094.0  2.102138e-08
24104.0  1.869046e-08
24114.0  1.518538e-08
24124.0  1.249412e-08
24134.0  1.085085e-08
24144.0  9.400358e-09
24154.0  9.023527e-09
24164.0  7.795717e-09
24174.0  6.911106e-09
24184.0  6.060997e-09
24194.0  5.563725e-09
24204.0  5.170446e-09
24214.0  4.719855e-09
24224.0  4.402711e-09
24234.0  3.720524e-09
24244.0  3.303599e-09
24254.0  2.782262e-09
24264.0  2.594609e-09
24274.0  2.115505e-09
24284.0  1.860166e-09
24294.0  1.615026e-09
24304.0  1.378015e-09
24314.0  1.282630e-09
24324.0  1.113574e-09
24334.0  1.073017e-09
24344.0  9.182382e-10
24354.0  8.541612e-10
24364.0  6.856370e-10
24374.0  6.154371e-10
24384.0  5.042008e-10
24394.0  4.497301e-10
24404.0  4.111340e-10
24414.0  3.618520e-10
24424.0  3.356544e-10
24434.0  2.783760e-10
24444.0  2.353903e-10
24454.0  1.895452e-10
24464.0  1.526006e-10
24474.0  1.254123e-10
24484.0  1.041432e-10
24494.0  9.417171e-11
24504.0  9.492208e-11
24514.0  9.320558e-11
24524.0  8.854295e-11
24534.0  8.566697e-11
24544.0  7.770825e-11
24554.0  7.841036e-11
24564.0  7.390707e-11
24574.0  8.058679e-11
24584.0  7.707342e-11
24594.0  7.454744e-11
24604.0  6.767517e-11
24614.0  6.676001e-11
24624.0  6.136121e-11
24634.0  5.656443e-11
24644.0  4.586206e-11
24654.0  4.450331e-11
24664.0  3.915081e-11
24674.0  4.008965e-11
24684.0  3.731695e-11
24694.0  3.554057e-11
24704.0  3.176922e-11
24714.0  3.060261e-11
24724.0  2.813473e-11
24734.0  2.724014e-11
24744.0  2.313333e-11
24754.0  2.254886e-11
24764.0  1.993167e-11
24774.0  1.802197e-11
24784.0  1.605168e-11
24794.0  1.455771e-11
24804.0  1.450093e-11
24814.0  1.354319e-11
24824.0  1.177285e-11
24834.0  9.861396e-12
24844.0  8.298447e-12
24854.0  7.481231e-12
24864.0  6.829832e-12
24874.0  6.378981e-12
24884.0  6.315502e-12
24894.0  6.232753e-12
24904.0  5.986768e-12
24914.0  5.306665e-12
24924.0  4.674602e-12
24934.0  4.210454e-12
24944.0  3.572136e-12
24954.0  3.136115e-12
24964.0  2.673629e-12
24974.0  2.686813e-12
24984.0  2.388221e-12
24994.0  2.190690e-12
25004.0  1.838339e-12
25014.0  1.590695e-12
25024.0  1.549537e-12
25034.0  1.449720e-12
25044.0  1.386949e-12
25054.0  1.165976e-12
25064.0  1.075083e-12
25074.0  1.004754e-12
25084.0  8.883745e-13
25094.0  8.064185e-13
25104.0  7.837223e-13
25114.0  7.366885e-13
25124.0  6.688229e-13
25134.0  5.579358e-13
25144.0  4.914870e-13
25154.0  4.578990e-13
25164.0  3.931319e-13
25174.0  3.755284e-13
25184.0  3.332270e-13
25194.0  3.237867e-13
25204.0  3.020718e-13
25214.0  2.607638e-13
25224.0  2.345297e-13
25234.0  2.017734e-13
25244.0  1.983812e-13
25254.0  1.739182e-13
25264.0  1.651813e-13
25274.0  1.488537e-13
25284.0  1.441182e-13
25294.0  1.261241e-13
25304.0  1.123344e-13
25314.0  1.031974e-13
25324.0  9.802218e-14
25334.0  9.245833e-14
25344.0  8.923304e-14
25354.0  7.861185e-14
25364.0  7.081165e-14
25374.0  6.279812e-14
25384.0  6.182192e-14
25394.0  5.709272e-14
25404.0  5.296037e-14
25414.0  4.848312e-14
25424.0  4.666686e-14
25434.0  4.137103e-14
25444.0  3.968696e-14
25454.0  3.279707e-14
25464.0  3.234637e-14
25474.0  2.793110e-14
25484.0  2.665879e-14
25494.0  2.226808e-14
25504.0  1.953066e-14
25514.0  1.791540e-14
25524.0  1.808567e-14
25534.0  1.715282e-14
25544.0  1.455732e-14
25554.0  1.237244e-14
25564.0  1.130556e-14
25574.0  1.123981e-14
25584.0  9.830580e-15
25594.0  9.050915e-15
25604.0  8.105391e-15
25614.0  7.395173e-15
25624.0  6.926360e-15
25634.0  6.461009e-15
25644.0  6.027598e-15
25654.0  5.188694e-15
25664.0  4.780767e-15
25674.0  4.547563e-15
25684.0  4.300309e-15
25694.0  3.733662e-15
25704.0  3.185129e-15
25714.0  2.727223e-15
25724.0  2.665695e-15
25734.0  2.485080e-15
25744.0  2.286442e-15
25754.0  2.157882e-15
25764.0  1.946947e-15
25774.0  1.774283e-15
25784.0  1.397394e-15
25794.0  1.358509e-15
25804.0  1.178274e-15
25814.0  1.121553e-15
25824.0  1.014952e-15
25834.0  9.277252e-16
25844.0  8.476254e-16
25854.0  7.282099e-16
25864.0  6.320045e-16
25874.0  5.445465e-16
25884.0  4.752273e-16
25894.0  4.118193e-16
25904.0  3.497936e-16
25914.0  2.995555e-16
25924.0  2.484755e-16
25934.0  2.092290e-16
25944.0  1.784905e-16
25954.0  1.450284e-16
25964.0  1.222221e-16
25974.0  9.204453e-17
