# from ImPCE_TN-00072-ATC-Iss2.xlsx from
# http://ircamera.as.arizona.edu/MIRI/pces.htm
# Retrieved Jan 23, 2017
# Does not include observatory efficiency?
# Units of transmission are PCE (photon to electron conversion efficiency)
# 


10000.0  0
10060.0  0
10120.0  0
10170.0  0
10230.0  0
10290.0  0
10350.0  0
10410.0  0
10460.0  0
10520.0  0
10580.0  0
10640.0  0
10700.0  0
10750.0  0
10810.0  0
10870.0  0
10930.0  0
10990.0  0
11040.0  0
11100.0  0
11160.0  0
11220.0  0
11280.0  0
11330.0  0
11390.0  0
11450.0  0
11510.0  0
11570.0  0
11620.0  0
11680.0  0
11740.0  0
11800.0  0
11860.0  0
11910.0  0
11970.0  0
12030.0  0
12090.0  0
12150.0  0
12200.0  0
12260.0  0
12320.0  0
12380.0  0
12440.0  0
12490.0  0
12550.0  0
12610.0  0
12670.0  0
12730.0  0
12780.0  0
12840.0  0
12900.0  0
12960.0  0
13020.0  0
13070.0  0
13130.0  0
13190.0  0
13250.0  0
13310.0  0
13360.0  0
13420.0  0
13480.0  0
13540.0  0
13600.0  0
13650.0  0
13710.0  0
13770.0  0
13830.0  0
13890.0  0
13940.0  0
14000.0  0
14060.0  0
14120.0  0
14180.0  0
14230.0  0
14290.0  0
14350.0  0
14410.0  0
14470.0  0
14520.0  0
14580.0  0
14640.0  0
14700.0  0
14760.0  0
14810.0  0
14870.0  0
14930.0  0
14990.0  0
15050.0  0
15100.0  0
15160.0  0
15220.0  0
15280.0  0
15340.0  0
15390.0  0
15450.0  0
15510.0  0
15570.0  0
15630.0  0
15680.0  0
15740.0  0
15800.0  0
15860.0  0
15920.0  0
15970.0  0
16030.0  0
16090.0  0
16150.0  0
16210.0  0
16260.0  0
16320.0  0
16380.0  0
16440.0  0
16500.0  0
16550.0  0
16610.0  0
16670.0  0
16730.0  0
16790.0  0
16840.0  0
16900.0  0
16960.0  0
17020.0  0
17080.0  0
17130.0  0
17190.0  0
17250.0  0
17310.0  0
17370.0  0
17420.0  0
17480.0  0
17540.0  0
17600.0  0
17660.0  0
17710.0  0
17770.0  0
17830.0  0
17890.0  0
17950.0  0
18000.0  0
18060.0  0
18120.0  0
18180.0  0
18240.0  0
18290.0  0
18350.0  0
18410.0  0
18470.0  0
18530.0  0
18580.0  0
18640.0  0
18700.0  0
18760.0  0
18820.0  0
18870.0  0
18930.0  0
18990.0  0
19050.0  0
19110.0  0
19160.0  0
19220.0  0
19280.0  0
19340.0  0
19400.0  0
19450.0  0
19510.0  0
19570.0  0
19630.0  0
19690.0  0
19740.0  0
19800.0  0
19860.0  0
19920.0  0
19980.0  0
20030.0  0
20090.0  0
20150.0  0
20210.0  0
20270.0  0
20320.0  0
20380.0  0
20440.0  0
20500.0  0
20560.0  0
20610.0  0
20670.0  0
20730.0  0
20790.0  0
20850.0  0
20900.0  0
20960.0  0
21020.0  0
21080.0  0
21140.0  0
21190.0  0
21250.0  0
21310.0  0
21370.0  0
21430.0  0
21480.0  0
21540.0  0
21600.0  0
21660.0  0
21720.0  0
21770.0  0
21830.0  0
21890.0  0
21950.0  0
22010.0  0
22060.0  0
22120.0  0
22180.0  0
22240.0  0
22300.0  0
22350.0  0
22410.0  0
22470.0  0
22530.0  0
22590.0  0
22640.0  0
22700.0  0
22760.0  0
22820.0  0
22880.0  0
22930.0  0
22990.0  0
23050.0  0
23110.0  0
23170.0  0
23220.0  0
23280.0  0
23340.0  0
23400.0  0
23460.0  0
23510.0  0
23570.0  0
23630.0  0
23690.0  0
23750.0  0
23800.0  0
23860.0  0
23920.0  0
23980.0  0
24040.0  0
24090.0  0
24150.0  0
24210.0  0
24270.0  0
24330.0  0
24380.0  0
24440.0  0
24500.0  0
24560.0  0
24620.0  0
24670.0  0
24730.0  0
24790.0  0
24850.0  0
24910.0  0
24960.0  0
25020.0  0
25080.0  0
25140.0  0
25200.0  0
25250.0  0
25310.0  0
25370.0  0
25430.0  0
25490.0  0
25540.0  0
25600.0  0
25660.0  0
25720.0  0
25780.0  0
25830.0  0
25890.0  0
25950.0  0
26010.0  0
26070.0  0
26120.0  0
26180.0  0
26240.0  0
26300.0  0
26360.0  0
26410.0  0
26470.0  0
26530.0  0
26590.0  0
26650.0  0
26700.0  0
26760.0  0
26820.0  0
26880.0  0
26940.0  0
26990.0  0
27050.0  0
27110.0  0
27170.0  0
27230.0  0
27280.0  0
27340.0  0
27400.0  0
27460.0  0
27520.0  0
27570.0  0
27630.0  0
27690.0  0
27750.0  0
27810.0  0
27860.0  0
27920.0  0
27980.0  0
28040.0  0
28100.0  0
28150.0  0
28210.0  0
28270.0  0
28330.0  0
28390.0  0
28440.0  0
28500.0  0
28560.0  0
28620.0  0
28680.0  0
28730.0  0
28790.0  0
28850.0  0
28910.0  0
28970.0  0
29020.0  0
29080.0  0
29140.0  0
29200.0  0
29260.0  0
29310.0  0
29370.0  0
29430.0  0
29490.0  0
29550.0  0
29600.0  0
29660.0  0
29720.0  0
29780.0  0
29840.0  0
29890.0  0
29950.0  0
30010.0  0
30070.0  0
30130.0  0
30180.0  0
30240.0  0
30300.0  0
30360.0  0
30420.0  0
30470.0  0
30530.0  0
30590.0  0
30650.0  0
30710.0  0
30760.0  0
30820.0  0
30880.0  0
30940.0  0
31000.0  0
31050.0  0
31110.0  0
31170.0  0
31230.0  0
31290.0  0
31340.0  0
31400.0  0
31460.0  0
31520.0  0
31580.0  0
31630.0  0
31690.0  0
31750.0  0
31810.0  0
31870.0  0
31920.0  0
31980.0  0
32040.0  0
32100.0  0
32160.0  0
32210.0  0
32270.0  0
32330.0  0
32390.0  0
32450.0  0
32500.0  0
32560.0  0
32620.0  0
32680.0  0
32740.0  0
32790.0  0
32850.0  0
32910.0  0
32970.0  0
33030.0  0
33080.0  0
33140.0  0
33200.0  0
33260.0  0
33320.0  0
33370.0  0
33430.0  0
33490.0  0
33550.0  0
33610.0  0
33660.0  0
33720.0  0
33780.0  0
33840.0  0
33900.0  0
33950.0  0
34010.0  0
34070.0  0
34130.0  0
34190.0  0
34240.0  0
34300.0  0
34360.0  0
34420.0  0
34480.0  0
34530.0  0
34590.0  0
34650.0  0
34710.0  0
34770.0  0
34820.0  0
34880.0  0
34940.0  0
35000.0  0
35060.0  0
35110.0  0
35170.0  0
35230.0  0
35290.0  0
35350.0  0
35400.0  0
35460.0  0
35520.0  0
35580.0  0
35640.0  0
35690.0  0
35750.0  0
35810.0  0
35870.0  0
35930.0  0
35980.0  0
36040.0  0
36100.0  0
36160.0  0
36220.0  0
36270.0  0
36330.0  0
36390.0  0
36450.0  0
36510.0  0
36560.0  0
36620.0  0
36680.0  0
36740.0  0
36800.0  0
36850.0  0
36910.0  0
36970.0  0
37030.0  0
37090.0  0
37140.0  0
37200.0  0
37260.0  0
37320.0  0
37380.0  0
37430.0  0
37490.0  0
37550.0  0
37610.0  0
37670.0  0
37720.0  0
37780.0  0
37840.0  0
37900.0  0
37960.0  0
38010.0  0
38070.0  0
38130.0  0
38190.0  0
38250.0  0
38300.0  0
38360.0  0
38420.0  0
38480.0  0
38540.0  0
38590.0  0
38650.0  0
38710.0  0
38770.0  0
38830.0  0
38880.0  0
38940.0  0
39000.0  0
39060.0  0
39120.0  0
39170.0  0
39230.0  0
39290.0  0
39350.0  0
39410.0  0
39460.0  0
39520.0  0
39580.0  0
39640.0  0
39700.0  0
39750.0  0
39810.0  0
39870.0  0
39930.0  0
39990.0  0
40040.0  0
40100.0  0
40160.0  0
40220.0  0
40280.0  0
40330.0  0
40390.0  0
40450.0  0
40510.0  0
40570.0  0
40620.0  0
40680.0  0
40740.0  0
40800.0  0
40860.0  0
40910.0  0
40970.0  0
41030.0  0
41090.0  0
41150.0  0
41200.0  0
41260.0  0
41320.0  0
41380.0  0
41440.0  0
41490.0  0
41550.0  0
41610.0  0
41670.0  0
41730.0  0
41780.0  0
41840.0  0
41900.0  0
41960.0  0
42020.0  0
42070.0  0
42130.0  0
42190.0  0
42250.0  0
42310.0  0
42360.0  0
42420.0  0
42480.0  0
42540.0  0
42600.0  0
42650.0  0
42710.0  0
42770.0  0
42830.0  0
42890.0  0
42940.0  0
43000.0  0
43060.0  0
43120.0  0
43180.0  0
43230.0  0
43290.0  0
43350.0  0
43410.0  0
43470.0  0
43520.0  0
43580.0  0
43640.0  0
43700.0  0
43760.0  0
43810.0  0
43870.0  0
43930.0  0
43990.0  0
44050.0  0
44100.0  0
44160.0  0
44220.0  0
44280.0  0
44340.0  0
44390.0  0
44450.0  0
44510.0  0
44570.0  0
44630.0  0
44680.0  0
44740.0  0
44800.0  0
44860.0  0
44920.0  0
44970.0  0
45030.0  0
45090.0  0
45150.0  0
45210.0  0
45260.0  0
45320.0  0
45380.0  0
45440.0  0
45500.0  0
45550.0  0
45610.0  0
45670.0  0
45730.0  0
45790.0  0
45840.0  0
45900.0  0
45960.0  0
46020.0  0
46080.0  0
46130.0  0
46190.0  0
46250.0  0
46310.0  0
46370.0  0
46420.0  0
46480.0  0
46540.0  0
46600.0  0
46660.0  0
46710.0  0
46770.0  0
46830.0  0
46890.0  0
46950.0  0
47000.0  0
47060.0  0
47120.0  0
47180.0  0
47240.0  0
47290.0  0
47350.0  0
47410.0  0
47470.0  0
47530.0  0
47580.0  0
47640.0  0
47700.0  0
47760.0  0
47820.0  0
47870.0  0
47930.0  0
47990.0  0
48050.0  0
48110.0  0
48160.0  0
48220.0  0
48280.0  0
48340.0  0
48400.0  0
48450.0  0
48510.0  0
48570.0  0
48630.0  0
48690.0  0
48740.0  0
48800.0  0
48860.0  0
48920.0  0
48980.0  0
49030.0  0
49090.0  0
49150.0  0
49210.0  0
49270.0  0
49320.0  0
49380.0  0
49440.0  0
49500.0  0
49560.0  0
49610.0  0
49670.0  0
49730.0  0
49790.0  0
49850.0  0
49900.0  0
49960.0  0
50020.0  0
50080.0  0
50140.0  0
50190.0  0
50250.0  0
50310.0  0
50370.0  0
50430.0  0
50480.0  0
50540.0  0
50600.0  0
50660.0  0
50720.0  0
50770.0  0
50830.0  0
50890.0  0
50950.0  0
51010.0  0
51060.0  0
51120.0  0
51180.0  0
51240.0  0
51300.0  0
51350.0  0
51410.0  0
51470.0  0
51530.0  0
51590.0  0
51640.0  0
51700.0  0
51760.0  0
51820.0  0
51880.0  0
51930.0  0
51990.0  0
52050.0  0
52110.0  0
52170.0  0
52220.0  0
52280.0  0
52340.0  0
52400.0  0
52460.0  0
52510.0  0
52570.0  0
52630.0  0
52690.0  0
52750.0  0
52800.0  0
52860.0  0
52920.0  0
52980.0  0
53040.0  0
53090.0  0
53150.0  0
53210.0  0
53270.0  0
53330.0  0
53380.0  0
53440.0  0
53500.0  0
53560.0  0
53620.0  0
53670.0  0
53730.0  0
53790.0  0
53850.0  0
53910.0  0
53960.0  0
54020.0  0
54080.0  0
54140.0  0
54200.0  0
54250.0  0
54310.0  0
54370.0  0
54430.0  0
54490.0  0
54540.0  0
54600.0  0
54660.0  0
54720.0  0
54780.0  0
54830.0  0
54890.0  0
54950.0  0
55010.0  0
55070.0  0
55120.0  0
55180.0  0
55240.0  0
55300.0  0
55360.0  0
55410.0  0
55470.0  0
55530.0  0
55590.0  0
55650.0  0
55700.0  0
55760.0  0
55820.0  0
55880.0  0
55940.0  0
55990.0  0
56050.0  0
56110.0  0
56170.0  0
56230.0  0
56280.0  0
56340.0  0
56400.0  0
56460.0  0
56520.0  0
56570.0  0
56630.0  0
56690.0  0
56750.0  0
56810.0  0
56860.0  0
56920.0  0
56980.0  0
57040.0  0
57100.0  0
57150.0  0
57210.0  0
57270.0  0
57330.0  0
57390.0  0
57440.0  0
57500.0  0
57560.0  0
57620.0  0
57680.0  0
57730.0  0
57790.0  0
57850.0  0
57910.0  0
57970.0  0
58020.0  0
58080.0  0
58140.0  0
58200.0  0
58260.0  0
58310.0  0
58370.0  0
58430.0  0
58490.0  0
58550.0  0
58600.0  0
58660.0  0
58720.0  0
58780.0  0
58840.0  0
58890.0  0
58950.0  0
59010.0  0
59070.0  0
59130.0  0
59180.0  0
59240.0  0
59300.0  0
59360.0  0
59420.0  0
59470.0  0
59530.0  0
59590.0  0
59650.0  0
59710.0  0
59760.0  0
59820.0  0
59880.0  0
59940.0  0
60000.0  0
60050.0  0
60110.0  0
60170.0  0
60230.0  0
60290.0  0
60340.0  0
60400.0  0
60460.0  0
60520.0  0
60580.0  0
60630.0  0
60690.0  0
60750.0  0
60810.0  0
60870.0  0
60920.0  0
60980.0  0
61040.0  0
61100.0  0
61160.0  0
61210.0  0
61270.0  0
61330.0  0
61390.0  0
61450.0  0
61500.0  0
61560.0  0
61620.0  0
61680.0  0
61740.0  0
61790.0  0
61850.0  0
61910.0  0
61970.0  0
62030.0  0
62080.0  0
62140.0  0
62200.0  0
62260.0  0
62320.0  0
62370.0  0
62430.0  0
62490.0  0
62550.0  0
62610.0  0
62660.0  0
62720.0  0
62780.0  0
62840.0  0
62900.0  0
62950.0  0
63010.0  0
63070.0  0
63130.0  0
63190.0  0
63240.0  0
63300.0  0
63360.0  0
63420.0  0
63480.0  0
63530.0  0
63590.0  0
63650.0  0
63710.0  0
63770.0  0
63820.0  0
63880.0  0
63940.0  0
64000.0  0
64060.0  0
64110.0  0
64170.0  0
64230.0  0
64290.0  0
64350.0  0
64400.0  0
64460.0  0
64520.0  0
64580.0  0
64640.0  0
64690.0  0
64750.0  0
64810.0  0
64870.0  0
64930.0  0
64980.0  0
65040.0  0
65100.0  0
65160.0  0
65220.0  0
65270.0  0
65330.0  0
65390.0  0
65450.0  0
65510.0  0
65560.0  0
65620.0  0
65680.0  0
65740.0  0
65800.0  0
65850.0  0
65910.0  0
65970.0  0
66030.0  0
66090.0  0
66140.0  0
66200.0  0
66260.0  0
66320.0  0
66380.0  0
66430.0  0
66490.0  0
66550.0  0
66610.0  0
66670.0  0
66720.0  0
66780.0  0
66840.0  0
66900.0  0
66960.0  0
67010.0  0
67070.0  0
67130.0  0
67190.0  0
67250.0  0
67300.0  0
67360.0  0
67420.0  0
67480.0  0
67540.0  0
67590.0  0
67650.0  0
67710.0  0
67770.0  0
67830.0  0
67880.0  0
67940.0  0
68000.0  0
68060.0  0
68120.0  0
68170.0  0
68230.0  0
68290.0  0
68350.0  0
68410.0  0
68460.0  0
68520.0  0
68580.0  0
68640.0  0
68700.0  0
68750.0  0
68810.0  0
68870.0  0
68930.0  0
68990.0  0
69040.0  0
69100.0  0
69160.0  0
69220.0  0
69280.0  0
69330.0  0
69390.0  0
69450.0  0
69510.0  0
69570.0  0
69620.0  0
69680.0  0
69740.0  0
69800.0  0
69860.0  0
69910.0  0
69970.0  0
70030.0  0
70090.0  0
70150.0  0
70200.0  0
70260.0  0
70320.0  0
70380.0  0
70440.0  0
70490.0  0
70550.0  0
70610.0  0
70670.0  0
70730.0  0
70780.0  0
70840.0  0
70900.0  0
70960.0  0
71020.0  0
71070.0  0
71130.0  0
71190.0  0
71250.0  0
71310.0  0
71360.0  0
71420.0  0
71480.0  0
71540.0  0
71600.0  0
71650.0  0
71710.0  0
71770.0  0
71830.0  0
71890.0  0
71940.0  0
72000.0  0
72060.0  0
72120.0  0
72180.0  0
72230.0  0
72290.0  0
72350.0  0
72410.0  0
72470.0  0
72520.0  0
72580.0  0
72640.0  0
72700.0  0
72760.0  0
72810.0  0
72870.0  0
72930.0  0
72990.0  0
73050.0  0
73100.0  0
73160.0  0
73220.0  0
73280.0  0
73340.0  0
73390.0  0
73450.0  0
73510.0  0
73570.0  0
73630.0  0
73680.0  0
73740.0  0
73800.0  0
73860.0  0
73920.0  0
73970.0  0
74030.0  0
74090.0  0
74150.0  0
74210.0  0
74260.0  0
74320.0  0
74380.0  0
74440.0  0
74500.0  0
74550.0  0
74610.0  0
74670.0  0
74730.0  0
74790.0  0
74840.0  0
74900.0  0
74960.0  0
75020.0  0
75080.0  0
75130.0  0
75190.0  0
75250.0  0
75310.0  0
75370.0  0
75420.0  0
75480.0  0
75540.0  0
75600.0  0
75660.0  0
75710.0  0
75770.0  0
75830.0  0
75890.0  0
75950.0  0
76000.0  0
76060.0  0
76120.0  0
76180.0  0
76240.0  0
76290.0  0
76350.0  0
76410.0  0
76470.0  0
76530.0  0
76580.0  0
76640.0  0
76700.0  0
76760.0  0
76820.0  0
76870.0  0
76930.0  0
76990.0  0
77050.0  0
77110.0  0
77160.0  0
77220.0  0
77280.0  0
77340.0  0
77400.0  0
77450.0  0
77510.0  0
77570.0  0
77630.0  0
77690.0  0
77740.0  0
77800.0  0
77860.0  0
77920.0  0
77980.0  0
78030.0  0
78090.0  0
78150.0  0
78210.0  0
78270.0  0
78320.0  0
78380.0  0
78440.0  0
78500.0  0
78560.0  0
78610.0  0
78670.0  0
78730.0  0
78790.0  0
78850.0  0
78900.0  0
78960.0  0
79020.0  0
79080.0  0
79140.0  0
79190.0  0
79250.0  0
79310.0  0
79370.0  0
79430.0  0
79480.0  0
79540.0  0
79600.0  0
79660.0  0
79720.0  0
79770.0  0
79830.0  0
79890.0  0
79950.0  0
80010.0  0
80060.0  0
80120.0  0
80180.0  0
80240.0  0
80300.0  0
80350.0  0
80410.0  0
80470.0  0
80530.0  0
80590.0  0
80640.0  0
80700.0  0
80760.0  0
80820.0  0
80880.0  0
80930.0  0
80990.0  0
81050.0  0
81110.0  0
81170.0  0
81220.0  0
81280.0  0
81340.0  0
81400.0  0
81460.0  0
81510.0  0
81570.0  0
81630.0  0
81690.0  0
81750.0  0
81800.0  0
81860.0  0
81920.0  0
81980.0  0
82040.0  0
82090.0  0
82150.0  0
82210.0  0
82270.0  0
82330.0  0
82380.0  0
82440.0  0
82500.0  0
82560.0  0
82620.0  0
82670.0  0
82730.0  0
82790.0  0
82850.0  0
82910.0  0
82960.0  0
83020.0  0
83080.0  0
83140.0  0
83200.0  0
83250.0  0
83310.0  0
83370.0  0
83430.0  0
83490.0  0
83540.0  0
83600.0  0
83660.0  0
83720.0  0
83780.0  0
83830.0  0
83890.0  0
83950.0  0
84010.0  0
84070.0  0
84120.0  0
84180.0  0
84240.0  0
84300.0  0
84360.0  0
84410.0  0
84470.0  0
84530.0  0
84590.0  0
84650.0  0
84700.0  0
84760.0  0
84820.0  0
84880.0  0
84940.0  0
84990.0  0
85050.0  0
85110.0  0
85170.0  0
85230.0  0
85280.0  0
85340.0  0
85400.0  0
85460.0  0
85520.0  0
85570.0  0
85630.0  0
85690.0  0
85750.0  0
85810.0  0
85860.0  0
85920.0  0
85980.0  0
86040.0  0
86100.0  0
86150.0  0
86210.0  0
86270.0  0
86330.0  0
86390.0  0
86440.0  0
86500.0  0
86560.0  0
86620.0  0
86680.0  0
86730.0  0
86790.0  0
86850.0  0
86910.0  0
86970.0  0
87020.0  0
87080.0  0
87140.0  0
87200.0  0
87260.0  0
87310.0  0
87370.0  0
87430.0  0
87490.0  0
87550.0  0
87600.0  0
87660.0  0
87720.0  0
87780.0  0
87840.0  0
87890.0  0
87950.0  0
88010.0  0
88070.0  0
88130.0  0
88180.0  0
88240.0  0
88300.0  0
88360.0  0
88420.0  0
88470.0  0
88530.0  0
88590.0  0
88650.0  0
88710.0  0
88760.0  0
88820.0  0
88880.0  0
88940.0  0
89000.0  0
89050.0  0
89110.0  0
89170.0  0
89230.0  0
89290.0  0
89340.0  0
89400.0  0
89460.0  0
89520.0  0
89580.0  0
89630.0  0
89690.0  0
89750.0  0
89810.0  0
89870.0  0
89920.0  0
89980.0  0
90040.0  0
90100.0  0
90160.0  0
90210.0  0
90270.0  0
90330.0  0
90390.0  0
90450.0  0
90500.0  0
90560.0  0
90620.0  0
90680.0  0
90740.0  0
90790.0  0
90850.0  0
90910.0  0
90970.0  0
91030.0  0
91080.0  0
91140.0  0
91200.0  0
91260.0  0
91320.0  0
91370.0  0
91430.0  0
91490.0  0
91550.0  0
91610.0  0
91660.0  0
91720.0  0
91780.0  0
91840.0  0
91900.0  0
91950.0  0
92010.0  0
92070.0  0
92130.0  0
92190.0  0
92240.0  0
92300.0  0
92360.0  0
92420.0  0
92480.0  0
92530.0  0
92590.0  0
92650.0  0
92710.0  0
92770.0  0
92820.0  0
92880.0  0
92940.0  0
93000.0  0
93060.0  0
93110.0  0
93170.0  0
93230.0  0
93290.0  0
93350.0  0
93400.0  0
93460.0  0
93520.0  0
93580.0  0
93640.0  0
93690.0  0
93750.0  0
93810.0  0
93870.0  0
93930.0  0
93980.0  0
94040.0  0
94100.0  0
94160.0  0
94220.0  0
94270.0  0
94330.0  0
94390.0  0
94450.0  0
94510.0  0
94560.0  0
94620.0  0
94680.0  0
94740.0  0
94800.0  0
94850.0  0
94910.0  0
94970.0  0
95030.0  0
95090.0  0
95140.0  0
95200.0  0
95260.0  0
95320.0  0
95380.0  0
95430.0  0
95490.0  0
95550.0  0
95610.0  0
95670.0  0
95720.0  0
95780.0  0
95840.0  0
95900.0  0
95960.0  0
96010.0  0
96070.0  0
96130.0  0
96190.0  0
96250.0  0
96300.0  0
96360.0  0
96420.0  0
96480.0  0
96540.0  0
96590.0  0
96650.0  0
96710.0  0
96770.0  0
96830.0  0
96880.0  0
96940.0  0
97000.0  0
97060.0  0
97120.0  0
97170.0  0
97230.0  0
97290.0  0
97350.0  0
97410.0  0
97460.0  0
97520.0  0
97580.0  0
97640.0  0
97700.0  0
97750.0  0
97810.0  0
97870.0  0
97930.0  0
97990.0  0
98040.0  0
98100.0  0
98160.0  0
98220.0  0
98280.0  0
98330.0  0
98390.0  0
98450.0  0
98510.0  0
98570.0  0
98620.0  0
98680.0  0
98740.0  0
98800.0  0
98860.0  0
98910.0  0
98970.0  0
99030.0  0
99090.0  0
99150.0  0
99200.0  0
99260.0  0
99320.0  0
99380.0  0
99440.0  0
99490.0  0
99550.0  0
99610.0  0
99670.0  0
99730.0  0
99780.0  0
99840.0  0
99900.0  0
99960.0  0
100020.0  0
100070.0  0
100130.0  0
100190.0  0
100250.0  0
100310.0  0
100360.0  0
100420.0  0
100480.0  0
100540.0  0
100600.0  0
100650.0  0
100710.0  0
100770.0  0
100830.0  0
100890.0  0
100940.0  0
101000.0  0
101060.0  0
101120.0  0
101180.0  0
101230.0  0
101290.0  0
101350.0  0
101410.0  0
101470.0  0
101520.0  0
101580.0  0
101640.0  0
101700.0  0
101760.0  0
101810.0  0
101870.0  0
101930.0  0
101990.0  0
102050.0  0
102100.0  0
102160.0  0
102220.0  0
102280.0  0
102340.0  0
102390.0  0
102450.0  0
102510.0  0
102570.0  0
102630.0  0
102680.0  0
102740.0  0
102800.0  0
102860.0  0
102920.0  0
102970.0  0
103030.0  0
103090.0  0
103150.0  0
103210.0  0
103260.0  0
103320.0  0
103380.0  0
103440.0  0
103500.0  0
103550.0  0
103610.0  0
103670.0  0
103730.0  0
103790.0  0
103840.0  0
103900.0  0
103960.0  0
104020.0  0
104080.0  0
104130.0  0
104190.0  0
104250.0  0
104310.0  0
104370.0  0
104420.0  0
104480.0  0
104540.0  0
104600.0  0
104660.0  0
104710.0  0
104770.0  0
104830.0  0
104890.0  0
104950.0  0
105000.0  0
105060.0  0
105120.0  0
105180.0  0
105240.0  0
105290.0  0
105350.0  0
105410.0  0
105470.0  0
105530.0  0
105580.0  0
105640.0  0
105700.0  0
105760.0  0
105820.0  0
105870.0  0
105930.0  0
105990.0  0
106050.0  0
106110.0  0
106160.0  0
106220.0  0
106280.0  0
106340.0  0
106400.0  0
106450.0  0
106510.0  0
106570.0  0
106630.0  0
106690.0  0
106740.0  0
106800.0  0
106860.0  0
106920.0  0
106980.0  0
107030.0  0
107090.0  0
107150.0  0
107210.0  0
107270.0  0
107320.0  0
107380.0  0
107440.0  0
107500.0  0
107560.0  0
107610.0  0
107670.0  0
107730.0  0
107790.0  0
107850.0  0
107900.0  0
107960.0  0
108020.0  0
108080.0  0
108140.0  0
108190.0  0
108250.0  0
108310.0  0
108370.0  0
108430.0  0
108480.0  0
108540.0  0
108600.0  0
108660.0  0
108720.0  0
108770.0  0
108830.0  0
108890.0  0
108950.0  0
109010.0  0
109060.0  0
109120.0  0
109180.0  0
109240.0  0
109300.0  0
109350.0  0
109410.0  0
109470.0  0
109530.0  0
109590.0  0
109640.0  0
109700.0  0
109760.0  0
109820.0  0
109880.0  0
109930.0  0
109990.0  0
110050.0  0
110110.0  0
110170.0  0
110220.0  0
110280.0  0
110340.0  0
110400.0  0
110460.0  0
110510.0  0
110570.0  0
110630.0  0
110690.0  0
110750.0  0
110800.0  0
110860.0  0
110920.0  0
110980.0  0
111040.0  0
111090.0  0
111150.0  0
111210.0  0
111270.0  0
111330.0  0
111380.0  0
111440.0  0
111500.0  0
111560.0  0
111620.0  0
111670.0  0
111730.0  0
111790.0  0
111850.0  0
111910.0  0
111960.0  0
112020.0  0
112080.0  0
112140.0  0
112200.0  0
112250.0  0
112310.0  0
112370.0  0
112430.0  0
112490.0  0
112540.0  0
112600.0  0
112660.0  0
112720.0  0
112780.0  0
112830.0  0
112890.0  0
112950.0  0
113010.0  0
113070.0  0
113120.0  0
113180.0  0
113240.0  0
113300.0  0
113360.0  0
113410.0  0
113470.0  0
113530.0  0
113590.0  0
113650.0  0
113700.0  0
113760.0  0
113820.0  0
113880.0  0
113940.0  0
113990.0  0
114050.0  0
114110.0  0
114170.0  0
114230.0  0
114280.0  0
114340.0  0
114400.0  0
114460.0  0
114520.0  0
114570.0  0
114630.0  0
114690.0  0
114750.0  0
114810.0  0
114860.0  0
114920.0  0
114980.0  0
115040.0  0
115100.0  0
115150.0  0
115210.0  0
115270.0  0
115330.0  0
115390.0  0
115440.0  0
115500.0  0
115560.0  0
115620.0  0
115680.0  0
115730.0  0
115790.0  0
115850.0  0
115910.0  0
115970.0  0
116020.0  0
116080.0  0
116140.0  0
116200.0  0
116260.0  0
116310.0  0
116370.0  0
116430.0  0
116490.0  0
116550.0  0
116600.0  0
116660.0  0
116720.0  0
116780.0  0
116840.0  0
116890.0  0
116950.0  0
117010.0  0
117070.0  0
117130.0  0
117180.0  0
117240.0  0
117300.0  0
117360.0  0
117420.0  0
117470.0  0
117530.0  0
117590.0  0
117650.0  0
117710.0  0
117760.0  0
117820.0  0
117880.0  0
117940.0  0
118000.0  0
118050.0  0
118110.0  0
118170.0  0
118230.0  0
118290.0  0
118340.0  0
118400.0  0
118460.0  0
118520.0  0
118580.0  0
118630.0  0
118690.0  0
118750.0  0
118810.0  0
118870.0  0
118920.0  0
118980.0  0
119040.0  0
119100.0  0
119160.0  0
119210.0  0
119270.0  0
119330.0  0
119390.0  0
119450.0  0
119500.0  0
119560.0  0
119620.0  0
119680.0  0
119740.0  0
119790.0  0
119850.0  0
119910.0  0
119970.0  0
120030.0  0
120080.0  0
120140.0  0
120200.0  0
120260.0  0
120320.0  0
120370.0  0
120430.0  0
120490.0  0
120550.0  0
120610.0  0
120660.0  0
120720.0  0
120780.0  0
120840.0  0
120900.0  0
120950.0  0
121010.0  0
121070.0  0
121130.0  0
121190.0  0
121240.0  0
121300.0  0
121360.0  0
121420.0  0
121480.0  0
121530.0  0
121590.0  0
121650.0  0
121710.0  0
121770.0  0
121820.0  0
121880.0  0
121940.0  0
122000.0  0
122060.0  0
122110.0  0
122170.0  0
122230.0  0
122290.0  0
122350.0  0
122400.0  0
122460.0  0
122520.0  0
122580.0  0
122640.0  0
122690.0  0
122750.0  0
122810.0  0
122870.0  0
122930.0  0
122980.0  0
123040.0  0
123100.0  0
123160.0  0
123220.0  0
123270.0  0
123330.0  0
123390.0  0
123450.0  0
123510.0  0
123560.0  0
123620.0  0
123680.0  0
123740.0  0
123800.0  0
123850.0  0
123910.0  0
123970.0  0
124030.0  0
124090.0  0
124140.0  0
124200.0  0
124260.0  0
124320.0  0
124380.0  0
124430.0  0
124490.0  0
124550.0  0
124610.0  0
124670.0  0
124720.0  0
124780.0  0
124840.0  0
124900.0  0
124960.0  0
125010.0  0
125070.0  0
125130.0  0
125190.0  0
125250.0  0
125300.0  0
125360.0  0
125420.0  0
125480.0  0
125540.0  0
125590.0  0
125650.0  0
125710.0  0
125770.0  0
125830.0  0
125880.0  0
125940.0  0
126000.0  0
126060.0  0
126120.0  0
126170.0  0
126230.0  0
126290.0  0
126350.0  0
126410.0  0
126460.0  0
126520.0  0
126580.0  0
126640.0  0
126700.0  0
126750.0  0
126810.0  0
126870.0  0
126930.0  0
126990.0  0
127040.0  0
127100.0  0
127160.0  0
127220.0  0
127280.0  0
127330.0  0
127390.0  0
127450.0  0
127510.0  0
127570.0  0
127620.0  0
127680.0  0
127740.0  0
127800.0  0
127860.0  0
127910.0  0
127970.0  0
128030.0  0
128090.0  0
128150.0  0
128200.0  0
128260.0  0
128320.0  0
128380.0  0
128440.0  0
128490.0  0
128550.0  0
128610.0  0
128670.0  0
128730.0  0
128780.0  0
128840.0  0
128900.0  0
128960.0  0
129020.0  0
129070.0  0
129130.0  0
129190.0  0
129250.0  0
129310.0  0
129360.0  0
129420.0  0
129480.0  0
129540.0  0
129600.0  0
129650.0  0
129710.0  0
129770.0  0
129830.0  0
129890.0  0
129940.0  0
130000.0  0
130060.0  0
130120.0  0
130180.0  0
130230.0  0
130290.0  0
130350.0  0
130410.0  0
130470.0  0
130520.0  0
130580.0  0
130640.0  0
130700.0  0
130760.0  0
130810.0  0
130870.0  0
130930.0  0
130990.0  0
131050.0  0
131100.0  0
131160.0  0
131220.0  0
131280.0  0
131340.0  0
131390.0  0
131450.0  0
131510.0  0
131570.0  0
131630.0  0
131680.0  0
131740.0  0
131800.0  0
131860.0  0
131920.0  0
131970.0  0
132030.0  0
132090.0  0
132150.0  0
132210.0  0
132260.0  0
132320.0  0
132380.0  0
132440.0  0
132500.0  0
132550.0  0
132610.0  0
132670.0  0
132730.0  0
132790.0  0
132840.0  0
132900.0  0
132960.0  0
133020.0  0
133080.0  0
133130.0  0
133190.0  0
133250.0  0
133310.0  0
133370.0  0
133420.0  0
133480.0  0
133540.0  0
133600.0  0
133660.0  0
133710.0  0
133770.0  0
133830.0  0
133890.0  0
133950.0  0
134000.0  0
134060.0  0
134120.0  0
134180.0  0
134240.0  0
134290.0  0
134350.0  0
134410.0  0
134470.0  0
134530.0  0
134580.0  0
134640.0  0
134700.0  0
134760.0  0
134820.0  0
134870.0  0
134930.0  0
134990.0  0
135050.0  0
135110.0  0
135160.0  0
135220.0  0
135280.0  0
135340.0  0
135400.0  0
135450.0  0
135510.0  0
135570.0  0
135630.0  0
135690.0  0
135740.0  0
135800.0  0
135860.0  0
135920.0  0
135980.0  0
136030.0  0
136090.0  0
136150.0  0
136210.0  0
136270.0  0
136320.0  0
136380.0  0
136440.0  0
136500.0  0
136560.0  0
136610.0  0
136670.0  0
136730.0  0
136790.0  0
136850.0  0
136900.0  0
136960.0  0
137020.0  0
137080.0  0
137140.0  0
137190.0  0
137250.0  0
137310.0  0
137370.0  0
137430.0  0
137480.0  0
137540.0  0
137600.0  0
137660.0  0
137720.0  0
137770.0  0
137830.0  0
137890.0  0
137950.0  0
138010.0  0
138060.0  0
138120.0  0
138180.0  0
138240.0  0
138300.0  0
138350.0  0
138410.0  0
138470.0  0
138530.0  0
138590.0  0
138640.0  0
138700.0  0
138760.0  0
138820.0  0
138880.0  0
138930.0  0
138990.0  0
139050.0  0
139110.0  0
139170.0  0
139220.0  0
139280.0  0
139340.0  0
139400.0  0
139460.0  0
139510.0  0
139570.0  0
139630.0  0
139690.0  0
139750.0  0
139800.0  0
139860.0  0
139920.0  0
139980.0  0
140040.0  0
140090.0  0
140150.0  0
140210.0  0
140270.0  0
140330.0  0
140380.0  0
140440.0  0
140500.0  0
140560.0  0
140620.0  0
140670.0  0
140730.0  0
140790.0  0
140850.0  0
140910.0  0
140960.0  0
141020.0  0
141080.0  0
141140.0  0
141200.0  0
141250.0  0
141310.0  0
141370.0  0
141430.0  0
141490.0  0
141540.0  0
141600.0  0
141660.0  0
141720.0  0
141780.0  0
141830.0  0
141890.0  0
141950.0  0
142010.0  0
142070.0  0
142120.0  0
142180.0  0
142240.0  0
142300.0  0
142360.0  0
142410.0  0
142470.0  0
142530.0  0
142590.0  0
142650.0  0
142700.0  0
142760.0  0
142820.0  0
142880.0  0
142940.0  0
142990.0  0
143050.0  0
143110.0  0
143170.0  0
143230.0  0
143280.0  0
143340.0  0
143400.0  0
143460.0  0
143520.0  0
143570.0  0
143630.0  0
143690.0  0
143750.0  0
143810.0  0
143860.0  0
143920.0  0
143980.0  0
144040.0  0
144100.0  0
144150.0  0
144210.0  0
144270.0  0
144330.0  0
144390.0  0
144440.0  0
144500.0  0
144560.0  0
144620.0  0
144680.0  0
144730.0  0
144790.0  0
144850.0  0
144910.0  0
144970.0  0
145020.0  0
145080.0  0
145140.0  0
145200.0  0
145260.0  0
145310.0  0
145370.0  0
145430.0  0
145490.0  0
145550.0  0
145600.0  0
145660.0  0
145720.0  0
145780.0  0
145840.0  0
145890.0  0
145950.0  0
146010.0  0
146070.0  0
146130.0  0
146180.0  0
146240.0  0
146300.0  0
146360.0  0
146420.0  0
146470.0  0
146530.0  0
146590.0  0
146650.0  0
146710.0  0
146760.0  0
146820.0  0
146880.0  0
146940.0  0
147000.0  0
147050.0  0
147110.0  0
147170.0  0
147230.0  0
147290.0  0
147340.0  0
147400.0  0
147460.0  0
147520.0  0
147580.0  0
147630.0  0
147690.0  0
147750.0  0
147810.0  0
147870.0  0
147920.0  0
147980.0  0
148040.0  0
148100.0  0
148160.0  0
148210.0  0
148270.0  0
148330.0  0
148390.0  0
148450.0  0
148500.0  0
148560.0  0
148620.0  0
148680.0  0
148740.0  0
148790.0  0
148850.0  0
148910.0  0
148970.0  0
149030.0  0
149080.0  0
149140.0  0
149200.0  0
149260.0  0
149320.0  0
149370.0  0
149430.0  0
149490.0  0
149550.0  0
149610.0  0
149660.0  0
149720.0  0
149780.0  0
149840.0  0
149900.0  0
149950.0  0
150010.0  0
150070.0  0
150130.0  0
150190.0  0
150240.0  0
150300.0  0
150360.0  0
150420.0  0
150480.0  0
150530.0  0
150590.0  0
150650.0  0
150710.0  0
150770.0  0
150820.0  0
150880.0  0
150940.0  0
151000.0  0
151060.0  0
151110.0  0
151170.0  0
151230.0  0
151290.0  0
151350.0  0
151400.0  0
151460.0  0
151520.0  0
151580.0  0
151640.0  0
151690.0  0
151750.0  0
151810.0  0
151870.0  0
151930.0  0
151980.0  0
152040.0  0
152100.0  0
152160.0  0
152220.0  0
152270.0  0
152330.0  0
152390.0  0
152450.0  0
152510.0  0
152560.0  0
152620.0  0
152680.0  0
152740.0  0
152800.0  0
152850.0  0
152910.0  0
152970.0  0
153030.0  0
153090.0  0
153140.0  0
153200.0  0
153260.0  0
153320.0  0
153380.0  0
153430.0  0
153490.0  0
153550.0  0
153610.0  0
153670.0  0
153720.0  0
153780.0  0
153840.0  0
153900.0  0
153960.0  0
154010.0  0
154070.0  0
154130.0  0
154190.0  0
154250.0  0
154300.0  0
154360.0  0
154420.0  0
154480.0  0
154540.0  0
154590.0  0
154650.0  0
154710.0  0
154770.0  0
154830.0  0
154880.0  0
154940.0  0
155000.0  0
155060.0  0
155120.0  0
155170.0  0
155230.0  0
155290.0  0
155350.0  0
155410.0  0
155460.0  0
155520.0  0
155580.0  0
155640.0  0
155700.0  0
155750.0  0
155810.0  0
155870.0  0
155930.0  0
155990.0  0
156040.0  0
156100.0  0
156160.0  0
156220.0  0
156280.0  0
156330.0  0
156390.0  0
156450.0  0
156510.0  0
156570.0  0
156620.0  0
156680.0  0
156740.0  0
156800.0  0
156860.0  0
156910.0  0
156970.0  0
157030.0  0
157090.0  0
157150.0  0
157200.0  0
157260.0  0
157320.0  0
157380.0  0
157440.0  0
157490.0  0
157550.0  0
157610.0  0
157670.0  0
157730.0  0
157780.0  0
157840.0  0
157900.0  0
157960.0  0
158020.0  0
158070.0  0
158130.0  0
158190.0  0
158250.0  0
158310.0  0
158360.0  0
158420.0  0
158480.0  0
158540.0  0
158600.0  0
158650.0  0
158710.0  0
158770.0  0
158830.0  0
158890.0  0
158940.0  0
159000.0  0
159060.0  0
159120.0  0
159180.0  0
159230.0  0
159290.0  0
159350.0  0
159410.0  0
159470.0  0
159520.0  0
159580.0  0
159640.0  0
159700.0  0
159760.0  0
159810.0  0
159870.0  0
159930.0  0
159990.0  0
160050.0  0
160100.0  0
160160.0  0
160220.0  0
160280.0  0
160340.0  0
160390.0  0
160450.0  0
160510.0  0
160570.0  0
160630.0  0
160680.0  0
160740.0  0
160800.0  0
160860.0  0
160920.0  0
160970.0  0
161030.0  0
161090.0  0
161150.0  0
161210.0  0
161260.0  0
161320.0  0
161380.0  0
161440.0  0
161500.0  0
161550.0  0
161610.0  0
161670.0  0
161730.0  0
161790.0  0
161840.0  0
161900.0  0
161960.0  0
162020.0  0
162080.0  0
162130.0  0
162190.0  0
162250.0  0
162310.0  0
162370.0  0
162420.0  0
162480.0  0
162540.0  0
162600.0  0
162660.0  0
162710.0  0
162770.0  0
162830.0  0
162890.0  0
162950.0  0
163000.0  0
163060.0  0
163120.0  0
163180.0  0
163240.0  0
163290.0  0
163350.0  0
163410.0  0
163470.0  0
163530.0  0
163580.0  0
163640.0  0
163700.0  0
163760.0  0
163820.0  0
163870.0  0
163930.0  0
163990.0  0
164050.0  0
164110.0  0
164160.0  0
164220.0  0
164280.0  0
164340.0  0
164400.0  0
164450.0  0
164510.0  0
164570.0  0
164630.0  0
164690.0  0
164740.0  0
164800.0  0
164860.0  0
164920.0  0
164980.0  0
165030.0  0
165090.0  0
165150.0  0
165210.0  0
165270.0  0
165320.0  0
165380.0  0
165440.0  0
165500.0  0
165560.0  0
165610.0  0
165670.0  0
165730.0  0
165790.0  0
165850.0  0
165900.0  0
165960.0  0
166020.0  0
166080.0  0
166140.0  0
166190.0  0
166250.0  0
166310.0  0
166370.0  0
166430.0  0
166480.0  0
166540.0  0
166600.0  0
166660.0  0
166720.0  0
166770.0  0
166830.0  0
166890.0  0
166950.0  0
167010.0  0
167060.0  0
167120.0  0
167180.0  0
167240.0  0
167300.0  0
167350.0  0
167410.0  0
167470.0  0
167530.0  0
167590.0  0
167640.0  0
167700.0  0
167760.0  0
167820.0  0
167880.0  0
167930.0  0
167990.0  0
168050.0  0
168110.0  0
168170.0  0
168220.0  0
168280.0  0
168340.0  0
168400.0  0
168460.0  0
168510.0  0
168570.0  0
168630.0  0
168690.0  0
168750.0  0
168800.0  0
168860.0  0
168920.0  0
168980.0  0
169040.0  0
169090.0  0
169150.0  0
169210.0  0
169270.0  0
169330.0  0
169380.0  0
169440.0  0
169500.0  0
169560.0  0
169620.0  0
169670.0  0
169730.0  0
169790.0  0
169850.0  0
169910.0  0
169960.0  0
170020.0  0
170080.0  0
170140.0  0
170200.0  0
170250.0  0
170310.0  0
170370.0  0
170430.0  0
170490.0  0
170540.0  0
170600.0  0
170660.0  0
170720.0  0
170780.0  0
170830.0  0
170890.0  0
170950.0  0
171010.0  0
171070.0  0
171120.0  0
171180.0  0
171240.0  0
171300.0  0
171360.0  0
171410.0  0
171470.0  0
171530.0  0
171590.0  0
171650.0  0
171700.0  0
171760.0  0
171820.0  0
171880.0  0
171940.0  0
171990.0  0
172050.0  0
172110.0  0
172170.0  0
172230.0  0
172280.0  0
172340.0  0
172400.0  0
172460.0  0
172520.0  0
172570.0  0
172630.0  0
172690.0  0
172750.0  0
172810.0  0
172860.0  0
172920.0  0
172980.0  0
173040.0  0
173100.0  0
173150.0  0
173210.0  0
173270.0  0
173330.0  0
173390.0  0
173440.0  0
173500.0  0
173560.0  0
173620.0  0
173680.0  0
173730.0  0
173790.0  0
173850.0  0
173910.0  0
173970.0  0
174020.0  0
174080.0  0
174140.0  0
174200.0  0
174260.0  0
174310.0  0
174370.0  0
174430.0  0
174490.0  0
174550.0  0
174600.0  0
174660.0  0
174720.0  0
174780.0  0
174840.0  0
174890.0  0
174950.0  0
175010.0  0
175070.0  0
175130.0  0
175180.0  0
175240.0  0
175300.0  0
175360.0  0
175420.0  0
175470.0  0
175530.0  0
175590.0  0
175650.0  0
175710.0  0
175760.0  0
175820.0  0
175880.0  0
175940.0  0
176000.0  0
176050.0  0
176110.0  0
176170.0  0
176230.0  0
176290.0  0
176340.0  0
176400.0  0
176460.0  0
176520.0  0
176580.0  0
176630.0  0
176690.0  0
176750.0  0
176810.0  0
176870.0  0
176920.0  0
176980.0  0
177040.0  0
177100.0  0
177160.0  0
177210.0  0
177270.0  0
177330.0  0
177390.0  0
177450.0  0
177500.0  0
177560.0  0
177620.0  0
177680.0  0
177740.0  0
177790.0  0
177850.0  0
177910.0  0
177970.0  0
178030.0  0
178080.0  0
178140.0  0
178200.0  0
178260.0  0
178320.0  0
178370.0  0
178430.0  0
178490.0  0
178550.0  0
178610.0  0
178660.0  0
178720.0  0
178780.0  0
178840.0  0
178900.0  0
178950.0  0
179010.0  0
179070.0  0
179130.0  0
179190.0  0
179240.0  0
179300.0  0
179360.0  0
179420.0  0
179480.0  0
179530.0  0
179590.0  0
179650.0  0
179710.0  0
179770.0  0
179820.0  0
179880.0  0
179940.0  0
180000.0  0
180060.0  0
180110.0  0
180170.0  0
180230.0  0
180290.0  0
180350.0  0
180400.0  0
180460.0  0
180520.0  0
180580.0  0
180640.0  0
180690.0  0
180750.0  0
180810.0  0
180870.0  0
180930.0  0
180980.0  0
181040.0  0
181100.0  0
181160.0  0
181220.0  0
181270.0  0
181330.0  0
181390.0  0
181450.0  0
181510.0  0
181560.0  0
181620.0  0
181680.0  0
181740.0  0
181800.0  0
181850.0  0
181910.0  0
181970.0  0
182030.0  0
182090.0  0
182140.0  0
182200.0  0
182260.0  0
182320.0  0
182380.0  0
182430.0  0
182490.0  0
182550.0  0
182610.0  0
182670.0  0
182720.0  0
182780.0  0
182840.0  0
182900.0  0
182960.0  0
183010.0  0
183070.0  0
183130.0  0
183190.0  0
183250.0  0
183300.0  0
183360.0  0
183420.0  0
183480.0  0
183540.0  0
183590.0  0
183650.0  0
183710.0  0
183770.0  0
183830.0  0
183880.0  0
183940.0  0
184000.0  0
184060.0  0
184120.0  0
184170.0  0
184230.0  0
184290.0  0
184350.0  0
184410.0  0
184460.0  0
184520.0  0
184580.0  0
184640.0  0
184700.0  0
184750.0  0
184810.0  0
184870.0  0
184930.0  0
184990.0  0
185040.0  0
185100.0  0
185160.0  0
185220.0  0
185280.0  0
185330.0  0
185390.0  0
185450.0  0
185510.0  0
185570.0  0
185620.0  0
185680.0  0
185740.0  0
185800.0  0
185860.0  0
185910.0  0
185970.0  0
186030.0  0
186090.0  0
186150.0  0
186200.0  0
186260.0  0
186320.0  0
186380.0  0
186440.0  0
186490.0  0
186550.0  0
186610.0  0
186670.0  0
186730.0  0
186780.0  0
186840.0  0
186900.0  0
186960.0  0
187020.0  0
187070.0  0
187130.0  0
187190.0  0
187250.0  0
187310.0  0
187360.0  0
187420.0  0
187480.0  0
187540.0  0
187600.0  0
187650.0  0
187710.0  0
187770.0  0
187830.0  0
187890.0  0
187940.0  0
188000.0  0
188060.0  0
188120.0  0
188180.0  0
188230.0  0
188290.0  0
188350.0  0
188410.0  0
188470.0  0
188520.0  0
188580.0  0
188640.0  0
188700.0  0
188760.0  0
188810.0  0
188870.0  0
188930.0  0
188990.0  0
189050.0  0
189100.0  0
189160.0  0
189220.0  0
189280.0  0
189340.0  0
189390.0  0
189450.0  0
189510.0  0
189570.0  0
189630.0  0
189680.0  0
189740.0  0
189800.0  0
189860.0  0
189920.0  0
189970.0  0
190030.0  0
190090.0  0
190150.0  0
190210.0  0
190260.0  0
190320.0  0
190380.0  0
190440.0  0
190500.0  0
190550.0  0
190610.0  0
190670.0  0
190730.0  0
190790.0  0
190840.0  0
190900.0  0
190960.0  0
191020.0  0
191080.0  0
191130.0  0
191190.0  0
191250.0  0
191310.0  0
191370.0  0
191420.0  0
191480.0  0
191540.0  0
191600.0  0
191660.0  0
191710.0  0
191770.0  0
191830.0  0
191890.0  0
191950.0  0
192000.0  0
192060.0  0
192120.0  0
192180.0  0
192240.0  0
192290.0  0
192350.0  0
192410.0  0
192470.0  0
192530.0  0
192580.0  0
192640.0  0
192700.0  0
192760.0  0
192820.0  0
192870.0  0
192930.0  0
192990.0  0
193050.0  0
193110.0  0
193160.0  0
193220.0  0
193280.0  0
193340.0  0
193400.0  0
193450.0  0
193510.0  0
193570.0  0
193630.0  0
193690.0  0
193740.0  0
193800.0  0
193860.0  0
193920.0  0
193980.0  0
194030.0  0
194090.0  0
194150.0  0
194210.0  0
194270.0  0
194320.0  0
194380.0  0
194440.0  0
194500.0  0
194560.0  0
194610.0  0
194670.0  0
194730.0  0
194790.0  0
194850.0  0
194900.0  0
194960.0  0
195020.0  0
195080.0  0
195140.0  0
195190.0  0
195250.0  0
195310.0  0
195370.0  0
195430.0  0
195480.0  0
195540.0  0
195600.0  0
195660.0  0
195720.0  0
195770.0  0
195830.0  0
195890.0  0
195950.0  0
196010.0  0
196060.0  0
196120.0  0
196180.0  0
196240.0  0
196300.0  0
196350.0  0
196410.0  0
196470.0  0
196530.0  0
196590.0  0
196640.0  0
196700.0  0
196760.0  0
196820.0  0
196880.0  0
196930.0  0
196990.0  0
197050.0  0
197110.0  0
197170.0  0
197220.0  0
197280.0  0
197340.0  0
197400.0  0
197460.0  0
197510.0  0
197570.0  0
197630.0  0
197690.0  0
197750.0  0
197800.0  0
197860.0  0
197920.0  0
197980.0  0
198040.0  0
198090.0  0
198150.0  0
198210.0  0
198270.0  0
198330.0  0
198380.0  0
198440.0  0
198500.0  0
198560.0  0
198620.0  0
198670.0  0
198730.0  0
198790.0  0
198850.0  0
198910.0  0
198960.0  0
199020.0  0
199080.0  0
199140.0  0
199200.0  0
199250.0  0
199310.0  0
199370.0  0
199430.0  0
199490.0  0
199540.0  0
199600.0  0
199660.0  0
199720.0  0
199780.0  0
199830.0  0
199890.0  0
199950.0  0
200010.0  0
200070.0  0
200120.0  0
200180.0  0
200240.0  0
200300.0  0
200360.0  0
200410.0  0
200470.0  0
200530.0  0
200590.0  0
200650.0  0
200700.0  0
200760.0  0
200820.0  0
200880.0  0
200940.0  0
200990.0  0
201050.0  0
201110.0  0
201170.0  0
201230.0  0
201280.0  0
201340.0  0
201400.0  0
201460.0  0
201520.0  0
201570.0  0
201630.0  0
201690.0  0
201750.0  0
201810.0  0
201860.0  0
201920.0  0
201980.0  0
202040.0  0
202100.0  0
202150.0  0
202210.0  0
202270.0  0
202330.0  0
202390.0  0
202440.0  0
202500.0  0
202560.0  0
202620.0  0
202680.0  0
202730.0  0
202790.0  0
202850.0  0
202910.0  0
202970.0  0
203020.0  0
203080.0  0
203140.0  0
203200.0  0
203260.0  0
203310.0  0
203370.0  0
203430.0  0
203490.0  0
203550.0  0
203600.0  0
203660.0  0
203720.0  0
203780.0  0
203840.0  0
203890.0  0
203950.0  0
204010.0  0
204070.0  0
204130.0  0
204180.0  0
204240.0  0
204300.0  0
204360.0  0
204420.0  0
204470.0  0
204530.0  0
204590.0  0
204650.0  0
204710.0  0
204760.0  0
204820.0  0
204880.0  0
204940.0  0
205000.0  0
205050.0  0
205110.0  0
205170.0  0
205230.0  0
205290.0  0
205340.0  0
205400.0  0
205460.0  0
205520.0  0
205580.0  0
205630.0  0
205690.0  0
205750.0  0
205810.0  0
205870.0  0
205920.0  0
205980.0  0
206040.0  0
206100.0  0
206160.0  0
206210.0  0
206270.0  0
206330.0  0
206390.0  0
206450.0  0
206500.0  0
206560.0  0
206620.0  0
206680.0  0
206740.0  0
206790.0  0
206850.0  0
206910.0  0
206970.0  0
207030.0  0
207080.0  0
207140.0  0
207200.0  0
207260.0  0
207320.0  0
207370.0  0
207430.0  0
207490.0  0
207550.0  0
207610.0  0
207660.0  0
207720.0  0
207780.0  0
207840.0  0
207900.0  0
207950.0  0
208010.0  0
208070.0  0
208130.0  0
208190.0  0
208240.0  0
208300.0  0
208360.0  0
208420.0  0
208480.0  0
208530.0  0
208590.0  0
208650.0  0
208710.0  0
208770.0  0
208820.0  0
208880.0  0
208940.0  0
209000.0  0
209060.0  0
209110.0  0
209170.0  0
209230.0  0
209290.0  0
209350.0  0
209400.0  0
209460.0  0
209520.0  0
209580.0  0
209640.0  0
209690.0  0
209750.0  0
209810.0  0
209870.0  0
209930.0  0
209980.0  0
210040.0  0
210100.0  0
210160.0  0
210220.0  0
210270.0  0
210330.0  0
210390.0  0
210450.0  0
210510.0  0
210560.0  0
210620.0  0
210680.0  0
210740.0  0
210800.0  0
210850.0  0
210910.0  0
210970.0  0
211030.0  0
211090.0  0
211140.0  0
211200.0  0
211260.0  0
211320.0  0
211380.0  0
211430.0  0
211490.0  0
211550.0  0
211610.0  0
211670.0  0
211720.0  0
211780.0  0
211840.0  0
211900.0  0
211960.0  0
212010.0  0
212070.0  0
212130.0  0
212190.0  0
212250.0  0
212300.0  0
212360.0  0
212420.0  0
212480.0  0
212540.0  0
212590.0  0
212650.0  0
212710.0  0
212770.0  0
212830.0  0
212880.0  0
212940.0  0
213000.0  0
213060.0  0
213120.0  0
213170.0  0
213230.0  0
213290.0  0
213350.0  0
213410.0  0
213460.0  0
213520.0  0
213580.0  0
213640.0  0
213700.0  0
213750.0  0
213810.0  0
213870.0  0
213930.0  0
213990.0  0
214040.0  0.0001
214100.0  0.0001
214160.0  0.0001
214220.0  0.0001
214280.0  0.0001
214330.0  0.0001
214390.0  0.0002
214450.0  0.0002
214510.0  0.0002
214570.0  0.0002
214620.0  0.0002
214680.0  0.0003
214740.0  0.0003
214800.0  0.0003
214860.0  0.0003
214910.0  0.0003
214970.0  0.0003
215030.0  0.0004
215090.0  0.0004
215150.0  0.0004
215200.0  0.0004
215260.0  0.0004
215320.0  0.0004
215380.0  0.0004
215440.0  0.0004
215490.0  0.0004
215550.0  0.0004
215610.0  0.0004
215670.0  0.0004
215730.0  0.0004
215780.0  0.0004
215840.0  0.0004
215900.0  0.0004
215960.0  0.0004
216020.0  0.0004
216070.0  0.0004
216130.0  0.0004
216190.0  0.0004
216250.0  0.0004
216310.0  0.0004
216360.0  0.0003
216420.0  0.0003
216480.0  0.0003
216540.0  0.0003
216600.0  0.0003
216650.0  0.0003
216710.0  0.0003
216770.0  0.0003
216830.0  0.0003
216890.0  0.0003
216940.0  0.0003
217000.0  0.0003
217060.0  0.0003
217120.0  0.0003
217180.0  0.0003
217230.0  0.0003
217290.0  0.0003
217350.0  0.0003
217410.0  0.0003
217470.0  0.0003
217520.0  0.0003
217580.0  0.0003
217640.0  0.0003
217700.0  0.0003
217760.0  0.0003
217810.0  0.0003
217870.0  0.0003
217930.0  0.0003
217990.0  0.0004
218050.0  0.0004
218100.0  0.0004
218160.0  0.0004
218220.0  0.0004
218280.0  0.0004
218340.0  0.0004
218390.0  0.0005
218450.0  0.0005
218510.0  0.0005
218570.0  0.0005
218630.0  0.0005
218680.0  0.0006
218740.0  0.0006
218800.0  0.0006
218860.0  0.0006
218920.0  0.0007
218970.0  0.0007
219030.0  0.0007
219090.0  0.0007
219150.0  0.0008
219210.0  0.0008
219260.0  0.0008
219320.0  0.0008
219380.0  0.0009
219440.0  0.0009
219500.0  0.0009
219550.0  0.001
219610.0  0.001
219670.0  0.001
219730.0  0.001
219790.0  0.0011
219840.0  0.0011
219900.0  0.0011
219960.0  0.0012
220020.0  0.0012
220080.0  0.0012
220130.0  0.0012
220190.0  0.0013
220250.0  0.0013
220310.0  0.0013
220370.0  0.0013
220420.0  0.0013
220480.0  0.0014
220540.0  0.0014
220600.0  0.0014
220660.0  0.0014
220710.0  0.0014
220770.0  0.0014
220830.0  0.0015
220890.0  0.0015
220950.0  0.0015
221000.0  0.0015
221060.0  0.0015
221120.0  0.0015
221180.0  0.0015
221240.0  0.0015
221290.0  0.0015
221350.0  0.0015
221410.0  0.0015
221470.0  0.0015
221530.0  0.0015
221580.0  0.0015
221640.0  0.0015
221700.0  0.0015
221760.0  0.0015
221820.0  0.0016
221870.0  0.0016
221930.0  0.0016
221990.0  0.0016
222050.0  0.0016
222110.0  0.0016
222160.0  0.0016
222220.0  0.0016
222280.0  0.0016
222340.0  0.0016
222400.0  0.0017
222450.0  0.0017
222510.0  0.0017
222570.0  0.0017
222630.0  0.0017
222690.0  0.0018
222740.0  0.0018
222800.0  0.0018
222860.0  0.0019
222920.0  0.0019
222980.0  0.0019
223030.0  0.002
223090.0  0.002
223150.0  0.0021
223210.0  0.0021
223270.0  0.0022
223320.0  0.0023
223380.0  0.0023
223440.0  0.0024
223500.0  0.0025
223560.0  0.0025
223610.0  0.0026
223670.0  0.0027
223730.0  0.0028
223790.0  0.0029
223850.0  0.0029
223900.0  0.003
223960.0  0.0031
224020.0  0.0032
224080.0  0.0033
224140.0  0.0034
224190.0  0.0036
224250.0  0.0037
224310.0  0.0038
224370.0  0.0039
224430.0  0.004
224480.0  0.0041
224540.0  0.0042
224600.0  0.0044
224660.0  0.0045
224720.0  0.0046
224770.0  0.0047
224830.0  0.0048
224890.0  0.005
224950.0  0.0051
225010.0  0.0052
225060.0  0.0053
225120.0  0.0055
225180.0  0.0056
225240.0  0.0057
225300.0  0.0058
225350.0  0.006
225410.0  0.0061
225470.0  0.0062
225530.0  0.0063
225590.0  0.0065
225640.0  0.0066
225700.0  0.0067
225760.0  0.0069
225820.0  0.007
225880.0  0.0071
225930.0  0.0073
225990.0  0.0074
226050.0  0.0075
226110.0  0.0077
226170.0  0.0078
226220.0  0.008
226280.0  0.0081
226340.0  0.0083
226400.0  0.0085
226460.0  0.0087
226510.0  0.0088
226570.0  0.009
226630.0  0.0092
226690.0  0.0094
226750.0  0.0096
226800.0  0.0098
226860.0  0.0101
226920.0  0.0103
226980.0  0.0105
227040.0  0.0108
227090.0  0.0111
227150.0  0.0113
227210.0  0.0116
227270.0  0.0119
227330.0  0.0122
227380.0  0.0125
227440.0  0.0129
227500.0  0.0132
227560.0  0.0135
227620.0  0.0139
227670.0  0.0143
227730.0  0.0147
227790.0  0.015
227850.0  0.0155
227910.0  0.0159
227960.0  0.0163
228020.0  0.0167
228080.0  0.0172
228140.0  0.0176
228200.0  0.0181
228250.0  0.0186
228310.0  0.0191
228370.0  0.0196
228430.0  0.0201
228490.0  0.0206
228540.0  0.0212
228600.0  0.0217
228660.0  0.0223
228720.0  0.0228
228780.0  0.0234
228830.0  0.024
228890.0  0.0246
228950.0  0.0252
229010.0  0.0258
229070.0  0.0265
229120.0  0.0272
229180.0  0.0278
229240.0  0.0285
229300.0  0.0292
229360.0  0.0299
229410.0  0.0306
229470.0  0.0314
229530.0  0.0321
229590.0  0.0329
229650.0  0.0337
229700.0  0.0345
229760.0  0.0353
229820.0  0.0361
229880.0  0.037
229940.0  0.0378
229990.0  0.0387
230050.0  0.0396
230110.0  0.0405
230170.0  0.0414
230230.0  0.0424
230280.0  0.0434
230340.0  0.0444
230400.0  0.0454
230460.0  0.0465
230520.0  0.0476
230570.0  0.0486
230630.0  0.0498
230690.0  0.0509
230750.0  0.0521
230810.0  0.0533
230860.0  0.0545
230920.0  0.0558
230980.0  0.057
231040.0  0.0584
231100.0  0.0597
231150.0  0.0611
231210.0  0.0624
231270.0  0.0639
231330.0  0.0653
231390.0  0.0668
231440.0  0.0683
231500.0  0.0698
231560.0  0.0713
231620.0  0.0729
231680.0  0.0745
231730.0  0.0761
231790.0  0.0777
231850.0  0.0794
231910.0  0.081
231970.0  0.0827
232020.0  0.0844
232080.0  0.0861
232140.0  0.0879
232200.0  0.0896
232260.0  0.0914
232310.0  0.0932
232370.0  0.0949
232430.0  0.0967
232490.0  0.0985
232550.0  0.1003
232600.0  0.1022
232660.0  0.104
232720.0  0.1058
232780.0  0.1077
232840.0  0.1095
232890.0  0.1114
232950.0  0.1132
233010.0  0.1151
233070.0  0.1169
233130.0  0.1188
233180.0  0.1207
233240.0  0.1225
233300.0  0.1244
233360.0  0.1263
233420.0  0.1281
233470.0  0.13
233530.0  0.1319
233590.0  0.1337
233650.0  0.1356
233710.0  0.1374
233760.0  0.1393
233820.0  0.1411
233880.0  0.1429
233940.0  0.1448
234000.0  0.1466
234050.0  0.1484
234110.0  0.1502
234170.0  0.152
234230.0  0.1537
234290.0  0.1555
234340.0  0.1573
234400.0  0.159
234460.0  0.1607
234520.0  0.1624
234580.0  0.1641
234630.0  0.1658
234690.0  0.1674
234750.0  0.169
234810.0  0.1707
234870.0  0.1722
234920.0  0.1738
234980.0  0.1754
235040.0  0.1769
235100.0  0.1785
235160.0  0.1801
235210.0  0.1816
235270.0  0.1831
235330.0  0.1846
235390.0  0.1861
235450.0  0.1875
235500.0  0.1889
235560.0  0.1903
235620.0  0.1916
235680.0  0.1929
235740.0  0.1942
235790.0  0.1955
235850.0  0.1967
235910.0  0.1978
235970.0  0.199
236030.0  0.2002
236080.0  0.2012
236140.0  0.2023
236200.0  0.2034
236260.0  0.2044
236320.0  0.2053
236370.0  0.2063
236430.0  0.2072
236490.0  0.2081
236550.0  0.209
236610.0  0.2099
236660.0  0.2107
236720.0  0.2115
236780.0  0.2123
236840.0  0.213
236900.0  0.2137
236950.0  0.2144
237010.0  0.2151
237070.0  0.2158
237130.0  0.2164
237190.0  0.217
237240.0  0.2176
237300.0  0.2182
237360.0  0.2188
237420.0  0.2194
237480.0  0.2199
237530.0  0.2204
237590.0  0.2209
237650.0  0.2214
237710.0  0.2218
237770.0  0.2223
237820.0  0.2227
237880.0  0.2232
237940.0  0.2236
238000.0  0.224
238060.0  0.2244
238110.0  0.2247
238170.0  0.2251
238230.0  0.2254
238290.0  0.2258
238350.0  0.2261
238400.0  0.2264
238460.0  0.2267
238520.0  0.227
238580.0  0.2273
238640.0  0.2276
238690.0  0.2279
238750.0  0.2281
238810.0  0.2284
238870.0  0.2286
238930.0  0.2288
238980.0  0.2291
239040.0  0.2293
239100.0  0.2295
239160.0  0.2297
239220.0  0.2299
239270.0  0.2301
239330.0  0.2302
239390.0  0.2304
239450.0  0.2306
239510.0  0.2307
239560.0  0.2309
239620.0  0.2311
239680.0  0.2312
239740.0  0.2313
239800.0  0.2315
239850.0  0.2316
239910.0  0.2317
239970.0  0.2319
240030.0  0.2319
240090.0  0.2318
240140.0  0.2317
240200.0  0.2317
240260.0  0.2316
240320.0  0.2315
240380.0  0.2314
240430.0  0.2313
240490.0  0.2312
240550.0  0.2311
240610.0  0.231
240670.0  0.2309
240720.0  0.2308
240780.0  0.2307
240840.0  0.2306
240900.0  0.2305
240960.0  0.2304
241010.0  0.2303
241070.0  0.2302
241130.0  0.2301
241190.0  0.23
241250.0  0.2299
241300.0  0.2298
241360.0  0.2297
241420.0  0.2296
241480.0  0.2295
241540.0  0.2293
241590.0  0.2292
241650.0  0.2291
241710.0  0.229
241770.0  0.2289
241830.0  0.2287
241880.0  0.2286
241940.0  0.2285
242000.0  0.2284
242060.0  0.2282
242120.0  0.2281
242170.0  0.2279
242230.0  0.2278
242290.0  0.2277
242350.0  0.2275
242410.0  0.2274
242460.0  0.2273
242520.0  0.2271
242580.0  0.227
242640.0  0.2268
242700.0  0.2267
242750.0  0.2265
242810.0  0.2264
242870.0  0.2263
242930.0  0.2261
242990.0  0.226
243040.0  0.2258
243100.0  0.2257
243160.0  0.2255
243220.0  0.2254
243280.0  0.2252
243330.0  0.2251
243390.0  0.225
243450.0  0.2248
243510.0  0.2247
243570.0  0.2245
243620.0  0.2244
243680.0  0.2242
243740.0  0.2241
243800.0  0.224
243860.0  0.2238
243910.0  0.2237
243970.0  0.2236
244030.0  0.2234
244090.0  0.2233
244150.0  0.2232
244200.0  0.223
244260.0  0.2229
244320.0  0.2228
244380.0  0.2226
244440.0  0.2225
244490.0  0.2224
244550.0  0.2222
244610.0  0.2221
244670.0  0.222
244730.0  0.2219
244780.0  0.2217
244840.0  0.2216
244900.0  0.2215
244960.0  0.2214
245020.0  0.2212
245070.0  0.2211
245130.0  0.221
245190.0  0.2209
245250.0  0.2207
245310.0  0.2206
245360.0  0.2205
245420.0  0.2204
245480.0  0.2203
245540.0  0.2201
245600.0  0.22
245650.0  0.2199
245710.0  0.2198
245770.0  0.2196
245830.0  0.2195
245890.0  0.2194
245940.0  0.2193
246000.0  0.2191
246060.0  0.219
246120.0  0.2189
246180.0  0.2187
246230.0  0.2186
246290.0  0.2185
246350.0  0.2183
246410.0  0.2182
246470.0  0.218
246520.0  0.2179
246580.0  0.2178
246640.0  0.2176
246700.0  0.2175
246760.0  0.2173
246810.0  0.2172
246870.0  0.217
246930.0  0.2169
246990.0  0.2167
247050.0  0.2165
247100.0  0.2164
247160.0  0.2162
247220.0  0.2161
247280.0  0.2159
247340.0  0.2157
247390.0  0.2156
247450.0  0.2154
247510.0  0.2152
247570.0  0.2151
247630.0  0.2149
247680.0  0.2147
247740.0  0.2145
247800.0  0.2144
247860.0  0.2142
247920.0  0.214
247970.0  0.2138
248030.0  0.2136
248090.0  0.2135
248150.0  0.2133
248210.0  0.2131
248260.0  0.2129
248320.0  0.2127
248380.0  0.2125
248440.0  0.2123
248500.0  0.2122
248550.0  0.212
248610.0  0.2118
248670.0  0.2116
248730.0  0.2114
248790.0  0.2112
248840.0  0.211
248900.0  0.2108
248960.0  0.2106
249020.0  0.2104
249080.0  0.2102
249130.0  0.21
249190.0  0.2098
249250.0  0.2096
249310.0  0.2094
249370.0  0.2092
249420.0  0.209
249480.0  0.2088
249540.0  0.2085
249600.0  0.2083
249660.0  0.2081
249710.0  0.2079
249770.0  0.2077
249830.0  0.2075
249890.0  0.2073
249950.0  0.2071
250000.0  0.2068
250060.0  0.2067
250120.0  0.2065
250180.0  0.2063
250240.0  0.2061
250290.0  0.2059
250350.0  0.2057
250410.0  0.2056
250470.0  0.2054
250530.0  0.2052
250580.0  0.205
250640.0  0.2048
250700.0  0.2047
250760.0  0.2045
250820.0  0.2043
250870.0  0.2041
250930.0  0.2039
250990.0  0.2037
251050.0  0.2036
251110.0  0.2034
251160.0  0.2032
251220.0  0.203
251280.0  0.2029
251340.0  0.2027
251400.0  0.2025
251450.0  0.2023
251510.0  0.2022
251570.0  0.202
251630.0  0.2018
251690.0  0.2016
251740.0  0.2015
251800.0  0.2013
251860.0  0.2011
251920.0  0.201
251980.0  0.2008
252030.0  0.2006
252090.0  0.2005
252150.0  0.2003
252210.0  0.2001
252270.0  0.2
252320.0  0.1998
252380.0  0.1996
252440.0  0.1995
252500.0  0.1993
252560.0  0.1991
252610.0  0.199
252670.0  0.1988
252730.0  0.1986
252790.0  0.1985
252850.0  0.1983
252900.0  0.1981
252960.0  0.1979
253020.0  0.1978
253080.0  0.1976
253140.0  0.1974
253190.0  0.1973
253250.0  0.1971
253310.0  0.1969
253370.0  0.1967
253430.0  0.1965
253480.0  0.1964
253540.0  0.1962
253600.0  0.196
253660.0  0.1958
253720.0  0.1957
253770.0  0.1955
253830.0  0.1953
253890.0  0.1951
253950.0  0.195
254010.0  0.1948
254060.0  0.1946
254120.0  0.1944
254180.0  0.1942
254240.0  0.1941
254300.0  0.1939
254350.0  0.1937
254410.0  0.1935
254470.0  0.1934
254530.0  0.1932
254590.0  0.193
254640.0  0.1928
254700.0  0.1927
254760.0  0.1925
254820.0  0.1923
254880.0  0.1922
254930.0  0.192
254990.0  0.1918
255050.0  0.1916
255110.0  0.1913
255170.0  0.191
255220.0  0.1908
255280.0  0.1905
255340.0  0.1902
255400.0  0.19
255460.0  0.1897
255510.0  0.1894
255570.0  0.1892
255630.0  0.1889
255690.0  0.1886
255750.0  0.1884
255800.0  0.1881
255860.0  0.1878
255920.0  0.1876
255980.0  0.1873
256040.0  0.187
256090.0  0.1868
256150.0  0.1865
256210.0  0.1862
256270.0  0.186
256330.0  0.1857
256380.0  0.1854
256440.0  0.1852
256500.0  0.1849
256560.0  0.1846
256620.0  0.1844
256670.0  0.1841
256730.0  0.1838
256790.0  0.1836
256850.0  0.1833
256910.0  0.183
256960.0  0.1828
257020.0  0.1825
257080.0  0.1822
257140.0  0.1819
257200.0  0.1817
257250.0  0.1814
257310.0  0.1811
257370.0  0.1809
257430.0  0.1806
257490.0  0.1803
257540.0  0.18
257600.0  0.1798
257660.0  0.1795
257720.0  0.1792
257780.0  0.1789
257830.0  0.1786
257890.0  0.1784
257950.0  0.1781
258010.0  0.1778
258070.0  0.1775
258120.0  0.1772
258180.0  0.1769
258240.0  0.1767
258300.0  0.1764
258360.0  0.1761
258410.0  0.1758
258470.0  0.1755
258530.0  0.1752
258590.0  0.1749
258650.0  0.1746
258700.0  0.1743
258760.0  0.174
258820.0  0.1737
258880.0  0.1734
258940.0  0.1731
258990.0  0.1728
259050.0  0.1725
259110.0  0.1722
259170.0  0.1719
259230.0  0.1716
259280.0  0.1713
259340.0  0.1709
259400.0  0.1706
259460.0  0.1703
259520.0  0.17
259570.0  0.1696
259630.0  0.1693
259690.0  0.169
259750.0  0.1686
259810.0  0.1683
259860.0  0.168
259920.0  0.1676
259980.0  0.1673
260040.0  0.1668
260100.0  0.1664
260150.0  0.1659
260210.0  0.1655
260270.0  0.165
260330.0  0.1645
260390.0  0.1641
260440.0  0.1636
260500.0  0.1631
260560.0  0.1627
260620.0  0.1622
260680.0  0.1617
260730.0  0.1612
260790.0  0.1607
260850.0  0.1602
260910.0  0.1598
260970.0  0.1593
261020.0  0.1588
261080.0  0.1583
261140.0  0.1578
261200.0  0.1573
261260.0  0.1568
261310.0  0.1563
261370.0  0.1558
261430.0  0.1553
261490.0  0.1548
261550.0  0.1543
261600.0  0.1538
261660.0  0.1533
261720.0  0.1528
261780.0  0.1523
261840.0  0.1518
261890.0  0.1513
261950.0  0.1508
262010.0  0.1503
262070.0  0.1498
262130.0  0.1493
262180.0  0.1488
262240.0  0.1483
262300.0  0.1478
262360.0  0.1473
262420.0  0.1468
262470.0  0.1463
262530.0  0.1458
262590.0  0.1453
262650.0  0.1448
262710.0  0.1444
262760.0  0.1439
262820.0  0.1434
262880.0  0.1429
262940.0  0.1425
263000.0  0.142
263050.0  0.1415
263110.0  0.141
263170.0  0.1406
263230.0  0.1401
263290.0  0.1397
263340.0  0.1392
263400.0  0.1388
263460.0  0.1383
263520.0  0.1379
263580.0  0.1374
263630.0  0.137
263690.0  0.1365
263750.0  0.1361
263810.0  0.1357
263870.0  0.1352
263920.0  0.1348
263980.0  0.1344
264040.0  0.134
264100.0  0.1336
264160.0  0.1331
264210.0  0.1327
264270.0  0.1323
264330.0  0.1319
264390.0  0.1315
264450.0  0.1311
264500.0  0.1307
264560.0  0.1303
264620.0  0.1299
264680.0  0.1295
264740.0  0.1291
264790.0  0.1287
264850.0  0.1283
264910.0  0.1279
264970.0  0.1275
265030.0  0.1272
265080.0  0.1269
265140.0  0.1267
265200.0  0.1264
265260.0  0.1261
265320.0  0.1258
265370.0  0.1255
265430.0  0.1253
265490.0  0.125
265550.0  0.1247
265610.0  0.1245
265660.0  0.1242
265720.0  0.1239
265780.0  0.1236
265840.0  0.1234
265900.0  0.1231
265950.0  0.1228
266010.0  0.1225
266070.0  0.1223
266130.0  0.122
266190.0  0.1217
266240.0  0.1215
266300.0  0.1212
266360.0  0.1209
266420.0  0.1206
266480.0  0.1203
266530.0  0.12
266590.0  0.1198
266650.0  0.1195
266710.0  0.1192
266770.0  0.1189
266820.0  0.1186
266880.0  0.1183
266940.0  0.118
267000.0  0.1177
267060.0  0.1174
267110.0  0.1171
267170.0  0.1168
267230.0  0.1165
267290.0  0.1162
267350.0  0.1159
267400.0  0.1155
267460.0  0.1152
267520.0  0.1149
267580.0  0.1146
267640.0  0.1143
267690.0  0.1139
267750.0  0.1136
267810.0  0.1133
267870.0  0.1129
267930.0  0.1126
267980.0  0.1122
268040.0  0.1119
268100.0  0.1116
268160.0  0.1112
268220.0  0.1109
268270.0  0.1105
268330.0  0.1102
268390.0  0.1098
268450.0  0.1095
268510.0  0.1092
268560.0  0.1088
268620.0  0.1085
268680.0  0.1081
268740.0  0.1078
268800.0  0.1074
268850.0  0.1071
268910.0  0.1068
268970.0  0.1064
269030.0  0.1061
269090.0  0.1057
269140.0  0.1054
269200.0  0.1051
269260.0  0.1048
269320.0  0.1045
269380.0  0.1041
269430.0  0.1038
269490.0  0.1035
269550.0  0.1032
269610.0  0.1029
269670.0  0.1026
269720.0  0.1023
269780.0  0.102
269840.0  0.1017
269900.0  0.1014
269960.0  0.1011
270010.0  0.1009
270070.0  0.1007
270130.0  0.1005
270190.0  0.1002
270250.0  0.1
270300.0  0.0998
270360.0  0.0996
270420.0  0.0994
270480.0  0.0992
270540.0  0.099
270590.0  0.0988
270650.0  0.0987
270710.0  0.0985
270770.0  0.0983
270830.0  0.0981
270880.0  0.0979
270940.0  0.0978
271000.0  0.0976
271060.0  0.0974
271120.0  0.0972
271170.0  0.0971
271230.0  0.0969
271290.0  0.0967
271350.0  0.0966
271410.0  0.0964
271460.0  0.0962
271520.0  0.0961
271580.0  0.0959
271640.0  0.0958
271700.0  0.0956
271750.0  0.0954
271810.0  0.0953
271870.0  0.0951
271930.0  0.095
271990.0  0.0948
272040.0  0.0946
272100.0  0.0945
272160.0  0.0943
272220.0  0.0942
272280.0  0.094
272330.0  0.0938
272390.0  0.0937
272450.0  0.0935
272510.0  0.0934
272570.0  0.0932
272620.0  0.093
272680.0  0.0929
272740.0  0.0927
272800.0  0.0926
272860.0  0.0924
272910.0  0.0922
272970.0  0.0921
273030.0  0.0919
273090.0  0.0917
273150.0  0.0916
273200.0  0.0914
273260.0  0.0913
273320.0  0.0911
273380.0  0.0909
273440.0  0.0908
273490.0  0.0906
273550.0  0.0904
273610.0  0.0903
273670.0  0.0901
273730.0  0.0899
273780.0  0.0897
273840.0  0.0896
273900.0  0.0894
273960.0  0.0892
274020.0  0.0891
274070.0  0.0889
274130.0  0.0887
274190.0  0.0885
274250.0  0.0883
274310.0  0.0882
274360.0  0.088
274420.0  0.0878
274480.0  0.0876
274540.0  0.0875
274600.0  0.0873
274650.0  0.0871
274710.0  0.0869
274770.0  0.0867
274830.0  0.0865
274890.0  0.0864
274940.0  0.0862
275000.0  0.086
275060.0  0.0856
275120.0  0.0853
275180.0  0.085
275230.0  0.0846
275290.0  0.0843
275350.0  0.0839
275410.0  0.0836
275470.0  0.0833
275520.0  0.0829
275580.0  0.0826
275640.0  0.0822
275700.0  0.0819
275760.0  0.0816
275810.0  0.0812
275870.0  0.0809
275930.0  0.0805
275990.0  0.0802
276050.0  0.0799
276100.0  0.0795
276160.0  0.0792
276220.0  0.0789
276280.0  0.0785
276340.0  0.0782
276390.0  0.0778
276450.0  0.0775
276510.0  0.0772
276570.0  0.0768
276630.0  0.0765
276680.0  0.0762
276740.0  0.0758
276800.0  0.0755
276860.0  0.0752
276920.0  0.0748
276970.0  0.0745
277030.0  0.0742
277090.0  0.0739
277150.0  0.0735
277210.0  0.0732
277260.0  0.0729
277320.0  0.0725
277380.0  0.0722
277440.0  0.0719
277500.0  0.0716
277550.0  0.0712
277610.0  0.0709
277670.0  0.0706
277730.0  0.0702
277790.0  0.0699
277840.0  0.0696
277900.0  0.0693
277960.0  0.0689
278020.0  0.0686
278080.0  0.0683
278130.0  0.068
278190.0  0.0676
278250.0  0.0673
278310.0  0.067
278370.0  0.0667
278420.0  0.0663
278480.0  0.066
278540.0  0.0657
278600.0  0.0654
278660.0  0.065
278710.0  0.0647
278770.0  0.0644
278830.0  0.064
278890.0  0.0637
278950.0  0.0634
279000.0  0.0631
279060.0  0.0627
279120.0  0.0624
279180.0  0.0621
279240.0  0.0617
279290.0  0.0614
279350.0  0.0611
279410.0  0.0607
279470.0  0.0604
279530.0  0.0601
279580.0  0.0598
279640.0  0.0594
279700.0  0.0591
279760.0  0.0588
279820.0  0.0584
279870.0  0.0581
279930.0  0.0578
279990.0  0.0574
280050.0  0.0572
280110.0  0.0569
280160.0  0.0567
280220.0  0.0565
280280.0  0.0562
280340.0  0.056
280400.0  0.0557
280450.0  0.0555
280510.0  0.0553
280570.0  0.055
280630.0  0.0548
280690.0  0.0545
280740.0  0.0543
280800.0  0.0541
280860.0  0.0538
280920.0  0.0536
280980.0  0.0533
281030.0  0.0531
281090.0  0.0529
281150.0  0.0526
281210.0  0.0524
281270.0  0.0521
281320.0  0.0519
281380.0  0.0517
281440.0  0.0514
281500.0  0.0512
281560.0  0.0509
281610.0  0.0507
281670.0  0.0505
281730.0  0.0502
281790.0  0.05
281850.0  0.0497
281900.0  0.0495
281960.0  0.0493
282020.0  0.049
282080.0  0.0488
282140.0  0.0485
282190.0  0.0483
282250.0  0.048
282310.0  0.0478
282370.0  0.0476
282430.0  0.0473
282480.0  0.0471
282540.0  0.0468
282600.0  0.0466
282660.0  0.0463
282720.0  0.0461
282770.0  0.0459
282830.0  0.0456
282890.0  0.0454
282950.0  0.0451
283010.0  0.0449
283060.0  0.0446
283120.0  0.0444
283180.0  0.0442
283240.0  0.0439
283300.0  0.0437
283350.0  0.0434
283410.0  0.0432
283470.0  0.0429
283530.0  0.0427
283590.0  0.0424
283640.0  0.0422
283700.0  0.0419
283760.0  0.0417
283820.0  0.0414
283880.0  0.0412
283930.0  0.0409
283990.0  0.0407
284050.0  0.0404
284110.0  0.0402
284170.0  0.0399
284220.0  0.0397
284280.0  0.0394
284340.0  0.0392
284400.0  0.0389
284460.0  0.0387
284510.0  0.0384
284570.0  0.0382
284630.0  0.0379
284690.0  0.0377
284750.0  0.0374
284800.0  0.0372
284860.0  0.0369
284920.0  0.0367
284980.0  0.0364
285040.0  0.0363
285090.0  0.0362
285150.0  0.0362
285210.0  0.0361
285270.0  0.0361
285330.0  0.036
285380.0  0.0359
285440.0  0.0359
285500.0  0.0358
285560.0  0.0358
285620.0  0.0357
285670.0  0.0357
285730.0  0.0356
285790.0  0.0355
285850.0  0.0355
285910.0  0.0354
285960.0  0.0354
286020.0  0.0353
286080.0  0.0352
286140.0  0.0352
286200.0  0.0351
286250.0  0.0351
286310.0  0.035
286370.0  0.0349
286430.0  0.0349
286490.0  0.0348
286540.0  0.0348
286600.0  0.0347
286660.0  0.0347
286720.0  0.0346
286780.0  0.0345
286830.0  0.0345
286890.0  0.0344
286950.0  0.0344
287010.0  0.0343
287070.0  0.0342
287120.0  0.0342
287180.0  0.0341
287240.0  0.0341
287300.0  0.034
287360.0  0.0339
287410.0  0.0339
287470.0  0.0338
287530.0  0.0338
287590.0  0.0337
287650.0  0.0336
287700.0  0.0336
287760.0  0.0335
287820.0  0.0335
287880.0  0.0334
287940.0  0.0333
287990.0  0.0333
288050.0  0.0332
288110.0  0.0332
288170.0  0.0331
288230.0  0.0331
288280.0  0.033
288340.0  0.0329
288400.0  0.0329
288460.0  0.0328
288520.0  0.0328
288570.0  0.0327
288630.0  0.0326
288690.0  0.0326
288750.0  0.0325
288810.0  0.0325
288860.0  0.0324
288920.0  0.0324
288980.0  0.0323
289040.0  0.0322
289100.0  0.0322
289150.0  0.0321
289210.0  0.0321
289270.0  0.032
289330.0  0.0319
289390.0  0.0319
289440.0  0.0318
289500.0  0.0318
289560.0  0.0317
289620.0  0.0316
289680.0  0.0316
289730.0  0.0315
289790.0  0.0315
289850.0  0.0314
289910.0  0.0313
289970.0  0.0313
290020.0  0.0312
290080.0  0.031
290140.0  0.0308
290200.0  0.0307
290260.0  0.0305
290310.0  0.0303
290370.0  0.0302
290430.0  0.03
290490.0  0.0298
290550.0  0.0297
290600.0  0.0295
290660.0  0.0293
290720.0  0.0291
290780.0  0.029
290840.0  0.0288
290890.0  0.0286
290950.0  0.0285
291010.0  0.0283
291070.0  0.0281
291130.0  0.0279
291180.0  0.0278
291240.0  0.0276
291300.0  0.0274
291360.0  0.0272
291420.0  0.0271
291470.0  0.0269
291530.0  0.0267
291590.0  0.0265
291650.0  0.0264
291710.0  0.0262
291760.0  0.026
291820.0  0.0258
291880.0  0.0257
291940.0  0.0255
292000.0  0.0253
292050.0  0.0251
292110.0  0.0249
292170.0  0.0248
292230.0  0.0246
292290.0  0.0244
292340.0  0.0242
292400.0  0.024
292460.0  0.0239
292520.0  0.0237
292580.0  0.0235
292630.0  0.0233
292690.0  0.0231
292750.0  0.0229
292810.0  0.0228
292870.0  0.0226
292920.0  0.0224
292980.0  0.0222
293040.0  0.022
293100.0  0.0218
293160.0  0.0216
293210.0  0.0215
293270.0  0.0213
293330.0  0.0211
293390.0  0.0209
293450.0  0.0207
293500.0  0.0205
293560.0  0.0203
293620.0  0.0201
293680.0  0.02
293740.0  0.0198
293790.0  0.0196
293850.0  0.0194
293910.0  0.0192
293970.0  0.019
294030.0  0.0188
294080.0  0.0186
294140.0  0.0184
294200.0  0.0183
294260.0  0.0181
294320.0  0.0179
294370.0  0.0177
294430.0  0.0175
294490.0  0.0173
294550.0  0.0171
294610.0  0.017
294660.0  0.0168
294720.0  0.0166
294780.0  0.0164
294840.0  0.0162
294900.0  0.016
294950.0  0.0158
295010.0  0.0157
295070.0  0.0156
295130.0  0.0154
295190.0  0.0153
295240.0  0.0152
295300.0  0.0151
295360.0  0.015
295420.0  0.0149
295480.0  0.0148
295530.0  0.0146
295590.0  0.0145
295650.0  0.0144
295710.0  0.0143
295770.0  0.0142
295820.0  0.0141
295880.0  0.014
295940.0  0.0139
296000.0  0.0138
296060.0  0.0136
296110.0  0.0135
296170.0  0.0134
296230.0  0.0133
296290.0  0.0132
296350.0  0.0131
296400.0  0.013
296460.0  0.0129
296520.0  0.0128
296580.0  0.0127
296640.0  0.0126
296690.0  0.0125
296750.0  0.0124
296810.0  0.0123
296870.0  0.0122
296930.0  0.0121
296980.0  0.012
297040.0  0.0119
297100.0  0.0118
297160.0  0.0117
297220.0  0.0116
297270.0  0.0115
297330.0  0.0114
297390.0  0.0113
297450.0  0.0112
297510.0  0.0111
297560.0  0.011
297620.0  0.0109
297680.0  0.0108
297740.0  0.0107
297800.0  0.0106
297850.0  0.0105
297910.0  0.0104
297970.0  0.0103
298030.0  0.0102
298090.0  0.0102
298140.0  0.0101
298200.0  0.01
298260.0  0.0099
298320.0  0.0098
298380.0  0.0097
298430.0  0.0096
298490.0  0.0095
298550.0  0.0094
298610.0  0.0093
298670.0  0.0092
298720.0  0.0091
298780.0  0.0091
298840.0  0.009
298900.0  0.0089
298960.0  0.0088
299010.0  0.0087
299070.0  0.0086
299130.0  0.0085
299190.0  0.0084
299250.0  0.0083
299300.0  0.0082
299360.0  0.0082
299420.0  0.0081
299480.0  0.008
299540.0  0.0079
299590.0  0.0078
299650.0  0.0077
299710.0  0.0076
299770.0  0.0075
299830.0  0.0075
299880.0  0.0074
299940.0  0.0073
