# from http://www.stsci.edu/jwst/instruments/nircam/instrumentdesign/filters
# Retrieved Jan 18, 2017, dated Feb 5, 2016 (pre-flight)
# Uses modA or modB  filters+DBS+QE+OTE (nrc_plus_ote)
# Units of transmission are PCE (photon to electron conversion efficiency)
# 
20004.7  2.154373e-10
20020.7  1.943666e-10
20036.8  1.764694e-10
20052.9  1.613971e-10
20069.0  1.483560e-10
20085.1  1.378562e-10
20101.1  1.287562e-10
20117.2  1.205052e-10
20133.3  1.141154e-10
20149.4  1.089359e-10
20165.5  1.028648e-10
20181.6  9.839132e-11
20197.6  9.313891e-11
20213.7  8.928440e-11
20229.8  8.561548e-11
20245.9  8.110283e-11
20262.0  7.811906e-11
20278.0  7.556277e-11
20294.1  7.332437e-11
20310.2  7.145874e-11
20326.3  7.003874e-11
20342.4  6.807662e-11
20358.4  6.730846e-11
20374.5  6.683928e-11
20390.6  6.675171e-11
20406.7  6.748835e-11
20422.8  6.762922e-11
20438.8  6.794200e-11
20454.9  6.845164e-11
20471.0  6.925184e-11
20487.1  7.097024e-11
20503.2  7.280805e-11
20519.3  7.468296e-11
20535.3  7.769940e-11
20551.4  8.031382e-11
20567.5  8.394702e-11
20583.6  8.765043e-11
20599.7  9.237741e-11
20615.7  9.741929e-11
20631.8  1.029309e-10
20647.9  1.094436e-10
20664.0  1.171138e-10
20680.1  1.258974e-10
20696.1  1.356946e-10
20712.2  1.469430e-10
20728.3  1.612719e-10
20744.4  1.763788e-10
20760.5  1.949401e-10
20776.5  2.147667e-10
20792.6  2.388371e-10
20808.7  2.664666e-10
20824.8  2.967603e-10
20840.9  3.341315e-10
20857.0  3.781597e-10
20873.0  4.298582e-10
20889.1  4.907582e-10
20905.2  5.635402e-10
20921.3  6.492106e-10
20937.4  7.515492e-10
20953.4  8.768085e-10
20969.5  1.017693e-09
20985.6  1.184868e-09
21001.7  1.386339e-09
21017.8  1.612574e-09
21033.8  1.882553e-09
21049.9  2.189595e-09
21066.0  2.517274e-09
21082.1  2.878761e-09
21098.2  3.245242e-09
21114.2  3.599617e-09
21130.3  3.911862e-09
21146.4  4.147409e-09
21162.5  4.329605e-09
21178.6  4.412424e-09
21194.7  4.436055e-09
21210.7  4.406821e-09
21226.8  4.330932e-09
21242.9  4.208180e-09
21259.0  4.080734e-09
21275.1  3.945251e-09
21291.1  3.800182e-09
21307.2  3.661586e-09
21323.3  3.519053e-09
21339.4  3.379334e-09
21355.5  3.248902e-09
21371.5  3.141941e-09
21387.6  3.040923e-09
21403.7  2.959645e-09
21419.8  2.882006e-09
21435.9  2.829780e-09
21451.9  2.786025e-09
21468.0  2.747488e-09
21484.1  2.715638e-09
21500.2  2.689402e-09
21516.3  2.671450e-09
21532.4  2.668472e-09
21548.4  2.673165e-09
21564.5  2.688784e-09
21580.6  2.702038e-09
21596.7  2.729389e-09
21612.8  2.766182e-09
21628.8  2.801067e-09
21644.9  2.852687e-09
21661.0  2.909079e-09
21677.1  2.966075e-09
21693.2  3.027075e-09
21709.2  3.088731e-09
21725.3  3.170180e-09
21741.4  3.258103e-09
21757.5  3.356328e-09
21773.6  3.462010e-09
21789.6  3.572286e-09
21805.7  3.693326e-09
21821.8  3.824491e-09
21837.9  3.970043e-09
21854.0  4.134701e-09
21870.1  4.304963e-09
21886.1  4.495261e-09
21902.2  4.703623e-09
21918.3  4.938704e-09
21934.4  5.203332e-09
21950.5  5.499583e-09
21966.5  5.847229e-09
21982.6  6.244355e-09
21998.7  6.697354e-09
22014.8  7.234112e-09
22030.9  7.840110e-09
22046.9  8.542069e-09
22063.0  9.354435e-09
22079.1  1.029912e-08
22095.2  1.142145e-08
22111.3  1.272781e-08
22127.3  1.430607e-08
22143.4  1.627812e-08
22159.5  1.872208e-08
22175.6  2.189290e-08
22191.7  2.586163e-08
22207.7  3.079653e-08
22223.8  3.675629e-08
22239.9  4.335652e-08
22256.0  4.961553e-08
22272.1  5.485802e-08
22288.2  5.840351e-08
22304.2  6.060450e-08
22320.3  6.221924e-08
22336.4  6.401773e-08
22352.5  6.656256e-08
22368.6  7.025684e-08
22384.6  7.529768e-08
22400.7  8.169138e-08
22416.8  9.004892e-08
22432.9  1.002517e-07
22449.0  1.127801e-07
22465.0  1.277618e-07
22481.1  1.452752e-07
22497.2  1.659046e-07
22513.3  1.899404e-07
22529.4  2.170522e-07
22545.4  2.478942e-07
22561.5  2.818000e-07
22577.6  3.186285e-07
22593.7  3.572462e-07
22609.8  3.978128e-07
22625.9  4.389160e-07
22641.9  4.799291e-07
22658.0  5.206490e-07
22674.1  5.598669e-07
22690.2  5.978554e-07
22706.3  6.345766e-07
22722.3  6.700853e-07
22738.4  7.049810e-07
22754.5  7.376749e-07
22770.6  7.692851e-07
22786.7  7.980501e-07
22802.7  8.243989e-07
22818.8  8.511355e-07
22834.9  8.794435e-07
22851.0  9.102968e-07
22867.1  9.479481e-07
22883.1  9.937779e-07
22899.2  1.050859e-06
22915.3  1.120900e-06
22931.4  1.206048e-06
22947.5  1.308072e-06
22963.6  1.427876e-06
22979.6  1.566909e-06
22995.7  1.729268e-06
23011.8  1.911238e-06
23027.9  2.121432e-06
23044.0  2.364771e-06
23060.0  2.648640e-06
23076.1  2.986161e-06
23092.2  3.382777e-06
23108.3  3.864607e-06
23124.4  4.455580e-06
23140.4  5.172837e-06
23156.5  6.082122e-06
23172.6  7.213568e-06
23188.7  8.584394e-06
23204.8  1.022206e-05
23220.8  1.209395e-05
23236.9  1.416450e-05
23253.0  1.631782e-05
23269.1  1.853928e-05
23285.2  2.078307e-05
23301.3  2.303814e-05
23317.3  2.534861e-05
23333.4  2.765921e-05
23349.5  2.997107e-05
23365.6  3.209756e-05
23381.7  3.404101e-05
23397.7  3.560990e-05
23413.8  3.676614e-05
23429.9  3.754739e-05
23446.0  3.795844e-05
23462.1  3.815143e-05
23478.1  3.822845e-05
23494.2  3.835416e-05
23510.3  3.858653e-05
23526.4  3.893337e-05
23542.5  3.948920e-05
23558.5  4.019397e-05
23574.6  4.115136e-05
23590.7  4.224516e-05
23606.8  4.359785e-05
23622.9  4.500994e-05
23639.0  4.652980e-05
23655.0  4.797030e-05
23671.1  4.923585e-05
23687.2  5.028695e-05
23703.3  5.099199e-05
23719.4  5.132341e-05
23735.4  5.129986e-05
23751.5  5.064835e-05
23767.6  4.983245e-05
23783.7  4.910426e-05
23799.8  4.857376e-05
23815.8  4.829736e-05
23831.9  4.813800e-05
23848.0  4.810705e-05
23864.1  4.818444e-05
23880.2  4.830726e-05
23896.2  4.836585e-05
23912.3  4.841443e-05
23928.4  4.846154e-05
23944.5  4.852976e-05
23960.6  4.861268e-05
23976.7  4.865783e-05
23992.7  4.869643e-05
24008.8  4.866616e-05
24024.9  4.853303e-05
24041.0  4.829338e-05
24057.1  4.787078e-05
24073.1  4.726168e-05
24089.2  4.649950e-05
24105.3  4.570624e-05
24121.4  4.488556e-05
24137.5  4.412401e-05
24153.5  4.354587e-05
24169.6  4.315087e-05
24185.7  4.299617e-05
24201.8  4.310927e-05
24217.9  4.353026e-05
24233.9  4.400263e-05
24250.0  4.448125e-05
24266.1  4.494602e-05
24282.2  4.521088e-05
24298.3  4.525686e-05
24314.4  4.508062e-05
24330.4  4.478354e-05
24346.5  4.436707e-05
24362.6  4.393582e-05
24378.7  4.359809e-05
24394.8  4.335792e-05
24410.8  4.331843e-05
24426.9  4.350542e-05
24443.0  4.391279e-05
24459.1  4.438705e-05
24475.2  4.485321e-05
24491.2  4.532864e-05
24507.3  4.569965e-05
24523.4  4.597860e-05
24539.5  4.615976e-05
24555.6  4.622808e-05
24571.6  4.617565e-05
24587.7  4.602381e-05
24603.8  4.581507e-05
24619.9  4.554700e-05
24636.0  4.525245e-05
24652.0  4.508051e-05
24668.1  4.507488e-05
24684.2  4.525669e-05
24700.3  4.562669e-05
24716.4  4.620098e-05
24732.5  4.698054e-05
24748.5  4.790454e-05
24764.6  4.889385e-05
24780.7  4.987725e-05
24796.8  5.075923e-05
24812.9  5.145721e-05
24828.9  5.201843e-05
24845.0  5.235937e-05
24861.1  5.244687e-05
24877.2  5.236932e-05
24893.3  5.197147e-05
24909.3  5.130411e-05
24925.4  5.042466e-05
24941.5  1.895322e-03
24957.6  1.936299e-03
24973.7  1.975543e-03
24989.7  2.012749e-03
24997.8  2.048794e-03
25011.3  2.083414e-03
25024.8  2.116223e-03
25038.3  2.147439e-03
25051.8  3.292557e-04
25065.3  3.144418e-04
25078.9  3.003326e-04
25092.4  2.870035e-04
25105.9  2.725802e-04
25119.4  2.582804e-04
25132.9  2.444860e-04
25146.4  2.311178e-04
25159.9  2.181636e-04
25173.4  2.060463e-04
25187.0  1.934217e-04
25200.5  1.801254e-04
25214.0  1.680626e-04
25227.5  1.566263e-04
25241.0  1.448168e-04
25254.5  1.334280e-04
25268.0  1.219423e-04
25281.5  1.104721e-04
25295.1  1.004433e-04
25308.6  9.161119e-05
25322.1  8.301488e-05
25335.6  7.449169e-05
25349.1  6.675329e-05
25362.6  5.945135e-05
25376.1  5.338133e-05
25389.6  4.776021e-05
25403.2  4.207596e-05
25416.7  3.720125e-05
25430.2  3.248295e-05
25443.7  2.854609e-05
25457.2  2.518353e-05
25470.7  2.213826e-05
25484.2  1.885974e-05
25497.7  1.716711e-05
25511.2  1.475934e-05
25524.8  1.284213e-05
25538.3  1.175016e-05
25551.8  1.022508e-05
25565.3  9.522857e-06
25578.8  8.370292e-06
25592.3  7.779346e-06
25605.8  6.621175e-06
25619.3  6.509758e-06
25632.9  5.385889e-06
25646.4  4.140516e-06
25659.9  3.564541e-06
25673.4  2.751243e-06
25686.9  2.311185e-06
25700.4  1.967084e-06
25713.9  1.794966e-06
25727.4  1.729006e-06
25741.0  2.113967e-06
25754.5  2.665705e-06
25768.0  2.678679e-06
25781.5  2.459829e-06
25795.0  2.626732e-06
25808.5  2.544090e-06
25822.0  2.695686e-06
25835.5  2.838182e-06
25849.1  2.875525e-06
25862.6  2.637721e-06
25876.1  2.643528e-06
25889.6  2.682624e-06
25903.1  2.546094e-06
25916.6  2.847340e-06
25930.1  2.984612e-06
25943.6  2.571208e-06
25957.2  2.249671e-06
25970.7  1.887540e-06
25984.2  1.737087e-06
25997.7  1.624679e-06
26011.2  1.943882e-06
26024.7  2.273816e-06
26038.2  1.871120e-06
26051.7  2.153690e-06
26065.3  2.366316e-06
26078.8  2.541840e-06
26092.3  2.431049e-06
26105.8  2.411070e-06
26119.3  2.575137e-06
26132.8  2.051487e-06
26146.3  1.870785e-06
26159.8  1.378718e-06
26173.4  1.427552e-06
26186.9  1.443429e-06
26200.4  1.664171e-06
26213.9  2.131491e-06
26227.4  1.847791e-06
26240.9  1.713350e-06
26254.4  2.053654e-06
26267.9  2.274508e-06
26281.5  1.946184e-06
26295.0  1.681012e-06
26308.5  1.563220e-06
26322.0  1.165597e-06
26335.5  1.143402e-06
26349.0  1.068310e-06
26362.5  7.113237e-07
26376.0  7.139907e-07
26389.5  1.129460e-06
26403.1  1.130599e-06
26416.6  1.095093e-06
26430.1  1.502272e-06
26443.6  1.489798e-06
26457.1  1.780990e-06
26470.6  2.090303e-06
26484.1  2.095551e-06
26497.6  2.260433e-06
26511.2  2.422322e-06
26524.7  2.414166e-06
26538.2  2.322949e-06
26551.7  2.538952e-06
26565.2  2.626514e-06
26578.7  2.764942e-06
26592.2  2.781827e-06
26605.7  2.643897e-06
26619.3  3.356840e-06
26632.8  3.996185e-06
26646.3  4.160490e-06
26659.8  3.801943e-06
26673.3  3.647628e-06
26686.8  3.211234e-06
26700.3  2.995031e-06
26713.8  2.836629e-06
26727.4  2.639805e-06
26740.9  2.093147e-06
26754.4  1.566386e-06
26767.9  1.496309e-06
26781.4  1.493703e-06
26794.9  1.897825e-06
26808.4  2.092197e-06
26821.9  2.127198e-06
26835.5  1.552821e-06
26849.0  1.495830e-06
26862.5  1.571878e-06
26876.0  1.795745e-06
26889.5  1.841842e-06
26903.0  1.549211e-06
26916.5  1.441207e-06
26930.0  1.092808e-06
26943.6  1.084507e-06
26957.1  1.425663e-06
26970.6  1.397728e-06
26984.1  1.362001e-06
26997.6  1.178032e-06
27011.1  1.349471e-06
27024.6  1.473509e-06
27038.1  1.600670e-06
27051.7  1.819266e-06
27065.2  1.604468e-06
27078.7  1.675837e-06
27092.2  1.523884e-06
27105.7  1.794599e-06
27119.2  1.789739e-06
27132.7  1.592314e-06
27146.2  1.581059e-06
27159.8  1.350691e-06
27173.3  1.129129e-06
27186.8  1.012724e-06
27200.3  1.332913e-06
27213.8  1.224393e-06
27227.3  1.096186e-06
27240.8  1.390348e-06
27254.3  1.544373e-06
27267.9  1.747248e-06
27281.4  2.085207e-06
27294.9  2.346592e-06
27308.4  2.203631e-06
27321.9  2.056402e-06
27335.4  1.902654e-06
27348.9  1.977414e-06
27362.4  1.871482e-06
27375.9  1.738433e-06
27389.5  1.623720e-06
27403.0  1.576790e-06
27416.5  1.633571e-06
27430.0  2.053866e-06
27443.5  2.787506e-06
27457.0  2.510922e-06
27470.5  2.527288e-06
27484.0  2.546459e-06
27497.6  2.436408e-06
27511.1  2.407881e-06
27524.6  2.113652e-06
27538.1  1.569771e-06
27551.6  9.495121e-07
27565.1  8.046163e-07
27578.6  8.063585e-07
27592.1  6.319391e-07
27605.7  5.220793e-07
27619.2  5.506872e-07
27632.7  8.905514e-07
27646.2  1.345041e-06
27659.7  1.575529e-06
27673.2  1.989104e-06
27686.7  1.892500e-06
27700.2  2.163994e-06
27713.8  2.690515e-06
27727.3  2.819360e-06
27740.8  2.746413e-06
27754.3  2.385224e-06
27767.8  2.039426e-06
27781.3  1.825949e-06
27794.8  2.032460e-06
27808.3  1.978856e-06
27821.9  1.643116e-06
27835.4  1.349583e-06
27848.9  1.348710e-06
27862.4  1.490087e-06
27875.9  1.781458e-06
27889.4  1.690880e-06
27902.9  1.442481e-06
27916.4  1.220059e-06
27930.0  1.061224e-06
27943.5  9.921013e-07
27957.0  7.303934e-07
27970.5  5.428778e-07
27984.0  8.558908e-07
27997.5  1.051441e-06
28011.0  1.265229e-06
28024.5  1.589751e-06
28038.1  1.750749e-06
28051.6  1.804234e-06
28065.1  1.893769e-06
28078.6  1.992789e-06
28092.1  1.727268e-06
28105.6  1.820094e-06
28119.1  2.018096e-06
28132.6  2.137023e-06
28146.2  2.157065e-06
28159.7  2.307126e-06
28173.2  2.644498e-06
28186.7  2.502442e-06
28200.2  2.274425e-06
28213.7  2.190808e-06
28227.2  1.735141e-06
28240.7  1.299393e-06
28254.2  1.350438e-06
28267.8  1.274829e-06
28281.3  8.454787e-07
28294.8  8.658063e-07
28308.3  7.944729e-07
28321.8  4.795506e-07
28335.3  7.646107e-07
28348.8  8.038344e-07
28362.3  5.364465e-07
28375.9  4.028858e-07
28389.4  4.774679e-07
28402.9  5.660390e-07
28416.4  7.059967e-07
28429.9  1.001545e-06
28443.4  8.524207e-07
28456.9  1.000686e-06
28470.4  1.153277e-06
28484.0  1.326994e-06
28497.5  1.539765e-06
28511.0  1.578763e-06
28524.5  1.396684e-06
28538.0  1.102483e-06
28551.5  9.686876e-07
28565.0  7.723737e-07
28578.5  7.709068e-07
28592.1  6.629976e-07
28605.6  3.766655e-07
28619.1  2.252450e-07
28632.6  2.314453e-07
28646.1  2.383852e-07
28659.6  4.463830e-07
28673.1  7.285847e-07
28686.6  9.320624e-07
28700.2  9.871158e-07
28713.7  1.094014e-06
28727.2  1.179108e-06
28740.7  1.173617e-06
28754.2  1.164496e-06
28767.7  9.556575e-07
28781.2  6.751899e-07
28794.7  4.605731e-07
28808.3  3.548868e-07
28821.8  3.355707e-07
28835.3  3.365864e-07
28848.8  3.517773e-07
28862.3  4.675156e-07
28875.8  5.103358e-07
28889.3  5.173706e-07
28902.8  4.833470e-07
28916.4  5.117197e-07
28929.9  5.280530e-07
28943.4  5.239232e-07
28956.9  5.071610e-07
28970.4  3.908624e-07
28983.9  3.466191e-07
28997.4  3.377124e-07
29010.9  2.333345e-07
29024.5  1.897007e-07
29038.0  1.240236e-07
29051.5  2.651764e-07
29065.0  4.745657e-07
29078.5  7.700536e-07
29092.0  9.379638e-07
29105.5  9.387948e-07
29119.0  9.375186e-07
29132.5  9.367075e-07
29146.1  8.997670e-07
29159.6  9.795490e-07
29173.1  1.129878e-06
29186.6  1.245769e-06
29200.1  1.275357e-06
29213.6  1.282487e-06
29227.1  1.608436e-06
29240.6  1.663698e-06
29254.2  1.826340e-06
29267.7  1.841708e-06
29281.2  1.784584e-06
29294.7  1.623480e-06
29308.2  1.564603e-06
29321.7  1.576529e-06
29335.2  1.250406e-06
29348.7  1.624674e-06
29362.3  1.833896e-06
29375.8  1.763100e-06
29389.3  1.552916e-06
29402.8  1.567777e-06
29416.3  1.759809e-06
29429.8  1.924012e-06
29443.3  2.039244e-06
29456.8  1.756447e-06
29470.4  1.839868e-06
29483.9  2.080931e-06
29497.4  2.337188e-06
29510.9  2.259145e-06
29524.4  2.075144e-06
29537.9  2.123016e-06
29551.4  2.246718e-06
29564.9  2.350268e-06
29578.5  2.300459e-06
29592.0  2.259542e-06
29605.5  2.130477e-06
29619.0  2.171349e-06
29632.5  2.187492e-06
29646.0  2.090113e-06
29659.5  1.967889e-06
29673.0  1.983438e-06
29686.6  1.887484e-06
29700.1  1.815324e-06
29713.6  1.992835e-06
29727.1  1.976637e-06
29740.6  1.999044e-06
29754.1  1.927594e-06
29767.6  1.900452e-06
29781.1  1.994237e-06
29794.7  1.930365e-06
29808.2  1.794834e-06
29821.7  1.622858e-06
29835.2  1.714954e-06
29848.7  1.669477e-06
29862.2  1.707598e-06
29875.7  1.705186e-06
29889.2  1.394155e-06
29902.8  1.150972e-06
29916.3  1.278249e-06
29929.8  1.489096e-06
29943.3  1.669451e-06
29956.8  1.884130e-06
29970.3  1.872874e-06
29983.8  1.781425e-06
29997.3  1.822574e-06
30010.9  2.005726e-06
30024.4  1.916963e-06
30037.9  1.684521e-06
30051.4  1.206065e-06
30064.9  8.485932e-07
30078.4  7.478422e-07
30091.9  9.221677e-07
30105.4  1.174282e-06
30118.9  1.248371e-06
30132.5  1.243235e-06
30146.0  1.433490e-06
30159.5  1.615819e-06
30173.0  1.638849e-06
30186.5  1.680233e-06
30200.0  1.707241e-06
30213.5  1.537711e-06
30227.0  1.485246e-06
30240.6  1.444478e-06
30254.1  1.262389e-06
30267.6  1.193532e-06
30281.1  1.223345e-06
30294.6  1.177331e-06
30308.1  9.760941e-07
30321.6  8.597842e-07
30335.1  6.546785e-07
30348.7  4.648416e-07
30362.2  3.793195e-07
30375.7  2.650793e-07
30389.2  3.119612e-07
30402.7  5.570538e-07
30416.2  7.795979e-07
30429.7  9.546527e-07
30443.2  1.251036e-06
30456.8  1.536945e-06
30470.3  1.700940e-06
30483.8  1.778212e-06
30497.3  1.690540e-06
30510.8  1.672012e-06
30524.3  1.661181e-06
30537.8  1.582234e-06
30551.3  1.385533e-06
30564.9  1.084710e-06
30578.4  9.130007e-07
30591.9  9.998136e-07
30605.4  1.330405e-06
30618.9  1.303161e-06
30632.4  1.267878e-06
30645.9  1.394672e-06
30659.4  1.327370e-06
30673.0  1.313465e-06
30686.5  1.205623e-06
30700.0  1.040824e-06
30713.5  7.009128e-07
30727.0  5.426690e-07
30740.5  3.824387e-07
30754.0  1.304478e-07
30767.5  1.307280e-07
30781.1  2.340435e-07
30794.6  2.527261e-07
30808.1  3.630841e-07
30821.6  3.788491e-07
30835.1  4.488851e-07
30848.6  6.540056e-07
30862.1  7.789081e-07
30875.6  7.481949e-07
30889.2  6.474692e-07
30902.7  6.979568e-07
30916.2  5.897501e-07
30929.7  5.664415e-07
30943.2  4.558548e-07
30956.7  2.324815e-07
30970.2  7.960115e-08
30983.7  7.971025e-08
30997.2  7.731050e-08
31010.8  6.365071e-09
31024.3  4.358883e-09
31037.8  4.194964e-08
31051.3  4.198738e-08
31064.8  4.202548e-08
31078.3  4.206384e-08
31091.8  4.210244e-08
31105.3  4.214701e-08
31118.9  4.220057e-08
31132.4  5.611353e-08
31145.9  1.810771e-08
31159.4  1.813061e-08
31172.9  1.815345e-08
31186.4  1.817620e-08
31199.9  1.819885e-08
31213.4  1.825826e-08
31227.0  1.829599e-08
31240.5  4.112202e-09
31254.0  4.120588e-09
31267.5  5.109555e-08
31281.0  2.337536e-07
31294.5  4.314751e-07
31308.0  4.893331e-07
31321.5  4.904568e-07
31335.1  4.971286e-07
31348.6  5.003349e-07
31362.1  5.011032e-07
31375.6  4.566992e-07
31389.1  2.726144e-07
31402.6  1.369560e-07
31416.1  1.011087e-07
31429.6  5.157627e-07
31443.2  8.212809e-07
31456.7  9.740707e-07
31470.2  1.265594e-06
31483.7  1.674069e-06
31497.2  1.851415e-06
31510.7  2.106011e-06
31524.2  2.571676e-06
31537.7  2.432456e-06
31551.3  2.121754e-06
31564.8  2.042226e-06
31578.3  1.802516e-06
31591.8  1.392721e-06
31605.3  1.217916e-06
31618.8  8.994839e-07
31632.3  4.104771e-07
31645.8  1.300420e-07
31659.4  1.296799e-07
31672.9  5.588598e-08
31686.4  4.346585e-09
31699.9  4.352491e-09
31713.4  4.361114e-09
31726.9  4.373328e-09
31740.4  4.383551e-09
31753.9  4.392162e-09
31767.5  4.400763e-09
31781.0  4.409355e-09
31794.5  4.417940e-09
31808.0  4.425651e-09
31821.5  4.432757e-09
31835.0  4.439860e-09
31848.5  4.446961e-09
31862.0  4.454062e-09
31875.5  4.461162e-09
31889.1  4.468264e-09
31902.6  1.659622e-08
31916.1  1.811713e-08
31929.6  1.908163e-08
31943.1  1.911226e-08
31956.6  2.026894e-08
31970.1  8.703417e-08
31983.6  1.447673e-07
31997.2  1.801149e-07
32010.7  1.684709e-07
32024.2  2.018538e-07
32037.7  2.011992e-07
32051.2  2.014911e-07
32064.7  2.006415e-07
32078.2  1.333191e-07
32091.7  7.533821e-08
32105.3  3.991924e-08
32118.8  3.959276e-08
32132.3  1.320119e-07
32145.8  4.149792e-07
32159.3  6.653469e-07
32172.8  9.008391e-07
32186.3  1.210845e-06
32199.8  1.287818e-06
32213.4  1.290436e-06
32226.9  1.293553e-06
32240.4  1.166567e-06
32253.9  8.819133e-07
32267.4  6.301672e-07
32280.9  4.171434e-07
32294.4  1.258084e-07
32307.9  4.960459e-08
32321.5  4.965424e-08
32335.0  5.048618e-08
32348.5  2.231016e-07
32362.0  3.893860e-07
32375.5  4.140963e-07
32389.0  3.905254e-07
32402.5  3.696480e-07
32416.0  4.596674e-07
32429.6  6.447427e-07
32443.1  7.990519e-07
32456.6  6.496505e-07
32470.1  4.827633e-07
32483.6  4.878694e-07
32497.1  8.114081e-07
32510.6  1.209361e-06
32524.1  1.578217e-06
32537.7  1.920416e-06
32551.2  1.968234e-06
32564.7  1.947123e-06
32578.2  1.949256e-06
32591.7  2.035285e-06
32605.2  1.927061e-06
32618.7  1.715039e-06
32632.2  1.414357e-06
32645.8  1.142576e-06
32659.3  1.230374e-06
32672.8  1.310739e-06
32686.3  1.313952e-06
32699.8  1.200559e-06
32713.3  1.079255e-06
32726.8  1.087518e-06
32740.3  9.279887e-07
32753.9  7.493545e-07
32767.4  6.396111e-07
32780.9  6.924119e-07
32794.4  6.916332e-07
32807.9  6.920736e-07
32821.4  5.967946e-07
32834.9  4.005526e-07
32848.4  4.004193e-07
32861.9  3.199499e-07
32875.5  1.377101e-07
32889.0  4.863858e-09
32902.5  4.873185e-09
32916.0  4.876857e-09
32929.5  1.576029e-07
32943.0  2.126770e-07
32956.5  2.409560e-07
32970.0  3.457280e-07
32983.6  3.641759e-07
32997.1  3.644873e-07
33010.6  3.886248e-07
33024.1  5.517963e-07
33037.6  3.993178e-07
33051.1  4.474657e-07
33064.6  4.965021e-07
33078.1  5.482746e-07
33091.7  8.638856e-07
33105.2  1.055716e-06
33118.7  1.033351e-06
33132.2  8.701673e-07
33145.7  8.733706e-07
33159.2  7.812280e-07
33172.7  7.042330e-07
33186.2  5.539366e-07
33199.8  2.187501e-07
33213.3  2.643036e-08
33226.8  2.644590e-08
33240.3  2.646175e-08
33253.8  2.296134e-08
33267.3  1.179830e-08
33280.8  1.201287e-08
33294.3  2.901520e-08
33307.9  3.046321e-08
33321.4  3.044443e-08
33334.9  3.042585e-08
33348.4  3.333623e-08
33361.9  1.686821e-07
33375.4  1.685812e-07
33388.9  1.682740e-07
33402.4  1.443455e-07
33416.0  1.424355e-07
33429.5  1.419707e-07
33443.0  1.415054e-07
33456.5  1.381861e-07
33470.0  4.875362e-09
33483.5  4.859150e-09
33497.0  4.842908e-09
33510.5  4.809325e-09
33524.1  4.770799e-09
33537.6  4.732210e-09
33551.1  4.693552e-09
33564.6  7.758035e-09
33578.1  6.385493e-08
33591.6  6.350784e-08
33605.1  6.319860e-08
33618.6  6.326706e-08
33632.2  6.333498e-08
33645.7  9.805468e-08
33659.2  9.815802e-08
33672.7  9.520759e-08
33686.2  3.953568e-08
33699.7  3.938486e-08
33713.2  3.974837e-08
33726.7  4.053905e-08
33740.2  8.037643e-08
33753.8  3.202689e-07
33767.3  5.490438e-07
33780.8  5.539655e-07
33794.3  5.588833e-07
33807.8  5.618008e-07
33821.3  5.632549e-07
33834.8  5.642904e-07
33848.3  5.243623e-07
33861.9  2.384801e-07
33875.4  7.068496e-09
33888.9  4.168360e-08
33902.4  4.176339e-08
33915.9  4.173152e-08
33929.4  4.941361e-08
33942.9  2.402075e-07
33956.4  4.200812e-07
33970.0  4.199515e-07
33983.5  4.726064e-07
33997.0  8.511962e-07
34010.5  1.077161e-06
34024.0  1.224928e-06
34037.5  1.470957e-06
34051.0  1.509014e-06
34064.5  1.502140e-06
34078.1  1.641432e-06
34091.6  1.626674e-06
34105.1  1.279069e-06
34118.6  1.445313e-06
34132.1  1.660807e-06
34145.6  1.531101e-06
34159.1  1.327582e-06
34172.6  1.154970e-06
34186.2  1.083889e-06
34199.7  1.059989e-06
34213.2  9.976763e-07
34226.7  6.063564e-07
34240.2  2.430513e-07
34253.7  1.589155e-07
34267.2  1.457752e-07
34280.7  1.894700e-07
34294.3  2.715010e-07
34307.8  3.182678e-07
34321.3  3.552970e-07
34334.8  5.119684e-07
34348.3  8.609209e-07
34361.8  1.231401e-06
34375.3  1.687015e-06
34388.8  2.228971e-06
34402.4  2.648351e-06
34415.9  3.293945e-06
34429.4  3.866272e-06
34442.9  3.916819e-06
34456.4  3.571575e-06
34469.9  3.159322e-06
34483.4  2.693319e-06
34496.9  2.115647e-06
34510.5  1.774619e-06
34524.0  1.394181e-06
34537.5  9.818479e-07
34551.0  7.856571e-07
34564.5  7.853049e-07
34578.0  8.085927e-07
34591.5  9.784490e-07
34605.0  1.075698e-06
34618.5  1.153276e-06
34632.1  9.398869e-07
34645.6  8.201339e-07
34659.1  8.993451e-07
34672.6  1.211555e-06
34686.1  1.559307e-06
34699.6  1.616262e-06
34713.1  1.522492e-06
34726.6  1.288223e-06
34740.2  1.518295e-06
34753.7  1.828677e-06
34767.2  1.838566e-06
34780.7  1.521444e-06
34794.2  1.150947e-06
34807.7  9.307339e-07
34821.2  1.136679e-06
34834.7  1.227778e-06
34848.3  1.059157e-06
34861.8  8.480408e-07
34875.3  8.791381e-07
34888.8  9.579798e-07
34902.3  1.032201e-06
34915.8  1.180836e-06
34929.3  1.167587e-06
34942.8  1.144631e-06
34956.4  1.034298e-06
34969.9  8.588105e-07
34983.4  8.157615e-07
34996.9  8.690996e-07
35010.4  8.211969e-07
35023.9  6.872512e-07
35037.4  5.341769e-07
35050.9  4.494831e-07
35064.5  3.807450e-07
35078.0  5.854014e-07
35091.5  7.843288e-07
35105.0  9.433735e-07
35118.5  9.671654e-07
35132.0  1.027678e-06
35145.5  1.016602e-06
35159.0  9.838491e-07
35172.6  9.853406e-07
35186.1  9.163849e-07
35199.6  8.311499e-07
35213.1  7.796180e-07
35226.6  1.087667e-06
35240.1  1.495208e-06
35253.6  1.894616e-06
35267.1  2.171190e-06
35280.7  2.390093e-06
35294.2  2.458792e-06
35307.7  2.263713e-06
35321.2  2.038949e-06
35334.7  1.724088e-06
35348.2  1.236594e-06
35361.7  7.966765e-07
35375.2  4.953097e-07
35388.8  2.766708e-07
35402.3  1.121772e-07
35415.8  1.111307e-07
35429.3  9.535888e-08
35442.8  5.370478e-08
35456.3  5.372488e-08
35469.8  1.503108e-07
35483.3  2.795329e-07
35496.8  4.775016e-07
35510.4  7.468887e-07
35523.9  9.191912e-07
35537.4  1.066645e-06
35550.9  1.354416e-06
35564.4  1.787872e-06
35577.9  2.233168e-06
35591.4  2.624965e-06
35604.9  2.926519e-06
35618.5  3.006017e-06
35632.0  3.125536e-06
35645.5  3.398011e-06
35659.0  3.524380e-06
35672.5  3.419848e-06
35686.0  3.287639e-06
35699.5  3.345769e-06
35713.0  3.524676e-06
35726.6  3.675466e-06
35740.1  3.797914e-06
35753.6  3.817260e-06
35767.1  3.773113e-06
35780.6  3.816597e-06
35794.1  3.745226e-06
35807.6  3.368205e-06
35821.1  2.998821e-06
35834.7  3.082208e-06
35848.2  3.274192e-06
35861.7  3.254651e-06
35875.2  3.293530e-06
35888.7  3.438282e-06
35902.2  3.578588e-06
35915.7  3.889508e-06
35929.2  4.353082e-06
35942.8  4.537177e-06
35956.3  4.514847e-06
35969.8  4.498952e-06
35983.3  4.506333e-06
35996.8  4.633815e-06
36010.3  4.866587e-06
36023.8  4.763246e-06
36037.3  4.370653e-06
36050.9  4.229676e-06
36064.4  4.413985e-06
36077.9  4.661805e-06
36091.4  4.796926e-06
36104.9  4.718340e-06
36118.4  4.810739e-06
36131.9  5.616015e-06
36145.4  6.494487e-06
36159.0  6.728653e-06
36172.5  6.712704e-06
36186.0  6.853876e-06
36199.5  7.311900e-06
36213.0  7.792256e-06
36226.5  7.979813e-06
36240.0  7.586269e-06
36253.5  7.240959e-06
36267.1  7.181970e-06
36280.6  7.204269e-06
36294.1  7.225891e-06
36307.6  7.075079e-06
36321.1  6.906026e-06
36334.6  6.906417e-06
36348.1  7.154048e-06
36361.6  7.596105e-06
36375.2  8.403940e-06
36388.7  9.207004e-06
36402.2  9.834388e-06
36415.7  1.045103e-05
36429.2  1.123421e-05
36442.7  1.196053e-05
36456.2  1.255789e-05
36469.7  1.301043e-05
36483.2  1.325062e-05
36496.8  1.357451e-05
36510.3  1.407511e-05
36523.8  1.431520e-05
36537.3  1.413102e-05
36550.8  1.372782e-05
36564.3  1.328393e-05
36577.8  1.282453e-05
36591.3  1.264593e-05
36604.9  1.270645e-05
36618.4  1.291014e-05
36631.9  1.347515e-05
36645.4  1.421641e-05
36658.9  1.517803e-05
36672.4  1.630356e-05
36685.9  1.727379e-05
36699.4  1.786796e-05
36713.0  1.838878e-05
36726.5  1.912524e-05
36740.0  1.992348e-05
36753.5  2.077277e-05
36767.0  2.194018e-05
36780.5  2.342059e-05
36794.0  2.501506e-05
36807.5  2.675096e-05
36821.1  2.810524e-05
36834.6  2.878537e-05
36848.1  2.963739e-05
36861.6  3.101071e-05
36875.1  3.248942e-05
36888.6  3.418081e-05
36902.1  3.626175e-05
36915.6  3.873339e-05
36929.2  4.202183e-05
36942.7  4.599917e-05
36956.2  5.032174e-05
36969.7  5.515528e-05
36983.2  5.998987e-05
36996.7  6.455099e-05
37010.2  6.904735e-05
37023.7  7.354271e-05
37037.3  7.829802e-05
37050.8  8.345372e-05
37064.3  8.848302e-05
37077.8  9.345209e-05
37091.3  9.900117e-05
37104.8  1.052711e-04
37118.3  1.121884e-04
37131.8  1.194956e-04
37145.4  1.270887e-04
37158.9  1.354770e-04
37172.4  1.448051e-04
37185.9  1.546288e-04
37199.4  1.646006e-04
37212.9  1.749932e-04
37226.4  1.866377e-04
37239.9  1.996216e-04
37253.5  2.130768e-04
37267.0  2.268130e-04
37280.5  2.412582e-04
37294.0  2.569380e-04
37307.5  2.746090e-04
37321.0  2.941088e-04
37334.5  3.147384e-04
37348.0  3.368835e-04
37361.5  3.615225e-04
37375.1  3.877529e-04
37388.6  4.157592e-04
37402.1  4.451321e-04
37415.6  4.758536e-04
37429.1  5.076639e-04
37442.6  5.409226e-04
37456.1  5.755576e-04
37469.6  6.118653e-04
37483.2  6.500106e-04
37496.7  6.905847e-04
37510.2  7.341695e-04
37523.7  7.804228e-04
37537.2  8.291489e-04
37550.7  8.805904e-04
37564.2  9.348644e-04
37577.7  9.923147e-04
37591.3  1.053005e-03
37604.8  1.116712e-03
37618.3  1.183904e-03
37631.8  1.254858e-03
37645.3  1.329270e-03
37658.8  1.407396e-03
37672.3  1.489564e-03
37685.8  1.575951e-03
37699.4  1.667178e-03
37712.9  1.763197e-03
37726.4  1.863527e-03
37739.9  1.968684e-03
37753.4  2.079316e-03
37766.9  2.197406e-03
37780.4  2.321066e-03
37793.9  2.450844e-03
37807.5  2.587807e-03
37821.0  2.732472e-03
37834.5  2.885222e-03
37848.0  3.046689e-03
37861.5  3.217963e-03
37875.0  3.399639e-03
37888.5  3.592055e-03
37902.0  3.795790e-03
37915.6  4.010815e-03
37929.1  4.239450e-03
37942.6  4.483339e-03
37956.1  4.742804e-03
37969.6  5.018951e-03
37983.1  5.314229e-03
37996.6  5.629930e-03
38010.1  5.968605e-03
38023.7  6.331617e-03
38037.2  6.720157e-03
38050.7  7.136774e-03
38064.2  7.584851e-03
38077.7  8.066296e-03
38091.2  8.583114e-03
38104.7  9.138467e-03
38118.2  9.735352e-03
38131.8  1.037848e-02
38145.3  1.107238e-02
38158.8  1.182116e-02
38172.3  1.263321e-02
38185.8  1.352033e-02
38199.3  1.446811e-02
38212.8  1.549430e-02
38226.3  1.660624e-02
38239.8  1.781132e-02
38253.4  1.911717e-02
38266.9  2.053265e-02
38280.4  2.206744e-02
38293.9  2.373235e-02
38307.4  2.553909e-02
38320.9  2.749974e-02
38334.4  2.962810e-02
38347.9  3.193912e-02
38361.5  3.444794e-02
38375.0  3.717059e-02
38388.5  4.016193e-02
38402.0  4.337392e-02
38415.5  4.684564e-02
38429.0  5.060298e-02
38442.5  5.466431e-02
38456.0  5.904882e-02
38469.6  6.377644e-02
38483.1  6.886595e-02
38496.6  7.433516e-02
38510.1  8.019999e-02
38523.6  8.647599e-02
38537.1  9.317688e-02
38550.6  1.003120e-01
38564.1  1.078866e-01
38577.7  1.160042e-01
38591.2  1.244951e-01
38604.7  1.333809e-01
38618.2  1.426793e-01
38631.7  1.523677e-01
38645.2  1.624181e-01
38658.7  1.727981e-01
38672.2  1.834683e-01
38685.8  1.943852e-01
38699.3  2.055037e-01
38712.8  2.167670e-01
38726.3  2.281222e-01
38739.8  2.395139e-01
38753.3  2.508850e-01
38766.8  2.621774e-01
38780.3  2.733407e-01
38793.9  2.843202e-01
38807.4  2.950725e-01
38820.9  3.055590e-01
38834.4  3.157430e-01
38847.9  3.255940e-01
38861.4  3.350915e-01
38874.9  3.442215e-01
38888.4  3.529690e-01
38902.0  3.613327e-01
38915.5  3.693104e-01
38929.0  3.769043e-01
38942.5  3.841208e-01
38956.0  3.909716e-01
38969.5  3.974595e-01
38983.0  4.040610e-01
38996.5  4.098696e-01
39010.1  4.153500e-01
39023.6  4.205175e-01
39037.1  4.253903e-01
39050.6  4.299812e-01
39064.1  4.343002e-01
39077.6  4.383683e-01
39091.1  4.421982e-01
39104.6  4.457994e-01
39118.2  4.491913e-01
39131.7  4.523773e-01
39145.2  4.556240e-01
39158.7  4.586679e-01
39172.2  4.612893e-01
39185.7  4.637369e-01
39199.2  4.660200e-01
39212.7  4.681531e-01
39226.2  4.701378e-01
39239.8  4.719809e-01
39253.3  4.736965e-01
39266.8  4.752866e-01
39280.3  4.767569e-01
39293.8  4.781201e-01
39307.3  4.793731e-01
39320.8  4.805211e-01
39334.3  4.815785e-01
39347.9  4.825506e-01
39361.4  4.834387e-01
39374.9  4.845245e-01
39388.4  4.855573e-01
39401.9  4.862463e-01
39415.4  4.869361e-01
39428.9  4.875739e-01
39442.4  4.881578e-01
39456.0  4.886943e-01
39469.5  4.891903e-01
39483.0  4.896466e-01
39496.5  4.900646e-01
39510.0  4.903936e-01
39523.5  4.906723e-01
39537.0  4.909200e-01
39550.5  4.911474e-01
39564.1  4.913542e-01
39577.6  4.915394e-01
39591.1  4.917095e-01
39604.6  4.918677e-01
39618.1  4.920126e-01
39631.6  4.921421e-01
39645.1  4.922631e-01
39658.6  4.923702e-01
39672.2  4.924637e-01
39685.7  4.925503e-01
39699.2  4.931270e-01
39712.7  4.932491e-01
39726.2  4.933229e-01
39739.7  4.933925e-01
39753.2  4.934533e-01
39766.7  4.935093e-01
39780.3  4.941318e-01
39793.8  4.941770e-01
39807.3  4.942111e-01
39820.8  4.942369e-01
39834.3  4.942558e-01
39847.8  4.942697e-01
39861.3  4.942827e-01
39874.8  4.942926e-01
39888.4  4.942953e-01
39901.9  4.942984e-01
39915.4  4.943002e-01
39928.9  4.942981e-01
39942.4  4.942975e-01
39955.9  4.942974e-01
39969.4  4.942940e-01
39982.9  4.942883e-01
39996.5  4.942861e-01
40010.0  4.942749e-01
40023.5  4.942584e-01
40037.0  4.942461e-01
40050.5  4.942342e-01
40064.0  4.942222e-01
40077.5  4.942142e-01
40091.0  4.942118e-01
40104.5  4.942315e-01
40118.1  4.942983e-01
40131.6  4.943722e-01
40145.1  4.944455e-01
40158.6  4.945196e-01
40172.1  4.945967e-01
40185.6  4.949940e-01
40199.1  4.953177e-01
40212.6  4.958858e-01
40226.2  4.959059e-01
40239.7  4.959240e-01
40253.2  4.959451e-01
40266.7  4.959691e-01
40280.2  4.959930e-01
40293.7  4.960165e-01
40307.2  4.960420e-01
40320.7  4.960649e-01
40334.3  4.960828e-01
40347.8  4.961023e-01
40361.3  4.961213e-01
40374.8  4.961377e-01
40388.3  4.961531e-01
40401.8  4.961813e-01
40415.3  4.962657e-01
40428.8  4.963477e-01
40442.4  4.964330e-01
40455.9  4.965162e-01
40469.4  4.965950e-01
40482.9  4.966715e-01
40496.4  4.967473e-01
40509.9  4.967653e-01
40523.4  4.967624e-01
40536.9  4.967596e-01
40550.5  4.967531e-01
40564.0  4.967444e-01
40577.5  4.967369e-01
40591.0  4.967307e-01
40604.5  4.969770e-01
40618.0  4.972823e-01
40631.5  4.972750e-01
40645.0  4.972638e-01
40658.6  4.972487e-01
40672.1  4.972335e-01
40685.6  4.972163e-01
40699.1  4.971937e-01
40712.6  4.972363e-01
40726.1  4.976198e-01
40739.6  4.978787e-01
40753.1  4.979243e-01
40766.7  4.979750e-01
40780.2  4.980246e-01
40793.7  4.980732e-01
40807.2  4.980900e-01
40820.7  4.980764e-01
40834.2  4.980609e-01
40847.7  4.980467e-01
40861.2  4.980374e-01
40874.8  4.980259e-01
40888.3  4.980158e-01
40901.8  4.980101e-01
40915.3  4.980065e-01
40928.8  4.980027e-01
40942.3  4.980034e-01
40955.8  4.980092e-01
40969.3  4.980135e-01
40982.8  4.980198e-01
40996.4  4.980292e-01
41009.9  4.979921e-01
41023.4  4.979338e-01
41036.9  4.982722e-01
41050.4  4.983945e-01
41063.9  4.983378e-01
41077.4  4.982815e-01
41090.9  4.982290e-01
41104.5  4.981972e-01
41118.0  4.982043e-01
41131.5  4.982156e-01
41145.0  4.982263e-01
41158.5  4.982326e-01
41172.0  4.982342e-01
41185.5  4.985409e-01
41199.0  4.987820e-01
41212.6  4.987759e-01
41226.1  4.987672e-01
41239.6  4.987557e-01
41253.1  4.987378e-01
41266.6  4.987168e-01
41280.1  4.986967e-01
41293.6  4.986715e-01
41307.1  4.986063e-01
41320.7  4.985058e-01
41334.2  4.984011e-01
41347.7  4.982856e-01
41361.2  4.981638e-01
41374.7  4.980362e-01
41388.2  4.979007e-01
41401.7  4.977712e-01
41415.2  4.977482e-01
41428.8  4.977207e-01
41442.3  4.976859e-01
41455.8  4.976473e-01
41469.3  4.976068e-01
41482.8  4.981300e-01
41496.3  4.980741e-01
41509.8  4.979678e-01
41523.3  4.978387e-01
41536.9  4.977029e-01
41550.4  4.975596e-01
41563.9  4.974132e-01
41577.4  4.972599e-01
41590.9  4.971009e-01
41604.4  4.971844e-01
41617.9  4.973366e-01
41631.4  4.971776e-01
41645.0  4.970153e-01
41658.5  4.968539e-01
41672.0  4.966902e-01
41685.5  4.965186e-01
41699.0  4.963466e-01
41712.5  4.961793e-01
41726.0  4.960081e-01
41739.5  4.958349e-01
41753.1  4.956621e-01
41766.6  4.954904e-01
41780.1  4.953165e-01
41793.6  4.951441e-01
41807.1  4.949745e-01
41820.6  4.948060e-01
41834.1  4.946359e-01
41847.6  4.944694e-01
41861.1  4.943054e-01
41874.7  4.941414e-01
41888.2  4.939779e-01
41901.7  4.938178e-01
41915.2  4.936540e-01
41928.7  4.934901e-01
41942.2  4.938943e-01
41955.7  4.937388e-01
41969.2  4.935854e-01
41982.8  4.934344e-01
41996.3  4.932908e-01
42009.8  4.931490e-01
42023.3  4.930087e-01
42036.8  4.932424e-01
42050.3  4.932850e-01
42063.8  4.931558e-01
42077.3  4.930286e-01
42090.9  4.929045e-01
42104.4  4.927897e-01
42117.9  4.926858e-01
42131.4  4.925836e-01
42144.9  4.924857e-01
42158.4  4.923913e-01
42171.9  4.922965e-01
42185.4  4.922043e-01
42199.0  4.921154e-01
42212.5  4.920170e-01
42226.0  4.919176e-01
42239.5  4.918211e-01
42253.0  4.917259e-01
42266.5  4.916286e-01
42280.0  4.915284e-01
42293.5  4.914280e-01
42307.1  4.913273e-01
42320.6  4.912230e-01
42334.1  4.911148e-01
42347.6  4.910059e-01
42361.1  4.908957e-01
42374.6  4.907853e-01
42388.1  4.906798e-01
42401.6  4.905786e-01
42415.2  4.904714e-01
42428.7  4.908523e-01
42442.2  4.908271e-01
42455.7  4.907293e-01
42469.2  4.906295e-01
42482.7  4.910692e-01
42496.2  4.909674e-01
42509.7  4.908549e-01
42523.3  4.907359e-01
42536.8  4.906164e-01
42550.3  4.904981e-01
42563.8  4.903786e-01
42577.3  4.902582e-01
42590.8  4.901384e-01
42604.3  4.897259e-01
42617.8  4.886897e-01
42631.4  4.876533e-01
42644.9  4.866170e-01
42658.4  4.855776e-01
42671.9  4.845331e-01
42685.4  4.834855e-01
42698.9  4.824363e-01
42712.4  4.809611e-01
42725.9  4.794449e-01
42739.5  4.779273e-01
42753.0  4.764099e-01
42766.5  4.748917e-01
42780.0  4.733734e-01
42793.5  4.718573e-01
42807.0  4.722245e-01
42820.5  4.743330e-01
42834.0  4.764377e-01
42847.5  4.785394e-01
42861.1  4.806367e-01
42874.6  4.827270e-01
42888.1  4.848120e-01
42901.6  4.866368e-01
42915.1  4.865425e-01
42928.6  4.864463e-01
42942.1  4.870041e-01
42955.6  4.873442e-01
42969.2  4.872452e-01
42982.7  4.871452e-01
42996.2  4.870458e-01
43009.7  4.868912e-01
43023.2  4.867125e-01
43036.7  4.865312e-01
43050.2  4.863498e-01
43063.7  4.861681e-01
43077.3  4.859848e-01
43090.8  4.858010e-01
43104.3  4.856175e-01
43117.8  4.854319e-01
43131.3  4.852460e-01
43144.8  4.850606e-01
43158.3  4.848764e-01
43171.8  4.846918e-01
43185.4  4.845058e-01
43198.9  4.843195e-01
43212.4  4.841464e-01
43225.9  4.839731e-01
43239.4  4.837978e-01
43252.9  4.836221e-01
43266.4  4.834463e-01
43279.9  4.832697e-01
43293.5  4.830923e-01
43307.0  4.829114e-01
43320.5  4.827263e-01
43334.0  4.825407e-01
43347.5  4.823545e-01
43361.0  4.821702e-01
43374.5  4.819867e-01
43388.0  4.818035e-01
43401.6  4.816193e-01
43415.1  4.814336e-01
43428.6  4.812454e-01
43442.1  4.810545e-01
43455.6  4.811565e-01
43469.1  4.811925e-01
43482.6  4.809897e-01
43496.1  4.807723e-01
43509.7  4.805481e-01
43523.2  4.808688e-01
43536.7  4.806389e-01
43550.2  4.804064e-01
43563.7  4.801705e-01
43577.2  4.799316e-01
43590.7  4.796874e-01
43604.2  4.794422e-01
43617.8  4.792013e-01
43631.3  4.789552e-01
43644.8  4.787028e-01
43658.3  4.784444e-01
43671.8  4.781814e-01
43685.3  4.779139e-01
43698.8  4.776419e-01
43712.3  4.773611e-01
43725.8  4.770759e-01
43739.4  4.767861e-01
43752.9  4.764921e-01
43766.4  4.761929e-01
43779.9  4.758902e-01
43793.4  4.755828e-01
43806.9  4.752767e-01
43820.4  4.749701e-01
43833.9  4.746604e-01
43847.5  4.743475e-01
43861.0  4.740331e-01
43874.5  4.737165e-01
43888.0  4.733992e-01
43901.5  4.730801e-01
43915.0  4.727586e-01
43928.5  4.724376e-01
43942.0  4.721182e-01
43955.6  4.718003e-01
43969.1  4.715124e-01
43982.6  4.712404e-01
43996.1  4.709701e-01
44009.6  4.707016e-01
44023.1  4.704337e-01
44036.6  4.701689e-01
44050.1  4.699138e-01
44063.7  4.701642e-01
44077.2  4.699097e-01
44090.7  4.696612e-01
44104.2  4.694167e-01
44117.7  4.691774e-01
44131.2  4.690082e-01
44144.7  4.692484e-01
44158.2  4.690239e-01
44171.8  4.688042e-01
44185.3  4.685881e-01
44198.8  4.683751e-01
44212.3  4.681676e-01
44225.8  4.679638e-01
44239.3  4.677649e-01
44252.8  4.675698e-01
44266.3  4.673802e-01
44279.9  4.671932e-01
44293.4  4.670109e-01
44306.9  4.668274e-01
44320.4  4.666450e-01
44333.9  4.664656e-01
44347.4  4.662911e-01
44360.9  4.661194e-01
44374.4  4.659511e-01
44388.0  4.657857e-01
44401.5  4.656241e-01
44415.0  4.654706e-01
44428.5  4.653184e-01
44442.0  4.651653e-01
44455.5  4.649948e-01
44469.0  4.648263e-01
44482.5  4.646571e-01
44496.1  4.644898e-01
44509.6  4.643194e-01
44523.1  4.641490e-01
44536.6  4.639769e-01
44550.1  4.638041e-01
44563.6  4.636311e-01
44577.1  4.634581e-01
44590.6  4.632848e-01
44604.1  4.631110e-01
44617.7  4.629405e-01
44631.2  4.627697e-01
44644.7  4.625998e-01
44658.2  4.624274e-01
44671.7  4.622550e-01
44685.2  4.620803e-01
44698.7  4.619046e-01
44712.2  4.617254e-01
44725.8  4.615445e-01
44739.3  4.613614e-01
44752.8  4.611757e-01
44766.3  4.613051e-01
44779.8  4.612987e-01
44793.3  4.611034e-01
44806.8  4.609037e-01
44820.3  4.607012e-01
44833.9  4.604937e-01
44847.4  4.606703e-01
44860.9  4.605937e-01
44874.4  4.603766e-01
44887.9  4.601565e-01
44901.4  4.599337e-01
44914.9  4.597044e-01
44928.4  4.594700e-01
44942.0  4.592309e-01
44955.5  4.589780e-01
44969.0  4.587222e-01
44982.5  4.584598e-01
44996.0  4.581933e-01
45009.5  4.579270e-01
45023.0  4.576595e-01
45036.5  4.573855e-01
45050.1  4.571049e-01
45063.6  4.568213e-01
45077.1  4.565330e-01
45090.6  4.562411e-01
45104.1  4.559424e-01
45117.6  4.556404e-01
45131.1  4.553342e-01
45144.6  4.550258e-01
45158.2  4.547127e-01
45171.7  4.543957e-01
45185.2  4.540765e-01
45198.7  4.537530e-01
45212.2  4.534285e-01
45225.7  4.530981e-01
45239.2  4.527656e-01
45252.7  4.524275e-01
45266.3  4.520856e-01
45279.8  4.517385e-01
45293.3  4.513898e-01
45306.8  4.510372e-01
45320.3  4.506796e-01
45333.8  4.503216e-01
45347.3  4.499622e-01
45360.8  4.496051e-01
45374.4  4.492459e-01
45387.9  4.488865e-01
45401.4  4.485260e-01
45414.9  4.481668e-01
45428.4  4.478070e-01
45441.9  4.474443e-01
45455.4  4.470801e-01
45468.9  4.467145e-01
45482.5  4.463519e-01
45496.0  4.459890e-01
45509.5  4.456330e-01
45523.0  4.452806e-01
45536.5  4.449310e-01
45550.0  4.445839e-01
45563.5  4.442386e-01
45577.0  4.438983e-01
45590.5  4.435604e-01
45604.1  4.432246e-01
45617.6  4.432545e-01
45631.1  4.430380e-01
45644.6  4.427074e-01
45658.1  4.423791e-01
45671.6  4.420521e-01
45685.1  4.417251e-01
45698.6  4.414029e-01
45712.2  4.411878e-01
45725.7  4.412587e-01
45739.2  4.409353e-01
45752.7  4.406147e-01
45766.2  4.402969e-01
45779.7  4.399791e-01
45793.2  4.396611e-01
45806.7  4.393429e-01
45820.3  4.390282e-01
45833.8  4.387113e-01
45847.3  4.383931e-01
45860.8  4.380719e-01
45874.3  4.377484e-01
45887.8  4.374227e-01
45901.3  4.370904e-01
45914.8  4.367488e-01
45928.4  4.364041e-01
45941.9  4.360582e-01
45955.4  4.357067e-01
45968.9  4.353498e-01
45982.4  4.349899e-01
45995.9  4.346265e-01
46009.4  4.342600e-01
46022.9  4.338850e-01
46036.5  4.335048e-01
46050.0  4.331182e-01
46063.5  4.327247e-01
46077.0  4.323212e-01
46090.5  4.319067e-01
46104.0  4.315040e-01
46117.5  4.311364e-01
46131.0  4.307598e-01
46144.6  4.303714e-01
46158.1  4.299754e-01
46171.6  4.295737e-01
46185.1  4.291651e-01
46198.6  4.287485e-01
46212.1  4.282627e-01
46225.6  4.277641e-01
46239.1  4.272572e-01
46252.7  4.267412e-01
46266.2  4.262162e-01
46279.7  4.256831e-01
46293.2  4.251441e-01
46306.7  4.245970e-01
46320.2  4.240435e-01
46333.7  4.234824e-01
46347.2  4.229178e-01
46360.8  4.223484e-01
46374.3  4.217709e-01
46387.8  4.211886e-01
46401.3  4.206019e-01
46414.8  4.200165e-01
46428.3  4.194261e-01
46441.8  4.188310e-01
46455.3  4.182333e-01
46468.8  4.176343e-01
46482.4  4.170352e-01
46495.9  4.164321e-01
46509.4  4.158262e-01
46522.9  4.156717e-01
46536.4  4.150633e-01
46549.9  4.144557e-01
46563.4  4.138473e-01
46576.9  4.132433e-01
46590.5  4.126435e-01
46604.0  4.120496e-01
46617.5  4.114631e-01
46631.0  4.108816e-01
46644.5  4.103094e-01
46658.0  4.097444e-01
46671.5  4.091867e-01
46685.0  4.086339e-01
46698.6  4.080906e-01
46712.1  4.075597e-01
46725.6  4.070370e-01
46739.1  4.065223e-01
46752.6  4.060140e-01
46766.1  4.055164e-01
46779.6  4.050286e-01
46793.1  4.045482e-01
46806.7  4.040726e-01
46820.2  4.036024e-01
46833.7  4.031452e-01
46847.2  4.026981e-01
46860.7  4.022609e-01
46874.2  4.018347e-01
46887.7  4.014213e-01
46901.2  4.010220e-01
46914.8  4.006353e-01
46928.3  4.002586e-01
46941.8  3.998929e-01
46955.3  3.995396e-01
46968.8  3.991973e-01
46982.3  3.993149e-01
46995.8  3.989889e-01
47009.3  3.986750e-01
47022.9  3.983714e-01
47036.4  3.980741e-01
47049.9  3.977812e-01
47063.4  3.974973e-01
47076.9  3.972214e-01
47090.4  3.969530e-01
47103.9  3.967040e-01
47117.4  3.964969e-01
47131.0  3.962980e-01
47144.5  3.961052e-01
47158.0  3.959170e-01
47171.5  3.957287e-01
47185.0  3.955422e-01
47198.5  3.953589e-01
47212.0  3.951273e-01
47225.5  3.948889e-01
47239.1  3.946480e-01
47252.6  3.944076e-01
47266.1  3.941676e-01
47279.6  3.939244e-01
47293.1  3.936785e-01
47306.6  3.934299e-01
47320.1  3.931819e-01
47333.6  3.929320e-01
47347.1  3.929833e-01
47360.7  3.928440e-01
47374.2  3.925775e-01
47387.7  3.923086e-01
47401.2  3.920341e-01
47414.7  3.917546e-01
47428.2  3.914683e-01
47441.7  3.911761e-01
47455.2  3.908791e-01
47468.8  3.905729e-01
47482.3  3.902573e-01
47495.8  3.899350e-01
47509.3  3.896068e-01
47522.8  3.892735e-01
47536.3  3.889310e-01
47549.8  3.885807e-01
47563.3  3.882265e-01
47576.9  3.878686e-01
47590.4  3.875067e-01
47603.9  3.871385e-01
47617.4  3.867682e-01
47630.9  3.863802e-01
47644.4  3.859854e-01
47657.9  3.855856e-01
47671.4  3.851788e-01
47685.0  3.847688e-01
47698.5  3.843575e-01
47712.0  3.839419e-01
47725.5  3.835226e-01
47739.0  3.830992e-01
47752.5  3.826764e-01
47766.0  3.822555e-01
47779.5  3.818335e-01
47793.1  3.814108e-01
47806.6  3.809840e-01
47820.1  3.805576e-01
47833.6  3.801354e-01
47847.1  3.797140e-01
47860.6  3.792938e-01
47874.1  3.788763e-01
47887.6  3.784650e-01
47901.2  3.780586e-01
47914.7  3.776560e-01
47928.2  3.772556e-01
47941.7  3.768591e-01
47955.2  3.764691e-01
47968.7  3.760832e-01
47982.2  3.756991e-01
47995.7  3.753182e-01
48009.3  3.749450e-01
48022.8  3.745788e-01
48036.3  3.742156e-01
48049.8  3.738529e-01
48063.3  3.734940e-01
48076.8  3.731402e-01
48090.3  3.731990e-01
48103.8  3.728497e-01
48117.4  3.724948e-01
48130.9  3.721428e-01
48144.4  3.717945e-01
48157.9  3.714481e-01
48171.4  3.711001e-01
48184.9  3.707493e-01
48198.4  3.703976e-01
48211.9  3.700518e-01
48225.5  3.697031e-01
48239.0  3.693485e-01
48252.5  3.689876e-01
48266.0  3.686233e-01
48279.5  3.682549e-01
48293.0  3.678781e-01
48306.5  3.674898e-01
48320.0  3.670901e-01
48333.5  3.666850e-01
48347.1  3.662740e-01
48360.6  3.658521e-01
48374.1  3.654180e-01
48387.6  3.649716e-01
48401.1  3.645153e-01
48414.6  3.640468e-01
48428.1  3.635621e-01
48441.6  3.630606e-01
48455.2  3.625427e-01
48468.7  3.620110e-01
48482.2  3.614648e-01
48495.7  3.609001e-01
48509.2  3.603252e-01
48522.7  3.597381e-01
48536.2  3.591386e-01
48549.7  3.585257e-01
48563.3  3.578953e-01
48576.8  3.572500e-01
48590.3  3.565914e-01
48603.8  3.559212e-01
48617.3  3.552377e-01
48630.8  3.545386e-01
48644.3  3.538266e-01
48657.8  3.531032e-01
48671.4  3.523706e-01
48684.9  3.516272e-01
48698.4  3.508723e-01
48711.9  3.501045e-01
48725.4  3.493307e-01
48738.9  3.485536e-01
48752.4  3.477717e-01
48765.9  3.472104e-01
48779.5  3.465751e-01
48793.0  3.456490e-01
48806.5  3.447223e-01
48820.0  3.438000e-01
48833.5  3.428797e-01
48847.0  3.419639e-01
48860.5  3.410572e-01
48874.0  3.401588e-01
48887.6  3.392679e-01
48901.1  3.383839e-01
48914.6  3.375076e-01
48928.1  3.366443e-01
48941.6  3.357920e-01
48955.1  3.349502e-01
48968.6  3.341176e-01
48982.1  3.332968e-01
48995.7  3.324903e-01
49009.2  3.316956e-01
49022.7  3.309119e-01
49036.2  3.301378e-01
49049.7  3.293761e-01
49063.2  3.286259e-01
49076.7  3.278849e-01
49090.2  3.271486e-01
49103.8  3.264151e-01
49117.3  3.256864e-01
49130.8  3.249592e-01
49144.3  3.242299e-01
49157.8  3.234919e-01
49171.3  3.227436e-01
49184.8  3.219817e-01
49198.3  3.212057e-01
49211.8  3.204052e-01
49225.4  3.195758e-01
49238.9  3.187146e-01
49252.4  3.178164e-01
49265.9  3.168826e-01
49279.4  3.158987e-01
49292.9  3.148634e-01
49306.4  3.137670e-01
49319.9  3.126081e-01
49333.5  3.113843e-01
49347.0  3.100814e-01
49360.5  3.087009e-01
49374.0  3.072228e-01
49387.5  3.056557e-01
49401.0  3.039872e-01
49414.5  3.023625e-01
49428.0  3.006560e-01
49441.6  2.986421e-01
49455.1  2.965151e-01
49468.6  2.942528e-01
49482.1  2.918676e-01
49495.6  2.893453e-01
49509.1  2.866862e-01
49522.6  2.838975e-01
49536.1  2.809640e-01
49549.7  2.779054e-01
49563.2  2.746960e-01
49576.7  2.713582e-01
49590.2  2.678846e-01
49603.7  2.642826e-01
49617.2  2.605615e-01
49630.7  2.567098e-01
49644.2  2.527554e-01
49657.8  2.486810e-01
49671.3  2.445183e-01
49684.8  2.402597e-01
49698.3  2.359173e-01
49711.8  2.315059e-01
49725.3  2.270224e-01
49738.8  2.224944e-01
49752.3  2.179076e-01
49765.9  2.132916e-01
49779.4  2.086411e-01
49792.9  2.039750e-01
49806.4  1.993018e-01
49819.9  1.946257e-01
49833.4  1.899637e-01
49846.9  1.853094e-01
49860.4  1.806887e-01
49874.0  1.760972e-01
49887.5  1.715502e-01
49901.0  1.670489e-01
49914.5  1.625990e-01
49928.0  1.582100e-01
49941.5  1.538818e-01
49955.0  1.496274e-01
49968.5  1.454401e-01
49982.1  1.413291e-01
49995.6  1.372926e-01
50009.1  1.333489e-01
50022.6  1.294911e-01
50036.1  1.257109e-01
50049.6  1.220112e-01
50063.1  1.183874e-01
50076.6  1.148463e-01
50090.1  1.115039e-01
50103.7  1.081159e-01
50117.2  1.048041e-01
50130.7  1.015675e-01
50144.2  9.840625e-02
50157.7  9.531684e-02
50171.2  9.230053e-02
50184.7  8.935135e-02
50198.2  8.647198e-02
50211.8  8.365736e-02
50225.3  8.090864e-02
50238.8  7.822176e-02
50252.3  7.559465e-02
50265.8  7.302639e-02
50279.3  7.051322e-02
50292.8  6.805755e-02
50306.3  6.565277e-02
50319.9  6.330208e-02
50333.4  6.099878e-02
50346.9  5.874611e-02
50360.4  5.654143e-02
50373.9  5.438520e-02
50387.4  5.227727e-02
50400.9  5.021486e-02
50414.4  4.820158e-02
50428.0  4.623260e-02
50441.5  4.431415e-02
50455.0  4.244029e-02
50468.5  4.061543e-02
50482.0  3.883683e-02
50495.5  3.710648e-02
50509.0  3.542450e-02
50522.5  3.379010e-02
50536.1  3.220553e-02
50549.6  3.066791e-02
50563.1  2.918184e-02
50576.6  2.774365e-02
50590.1  2.635684e-02
50603.6  2.501824e-02
50617.1  2.372964e-02
50630.6  2.249029e-02
50644.2  2.130632e-02
50657.7  2.017061e-02
50671.2  1.908162e-02
50684.7  1.804006e-02
50698.2  1.704359e-02
50711.7  1.609345e-02
50725.2  1.518729e-02
50738.7  1.432530e-02
50752.3  1.350540e-02
50765.8  1.272698e-02
50779.3  1.200071e-02
50792.8  1.130133e-02
50806.3  1.063861e-02
50819.8  1.001173e-02
50833.3  9.419441e-03
50846.8  8.859864e-03
50860.4  8.331974e-03
50873.9  7.834029e-03
50887.4  7.364838e-03
50900.9  6.922852e-03
50914.4  6.506793e-03
50927.9  6.115472e-03
50941.4  5.747622e-03
50954.9  5.402027e-03
50968.4  5.077350e-03
50982.0  4.772302e-03
50995.5  4.485808e-03
