# from http://www.stsci.edu/jwst/instruments/nircam/instrumentdesign/filters
# Retrieved March, 2023, dated Nov, 2022 (post-flight)
# Uses modA or modB  filters+DBS+QE+OTE (nrc_plus_ote)
# Units of transmission are PCE (photon to electron conversion efficiency)
# 
9682.0  0.000000e+00
9692.0  0.000000e+00
9702.0  5.178362e-06
9712.0  6.147107e-06
9722.0  7.141033e-06
9732.0  8.138187e-06
9742.0  9.056509e-06
9752.0  9.956771e-06
9762.0  1.088056e-05
9772.0  1.201634e-05
9782.0  1.347260e-05
9792.0  1.546760e-05
9802.0  1.813778e-05
9812.0  2.174569e-05
9822.0  2.663501e-05
9832.0  3.313364e-05
9842.0  4.152450e-05
9852.0  5.222949e-05
9862.0  6.529264e-05
9872.0  8.091873e-05
9882.0  9.916840e-05
9892.0  1.200399e-04
9902.0  1.437507e-04
9912.0  1.701472e-04
9922.0  1.999333e-04
9932.0  2.339545e-04
9942.0  2.737499e-04
9952.0  3.211745e-04
9962.0  3.800630e-04
9972.0  4.554628e-04
9982.0  1.343763e-02
9992.0  2.796570e-02
10002.0  4.424550e-02
10012.0  4.930365e-02
10022.0  5.532187e-02
10032.0  6.148006e-02
10042.0  6.914393e-02
10052.0  7.761902e-02
10062.0  8.862741e-02
10072.0  1.010118e-01
10082.0  1.150552e-01
10092.0  1.306959e-01
10102.0  1.473522e-01
10112.0  1.655494e-01
10122.0  1.838172e-01
10132.0  2.025431e-01
10142.0  2.192072e-01
10152.0  2.335658e-01
10162.0  2.439030e-01
10172.0  2.512400e-01
10182.0  2.548876e-01
10192.0  2.567343e-01
10202.0  2.567596e-01
10212.0  2.570561e-01
10222.0  2.564798e-01
10232.0  2.563586e-01
10242.0  2.557430e-01
10252.0  2.561438e-01
10262.0  2.563793e-01
10272.0  2.573861e-01
10282.0  2.585139e-01
10292.0  2.596388e-01
10302.0  2.612008e-01
10312.0  2.627016e-01
10322.0  2.651590e-01
10332.0  2.667456e-01
10342.0  2.694286e-01
10352.0  2.713933e-01
10362.0  2.733322e-01
10372.0  2.737049e-01
10382.0  2.757186e-01
10392.0  2.771409e-01
10402.0  2.791105e-01
10412.0  2.794517e-01
10422.0  2.805747e-01
10432.0  2.810016e-01
10442.0  2.817028e-01
10452.0  2.822486e-01
10462.0  2.835054e-01
10472.0  2.845474e-01
10482.0  2.854582e-01
10492.0  2.862379e-01
10502.0  2.870833e-01
10512.0  2.883507e-01
10522.0  2.893007e-01
10532.0  2.901498e-01
10542.0  2.912054e-01
10552.0  2.913871e-01
10562.0  2.916997e-01
10572.0  2.913026e-01
10582.0  2.915721e-01
10592.0  2.913307e-01
10602.0  2.903487e-01
10612.0  2.894141e-01
10622.0  2.880081e-01
10632.0  2.863139e-01
10642.0  2.848396e-01
10652.0  2.834137e-01
10662.0  2.822575e-01
10672.0  2.799546e-01
10682.0  2.780955e-01
10692.0  2.757279e-01
10702.0  2.733956e-01
10712.0  2.714013e-01
10722.0  2.693811e-01
10732.0  2.680255e-01
10742.0  2.662290e-01
10752.0  2.651855e-01
10762.0  2.645874e-01
10772.0  2.640319e-01
10782.0  2.641337e-01
10792.0  2.636080e-01
10802.0  2.640657e-01
10812.0  2.647630e-01
10822.0  2.658142e-01
10832.0  2.662556e-01
10842.0  2.673997e-01
10852.0  2.683431e-01
10862.0  2.701906e-01
10872.0  2.713029e-01
10882.0  2.735033e-01
10892.0  2.754014e-01
10902.0  2.781232e-01
10912.0  2.805624e-01
10922.0  2.832094e-01
10932.0  2.855720e-01
10942.0  2.880145e-01
10952.0  2.904722e-01
10962.0  2.922882e-01
10972.0  2.950922e-01
10982.0  2.975074e-01
10992.0  2.998665e-01
11002.0  3.006367e-01
11012.0  3.017350e-01
11022.0  3.030067e-01
11032.0  3.044262e-01
11042.0  3.050059e-01
11052.0  3.060889e-01
11062.0  3.065395e-01
11072.0  3.068785e-01
11082.0  3.064245e-01
11092.0  3.061424e-01
11102.0  3.066099e-01
11112.0  3.065031e-01
11122.0  3.066886e-01
11132.0  3.062135e-01
11142.0  3.060985e-01
11152.0  3.056028e-01
11162.0  3.046221e-01
11172.0  3.038460e-01
11182.0  3.028891e-01
11192.0  3.022690e-01
11202.0  3.020985e-01
11212.0  3.012744e-01
11222.0  3.006468e-01
11232.0  2.993081e-01
11242.0  2.993135e-01
11252.0  2.989847e-01
11262.0  2.994903e-01
11272.0  2.997201e-01
11282.0  3.007010e-01
11292.0  3.011641e-01
11302.0  3.017656e-01
11312.0  3.022636e-01
11322.0  3.035748e-01
11332.0  3.044383e-01
11342.0  3.055042e-01
11352.0  3.061269e-01
11362.0  3.073790e-01
11372.0  3.089434e-01
11382.0  3.098171e-01
11392.0  3.114808e-01
11402.0  3.123010e-01
11412.0  3.143691e-01
11422.0  3.166831e-01
11432.0  3.193706e-01
11442.0  3.222316e-01
11452.0  3.246012e-01
11462.0  3.264050e-01
11472.0  3.280723e-01
11482.0  3.296315e-01
11492.0  3.321248e-01
11502.0  3.341379e-01
11512.0  3.362124e-01
11522.0  3.382019e-01
11532.0  3.396672e-01
11542.0  3.413555e-01
11552.0  3.431237e-01
11562.0  3.452330e-01
11572.0  3.473982e-01
11582.0  3.491729e-01
11592.0  3.518385e-01
11602.0  3.528246e-01
11612.0  3.547000e-01
11622.0  3.557235e-01
11632.0  3.577678e-01
11642.0  3.588466e-01
11652.0  3.600774e-01
11662.0  3.611555e-01
11672.0  3.624830e-01
11682.0  3.631069e-01
11692.0  3.638550e-01
11702.0  3.645006e-01
11712.0  3.649968e-01
11722.0  3.656602e-01
11732.0  3.659024e-01
11742.0  3.664780e-01
11752.0  3.669035e-01
11762.0  3.667535e-01
11772.0  3.672163e-01
11782.0  3.669426e-01
11792.0  3.667800e-01
11802.0  3.664334e-01
11812.0  3.668491e-01
11822.0  3.674248e-01
11832.0  3.669868e-01
11842.0  3.663895e-01
11852.0  3.656698e-01
11862.0  3.650657e-01
11872.0  3.635706e-01
11882.0  3.629536e-01
11892.0  3.629992e-01
11902.0  3.633832e-01
11912.0  3.625404e-01
11922.0  3.605323e-01
11932.0  3.597468e-01
11942.0  3.587450e-01
11952.0  3.577617e-01
11962.0  3.563005e-01
11972.0  3.557009e-01
11982.0  3.551991e-01
11992.0  3.547405e-01
12002.0  3.541224e-01
12012.0  3.541337e-01
12022.0  3.540739e-01
12032.0  3.532632e-01
12042.0  3.534254e-01
12052.0  3.531807e-01
12062.0  3.530223e-01
12072.0  3.527954e-01
12082.0  3.526748e-01
12092.0  3.537553e-01
12102.0  3.534512e-01
12112.0  3.542664e-01
12122.0  3.540953e-01
12132.0  3.554323e-01
12142.0  3.557480e-01
12152.0  3.567808e-01
12162.0  3.568134e-01
12172.0  3.573119e-01
12182.0  3.586817e-01
12192.0  3.598502e-01
12202.0  3.611194e-01
12212.0  3.623716e-01
12222.0  3.641841e-01
12232.0  3.659987e-01
12242.0  3.672434e-01
12252.0  3.686322e-01
12262.0  3.703124e-01
12272.0  3.724402e-01
12282.0  3.741106e-01
12292.0  3.754570e-01
12302.0  3.773347e-01
12312.0  3.784903e-01
12322.0  3.803487e-01
12332.0  3.809671e-01
12342.0  3.826372e-01
12352.0  3.835571e-01
12362.0  3.844455e-01
12372.0  3.848074e-01
12382.0  3.854677e-01
12392.0  3.857034e-01
12402.0  3.869018e-01
12412.0  3.875658e-01
12422.0  3.891435e-01
12432.0  3.898860e-01
12442.0  3.913667e-01
12452.0  3.923442e-01
12462.0  3.932100e-01
12472.0  3.933951e-01
12482.0  3.940889e-01
12492.0  3.952216e-01
12502.0  3.958279e-01
12512.0  3.974062e-01
12522.0  3.984008e-01
12532.0  3.993775e-01
12542.0  3.992788e-01
12552.0  3.990820e-01
12562.0  3.993603e-01
12572.0  4.003333e-01
12582.0  4.004195e-01
12592.0  4.006259e-01
12602.0  4.004589e-01
12612.0  4.009480e-01
12622.0  4.011986e-01
12632.0  4.011380e-01
12642.0  4.011487e-01
12652.0  4.014993e-01
12662.0  4.007614e-01
12672.0  4.010378e-01
12682.0  4.007345e-01
12692.0  4.006480e-01
12702.0  3.985693e-01
12712.0  3.954523e-01
12722.0  3.902024e-01
12732.0  3.841916e-01
12742.0  3.748512e-01
12752.0  3.625086e-01
12762.0  3.450839e-01
12772.0  3.241874e-01
12782.0  2.987943e-01
12792.0  2.706268e-01
12802.0  2.406162e-01
12812.0  2.109400e-01
12822.0  1.830708e-01
12832.0  1.581584e-01
12842.0  1.361993e-01
12852.0  1.172852e-01
12862.0  1.004193e-01
12872.0  8.629243e-02
12882.0  7.390351e-02
12892.0  6.413940e-02
12902.0  5.571639e-02
12912.0  4.887150e-02
12922.0  4.263770e-02
12932.0  3.774851e-02
12942.0  3.331328e-02
12952.0  2.967708e-02
12962.0  2.595360e-02
12972.0  2.229748e-02
12982.0  1.855206e-02
12992.0  1.519179e-02
13002.0  1.237572e-02
13012.0  1.002684e-02
13022.0  8.126818e-03
13032.0  6.586323e-03
13042.0  5.369653e-03
13052.0  4.371999e-03
13062.0  3.564241e-03
13072.0  2.914598e-03
13082.0  2.399891e-03
13092.0  1.992381e-03
13102.0  1.660267e-03
13112.0  1.387580e-03
13122.0  1.164252e-03
13132.0  9.839123e-04
13142.0  8.321073e-04
13152.0  7.065603e-04
13162.0  6.005512e-04
13172.0  5.129610e-04
13182.0  4.396957e-04
13192.0  3.776387e-04
13202.0  3.246503e-04
13212.0  2.808894e-04
13222.0  2.440480e-04
13232.0  2.131025e-04
13242.0  1.857603e-04
13252.0  1.620219e-04
13262.0  1.425194e-04
13272.0  1.254152e-04
13282.0  1.108477e-04
13292.0  9.722163e-05
13302.0  8.658623e-05
13312.0  7.703974e-05
13322.0  6.898542e-05
13332.0  6.154039e-05
13342.0  5.532838e-05
13352.0  4.946349e-05
13362.0  4.448089e-05
13372.0  4.014282e-05
13382.0  3.635381e-05
13392.0  3.293234e-05
13402.0  2.994339e-05
13412.0  2.743651e-05
13422.0  2.528448e-05
13432.0  2.335597e-05
13442.0  2.170050e-05
13452.0  1.984686e-05
13462.0  1.797684e-05
13472.0  1.672662e-05
13482.0  1.544901e-05
13492.0  1.411598e-05
13502.0  1.277169e-05
13512.0  1.209470e-05
13522.0  1.121624e-05
13532.0  1.061286e-05
13542.0  9.382569e-06
13552.0  0.000000e+00
13562.0  0.000000e+00
