# from http://www.stsci.edu/jwst/instruments/nircam/instrumentdesign/filters
# Retrieved Jan 18, 2017, dated Feb 5, 2016 (pre-flight)
# Uses modA or modB  filters+DBS+QE+OTE (nrc_plus_ote)
# Units of transmission are PCE (photon to electron conversion efficiency)
# 
5504.0  9.005329e-13
5514.0  7.477166e-13
5524.0  5.861794e-13
5534.0  3.531542e-13
5544.0  2.148543e-12
5554.0  1.584419e-12
5564.0  3.003508e-12
5574.0  1.233646e-12
5584.0  1.971112e-12
5594.0  5.061183e-13
5604.0  1.170602e-12
5614.0  9.466021e-13
5624.0  3.918730e-13
5634.0  4.357312e-13
5644.0  1.025694e-12
5654.0  7.632160e-13
5664.0  1.465411e-12
5674.0  1.676685e-12
5684.0  1.353238e-12
5694.0  9.409931e-13
5704.0  7.630828e-16
5714.0  8.363827e-16
5724.0  9.840961e-16
5734.0  3.217028e-13
5744.0  2.474995e-13
5754.0  2.485445e-13
5764.0  4.948274e-13
5774.0  1.756117e-15
5784.0  1.354445e-12
5794.0  1.939228e-15
5804.0  2.516285e-12
5814.0  5.461210e-12
5824.0  7.259956e-13
5834.0  1.442642e-12
5844.0  4.148929e-12
5854.0  5.599234e-12
5864.0  3.765479e-14
5874.0  4.177672e-12
5884.0  1.741662e-11
5894.0  1.548401e-12
5904.0  2.233867e-11
5914.0  6.765183e-12
5924.0  5.606004e-12
5934.0  1.925574e-12
5944.0  3.333044e-15
5954.0  3.171857e-15
5964.0  1.427756e-12
5974.0  2.916200e-12
5984.0  4.318931e-12
5994.0  3.510780e-15
6004.0  2.832808e-12
6014.0  3.648520e-12
6024.0  4.098852e-12
6034.0  4.415152e-12
6044.0  7.596655e-15
6054.0  3.414894e-12
6064.0  1.172257e-11
6074.0  6.472813e-12
6084.0  9.149446e-12
6094.0  6.748296e-12
6104.0  1.594408e-13
6114.0  6.995976e-12
6124.0  9.291212e-12
6134.0  9.049567e-12
6144.0  5.227194e-15
6154.0  4.175797e-12
6164.0  2.109162e-12
6174.0  8.230698e-13
6184.0  2.964022e-12
6194.0  1.669312e-12
6204.0  1.698839e-12
6214.0  3.449154e-12
6224.0  4.092337e-13
6234.0  4.358523e-15
6244.0  1.672056e-12
6254.0  6.064908e-15
6264.0  7.048981e-12
6274.0  1.040958e-14
6284.0  8.431714e-12
6294.0  2.219181e-14
6304.0  3.228163e-14
6314.0  1.975652e-11
6324.0  2.841375e-11
6334.0  2.444561e-11
6344.0  3.744211e-14
6354.0  2.910807e-14
6364.0  2.318189e-14
6374.0  1.561120e-11
6384.0  4.022239e-12
6394.0  2.227817e-11
6404.0  1.264230e-12
6414.0  1.413859e-12
6424.0  3.937451e-12
6434.0  1.605657e-11
6444.0  9.350748e-12
6454.0  4.289333e-12
6464.0  1.210479e-12
6474.0  2.178936e-11
6484.0  1.679736e-12
6494.0  3.110381e-12
6504.0  6.609243e-12
6514.0  9.197236e-12
6524.0  8.129049e-15
6534.0  5.810864e-12
6544.0  9.052684e-12
6554.0  4.628701e-12
6564.0  7.207696e-12
6574.0  1.105431e-14
6584.0  1.316300e-14
6594.0  4.143895e-11
6604.0  1.692058e-11
6614.0  8.171453e-12
6624.0  1.125601e-11
6634.0  3.221456e-11
6644.0  1.392846e-11
6654.0  9.058302e-12
6664.0  1.910287e-11
6674.0  7.383233e-12
6684.0  7.730355e-12
6694.0  1.164075e-11
6704.0  5.376573e-12
6714.0  7.724080e-12
6724.0  2.398902e-11
6734.0  5.827378e-12
6744.0  2.989908e-11
6754.0  2.630937e-11
6764.0  1.304805e-11
6774.0  1.570175e-11
6784.0  3.189436e-11
6794.0  1.879312e-11
6804.0  2.541799e-11
6814.0  2.923019e-11
6824.0  1.592452e-11
6834.0  2.443768e-11
6844.0  2.287711e-11
6854.0  2.202743e-11
6864.0  8.193153e-12
6874.0  4.212459e-11
6884.0  2.985523e-11
6894.0  2.141425e-11
6904.0  4.642109e-11
6914.0  4.263435e-11
6924.0  3.658034e-11
6934.0  6.353264e-11
6944.0  8.168998e-11
6954.0  4.540053e-11
6964.0  8.393852e-11
6974.0  8.571102e-11
6984.0  8.877570e-11
6994.0  9.338648e-11
7004.0  1.064946e-10
7014.0  1.162173e-10
7024.0  1.635961e-10
7034.0  1.781488e-10
7044.0  2.360853e-10
7054.0  3.748766e-10
7064.0  5.232761e-10
7074.0  8.670453e-10
7084.0  1.332100e-09
7094.0  2.064734e-09
7104.0  3.184519e-09
7114.0  4.351608e-09
7124.0  5.233617e-09
7134.0  6.172995e-09
7144.0  5.874694e-09
7154.0  6.431562e-09
7164.0  5.659480e-09
7174.0  4.568605e-09
7184.0  3.395019e-09
7194.0  2.331715e-09
7204.0  1.549695e-09
7214.0  1.053590e-09
7224.0  5.764990e-10
7234.0  3.140745e-10
7244.0  2.528855e-10
7254.0  1.550949e-10
7264.0  9.325776e-11
7274.0  7.754796e-11
7284.0  6.149705e-11
7294.0  1.907361e-11
7304.0  3.467430e-11
7314.0  2.677226e-11
7324.0  3.540408e-11
7334.0  2.648837e-11
7344.0  2.974328e-11
7354.0  3.074449e-11
7364.0  3.285034e-11
7374.0  2.725426e-11
7384.0  6.331898e-11
7394.0  8.661881e-11
7404.0  1.216608e-10
7414.0  1.589462e-10
7424.0  2.093926e-10
7434.0  3.966789e-10
7444.0  3.464913e-10
7454.0  3.183873e-10
7464.0  9.083522e-11
7474.0  2.629565e-10
7484.0  1.776199e-10
7494.0  3.258846e-10
7504.0  2.865762e-10
7514.0  1.249272e-10
7524.0  4.549616e-10
7534.0  3.207773e-10
7544.0  5.363554e-10
7554.0  1.418913e-09
7564.0  9.490803e-10
7574.0  3.079434e-10
7584.0  9.674532e-11
7594.0  8.225303e-11
7604.0  4.618571e-11
7614.0  2.719530e-11
7624.0  6.909727e-12
7634.0  2.571431e-11
7644.0  1.346631e-11
7654.0  4.226381e-12
7664.0  2.566329e-12
7674.0  4.225240e-12
7684.0  2.446083e-12
7694.0  2.980927e-12
7704.0  1.484845e-12
7714.0  1.685796e-12
7724.0  1.725094e-13
7734.0  1.556289e-12
7744.0  9.287138e-13
7754.0  3.038174e-12
7764.0  1.801282e-12
7774.0  2.880674e-12
7784.0  9.539532e-13
7794.0  3.504433e-12
7804.0  8.558611e-12
7814.0  6.160391e-12
7824.0  5.232527e-12
7834.0  2.952831e-12
7844.0  8.606777e-12
7854.0  4.378570e-12
7864.0  8.761263e-12
7874.0  1.127989e-11
7884.0  7.744765e-12
7894.0  1.863279e-11
7904.0  3.091417e-11
7914.0  1.520952e-11
7924.0  1.538052e-11
7934.0  3.386081e-11
7944.0  2.616949e-11
7954.0  2.435881e-11
7964.0  0.000000e+00
7974.0  2.536244e-11
7984.0  4.005078e-10
7994.0  3.905649e-10
8004.0  2.348987e-09
8014.0  2.177466e-09
8024.0  2.148923e-09
8034.0  2.439438e-09
8044.0  1.452023e-09
8054.0  2.046835e-10
8064.0  3.120496e-10
8074.0  1.272917e-09
8084.0  2.028438e-09
8094.0  1.384488e-09
8104.0  8.457216e-10
8114.0  1.143340e-09
8124.0  1.628031e-09
8134.0  2.112160e-09
8144.0  2.073547e-09
8154.0  1.561233e-09
8164.0  1.130050e-09
8174.0  1.172949e-09
8184.0  1.064136e-09
8194.0  1.267181e-09
8204.0  9.109093e-10
8214.0  9.421217e-10
8224.0  1.080912e-09
8234.0  1.655877e-10
8244.0  0.000000e+00
8254.0  4.332804e-10
8264.0  1.176081e-09
8274.0  8.968009e-10
8284.0  4.441826e-10
8294.0  2.139524e-10
8304.0  4.556443e-10
8314.0  1.328934e-09
8324.0  1.123212e-09
8334.0  4.391196e-10
8344.0  9.035987e-10
8354.0  9.783845e-10
8364.0  5.838454e-10
8374.0  1.023547e-09
8384.0  1.177999e-09
8394.0  4.983956e-10
8404.0  2.814917e-10
8414.0  1.810167e-10
8424.0  6.347132e-10
8434.0  8.859327e-10
8444.0  3.044009e-10
8454.0  3.296288e-10
8464.0  3.712430e-10
8474.0  6.049055e-10
8484.0  7.401190e-10
8494.0  4.634302e-10
8504.0  5.102841e-10
8514.0  6.253826e-10
8524.0  9.723913e-10
8534.0  1.009101e-09
8544.0  7.548459e-10
8554.0  5.878659e-10
8564.0  3.631881e-10
8574.0  3.094909e-10
8584.0  7.361143e-10
8594.0  5.690028e-10
8604.0  7.906725e-10
8614.0  5.442061e-10
8624.0  2.082121e-10
8634.0  4.955762e-10
8644.0  1.011628e-09
8654.0  7.150881e-10
8664.0  6.419961e-10
8674.0  5.758466e-10
8684.0  6.809825e-10
8694.0  1.021464e-09
8704.0  8.822698e-10
8714.0  9.120817e-10
8724.0  9.931397e-10
8734.0  1.036113e-09
8744.0  8.873273e-10
8754.0  9.069353e-10
8764.0  1.194525e-09
8774.0  1.112012e-09
8784.0  1.011265e-09
8794.0  1.154948e-09
8804.0  7.699978e-10
8814.0  6.892982e-10
8824.0  7.783610e-10
8834.0  8.967986e-10
8844.0  7.641228e-10
8854.0  5.416517e-10
8864.0  6.471521e-10
8874.0  7.494117e-10
8884.0  6.483656e-10
8894.0  6.984896e-10
8904.0  8.699415e-10
8914.0  8.070386e-10
8924.0  1.011573e-09
8934.0  8.728515e-10
8944.0  1.282484e-09
8954.0  9.661777e-10
8964.0  1.186011e-09
8974.0  1.344904e-09
8984.0  1.274243e-09
8994.0  1.067753e-09
9004.0  1.277247e-09
9014.0  1.431883e-09
9024.0  1.582997e-09
9034.0  1.377346e-09
9044.0  8.284780e-10
9054.0  1.189938e-09
9064.0  8.765311e-10
9074.0  8.138424e-10
9084.0  1.005260e-09
9094.0  1.164718e-09
9104.0  1.114776e-09
9114.0  8.097165e-10
9124.0  8.875527e-10
9134.0  1.122804e-09
9144.0  9.676031e-10
9154.0  6.650885e-10
9164.0  5.348916e-10
9174.0  3.031297e-10
9184.0  3.456490e-10
9194.0  4.907387e-10
9204.0  3.817053e-10
9214.0  2.589653e-10
9224.0  3.831489e-10
9234.0  4.596132e-10
9244.0  5.127271e-10
9254.0  5.367351e-10
9264.0  6.456111e-10
9274.0  6.489612e-10
9284.0  7.146290e-10
9294.0  1.326448e-09
9304.0  1.542850e-09
9314.0  2.073491e-09
9324.0  2.550584e-09
9334.0  2.666775e-09
9344.0  2.845258e-09
9354.0  2.834020e-09
9364.0  2.226910e-09
9374.0  1.974563e-09
9384.0  1.817618e-09
9394.0  1.848253e-09
9404.0  1.372788e-09
9414.0  6.973201e-10
9424.0  4.170178e-10
9434.0  4.828522e-10
9444.0  8.427371e-10
9454.0  9.384221e-10
9464.0  4.622013e-10
9474.0  9.551698e-10
9484.0  7.742784e-10
9494.0  4.297901e-10
9504.0  1.084366e-09
9514.0  1.016576e-09
9524.0  7.392437e-10
9534.0  6.787052e-10
9544.0  8.924541e-10
9554.0  1.026497e-09
9564.0  1.024327e-09
9574.0  1.020081e-09
9584.0  9.032164e-10
9594.0  8.550135e-10
9604.0  7.525767e-10
9614.0  9.881432e-10
9624.0  7.774560e-10
9634.0  7.758683e-10
9644.0  9.396743e-10
9654.0  9.976992e-10
9664.0  8.954542e-10
9674.0  1.172498e-09
9684.0  1.082703e-09
9694.0  9.210159e-10
9704.0  1.342981e-09
9714.0  6.692972e-10
9724.0  3.143441e-09
9734.0  1.894701e-09
9744.0  2.875863e-09
9754.0  3.837337e-09
9764.0  5.516469e-09
9774.0  6.625827e-09
9784.0  7.960802e-09
9794.0  8.412946e-09
9804.0  9.621063e-09
9814.0  2.034470e-08
9824.0  1.939015e-08
9834.0  2.449612e-08
9844.0  2.753709e-08
9854.0  3.959181e-08
9864.0  5.057365e-08
9874.0  5.020785e-08
9884.0  7.165242e-08
9894.0  7.403486e-08
9904.0  8.760734e-08
9914.0  9.396287e-08
9924.0  1.310687e-07
9934.0  1.196229e-07
9944.0  1.375292e-07
9954.0  1.140955e-07
9964.0  1.480198e-07
9974.0  1.784527e-07
9984.0  9.980736e-08
9994.0  1.581761e-07
10004.0  1.759020e-07
10014.0  3.076899e-07
10024.0  6.918136e-07
10034.0  2.584649e-07
10044.0  6.355982e-07
10054.0  4.747262e-07
10064.0  4.213947e-07
10074.0  6.244096e-07
10084.0  3.176218e-07
10094.0  1.118256e-06
10104.0  1.053779e-06
10114.0  4.587110e-07
10124.0  7.447793e-07
10134.0  2.605624e-07
10144.0  2.292388e-07
10154.0  2.989696e-07
10164.0  6.231468e-07
10174.0  7.429629e-07
10184.0  6.443921e-07
10194.0  7.338265e-08
10204.0  6.382556e-07
10214.0  8.993471e-07
10224.0  1.370192e-06
10234.0  2.156534e-07
10244.0  8.341440e-07
10254.0  5.343683e-07
10264.0  1.481553e-07
10274.0  5.993566e-07
10284.0  1.626757e-07
10294.0  7.487480e-07
10304.0  5.487525e-07
10314.0  3.152908e-07
10324.0  6.990482e-07
10334.0  3.581015e-07
10344.0  3.789795e-07
10354.0  7.851132e-07
10364.0  1.167475e-06
10374.0  5.720396e-07
10384.0  3.868234e-07
10394.0  5.346864e-07
10404.0  3.110372e-11
10414.0  1.785741e-06
10424.0  8.890636e-07
10434.0  9.286146e-07
10444.0  6.898544e-07
10454.0  3.763589e-07
10464.0  6.507934e-07
10474.0  4.880976e-07
10484.0  8.312501e-07
10494.0  1.622077e-07
10504.0  5.080717e-07
10514.0  1.279456e-06
10524.0  1.533065e-08
10534.0  1.354254e-06
10544.0  9.704940e-07
10554.0  3.170078e-11
10564.0  7.661626e-07
10574.0  1.819922e-07
10584.0  2.478751e-07
10594.0  6.989943e-07
10604.0  3.287694e-07
10614.0  3.389870e-08
10624.0  6.016596e-07
10634.0  4.207276e-07
10644.0  1.097088e-06
10654.0  3.515452e-07
10664.0  5.838824e-07
10674.0  3.184293e-11
10684.0  7.578335e-07
10694.0  3.816599e-07
10704.0  3.184931e-11
10714.0  9.222068e-07
10724.0  3.186225e-11
10734.0  3.999775e-07
10744.0  1.198963e-06
10754.0  1.038663e-06
10764.0  2.251818e-07
10774.0  8.932921e-07
10784.0  7.387412e-07
10794.0  8.658055e-07
10804.0  7.300547e-07
10814.0  2.335084e-07
10824.0  7.779451e-07
10834.0  4.667144e-08
10844.0  2.440360e-07
10854.0  7.694917e-07
10864.0  4.681022e-07
10874.0  1.035918e-06
10884.0  6.038515e-07
10894.0  3.425926e-07
10904.0  2.450451e-07
10914.0  4.116323e-07
10924.0  7.245296e-07
10934.0  2.769608e-07
10944.0  1.571794e-07
10954.0  7.545106e-07
10964.0  4.560871e-07
10974.0  2.811494e-07
10984.0  6.075256e-07
10994.0  2.739815e-07
11004.0  4.365232e-07
11014.0  3.274428e-07
11024.0  3.420506e-11
11034.0  6.195481e-07
11044.0  1.297541e-07
11054.0  1.500656e-06
11064.0  1.750269e-07
11074.0  3.833892e-07
11084.0  8.577614e-08
11094.0  1.715931e-07
11104.0  2.038944e-07
11114.0  7.253011e-07
11124.0  4.729125e-07
11134.0  1.417301e-07
11144.0  8.497466e-07
11154.0  6.752216e-07
11164.0  3.460151e-11
11174.0  2.522793e-07
11184.0  2.766456e-07
11194.0  1.467765e-06
11204.0  6.804195e-08
11214.0  2.306489e-07
11224.0  9.803220e-07
11234.0  2.293638e-08
11244.0  9.202350e-07
11254.0  2.765788e-07
11264.0  7.242653e-07
11274.0  2.958071e-07
11284.0  4.046855e-07
11294.0  8.353703e-07
11304.0  7.907031e-07
11314.0  3.463403e-11
11324.0  5.263371e-07
11334.0  9.074097e-07
11344.0  8.162025e-07
11354.0  3.090120e-07
11364.0  8.755536e-07
11374.0  3.475657e-11
11384.0  4.655260e-07
11394.0  4.819648e-07
11404.0  6.812211e-07
11414.0  8.736035e-08
11424.0  3.196438e-07
11434.0  3.536367e-11
11444.0  1.028905e-06
11454.0  9.700166e-07
11464.0  3.548286e-11
11474.0  7.789415e-07
11484.0  5.921975e-07
11494.0  7.304370e-08
11504.0  6.095840e-07
11514.0  1.927933e-07
11524.0  3.036319e-07
11534.0  3.596101e-11
11544.0  3.157731e-07
11554.0  3.607340e-11
11564.0  7.171115e-07
11574.0  1.258701e-07
11584.0  5.041237e-07
11594.0  1.716256e-07
11604.0  1.033105e-07
11614.0  1.687023e-07
11624.0  3.800208e-07
11634.0  3.609383e-07
11644.0  7.033439e-09
11654.0  5.647927e-07
11664.0  4.827471e-07
11674.0  1.139142e-06
11684.0  2.393648e-08
11694.0  4.867154e-07
11704.0  1.180679e-06
11714.0  9.440978e-08
11724.0  1.786939e-07
11734.0  1.310166e-06
11744.0  8.157476e-07
11754.0  7.899945e-07
11764.0  1.196394e-06
11774.0  7.947114e-07
11784.0  1.176041e-07
11794.0  4.164873e-07
11804.0  4.635946e-07
11814.0  2.455218e-09
11824.0  8.115073e-08
11834.0  6.507997e-07
11844.0  5.150331e-07
11854.0  2.082187e-07
11864.0  1.152484e-06
11874.0  1.178533e-07
11884.0  6.441101e-07
11894.0  2.192486e-07
11904.0  5.462897e-07
11914.0  2.632010e-07
11924.0  4.673773e-07
11934.0  8.275844e-08
11944.0  2.020597e-07
11954.0  4.478254e-07
11964.0  4.072656e-08
11974.0  1.471645e-07
11984.0  2.723323e-07
11994.0  5.906175e-07
12004.0  6.736636e-08
12014.0  2.806228e-07
12024.0  2.446268e-07
12034.0  1.263539e-07
12044.0  1.859614e-07
12054.0  6.226807e-07
12064.0  5.218833e-07
12074.0  3.819306e-07
12084.0  2.879966e-07
12094.0  6.497144e-07
12104.0  1.559891e-07
12114.0  5.926522e-07
12124.0  1.467912e-07
12134.0  7.126327e-07
12144.0  7.942821e-08
12154.0  3.488104e-11
12164.0  3.549566e-11
12174.0  3.313704e-07
12184.0  7.179525e-07
12194.0  3.109539e-08
12204.0  2.115412e-07
12214.0  3.441148e-07
12224.0  3.776322e-07
12234.0  3.318913e-07
12244.0  4.144385e-07
12254.0  1.967854e-07
12264.0  6.043605e-07
12274.0  3.199342e-07
12284.0  8.402675e-07
12294.0  3.782754e-11
12304.0  3.776843e-11
12314.0  4.971325e-07
12324.0  3.050638e-07
12334.0  5.275897e-08
12344.0  1.082328e-07
12354.0  3.787976e-11
12364.0  4.612945e-07
12374.0  9.988531e-07
12384.0  3.793460e-11
12394.0  3.138343e-09
12404.0  3.992119e-08
12414.0  5.420784e-07
12424.0  7.834751e-07
12434.0  5.493169e-08
12444.0  4.701595e-07
12454.0  5.437472e-07
12464.0  3.809010e-11
12474.0  3.826041e-07
12484.0  4.382803e-08
12494.0  1.882904e-07
12504.0  9.737888e-07
12514.0  1.100210e-06
12524.0  6.225065e-07
12534.0  1.133671e-07
12544.0  4.962859e-07
12554.0  1.942356e-07
12564.0  4.931402e-07
12574.0  3.820542e-11
12584.0  3.436046e-07
12594.0  6.440305e-07
12604.0  3.676021e-07
12614.0  7.998911e-07
12624.0  1.584661e-07
12634.0  1.028651e-06
12644.0  9.552986e-07
12654.0  1.637046e-07
12664.0  7.204354e-07
12674.0  3.848581e-11
12684.0  1.929574e-07
12694.0  7.092959e-07
12704.0  5.219115e-08
12714.0  5.007650e-08
12724.0  3.839242e-11
12734.0  6.608878e-07
12744.0  1.517279e-07
12754.0  5.296794e-07
12764.0  1.607275e-07
12774.0  3.374621e-07
12784.0  5.905403e-07
12794.0  4.520955e-07
12804.0  1.945992e-07
12814.0  1.117364e-06
12824.0  3.848546e-11
12834.0  6.784547e-07
12844.0  1.081144e-06
12854.0  3.064762e-07
12864.0  1.337312e-07
12874.0  3.399864e-07
12884.0  1.037349e-06
12894.0  2.500848e-07
12904.0  9.649215e-07
12914.0  6.536387e-07
12924.0  4.044786e-07
12934.0  5.170141e-08
12944.0  7.920542e-07
12954.0  8.115977e-08
12964.0  5.427297e-07
12974.0  6.235041e-07
12984.0  3.378457e-07
12994.0  4.534009e-07
13004.0  2.248118e-07
13014.0  8.578523e-07
13024.0  7.692445e-07
13034.0  4.105117e-07
13044.0  3.841280e-07
13054.0  6.137590e-07
13064.0  8.932932e-07
13074.0  2.438738e-07
13084.0  8.755867e-07
13094.0  4.834869e-07
13104.0  2.961047e-07
13114.0  3.883821e-11
13124.0  2.439349e-07
13134.0  4.988949e-07
13144.0  1.195117e-07
13154.0  5.558995e-07
13164.0  2.094153e-07
13174.0  8.909469e-07
13184.0  6.925426e-07
13194.0  8.651734e-08
13204.0  4.153483e-07
13214.0  1.675922e-07
13224.0  5.304513e-07
13234.0  3.887111e-07
13244.0  3.685727e-08
13254.0  1.382434e-09
13264.0  1.647140e-08
13274.0  2.361640e-07
13284.0  1.840649e-08
13294.0  8.815767e-07
13304.0  6.489289e-07
13314.0  7.319986e-07
13324.0  5.095183e-07
13334.0  4.132519e-07
13344.0  2.159974e-07
13354.0  7.510541e-09
13364.0  7.618191e-07
13374.0  6.689602e-07
13384.0  2.228249e-07
13394.0  9.881725e-07
13404.0  5.600599e-08
13414.0  1.678458e-07
13424.0  2.752392e-07
13434.0  2.693034e-07
13444.0  6.369302e-07
13454.0  3.623410e-07
13464.0  4.682101e-07
13474.0  9.204230e-07
13484.0  1.258994e-06
13494.0  8.013438e-07
13504.0  6.448005e-07
13514.0  4.576784e-07
13524.0  1.493790e-07
13534.0  1.307431e-06
13544.0  4.009683e-11
13554.0  1.119547e-06
13564.0  2.684614e-07
13574.0  5.367918e-07
13584.0  7.166919e-07
13594.0  7.946424e-07
13604.0  2.037629e-07
13614.0  7.019771e-07
13624.0  1.750374e-06
13634.0  4.490724e-07
13644.0  1.023500e-06
13654.0  2.667132e-07
13664.0  1.281357e-06
13674.0  1.832199e-06
13684.0  3.902388e-07
13694.0  5.261868e-07
13704.0  4.500971e-07
13714.0  1.090249e-06
13724.0  4.496818e-07
13734.0  2.218065e-06
13744.0  8.238381e-07
13754.0  1.448082e-06
13764.0  8.447686e-07
13774.0  9.709331e-07
13784.0  1.461162e-06
13794.0  2.613544e-07
13804.0  1.406113e-06
13814.0  2.986142e-07
13824.0  1.678360e-06
13834.0  6.234257e-07
13844.0  1.957553e-07
13854.0  4.452044e-07
13864.0  8.216403e-07
13874.0  1.970169e-06
13884.0  9.820658e-07
13894.0  6.224462e-07
13904.0  1.475008e-06
13914.0  1.006937e-06
13924.0  1.179220e-07
13934.0  1.125953e-06
13944.0  3.545250e-07
13954.0  1.845294e-06
13964.0  1.055624e-06
13974.0  1.335112e-06
13984.0  5.266921e-07
13994.0  7.977028e-07
14004.0  4.457823e-07
14014.0  5.811613e-07
14024.0  4.668028e-07
14034.0  1.378590e-06
14044.0  1.096646e-06
14054.0  9.768918e-07
14064.0  5.196680e-07
14074.0  6.794021e-07
14084.0  4.931146e-07
14094.0  3.458878e-09
14104.0  1.094452e-06
14114.0  5.260152e-07
14124.0  8.908050e-07
14134.0  3.167440e-07
14144.0  1.166888e-06
14154.0  4.457098e-07
14164.0  3.922499e-07
14174.0  5.175941e-07
14184.0  6.381955e-07
14194.0  6.502849e-07
14204.0  4.730236e-07
14214.0  7.943978e-07
14224.0  1.075286e-06
14234.0  1.242346e-06
14244.0  2.104961e-07
14254.0  1.794923e-06
14264.0  6.383334e-07
14274.0  1.111882e-06
14284.0  9.160314e-07
14294.0  3.921558e-07
14304.0  9.138990e-07
14314.0  7.616452e-07
14324.0  1.286296e-06
14334.0  6.778141e-07
14344.0  7.006824e-07
14354.0  8.516109e-07
14364.0  6.532782e-07
14374.0  7.502316e-07
14384.0  1.282400e-06
14394.0  6.247140e-07
14404.0  1.023720e-06
14414.0  1.114587e-06
14424.0  7.700965e-07
14434.0  2.027947e-06
14444.0  1.820171e-06
14454.0  1.931917e-06
14464.0  1.245213e-06
14474.0  1.553403e-06
14484.0  1.758754e-06
14494.0  1.689962e-06
14504.0  2.263817e-06
14514.0  2.109940e-06
14524.0  2.246947e-06
14534.0  2.533997e-06
14544.0  1.969696e-06
14554.0  2.827571e-06
14564.0  2.864943e-06
14574.0  3.303959e-06
14584.0  3.415089e-06
14594.0  3.351723e-06
14604.0  4.718832e-06
14614.0  4.847294e-06
14624.0  5.327851e-06
14634.0  6.426924e-06
14644.0  6.693691e-06
14654.0  7.669328e-06
14664.0  1.004928e-05
14674.0  9.387512e-06
14684.0  1.169720e-05
14694.0  1.305672e-05
14704.0  1.382022e-05
14714.0  1.783772e-05
14724.0  1.981251e-05
14734.0  2.201054e-05
14744.0  2.493220e-05
14754.0  2.878002e-05
14764.0  3.137993e-05
14774.0  3.625952e-05
14784.0  3.962603e-05
14794.0  4.626640e-05
14804.0  5.079861e-05
14814.0  5.569392e-05
14824.0  6.462131e-05
14834.0  7.009670e-05
14844.0  7.958947e-05
14854.0  8.867889e-05
14864.0  9.999929e-05
14874.0  1.129813e-04
14884.0  1.247675e-04
14894.0  1.436799e-04
14904.0  1.637129e-04
14914.0  1.856737e-04
14924.0  2.126627e-04
14934.0  2.404914e-04
14944.0  2.841224e-04
14954.0  3.145235e-04
14964.0  3.674168e-04
14974.0  4.269353e-04
14984.0  5.031507e-04
14994.0  5.801857e-04
15004.0  6.880367e-04
15014.0  7.999933e-04
15024.0  9.320552e-04
15034.0  1.095998e-03
15044.0  1.276070e-03
15054.0  1.519531e-03
15064.0  1.786477e-03
15074.0  2.114304e-03
15084.0  2.441303e-03
15094.0  2.855631e-03
15104.0  3.332568e-03
15114.0  3.981728e-03
15124.0  4.528376e-03
15134.0  5.398026e-03
15144.0  6.044802e-03
15154.0  7.263244e-03
15164.0  8.469064e-03
15174.0  9.824262e-03
15184.0  1.140321e-02
15194.0  1.279016e-02
15204.0  1.415825e-02
15214.0  1.553535e-02
15224.0  1.731446e-02
15234.0  1.919118e-02
15244.0  2.080255e-02
15254.0  2.390575e-02
15264.0  2.637462e-02
15274.0  2.960511e-02
15284.0  3.380456e-02
15294.0  3.818402e-02
15304.0  4.372468e-02
15314.0  4.965414e-02
15324.0  5.693109e-02
15334.0  6.599706e-02
15344.0  7.495535e-02
15354.0  8.896817e-02
15364.0  1.011742e-01
15374.0  1.146843e-01
15384.0  1.388132e-01
15394.0  1.574966e-01
15404.0  1.804029e-01
15414.0  2.063259e-01
15424.0  2.324724e-01
15434.0  2.574193e-01
15444.0  2.834021e-01
15454.0  3.117816e-01
15464.0  3.302802e-01
15474.0  3.489854e-01
15484.0  3.654232e-01
15494.0  3.750243e-01
15504.0  3.822025e-01
15514.0  3.876656e-01
15524.0  3.924654e-01
15534.0  3.960935e-01
15544.0  3.981513e-01
15554.0  4.051218e-01
15564.0  4.027144e-01
15574.0  4.046539e-01
15584.0  3.993983e-01
15594.0  4.119955e-01
15604.0  4.071720e-01
15614.0  4.095530e-01
15624.0  4.150258e-01
15634.0  4.209497e-01
15644.0  4.108606e-01
15654.0  4.153764e-01
15664.0  4.139122e-01
15674.0  4.202430e-01
15684.0  4.142753e-01
15694.0  4.169615e-01
15704.0  4.169260e-01
15714.0  4.194810e-01
15724.0  4.195460e-01
15734.0  4.111439e-01
15744.0  4.192356e-01
15754.0  4.274220e-01
15764.0  4.202273e-01
15774.0  4.200031e-01
15784.0  4.178428e-01
15794.0  4.161347e-01
15804.0  4.355514e-01
15814.0  4.191982e-01
15824.0  4.320286e-01
15834.0  4.241576e-01
15844.0  4.212466e-01
15854.0  4.313717e-01
15864.0  4.245291e-01
15874.0  4.267558e-01
15884.0  4.215112e-01
15894.0  4.235127e-01
15904.0  4.250698e-01
15914.0  4.248468e-01
15924.0  4.210851e-01
15934.0  4.247013e-01
15944.0  4.194092e-01
15954.0  4.221469e-01
15964.0  4.208278e-01
15974.0  4.227576e-01
15984.0  4.176760e-01
15994.0  4.201178e-01
16004.0  4.186911e-01
16014.0  4.216782e-01
16024.0  4.220963e-01
16034.0  4.209471e-01
16044.0  4.234629e-01
16054.0  4.252331e-01
16064.0  4.164684e-01
16074.0  4.153702e-01
16084.0  4.209265e-01
16094.0  4.222138e-01
16104.0  4.178967e-01
16114.0  4.192776e-01
16124.0  4.162953e-01
16134.0  4.143197e-01
16144.0  4.139480e-01
16154.0  4.241857e-01
16164.0  4.120312e-01
16174.0  4.206498e-01
16184.0  4.114553e-01
16194.0  4.166113e-01
16204.0  4.209364e-01
16214.0  4.182212e-01
16224.0  4.163468e-01
16234.0  4.202263e-01
16244.0  4.187494e-01
16254.0  4.119445e-01
16264.0  4.342162e-01
16274.0  4.209459e-01
16284.0  4.256734e-01
16294.0  4.257916e-01
16304.0  4.259909e-01
16314.0  4.240741e-01
16324.0  4.275586e-01
16334.0  4.277059e-01
16344.0  4.225216e-01
16354.0  4.345712e-01
16364.0  4.346818e-01
16374.0  4.265314e-01
16384.0  4.293307e-01
16394.0  4.327572e-01
16404.0  4.317768e-01
16414.0  4.322863e-01
16424.0  4.350508e-01
16434.0  4.288921e-01
16444.0  4.333233e-01
16454.0  4.332784e-01
16464.0  4.278541e-01
16474.0  4.313367e-01
16484.0  4.351916e-01
16494.0  4.330752e-01
16504.0  4.340910e-01
16514.0  4.404321e-01
16524.0  4.286845e-01
16534.0  4.306085e-01
16544.0  4.325732e-01
16554.0  4.328468e-01
16564.0  4.296656e-01
16574.0  4.336416e-01
16584.0  4.241220e-01
16594.0  4.336045e-01
16604.0  4.332253e-01
16614.0  4.269598e-01
16624.0  4.288543e-01
16634.0  4.249241e-01
16644.0  4.277277e-01
16654.0  4.220374e-01
16664.0  4.238476e-01
16674.0  4.270008e-01
16684.0  4.235747e-01
16694.0  4.209345e-01
16704.0  4.207897e-01
16714.0  4.189617e-01
16724.0  4.153850e-01
16734.0  4.226158e-01
16744.0  4.227302e-01
16754.0  4.244094e-01
16764.0  4.299935e-01
16774.0  4.196298e-01
16784.0  4.277846e-01
16794.0  4.312901e-01
16804.0  4.330089e-01
16814.0  4.261523e-01
16824.0  4.285263e-01
16834.0  4.402534e-01
16844.0  4.352784e-01
16854.0  4.375986e-01
16864.0  4.319260e-01
16874.0  4.383537e-01
16884.0  4.368260e-01
16894.0  4.326806e-01
16904.0  4.292575e-01
16914.0  4.376488e-01
16924.0  4.378056e-01
16934.0  4.357342e-01
16944.0  4.279488e-01
16954.0  4.407819e-01
16964.0  4.281148e-01
16974.0  4.278416e-01
16984.0  4.284583e-01
16994.0  4.188643e-01
17004.0  4.187166e-01
17014.0  4.160402e-01
17024.0  4.055899e-01
17034.0  3.975992e-01
17044.0  3.867352e-01
17054.0  3.770339e-01
17064.0  3.627129e-01
17074.0  3.502716e-01
17084.0  3.296529e-01
17094.0  3.068244e-01
17104.0  2.866592e-01
17114.0  2.651541e-01
17124.0  2.349668e-01
17134.0  2.277704e-01
17144.0  1.978392e-01
17154.0  1.776700e-01
17164.0  1.584578e-01
17174.0  1.399580e-01
17184.0  1.222803e-01
17194.0  1.106500e-01
17204.0  9.769161e-02
17214.0  8.623902e-02
17224.0  7.569868e-02
17234.0  6.756567e-02
17244.0  5.982562e-02
17254.0  5.184756e-02
17264.0  4.844633e-02
17274.0  4.311154e-02
17284.0  3.887976e-02
17294.0  3.467532e-02
17304.0  3.243261e-02
17314.0  2.879365e-02
17324.0  2.591497e-02
17334.0  2.273850e-02
17344.0  1.942728e-02
17354.0  1.658727e-02
17364.0  1.426241e-02
17374.0  1.180793e-02
17384.0  1.060189e-02
17394.0  8.943189e-03
17404.0  7.845642e-03
17414.0  6.588797e-03
17424.0  5.745291e-03
17434.0  4.931529e-03
17444.0  4.135431e-03
17454.0  3.634880e-03
17464.0  3.218443e-03
17474.0  2.848764e-03
17484.0  2.453538e-03
17494.0  2.156167e-03
17504.0  1.880996e-03
17514.0  1.669079e-03
17524.0  1.467427e-03
17534.0  1.287302e-03
17544.0  1.174154e-03
17554.0  1.013182e-03
17564.0  9.043871e-04
17574.0  8.317951e-04
17584.0  7.424009e-04
17594.0  6.701796e-04
17604.0  5.888473e-04
17614.0  5.378190e-04
17624.0  4.804961e-04
17634.0  4.304752e-04
17644.0  3.914322e-04
17654.0  3.643246e-04
17664.0  3.337531e-04
17674.0  3.019076e-04
17684.0  2.753392e-04
17694.0  2.520245e-04
17704.0  2.260966e-04
17714.0  2.098958e-04
17724.0  1.969745e-04
17734.0  1.778233e-04
17744.0  1.685542e-04
17754.0  1.473050e-04
17764.0  1.442995e-04
17774.0  1.269922e-04
17784.0  1.194636e-04
17794.0  1.121299e-04
17804.0  1.020017e-04
17814.0  9.823452e-05
17824.0  8.861284e-05
17834.0  8.237157e-05
17844.0  7.597859e-05
17854.0  7.047092e-05
17864.0  6.853761e-05
17874.0  6.096948e-05
17884.0  5.703704e-05
17894.0  5.267018e-05
17904.0  5.102495e-05
17914.0  4.503253e-05
17924.0  4.441112e-05
17934.0  4.205995e-05
17944.0  3.721608e-05
17954.0  3.424865e-05
17964.0  3.356194e-05
17974.0  3.166598e-05
17984.0  2.954503e-05
17994.0  2.704257e-05
18004.0  2.630175e-05
18014.0  2.597421e-05
18024.0  2.278304e-05
18034.0  1.942293e-05
18044.0  2.194191e-05
18054.0  1.931040e-05
18064.0  1.531554e-05
18074.0  1.941480e-05
18084.0  1.983804e-05
18094.0  1.551609e-05
18104.0  1.535340e-05
18114.0  1.484547e-05
18124.0  1.479662e-05
18134.0  1.291394e-05
18144.0  1.268098e-05
18154.0  1.407599e-05
18164.0  1.020488e-05
18174.0  1.432640e-05
18184.0  1.116697e-05
18194.0  8.592435e-06
18204.0  9.366480e-06
18214.0  1.195138e-05
18224.0  7.839248e-06
18234.0  9.897149e-06
18244.0  1.103914e-05
18254.0  8.042807e-06
18264.0  6.883292e-06
18274.0  8.126951e-06
18284.0  1.012342e-05
18294.0  7.809876e-06
18304.0  4.823463e-06
18314.0  8.868971e-06
18324.0  1.132315e-05
18334.0  7.440225e-06
18344.0  3.365390e-06
18354.0  9.643833e-06
18364.0  6.593166e-06
18374.0  5.834620e-06
18384.0  1.011183e-05
18394.0  7.939520e-06
18404.0  8.667852e-06
18414.0  5.031486e-06
18424.0  1.129285e-05
18434.0  5.866169e-06
18444.0  6.396374e-06
18454.0  1.107881e-05
18464.0  1.851675e-06
18474.0  7.888413e-06
18484.0  7.695849e-06
18494.0  5.729437e-06
18504.0  3.923400e-06
18514.0  4.976471e-06
18524.0  7.904946e-06
18534.0  5.405012e-06
18544.0  2.317188e-06
18554.0  4.833924e-06
18564.0  7.366046e-06
18574.0  5.865709e-06
18584.0  2.768356e-06
18594.0  8.854230e-06
18604.0  7.218099e-06
18614.0  4.027014e-06
18624.0  7.051268e-06
18634.0  6.183674e-06
18644.0  4.480758e-06
18654.0  3.842282e-06
18664.0  8.002892e-06
18674.0  6.634325e-06
18684.0  4.035847e-06
18694.0  7.989328e-06
18704.0  5.998412e-06
18714.0  5.242075e-06
18724.0  7.227526e-06
18734.0  3.630195e-06
18744.0  5.911083e-06
18754.0  7.963919e-06
18764.0  5.603347e-06
18774.0  7.280670e-06
18784.0  7.553912e-06
18794.0  2.876481e-06
18804.0  5.362277e-06
18814.0  4.335342e-06
18824.0  2.132562e-06
18834.0  4.588389e-06
18844.0  4.751835e-06
18854.0  1.522746e-06
18864.0  3.325647e-06
18874.0  5.039508e-06
18884.0  1.458969e-06
18894.0  3.013913e-06
18904.0  6.555100e-06
18914.0  4.956334e-06
18924.0  1.347050e-06
18934.0  3.599237e-06
18944.0  6.305115e-06
18954.0  6.132625e-06
18964.0  5.381277e-06
18974.0  1.026963e-07
18984.0  2.484705e-06
18994.0  7.662762e-06
19004.0  4.328722e-06
19014.0  4.700668e-06
19024.0  2.087424e-06
19034.0  4.617710e-06
19044.0  4.364264e-06
19054.0  4.909989e-06
19064.0  6.321068e-06
19074.0  3.270168e-06
19084.0  5.714298e-06
19094.0  2.073386e-06
19104.0  1.124902e-07
19114.0  1.218291e-05
19124.0  7.594573e-07
19134.0  3.322842e-06
19144.0  3.448049e-06
19154.0  6.837633e-06
19164.0  1.815844e-06
19174.0  5.561379e-06
19184.0  4.258632e-06
19194.0  3.960654e-06
19204.0  4.374983e-06
19214.0  3.807992e-06
19224.0  5.269689e-06
19234.0  4.467433e-06
19244.0  2.931135e-06
19254.0  2.432822e-06
19264.0  1.447492e-07
19274.0  1.273224e-06
19284.0  4.121780e-06
19294.0  6.783996e-07
19304.0  4.692746e-06
19314.0  2.694784e-06
19324.0  2.180478e-06
19334.0  4.002540e-06
19344.0  1.171138e-06
19354.0  4.229142e-06
19364.0  1.778868e-06
19374.0  8.660906e-07
19384.0  3.027511e-06
19394.0  4.555507e-11
19404.0  3.288588e-06
19414.0  6.055414e-06
19424.0  9.500382e-08
19434.0  6.333426e-07
19444.0  4.462311e-06
19454.0  2.927844e-06
19464.0  1.353511e-06
19474.0  3.121442e-06
19484.0  2.447430e-06
19494.0  1.252696e-06
19504.0  2.208915e-06
19514.0  4.722746e-06
19524.0  8.994114e-07
19534.0  4.233852e-06
19544.0  2.371338e-06
19554.0  2.215005e-07
19564.0  5.651182e-06
19574.0  1.767517e-06
19584.0  3.931267e-08
19594.0  2.001765e-06
19604.0  3.013833e-06
19614.0  4.613914e-11
19624.0  4.259056e-06
19634.0  2.907716e-06
19644.0  4.612930e-11
19654.0  5.830946e-07
19664.0  4.616057e-11
19674.0  4.343552e-06
19684.0  2.098850e-07
19694.0  4.877230e-06
19704.0  4.614309e-11
19714.0  8.202263e-06
19724.0  5.459521e-06
19734.0  4.609040e-11
19744.0  2.901892e-07
19754.0  4.046383e-07
19764.0  2.233649e-06
19774.0  7.056999e-06
19784.0  4.040349e-06
19794.0  3.499775e-06
19804.0  1.616869e-06
19814.0  1.210973e-07
19824.0  2.611685e-06
19834.0  7.500571e-07
19844.0  4.628263e-11
19854.0  3.752215e-06
19864.0  3.302367e-06
19874.0  4.640755e-11
19884.0  4.338225e-06
19894.0  5.569370e-06
19904.0  5.571224e-06
19914.0  4.634935e-11
19924.0  5.198935e-06
19934.0  4.629026e-11
19944.0  3.756918e-06
19954.0  2.640101e-06
19964.0  3.707086e-07
19974.0  2.482512e-06
19984.0  4.443099e-06
19994.0  1.432882e-06
20004.0  3.140040e-06
20014.0  1.163818e-06
20024.0  2.219053e-06
20034.0  4.005043e-06
20044.0  3.550074e-06
20054.0  1.821594e-06
20064.0  3.625168e-06
20074.0  5.886837e-06
20084.0  4.621190e-11
20094.0  1.377998e-06
20104.0  1.284163e-06
20114.0  4.362580e-06
20124.0  4.029567e-07
20134.0  1.401753e-06
20144.0  4.611937e-11
20154.0  3.698308e-06
20164.0  4.280970e-06
20174.0  1.331240e-06
20184.0  1.601754e-06
20194.0  7.774613e-07
20204.0  4.594519e-11
20214.0  3.370911e-06
20224.0  3.706657e-06
20234.0  9.428305e-07
20244.0  3.125191e-06
20254.0  4.877766e-06
20264.0  2.795971e-08
20274.0  4.617232e-06
20284.0  7.035600e-06
20294.0  1.966805e-06
20304.0  6.636824e-06
20314.0  1.497409e-06
20324.0  2.359659e-06
20334.0  4.604972e-11
20344.0  2.495342e-06
20354.0  4.617428e-07
20364.0  4.598274e-11
20374.0  6.542544e-07
20384.0  4.685559e-06
20394.0  2.479977e-06
20404.0  5.709050e-06
20414.0  5.256512e-07
20424.0  1.757376e-06
20434.0  1.178999e-06
20444.0  3.974866e-06
20454.0  9.597728e-07
20464.0  5.724652e-06
20474.0  1.686720e-06
20484.0  2.487455e-06
20494.0  4.130178e-06
20504.0  9.116623e-07
20514.0  1.016542e-06
20524.0  3.145800e-06
20534.0  2.733993e-06
20544.0  5.374155e-06
20554.0  3.039211e-06
20564.0  4.569003e-11
20574.0  3.670940e-06
20584.0  4.582478e-11
20594.0  3.027312e-06
20604.0  6.353394e-06
20614.0  4.578324e-11
20624.0  2.229510e-06
20634.0  2.647317e-06
20644.0  7.910400e-07
20654.0  3.355564e-06
20664.0  8.148171e-06
20674.0  1.918894e-06
20684.0  4.581158e-11
20694.0  6.426875e-06
20704.0  9.507714e-07
20714.0  2.192999e-06
20724.0  1.590498e-07
20734.0  4.860768e-06
20744.0  4.630271e-11
20754.0  3.925813e-06
20764.0  4.631905e-11
20774.0  3.821549e-07
20784.0  4.612333e-11
20794.0  4.361500e-06
20804.0  2.601173e-06
20814.0  1.388654e-06
20824.0  1.590265e-06
20834.0  4.657582e-11
20844.0  4.260414e-06
20854.0  1.639057e-06
20864.0  7.196211e-06
20874.0  5.397018e-07
20884.0  2.648683e-06
20894.0  2.090834e-06
20904.0  7.324789e-07
20914.0  2.820999e-06
20924.0  3.431985e-06
20934.0  9.443757e-07
20944.0  4.646103e-11
20954.0  6.142689e-06
20964.0  4.640421e-11
20974.0  3.323719e-06
20984.0  7.116553e-06
20994.0  4.654594e-11
21004.0  1.111841e-06
21014.0  4.703870e-06
21024.0  9.637795e-08
21034.0  7.671106e-06
21044.0  4.285960e-07
21054.0  3.989375e-06
21064.0  4.653891e-11
21074.0  4.304217e-06
21084.0  4.658718e-11
21094.0  6.798007e-06
21104.0  4.768550e-06
21114.0  7.230076e-06
21124.0  4.650376e-11
21134.0  4.395033e-07
21144.0  1.217559e-05
21154.0  4.660057e-11
21164.0  4.661018e-11
21174.0  6.523184e-07
21184.0  8.366371e-06
21194.0  4.299614e-06
21204.0  4.135795e-09
21214.0  4.688598e-11
21224.0  8.742245e-06
21234.0  7.726577e-06
21244.0  1.250703e-06
21254.0  7.321551e-07
21264.0  5.787652e-06
21274.0  4.696152e-11
21284.0  6.977926e-07
21294.0  2.472015e-06
21304.0  4.120309e-06
21314.0  1.012807e-05
21324.0  4.695163e-11
21334.0  1.193881e-06
21344.0  1.610244e-06
21354.0  1.468443e-06
21364.0  4.674508e-11
21374.0  1.510071e-05
21384.0  8.823747e-06
21394.0  1.946017e-06
21404.0  4.803478e-06
21414.0  9.531934e-06
21424.0  7.775355e-06
21434.0  2.614854e-07
21444.0  4.624229e-11
21454.0  9.382965e-06
21464.0  7.389770e-06
21474.0  5.171025e-06
21484.0  3.538829e-07
21494.0  2.128099e-06
21504.0  4.624263e-11
21514.0  1.985640e-06
21524.0  6.129626e-06
21534.0  4.638271e-06
21544.0  2.281928e-05
21554.0  4.593392e-11
21564.0  4.524292e-07
21574.0  5.598451e-06
21584.0  2.972236e-06
21594.0  4.871647e-06
21604.0  5.163068e-06
21614.0  1.441296e-06
21624.0  8.554484e-07
21634.0  2.820665e-06
21644.0  1.809670e-06
21654.0  8.916856e-06
21664.0  4.537344e-11
21674.0  6.850959e-06
21684.0  8.082615e-07
21694.0  5.071958e-06
21704.0  1.947569e-07
21714.0  4.516007e-11
21724.0  1.327139e-06
21734.0  9.403681e-06
21744.0  7.001293e-07
21754.0  4.497566e-11
21764.0  3.952144e-06
21774.0  3.565197e-06
21784.0  4.257218e-06
21794.0  2.422182e-06
21804.0  2.996798e-06
21814.0  1.178567e-06
21824.0  4.349562e-06
21834.0  9.666155e-06
21844.0  1.839927e-06
21854.0  4.304825e-11
21864.0  1.540827e-06
21874.0  7.928341e-06
21884.0  6.997191e-06
21894.0  1.097040e-07
21904.0  1.408502e-06
21914.0  7.270440e-07
21924.0  4.139544e-11
21934.0  5.929617e-06
21944.0  3.757711e-06
21954.0  6.005253e-06
21964.0  6.854058e-06
21974.0  6.899500e-06
21984.0  3.967691e-11
21994.0  9.858626e-07
22004.0  3.905989e-11
22014.0  6.204833e-06
22024.0  4.816481e-06
22034.0  7.353652e-06
22044.0  4.343307e-06
22054.0  1.820706e-06
22064.0  3.721555e-11
22074.0  1.863153e-06
22084.0  7.356401e-06
22094.0  7.596728e-06
22104.0  1.487337e-07
22114.0  1.281285e-06
22124.0  9.196441e-08
22134.0  3.582093e-06
22144.0  3.618603e-11
22154.0  3.612971e-11
22164.0  3.921902e-06
22174.0  3.963358e-07
22184.0  7.646893e-07
22194.0  1.310698e-06
22204.0  1.167023e-05
22214.0  5.449366e-06
22224.0  2.377124e-06
22234.0  3.696539e-11
22244.0  3.710187e-11
22254.0  2.400687e-06
22264.0  9.954975e-06
22274.0  6.857843e-07
22284.0  1.095846e-06
22294.0  3.740985e-11
22304.0  6.871094e-06
22314.0  1.096503e-05
22324.0  2.337320e-07
22334.0  3.768174e-11
22344.0  5.090711e-06
22354.0  2.108091e-06
22364.0  3.791631e-11
22374.0  2.196468e-06
22384.0  1.393259e-05
22394.0  1.334130e-05
22404.0  3.818232e-11
22414.0  1.277132e-05
22424.0  9.746566e-06
22434.0  5.053413e-06
22444.0  3.813066e-11
22454.0  5.280433e-06
22464.0  1.140431e-05
22474.0  2.711496e-06
22484.0  3.820996e-11
22494.0  7.175217e-06
22504.0  6.155093e-06
22514.0  3.035689e-06
22524.0  7.957131e-06
22534.0  1.231520e-05
22544.0  3.826857e-11
22554.0  1.182561e-05
22564.0  1.547439e-05
22574.0  1.388736e-06
22584.0  6.340377e-07
22594.0  1.105283e-05
22604.0  3.839960e-11
22614.0  1.379981e-05
22624.0  3.089448e-06
22634.0  8.240924e-06
22644.0  1.349269e-05
22654.0  1.100074e-05
22664.0  4.215136e-06
22674.0  2.033690e-06
22684.0  1.910718e-05
22694.0  3.893382e-11
22704.0  6.167133e-06
22714.0  4.770019e-06
22724.0  2.958549e-06
22734.0  1.264087e-05
22744.0  1.611318e-06
22754.0  1.095276e-06
22764.0  1.506724e-05
22774.0  1.746158e-05
22784.0  4.300524e-06
22794.0  2.268659e-06
22804.0  1.056502e-05
22814.0  6.377322e-06
22824.0  1.015420e-06
22834.0  2.036813e-06
22844.0  4.095771e-11
22854.0  9.300951e-07
22864.0  1.227964e-06
22874.0  1.885286e-06
22884.0  9.335210e-07
22894.0  4.546989e-07
22904.0  3.977264e-06
22914.0  7.748647e-06
22924.0  2.135936e-06
22934.0  4.287513e-07
22944.0  4.174199e-11
22954.0  6.523184e-06
22964.0  1.206264e-06
22974.0  2.465645e-06
22984.0  3.128441e-06
22994.0  5.766307e-06
23004.0  2.516593e-06
23014.0  4.723295e-06
23024.0  5.751334e-06
23034.0  1.691582e-06
23044.0  8.390901e-07
23054.0  4.401775e-07
23064.0  1.862936e-06
23074.0  3.579172e-06
23084.0  5.449552e-06
23094.0  3.446587e-07
23104.0  6.192606e-06
23114.0  4.264457e-06
23124.0  2.449532e-06
23134.0  4.065692e-11
23144.0  1.085546e-06
23154.0  5.888501e-06
23164.0  3.319372e-06
23174.0  2.532697e-06
23184.0  3.819732e-11
23194.0  3.848006e-06
23204.0  5.143480e-06
23214.0  3.577652e-11
23224.0  2.144940e-06
23234.0  7.308704e-07
23244.0  5.522252e-07
23254.0  1.623045e-06
23264.0  2.418200e-06
23274.0  1.893358e-06
23284.0  1.314108e-06
23294.0  2.122271e-06
23304.0  1.843455e-06
23314.0  6.302474e-07
23324.0  2.420489e-07
23334.0  1.862065e-06
23344.0  1.265974e-06
23354.0  3.202689e-07
23364.0  5.551188e-07
23374.0  1.937018e-06
23384.0  2.886528e-06
23394.0  4.788803e-07
23404.0  1.857651e-06
23414.0  8.453589e-07
23424.0  2.050786e-06
23434.0  1.597257e-11
23444.0  1.351834e-06
23454.0  1.082511e-06
23464.0  5.170153e-07
23474.0  4.210338e-08
23484.0  1.281771e-06
23494.0  1.988472e-06
23504.0  1.290785e-06
23514.0  5.238795e-07
23524.0  1.563925e-06
23534.0  1.234402e-06
23544.0  1.631147e-06
23554.0  3.031810e-07
23564.0  1.584150e-06
23574.0  4.600900e-07
23584.0  1.374841e-06
23594.0  5.261105e-07
23604.0  1.068509e-06
23614.0  8.577431e-07
23624.0  1.065593e-06
23634.0  9.578046e-07
23644.0  6.342636e-07
23654.0  8.128454e-07
23664.0  1.907136e-07
23674.0  4.554390e-07
23684.0  2.413470e-07
23694.0  2.129483e-07
23704.0  5.177068e-07
23714.0  1.605722e-07
23724.0  5.443181e-07
23734.0  2.451210e-12
23744.0  3.264600e-07
23754.0  1.670522e-07
23764.0  2.046273e-07
23774.0  2.751128e-07
23784.0  2.084438e-07
23794.0  3.405832e-07
23804.0  8.440867e-08
23814.0  2.276029e-07
23824.0  1.242044e-07
23834.0  6.951292e-08
23844.0  4.868160e-08
23854.0  2.465096e-07
23864.0  1.395264e-07
23874.0  7.617751e-08
23884.0  3.583213e-08
23894.0  6.354510e-13
23904.0  1.486249e-08
23914.0  3.537700e-09
23924.0  7.900123e-09
23934.0  2.655307e-08
23944.0  1.045119e-08
23954.0  6.104064e-08
23964.0  9.994043e-10
23974.0  5.156548e-08
23984.0  4.960912e-08
23994.0  1.224389e-08
24004.0  7.575360e-09
24014.0  4.118508e-09
24024.0  1.438325e-08
24034.0  3.317101e-08
24044.0  5.227670e-09
24054.0  1.562072e-08
24064.0  4.484414e-09
24074.0  6.407881e-09
24084.0  9.894383e-09
24094.0  1.299629e-08
24104.0  2.590338e-09
24114.0  1.866966e-09
24124.0  9.197838e-09
24134.0  1.496556e-09
24144.0  1.656359e-09
24154.0  1.796871e-09
24164.0  1.966778e-09
24174.0  2.055421e-09
24184.0  2.956543e-09
24194.0  3.842876e-09
24204.0  1.541632e-09
24214.0  1.415980e-09
24224.0  3.411459e-11
24234.0  8.816799e-10
24244.0  1.610075e-09
24254.0  3.094611e-10
24264.0  5.324246e-10
24274.0  1.177977e-09
24284.0  8.208945e-10
24294.0  1.084914e-09
24304.0  5.768031e-10
24314.0  1.966663e-10
24324.0  9.643134e-10
24334.0  2.604171e-15
24344.0  1.433537e-10
24354.0  3.132048e-10
24364.0  3.686819e-10
24374.0  4.678850e-11
24384.0  8.653216e-11
24394.0  3.447406e-10
24404.0  1.701335e-10
24414.0  1.197727e-10
24424.0  5.277975e-11
24434.0  1.944303e-11
24444.0  8.980283e-11
24454.0  8.693940e-11
24464.0  1.535673e-11
24474.0  7.682798e-11
24484.0  8.360141e-11
24494.0  1.884361e-11
24504.0  2.819188e-11
24514.0  4.288424e-11
24524.0  5.527453e-12
24534.0  2.066815e-13
24544.0  3.852881e-11
24554.0  6.828258e-11
24564.0  3.020219e-11
24574.0  1.426881e-11
24584.0  3.628618e-11
24594.0  1.020666e-11
24604.0  1.189594e-16
24614.0  6.250103e-12
24624.0  2.794419e-11
24634.0  2.038477e-11
24644.0  1.224964e-11
24654.0  2.060025e-11
24664.0  2.850064e-11
24674.0  7.229951e-17
24684.0  6.092890e-12
24694.0  9.652437e-12
24704.0  8.899818e-12
24714.0  5.616658e-12
24724.0  1.825238e-13
24734.0  1.144681e-11
24744.0  6.352463e-13
24754.0  5.076213e-12
24764.0  1.761890e-12
24774.0  3.302116e-13
24784.0  7.979628e-12
24794.0  5.202588e-13
24804.0  6.634518e-12
24814.0  1.853243e-17
24824.0  1.103062e-12
24834.0  1.475170e-17
24844.0  4.423839e-12
24854.0  1.217635e-17
24864.0  1.097275e-13
24874.0  3.690612e-12
24884.0  8.712315e-13
24894.0  2.125891e-12
24904.0  7.152831e-18
24914.0  3.102303e-12
24924.0  5.711923e-18
24934.0  2.604441e-13
24944.0  1.441795e-12
24954.0  7.911744e-14
24964.0  1.022258e-12
24974.0  1.816260e-13
24984.0  6.075564e-13
24994.0  1.809689e-13
25004.0  8.271870e-13
25014.0  2.053084e-18
25024.0  1.831830e-18
25034.0  5.641069e-13
25044.0  4.968899e-13
25054.0  1.300122e-18
25064.0  7.873165e-13
25074.0  2.123524e-14
25084.0  9.329039e-19
25094.0  3.679297e-13
25104.0  1.570059e-13
25114.0  1.400233e-13
25124.0  2.370224e-14
25134.0  2.298459e-13
25144.0  3.790428e-14
25154.0  7.023170e-14
25164.0  3.849651e-19
25174.0  1.904530e-14
25184.0  3.096471e-19
25194.0  2.774324e-19
25204.0  2.486599e-19
25214.0  1.049563e-14
25224.0  7.932594e-14
25234.0  1.785280e-14
25244.0  4.441315e-15
25254.0  1.436139e-14
25264.0  9.234207e-15
25274.0  1.170190e-19
25284.0  3.605622e-14
25294.0  6.180351e-14
25304.0  3.946983e-14
25314.0  5.677214e-14
25324.0  2.080951e-14
25334.0  7.190532e-14
25344.0  2.974053e-14
25354.0  1.669507e-14
25364.0  2.353355e-14
25374.0  9.050181e-15
25384.0  1.043988e-14
25394.0  8.757727e-15
25404.0  9.115193e-15
25414.0  2.720883e-20
25424.0  2.453039e-20
25434.0  7.232167e-15
25444.0  3.983307e-15
25454.0  1.266013e-14
25464.0  2.023815e-15
25474.0  9.230105e-15
25484.0  7.518096e-15
25494.0  5.852240e-15
25504.0  2.641915e-15
25514.0  9.523369e-15
25524.0  1.016452e-16
25534.0  6.184620e-15
25544.0  4.935956e-15
25554.0  8.920803e-15
25564.0  6.730863e-15
25574.0  6.627494e-15
25584.0  6.702527e-15
25594.0  6.777207e-15
25604.0  5.061578e-15
25614.0  3.956469e-15
25624.0  3.468427e-15
25634.0  5.082580e-15
25644.0  3.847814e-15
25654.0  1.559108e-15
25664.0  1.092908e-15
25674.0  1.391479e-15
25684.0  3.746758e-15
25694.0  1.206798e-15
25704.0  8.080472e-16
25714.0  2.429265e-15
25724.0  1.731021e-15
25734.0  9.782838e-16
25744.0  1.340895e-15
25754.0  3.445471e-16
25764.0  1.049909e-15
25774.0  9.644863e-16
25784.0  6.101966e-16
25794.0  5.826466e-16
25804.0  7.809302e-16
25814.0  5.515488e-16
25824.0  2.310177e-16
25834.0  6.474360e-16
25844.0  2.441808e-16
25854.0  3.753481e-16
25864.0  1.708320e-16
25874.0  3.416060e-16
25884.0  3.056652e-16
25894.0  1.448078e-16
25904.0  4.052955e-17
25914.0  2.076791e-16
25924.0  8.629139e-17
25934.0  1.831399e-16
25944.0  3.421816e-17
25954.0  1.257119e-16
25964.0  1.032844e-16
25974.0  3.040199e-17
25984.0  5.254038e-17
25994.0  5.713272e-17
26004.0  3.887811e-17
