# from http://www.stsci.edu/jwst/instruments/nircam/instrumentdesign/filters
# Retrieved Jan 18, 2017, dated Feb 5, 2016 (pre-flight)
# Uses modA or modB  filters+DBS+QE+OTE (nrc_plus_ote)
# Units of transmission are PCE (photon to electron conversion efficiency)
# 
20004.7  2.268923e-10
20020.7  2.045565e-10
20036.8  1.854583e-10
20052.9  1.692647e-10
20069.0  1.552101e-10
20085.1  1.439268e-10
20101.1  1.343354e-10
20117.2  1.257542e-10
20133.3  1.191407e-10
20149.4  1.137542e-10
20165.5  1.073786e-10
20181.6  1.027163e-10
20197.6  9.734399e-11
20213.7  9.352457e-11
20229.8  8.994114e-11
20245.9  8.543193e-11
20262.0  8.247669e-11
20278.0  7.986637e-11
20294.1  7.748591e-11
20310.2  7.541781e-11
20326.3  7.373164e-11
20342.4  7.144502e-11
20358.4  7.039439e-11
20374.5  6.965768e-11
20390.6  6.933878e-11
20406.7  6.997409e-11
20422.8  7.013281e-11
20438.8  7.055378e-11
20454.9  7.123799e-11
20471.0  7.211848e-11
20487.1  7.376430e-11
20503.2  7.549185e-11
20519.3  7.729476e-11
20535.3  8.038977e-11
20551.4  8.323249e-11
20567.5  8.721224e-11
20583.6  9.129011e-11
20599.7  9.653275e-11
20615.7  1.022531e-10
20631.8  1.084380e-10
20647.9  1.154844e-10
20664.0  1.234706e-10
20680.1  1.322747e-10
20696.1  1.418543e-10
20712.2  1.527430e-10
20728.3  1.666233e-10
20744.4  1.811291e-10
20760.5  1.992051e-10
20776.5  2.190420e-10
20792.6  2.437194e-10
20808.7  2.722397e-10
20824.8  3.036536e-10
20840.9  3.419270e-10
20857.0  3.864225e-10
20873.0  4.382412e-10
20889.1  4.985707e-10
20905.2  5.703036e-10
20921.3  6.546184e-10
20937.4  7.563614e-10
20953.4  8.823686e-10
20969.5  1.025963e-09
20985.6  1.197925e-09
21001.7  1.405840e-09
21017.8  1.640477e-09
21033.8  1.918387e-09
21049.9  2.232485e-09
21066.0  2.564959e-09
21082.1  2.927598e-09
21098.2  3.294779e-09
21114.2  3.652397e-09
21130.3  3.971008e-09
21146.4  4.217951e-09
21162.5  4.415605e-09
21178.6  4.506343e-09
21194.7  4.528972e-09
21210.7  4.492054e-09
21226.8  4.403034e-09
21242.9  4.266874e-09
21259.0  4.130830e-09
21275.1  3.988399e-09
21291.1  3.835884e-09
21307.2  3.696226e-09
21323.3  3.561126e-09
21339.4  3.435293e-09
21355.5  3.325101e-09
21371.5  3.241127e-09
21387.6  3.159665e-09
21403.7  3.095571e-09
21419.8  3.030735e-09
21435.9  2.985601e-09
21451.9  2.942590e-09
21468.0  2.900350e-09
21484.1  2.860187e-09
21500.2  2.824883e-09
21516.3  2.799294e-09
21532.4  2.786373e-09
21548.4  2.781018e-09
21564.5  2.791227e-09
21580.6  2.803306e-09
21596.7  2.831944e-09
21612.8  2.870939e-09
21628.8  2.903998e-09
21644.9  2.948675e-09
21661.0  2.997348e-09
21677.1  3.050419e-09
21693.2  3.109681e-09
21709.2  3.167090e-09
21725.3  3.240790e-09
21741.4  3.318150e-09
21757.5  3.403801e-09
21773.6  3.497212e-09
21789.6  3.602558e-09
21805.7  3.721612e-09
21821.8  3.850765e-09
21837.9  3.998131e-09
21854.0  4.168643e-09
21870.1  4.345683e-09
21886.1  4.544288e-09
21902.2  4.766813e-09
21918.3  5.012503e-09
21934.4  5.280737e-09
21950.5  5.575986e-09
21966.5  5.915462e-09
21982.6  6.297940e-09
21998.7  6.736357e-09
22014.8  7.266914e-09
22030.9  7.868199e-09
22046.9  8.566838e-09
22063.0  9.382766e-09
22079.1  1.034542e-08
22095.2  1.151469e-08
22111.3  1.290813e-08
22127.3  1.460611e-08
22143.4  1.671817e-08
22159.5  1.928916e-08
22175.6  2.255618e-08
22191.7  2.658970e-08
22207.7  3.155417e-08
22223.8  3.747289e-08
22239.9  4.397824e-08
22256.0  5.012891e-08
22272.1  5.523922e-08
22288.2  5.874921e-08
22304.2  6.102483e-08
22320.3  6.268923e-08
22336.4  6.443934e-08
22352.5  6.684025e-08
22368.6  7.020715e-08
22384.6  7.477082e-08
22400.7  8.061641e-08
22416.8  8.833744e-08
22432.9  9.781107e-08
22449.0  1.096429e-07
22465.0  1.240510e-07
22481.1  1.411864e-07
22497.2  1.617023e-07
22513.3  1.857360e-07
22529.4  2.128108e-07
22545.4  2.432784e-07
22561.5  2.764117e-07
22577.6  3.121489e-07
22593.7  3.495871e-07
22609.8  3.888050e-07
22625.9  4.284427e-07
22641.9  4.681245e-07
22658.0  5.070753e-07
22674.1  5.437164e-07
22690.2  5.783104e-07
22706.3  6.105902e-07
22722.3  6.396859e-07
22738.4  6.672901e-07
22754.5  6.934348e-07
22770.6  7.192743e-07
22786.7  7.448420e-07
22802.7  7.721496e-07
22818.8  8.030856e-07
22834.9  8.373213e-07
22851.0  8.760085e-07
22867.1  9.203012e-07
22883.1  9.691214e-07
22899.2  1.025468e-06
22915.3  1.090134e-06
22931.4  1.164362e-06
22947.5  1.251686e-06
22963.6  1.354728e-06
22979.6  1.474778e-06
22995.7  1.618285e-06
23011.8  1.782535e-06
23027.9  1.977395e-06
23044.0  2.207960e-06
23060.0  2.482553e-06
23076.1  2.812474e-06
23092.2  3.204377e-06
23108.3  3.681400e-06
23124.4  4.264929e-06
23140.4  4.971671e-06
23156.5  5.860491e-06
23172.6  6.956148e-06
23188.7  8.281209e-06
23204.8  9.875372e-06
23220.8  1.171324e-05
23236.9  1.378384e-05
23253.0  1.599673e-05
23269.1  1.832794e-05
23285.2  2.067562e-05
23301.3  2.301599e-05
23317.3  2.534958e-05
23333.4  2.757001e-05
23349.5  2.965539e-05
23365.6  3.144229e-05
23381.7  3.292490e-05
23397.7  3.396215e-05
23413.8  3.462502e-05
23429.9  3.496638e-05
23446.0  3.505963e-05
23462.1  3.506547e-05
23478.1  3.507011e-05
23494.2  3.514934e-05
23510.3  3.535907e-05
23526.4  3.571221e-05
23542.5  3.630176e-05
23558.5  3.707479e-05
23574.6  3.804693e-05
23590.7  3.909593e-05
23606.8  4.033275e-05
23622.9  4.156168e-05
23639.0  4.281689e-05
23655.0  4.400611e-05
23671.1  4.513621e-05
23687.2  4.617962e-05
23703.3  4.704614e-05
23719.4  4.771400e-05
23735.4  4.818829e-05
23751.5  4.843383e-05
23767.6  4.843433e-05
23783.7  4.823953e-05
23799.8  4.786795e-05
23815.8  4.740193e-05
23831.9  4.681366e-05
23848.0  4.619629e-05
23864.1  4.557396e-05
23880.2  4.506633e-05
23896.2  4.458091e-05
23912.3  4.418226e-05
23928.4  4.386935e-05
23944.5  4.366430e-05
23960.6  4.353844e-05
23976.7  4.347169e-05
23992.7  4.348700e-05
24008.8  4.355453e-05
24024.9  4.367039e-05
24041.0  4.383471e-05
24057.1  4.401675e-05
24073.1  4.420445e-05
24089.2  4.438263e-05
24105.3  4.459149e-05
24121.4  4.482797e-05
24137.5  4.507488e-05
24153.5  4.529509e-05
24169.6  4.548627e-05
24185.7  4.562620e-05
24201.8  4.565180e-05
24217.9  4.560746e-05
24233.9  4.538528e-05
24250.0  4.502996e-05
24266.1  4.456639e-05
24282.2  4.410421e-05
24298.3  4.366350e-05
24314.4  4.331205e-05
24330.4  4.313531e-05
24346.5  4.313164e-05
24362.6  4.326087e-05
24378.7  4.346856e-05
24394.8  4.375556e-05
24410.8  4.404976e-05
24426.9  4.432141e-05
24443.0  4.457069e-05
24459.1  4.476666e-05
24475.2  4.485585e-05
24491.2  4.486921e-05
24507.3  4.485525e-05
24523.4  4.477911e-05
24539.5  4.464359e-05
24555.6  4.452707e-05
24571.6  4.447899e-05
24587.7  4.451538e-05
24603.8  4.465835e-05
24619.9  4.490171e-05
24636.0  4.526065e-05
24652.0  4.567222e-05
24668.1  4.611294e-05
24684.2  4.651682e-05
24700.3  4.688318e-05
24716.4  4.722921e-05
24732.5  4.756381e-05
24748.5  4.795593e-05
24764.6  4.834409e-05
24780.7  4.884387e-05
24796.8  4.934257e-05
24812.9  4.980922e-05
24828.9  5.018586e-05
24845.0  5.051451e-05
24861.1  5.075295e-05
24877.2  5.084649e-05
24893.3  5.090283e-05
24909.3  5.091924e-05
24925.4  5.103476e-05
24941.5  5.121160e-05
24957.6  9.391484e-05
24973.7  1.362499e-04
24989.7  1.779795e-04
24997.8  2.194264e-04
25011.3  2.595124e-04
25024.8  2.992152e-04
25038.3  3.375914e-04
25051.8  3.744505e-04
25065.3  3.679204e-04
25078.9  3.606589e-04
25092.4  3.529877e-04
25105.9  3.438132e-04
25119.4  3.349759e-04
25132.9  3.246039e-04
25146.4  3.140600e-04
25159.9  3.040265e-04
25173.4  2.933961e-04
25187.0  2.820946e-04
25200.5  2.706106e-04
25214.0  2.597922e-04
25227.5  2.481468e-04
25241.0  2.368297e-04
25254.5  2.254158e-04
25268.0  2.133600e-04
25281.5  2.020040e-04
25295.1  1.909354e-04
25308.6  1.797212e-04
25322.1  1.683123e-04
25335.6  1.574930e-04
25349.1  1.465834e-04
25362.6  1.361571e-04
25376.1  1.257969e-04
25389.6  1.155850e-04
25403.2  1.058934e-04
25416.7  9.716008e-05
25430.2  8.869160e-05
25443.7  8.019605e-05
25457.2  7.211192e-05
25470.7  6.520907e-05
25484.2  5.937957e-05
25497.7  5.302267e-05
25511.2  4.720376e-05
25524.8  4.111116e-05
25538.3  3.628562e-05
25551.8  3.248753e-05
25565.3  2.938706e-05
25578.8  2.481622e-05
25592.3  2.066330e-05
25605.8  1.837512e-05
25619.3  1.639738e-05
25632.9  1.482831e-05
25646.4  1.334598e-05
25659.9  1.158461e-05
25673.4  9.969658e-06
25686.9  9.738356e-06
25700.4  9.264118e-06
25713.9  7.895799e-06
25727.4  6.992279e-06
25741.0  6.063165e-06
25754.5  4.947800e-06
25768.0  4.204002e-06
25781.5  4.032995e-06
25795.0  3.399850e-06
25808.5  3.225234e-06
25822.0  3.440851e-06
25835.5  2.914170e-06
25849.1  2.624374e-06
25862.6  2.561764e-06
25876.1  2.555864e-06
25889.6  2.053567e-06
25903.1  2.244407e-06
25916.6  2.217806e-06
25930.1  1.825648e-06
25943.6  1.901201e-06
25957.2  1.862130e-06
25970.7  1.655947e-06
25984.2  1.455832e-06
25997.7  1.467478e-06
26011.2  1.466781e-06
26024.7  1.261220e-06
26038.2  1.526423e-06
26051.7  1.995932e-06
26065.3  2.234063e-06
26078.8  2.309030e-06
26092.3  2.647055e-06
26105.8  3.080824e-06
26119.3  2.776049e-06
26132.8  2.581512e-06
26146.3  2.582412e-06
26159.8  2.121671e-06
26173.4  1.896735e-06
26186.9  1.748877e-06
26200.4  1.334818e-06
26213.9  8.800509e-07
26227.4  8.719743e-07
26240.9  8.586847e-07
26254.4  5.257807e-07
26267.9  8.427180e-07
26281.5  1.099979e-06
26295.0  1.338788e-06
26308.5  1.741863e-06
26322.0  2.113177e-06
26335.5  2.500864e-06
26349.0  2.884723e-06
26362.5  2.920184e-06
26376.0  2.525048e-06
26389.5  2.587032e-06
26403.1  2.654568e-06
26416.6  2.235845e-06
26430.1  1.795390e-06
26443.6  1.578639e-06
26457.1  1.198077e-06
26470.6  1.221250e-06
26484.1  1.419612e-06
26497.6  1.101200e-06
26511.2  9.270542e-07
26524.7  9.563002e-07
26538.2  1.083227e-06
26551.7  1.206057e-06
26565.2  1.359928e-06
26578.7  1.652005e-06
26592.2  1.652114e-06
26605.7  1.900748e-06
26619.3  2.086631e-06
26632.8  2.616299e-06
26646.3  2.671398e-06
26659.8  2.255258e-06
26673.3  2.122721e-06
26686.8  1.754858e-06
26700.3  1.462285e-06
26713.8  1.259742e-06
26727.4  1.482690e-06
26740.9  9.291469e-07
26754.4  7.179367e-07
26767.9  7.176828e-07
26781.4  7.642559e-07
26794.9  9.137320e-07
26808.4  1.230992e-06
26821.9  1.167688e-06
26835.5  6.020026e-07
26849.0  5.781893e-07
26862.5  6.133629e-07
26876.0  6.138959e-07
26889.5  6.034745e-07
26903.0  4.970998e-07
26916.5  1.722315e-07
26930.0  1.813895e-07
26943.6  1.814060e-07
26957.1  1.645366e-07
26970.6  4.430378e-07
26984.1  4.802212e-07
26997.6  4.215269e-07
27011.1  4.119057e-07
27024.6  7.175044e-07
27038.1  1.300391e-06
27051.7  1.359242e-06
27065.2  1.364579e-06
27078.7  1.342337e-06
27092.2  1.515313e-06
27105.7  1.517176e-06
27119.2  1.579166e-06
27132.7  1.268354e-06
27146.2  7.183110e-07
27159.8  6.610313e-07
27173.3  8.120521e-07
27186.8  6.260035e-07
27200.3  6.039578e-07
27213.8  7.315140e-07
27227.3  6.282831e-07
27240.8  6.280104e-07
27254.3  7.519319e-07
27267.9  8.903459e-07
27281.4  7.341955e-07
27294.9  7.115944e-07
27308.4  5.247893e-07
27321.9  4.001587e-07
27335.4  4.307517e-07
27348.9  7.495459e-07
27362.4  7.206507e-07
27375.9  7.561692e-07
27389.5  7.565936e-07
27403.0  7.019871e-07
27416.5  7.017757e-07
27430.0  6.982966e-07
27443.5  7.372776e-07
27457.0  4.175198e-07
27470.5  2.781365e-07
27484.0  1.090898e-07
27497.6  1.086405e-07
27511.1  8.423969e-08
27524.6  3.815206e-07
27538.1  5.753643e-07
27551.6  7.236316e-07
27565.1  8.053987e-07
27578.6  8.052214e-07
27592.1  8.148663e-07
27605.7  9.024545e-07
27619.2  8.970146e-07
27632.7  5.998436e-07
27646.2  4.060348e-07
27659.7  2.616264e-07
27673.2  1.794448e-07
27686.7  1.911963e-07
27700.2  3.297788e-07
27713.8  3.654667e-07
27727.3  3.660898e-07
27740.8  5.211012e-07
27754.3  5.257997e-07
27767.8  4.529077e-07
27781.3  4.845906e-07
27794.8  7.158281e-07
27808.3  8.373938e-07
27821.9  7.147538e-07
27835.4  7.163949e-07
27848.9  7.348918e-07
27862.4  1.107254e-06
27875.9  1.319783e-06
27889.4  1.289970e-06
27902.9  1.048188e-06
27916.4  9.616564e-07
27930.0  1.188942e-06
27943.5  1.189210e-06
27957.0  1.017775e-06
27970.5  6.801224e-07
27984.0  5.630830e-07
27997.5  6.781520e-07
28011.0  6.841011e-07
28024.5  5.554221e-07
28038.1  4.792297e-07
28051.6  5.850326e-07
28065.1  6.628069e-07
28078.6  8.344151e-07
28092.1  8.495785e-07
28105.6  7.618855e-07
28119.1  7.553657e-07
28132.6  8.103996e-07
28146.2  7.836460e-07
28159.7  7.734439e-07
28173.2  7.183319e-07
28186.7  5.100443e-07
28200.2  3.988837e-07
28213.7  4.234010e-07
28227.2  7.472845e-07
28240.7  6.351090e-07
28254.2  5.119174e-07
28267.8  6.763530e-07
28281.3  7.310947e-07
28294.8  8.492274e-07
28308.3  9.012191e-07
28321.8  8.476047e-07
28335.3  7.565649e-07
28348.8  9.337800e-07
28362.3  9.526680e-07
28375.9  6.902101e-07
28389.4  6.106533e-07
28402.9  4.922416e-07
28416.4  4.402030e-07
28429.9  5.213981e-07
28443.4  2.908431e-07
28456.9  1.104125e-07
28470.4  3.220352e-07
28484.0  5.806048e-07
28497.5  5.828503e-07
28511.0  5.797630e-07
28524.5  5.790758e-07
28538.0  5.057203e-07
28551.5  6.889463e-07
28565.0  7.453065e-07
28578.5  5.138091e-07
28592.1  2.585102e-07
28605.6  3.345610e-07
28619.1  3.341689e-07
28632.6  4.530859e-07
28646.1  5.988062e-07
28659.6  4.660401e-07
28673.1  4.090019e-07
28686.6  5.488991e-07
28700.2  7.130253e-07
28713.7  8.417737e-07
28727.2  9.602500e-07
28740.7  8.411211e-07
28754.2  6.872445e-07
28767.7  7.630652e-07
28781.2  9.898489e-07
28794.7  9.298915e-07
28808.3  9.379921e-07
28821.8  9.593460e-07
28835.3  1.071001e-06
28848.8  1.071349e-06
28862.3  1.069702e-06
28875.8  9.430153e-07
28889.3  7.165191e-07
28902.8  6.363318e-07
28916.4  4.629187e-07
28929.9  3.208481e-07
28943.4  9.284646e-08
28956.9  9.212417e-08
28970.4  1.140602e-07
28983.9  2.348971e-07
28997.4  2.822289e-07
29010.9  2.820777e-07
29024.5  2.816889e-07
29038.0  2.075894e-07
29051.5  3.325810e-07
29065.0  5.274656e-07
29078.5  7.006873e-07
29092.0  7.183729e-07
29105.5  6.702266e-07
29119.0  6.693704e-07
29132.5  6.688463e-07
29146.1  6.574596e-07
29159.6  7.036642e-07
29173.1  6.667441e-07
29186.6  5.549754e-07
29200.1  4.850713e-07
29213.6  7.176354e-07
29227.1  9.317967e-07
29240.6  1.067439e-06
29254.2  1.221346e-06
29267.7  1.049226e-06
29281.2  8.979388e-07
29294.7  9.604934e-07
29308.2  1.062613e-06
29321.7  1.236739e-06
29335.2  1.251711e-06
29348.7  1.136923e-06
29362.3  1.220403e-06
29375.8  1.343716e-06
29389.3  1.334920e-06
29402.8  1.188992e-06
29416.3  1.018705e-06
29429.8  6.209674e-07
29443.3  5.402894e-07
29456.8  7.045208e-07
29470.4  6.291964e-07
29483.9  5.035246e-07
29497.4  5.028589e-07
29510.9  5.027463e-07
29524.4  5.021662e-07
29537.9  4.968766e-07
29551.4  3.978146e-07
29564.9  4.378083e-07
29578.5  4.421185e-07
29592.0  4.418348e-07
29605.5  4.412242e-07
29619.0  4.404562e-07
29632.5  4.785575e-07
29646.0  5.159242e-07
29659.5  4.813523e-07
29673.0  3.312507e-07
29686.6  2.215400e-07
29700.1  2.233282e-07
29713.6  2.232303e-07
29727.1  4.320503e-07
29740.6  7.877383e-07
29754.1  9.579970e-07
29767.6  1.032123e-06
29781.1  9.575716e-07
29794.7  9.025916e-07
29808.2  8.992352e-07
29821.7  8.979940e-07
29835.2  6.889461e-07
29848.7  2.956457e-07
29862.2  9.119859e-08
29875.7  3.033570e-07
29889.2  7.159915e-07
29902.8  7.790942e-07
29916.3  7.852883e-07
29929.8  8.019833e-07
29943.3  8.173060e-07
29956.8  8.166908e-07
29970.3  8.215222e-07
29983.8  5.748106e-07
29997.3  2.226119e-07
30010.9  3.079865e-07
30024.4  4.931337e-07
30037.9  7.003209e-07
30051.4  7.249323e-07
30064.9  7.459862e-07
30078.4  7.996942e-07
30091.9  7.966228e-07
30105.4  7.376712e-07
30118.9  6.086925e-07
30132.5  5.031257e-07
30146.0  2.797596e-07
30159.5  2.411125e-07
30173.0  2.811626e-07
30186.5  2.772241e-07
30200.0  2.625659e-07
30213.5  4.107632e-07
30227.0  5.688452e-07
30240.6  4.842528e-07
30254.1  4.839672e-07
30267.6  6.668940e-07
30281.1  9.098165e-07
30294.6  1.340258e-06
30308.1  1.645417e-06
30321.6  1.734163e-06
30335.1  1.629723e-06
30348.7  1.770423e-06
30362.2  2.056920e-06
30375.7  2.125452e-06
30389.2  2.119015e-06
30402.7  1.648278e-06
30416.2  1.423397e-06
30429.7  1.617122e-06
30443.2  1.867227e-06
30456.8  2.100724e-06
30470.3  2.077978e-06
30483.8  2.136616e-06
30497.3  2.227467e-06
30510.8  2.481110e-06
30524.3  2.724068e-06
30537.8  2.844475e-06
30551.3  2.884312e-06
30564.9  2.722201e-06
30578.4  2.703508e-06
30591.9  2.646698e-06
30605.4  2.424238e-06
30618.9  2.535634e-06
30632.4  2.691324e-06
30645.9  2.310058e-06
30659.4  2.053902e-06
30673.0  2.013003e-06
30686.5  2.054671e-06
30700.0  2.228797e-06
30713.5  2.242838e-06
30727.0  2.105137e-06
30740.5  2.049787e-06
30754.0  2.279403e-06
30767.5  2.514233e-06
30781.1  2.670238e-06
30794.6  2.598254e-06
30808.1  2.350360e-06
30821.6  2.305856e-06
30835.1  2.110844e-06
30848.6  1.716186e-06
30862.1  1.347580e-06
30875.6  1.273889e-06
30889.2  1.322586e-06
30902.7  1.902262e-06
30916.2  2.603355e-06
30929.7  3.096298e-06
30943.2  3.675448e-06
30956.7  4.065766e-06
30970.2  4.419920e-06
30983.7  4.412272e-06
30997.2  4.461978e-06
31010.8  3.973510e-06
31024.3  3.362010e-06
31037.8  2.959752e-06
31051.3  2.662174e-06
31064.8  2.810642e-06
31078.3  2.783125e-06
31091.8  2.785598e-06
31105.3  2.716650e-06
31118.9  2.848234e-06
31132.4  2.919204e-06
31145.9  2.823999e-06
31159.4  2.695084e-06
31172.9  2.451998e-06
31186.4  2.586480e-06
31199.9  2.900348e-06
31213.4  3.146781e-06
31227.0  3.517379e-06
31240.5  4.105741e-06
31254.0  4.803024e-06
31267.5  5.571020e-06
31281.0  6.105186e-06
31294.5  6.306953e-06
31308.0  6.494047e-06
31321.5  6.738733e-06
31335.1  6.867188e-06
31348.6  7.021880e-06
31362.1  7.128470e-06
31375.6  7.252091e-06
31389.1  7.685065e-06
31402.6  8.209022e-06
31416.1  8.494929e-06
31429.6  8.697701e-06
31443.2  8.605355e-06
31456.7  8.408460e-06
31470.2  8.445804e-06
31483.7  8.191366e-06
31497.2  7.355104e-06
31510.7  6.811556e-06
31524.2  6.856976e-06
31537.7  7.032518e-06
31551.3  6.976050e-06
31564.8  6.703497e-06
31578.3  6.448472e-06
31591.8  6.407506e-06
31605.3  6.845745e-06
31618.8  7.155874e-06
31632.3  6.669860e-06
31645.8  5.731819e-06
31659.4  5.308787e-06
31672.9  4.952187e-06
31686.4  4.531453e-06
31699.9  4.022672e-06
31713.4  3.350747e-06
31726.9  2.616592e-06
31740.4  2.225813e-06
31753.9  1.936503e-06
31767.5  1.563321e-06
31781.0  1.299721e-06
31794.5  1.007848e-06
31808.0  8.158722e-07
31821.5  7.605686e-07
31835.0  5.239240e-07
31848.5  3.060673e-07
31862.0  4.545928e-07
31875.5  8.972391e-07
31889.1  1.274768e-06
31902.6  1.625018e-06
31916.1  1.984837e-06
31929.6  2.408238e-06
31943.1  2.819435e-06
31956.6  3.117909e-06
31970.1  3.335857e-06
31983.6  3.530040e-06
31997.2  3.807729e-06
32010.7  3.887648e-06
32024.2  3.996238e-06
32037.7  4.150870e-06
32051.2  4.779614e-06
32064.7  5.124064e-06
32078.2  5.267915e-06
32091.7  5.205106e-06
32105.3  4.972282e-06
32118.8  4.842819e-06
32132.3  4.809282e-06
32145.8  4.487950e-06
32159.3  3.810564e-06
32172.8  3.587258e-06
32186.3  3.394320e-06
32199.8  3.142071e-06
32213.4  3.086042e-06
32226.9  3.250955e-06
32240.4  3.020445e-06
32253.9  2.988759e-06
32267.4  3.140661e-06
32280.9  3.115913e-06
32294.4  3.103889e-06
32307.9  3.246827e-06
32321.5  3.279013e-06
32335.0  3.125080e-06
32348.5  3.181012e-06
32362.0  3.106797e-06
32375.5  2.956240e-06
32389.0  3.208194e-06
32402.5  3.689961e-06
32416.0  3.796099e-06
32429.6  4.222081e-06
32443.1  4.833839e-06
32456.6  5.424150e-06
32470.1  5.802714e-06
32483.6  6.135259e-06
32497.1  6.153566e-06
32510.6  5.781799e-06
32524.1  5.554683e-06
32537.7  5.243267e-06
32551.2  4.936204e-06
32564.7  4.375833e-06
32578.2  3.969823e-06
32591.7  3.793946e-06
32605.2  4.309761e-06
32618.7  5.355622e-06
32632.2  6.263690e-06
32645.8  6.499052e-06
32659.3  6.541490e-06
32672.8  6.803071e-06
32686.3  7.287084e-06
32699.8  7.721447e-06
32713.3  7.528821e-06
32726.8  6.966343e-06
32740.3  6.325206e-06
32753.9  6.303147e-06
32767.4  6.781149e-06
32780.9  7.427086e-06
32794.4  7.591750e-06
32807.9  7.566599e-06
32821.4  7.506723e-06
32834.9  7.867135e-06
32848.4  8.391900e-06
32861.9  8.265846e-06
32875.5  7.848513e-06
32889.0  7.530409e-06
32902.5  7.430466e-06
32916.0  7.122873e-06
32929.5  6.966186e-06
32943.0  6.378615e-06
32956.5  5.605486e-06
32970.0  5.293701e-06
32983.6  5.049098e-06
32997.1  4.938875e-06
33010.6  4.829421e-06
33024.1  4.788335e-06
33037.6  4.451109e-06
33051.1  4.453393e-06
33064.6  4.851973e-06
33078.1  5.256466e-06
33091.7  5.493712e-06
33105.2  5.491736e-06
33118.7  5.652562e-06
33132.2  5.782207e-06
33145.7  6.031014e-06
33159.2  5.967917e-06
33172.7  5.847220e-06
33186.2  5.803403e-06
33199.8  5.682474e-06
33213.3  5.237499e-06
33226.8  4.599317e-06
33240.3  4.502730e-06
33253.8  4.548932e-06
33267.3  4.363348e-06
33280.8  4.047402e-06
33294.3  4.011969e-06
33307.9  4.308809e-06
33321.4  4.731376e-06
33334.9  5.549564e-06
33348.4  6.225327e-06
33361.9  6.449730e-06
33375.4  6.755930e-06
33388.9  6.954392e-06
33402.4  7.216385e-06
33416.0  7.351227e-06
33429.5  7.399276e-06
33443.0  7.002341e-06
33456.5  6.468162e-06
33470.0  6.373210e-06
33483.5  6.748370e-06
33497.0  7.386658e-06
33510.5  7.420673e-06
33524.1  7.151422e-06
33537.6  7.294490e-06
33551.1  7.763154e-06
33564.6  8.286441e-06
33578.1  8.939667e-06
33591.6  9.175384e-06
33605.1  9.409210e-06
33618.6  9.895971e-06
33632.2  1.028951e-05
33645.7  1.044557e-05
33659.2  1.062468e-05
33672.7  1.067618e-05
33686.2  1.043026e-05
33699.7  1.066178e-05
33713.2  1.121205e-05
33726.7  1.206797e-05
33740.2  1.270607e-05
33753.8  1.241590e-05
33767.3  1.205227e-05
33780.8  1.223200e-05
33794.3  1.273169e-05
33807.8  1.283173e-05
33821.3  1.270914e-05
33834.8  1.245419e-05
33848.3  1.228445e-05
33861.9  1.324578e-05
33875.4  1.431631e-05
33888.9  1.499431e-05
33902.4  1.520349e-05
33915.9  1.512658e-05
33929.4  1.519296e-05
33942.9  1.509181e-05
33956.4  1.537534e-05
33970.0  1.541014e-05
33983.5  1.525715e-05
33997.0  1.472927e-05
34010.5  1.436126e-05
34024.0  1.470956e-05
34037.5  1.490220e-05
34051.0  1.509508e-05
34064.5  1.514409e-05
34078.1  1.507132e-05
34091.6  1.518609e-05
34105.1  1.533270e-05
34118.6  1.516845e-05
34132.1  1.450503e-05
34145.6  1.404124e-05
34159.1  1.358337e-05
34172.6  1.323160e-05
34186.2  1.338219e-05
34199.7  1.329771e-05
34213.2  1.312084e-05
34226.7  1.277599e-05
34240.2  1.251964e-05
34253.7  1.247236e-05
34267.2  1.297418e-05
34280.7  1.343175e-05
34294.3  1.320275e-05
34307.8  1.273788e-05
34321.3  1.268510e-05
34334.8  1.333483e-05
34348.3  1.399778e-05
34361.8  1.390589e-05
34375.3  1.331617e-05
34388.8  1.286037e-05
34402.4  1.251960e-05
34415.9  1.210662e-05
34429.4  1.130022e-05
34442.9  1.051375e-05
34456.4  9.948495e-06
34469.9  9.555054e-06
34483.4  9.083993e-06
34496.9  8.725159e-06
34510.5  8.648422e-06
34524.0  8.710580e-06
34537.5  9.065876e-06
34551.0  9.620268e-06
34564.5  1.017892e-05
34578.0  1.084963e-05
34591.5  1.124396e-05
34605.0  1.155979e-05
34618.5  1.208444e-05
34632.1  1.263680e-05
34645.6  1.285528e-05
34659.1  1.233341e-05
34672.6  1.157767e-05
34686.1  1.092515e-05
34699.6  1.056061e-05
34713.1  1.016641e-05
34726.6  9.510145e-06
34740.2  9.395597e-06
34753.7  9.601473e-06
34767.2  9.993088e-06
34780.7  1.029077e-05
34794.2  1.037083e-05
34807.7  1.074767e-05
34821.2  1.103907e-05
34834.7  1.118151e-05
34848.3  1.136487e-05
34861.8  1.170201e-05
34875.3  1.211534e-05
34888.8  1.242581e-05
34902.3  1.256652e-05
34915.8  1.266454e-05
34929.3  1.298884e-05
34942.8  1.318849e-05
34956.4  1.228213e-05
34969.9  1.115259e-05
34983.4  1.018533e-05
34996.9  9.771655e-06
35010.4  9.659166e-06
35023.9  9.443692e-06
35037.4  9.100172e-06
35050.9  9.147033e-06
35064.5  9.503018e-06
35078.0  1.019072e-05
35091.5  1.080339e-05
35105.0  1.074885e-05
35118.5  1.035369e-05
35132.0  9.767497e-06
35145.5  9.191588e-06
35159.0  8.583942e-06
35172.6  8.503808e-06
35186.1  8.718488e-06
35199.6  9.041357e-06
35213.1  9.322301e-06
35226.6  9.727425e-06
35240.1  9.972883e-06
35253.6  1.000354e-05
35267.1  9.984217e-06
35280.7  1.015929e-05
35294.2  1.011830e-05
35307.7  9.945302e-06
35321.2  1.026148e-05
35334.7  1.078869e-05
35348.2  1.135292e-05
35361.7  1.187097e-05
35375.2  1.237497e-05
35388.8  1.282549e-05
35402.3  1.328443e-05
35415.8  1.376300e-05
35429.3  1.384133e-05
35442.8  1.372107e-05
35456.3  1.384351e-05
35469.8  1.416172e-05
35483.3  1.443534e-05
35496.8  1.461862e-05
35510.4  1.442321e-05
35523.9  1.406157e-05
35537.4  1.391651e-05
35550.9  1.395378e-05
35564.4  1.397881e-05
35577.9  1.386649e-05
35591.4  1.370644e-05
35604.9  1.378788e-05
35618.5  1.408368e-05
35632.0  1.432924e-05
35645.5  1.438159e-05
35659.0  1.450777e-05
35672.5  1.511130e-05
35686.0  1.609747e-05
35699.5  1.704248e-05
35713.0  1.762132e-05
35726.6  1.804496e-05
35740.1  1.871972e-05
35753.6  1.955578e-05
35767.1  2.007982e-05
35780.6  2.022886e-05
35794.1  2.035087e-05
35807.6  2.064864e-05
35821.1  2.087946e-05
35834.7  2.096218e-05
35848.2  2.099111e-05
35861.7  2.102129e-05
35875.2  2.118112e-05
35888.7  2.137198e-05
35902.2  2.135918e-05
35915.7  2.131877e-05
35929.2  2.152293e-05
35942.8  2.179363e-05
35956.3  2.193361e-05
35969.8  2.218464e-05
35983.3  2.266937e-05
35996.8  2.300460e-05
36010.3  2.309543e-05
36023.8  2.308038e-05
36037.3  2.300978e-05
36050.9  2.299389e-05
36064.4  2.312144e-05
36077.9  2.323674e-05
36091.4  2.333112e-05
36104.9  2.352796e-05
36118.4  2.384031e-05
36131.9  2.425411e-05
36145.4  2.462657e-05
36159.0  2.490881e-05
36172.5  2.525677e-05
36186.0  2.551672e-05
36199.5  2.548440e-05
36213.0  2.551790e-05
36226.5  2.591849e-05
36240.0  2.630408e-05
36253.5  2.671064e-05
36267.1  2.737330e-05
36280.6  2.814976e-05
36294.1  2.887649e-05
36307.6  2.944667e-05
36321.1  2.973203e-05
36334.6  2.989699e-05
36348.1  3.021496e-05
36361.6  3.064949e-05
36375.2  3.102861e-05
36388.7  3.118852e-05
36402.2  3.132250e-05
36415.7  3.174332e-05
36429.2  3.248973e-05
36442.7  3.332332e-05
36456.2  3.388794e-05
36469.7  3.423988e-05
36483.2  3.445120e-05
36496.8  3.446356e-05
36510.3  3.465111e-05
36523.8  3.509330e-05
36537.3  3.537725e-05
36550.8  3.561408e-05
36564.3  3.607087e-05
36577.8  3.660317e-05
36591.3  3.728665e-05
36604.9  3.812246e-05
36618.4  3.874074e-05
36631.9  3.916621e-05
36645.4  3.953961e-05
36658.9  3.998312e-05
36672.4  4.060559e-05
36685.9  4.121763e-05
36699.4  4.179857e-05
36713.0  4.241602e-05
36726.5  4.325424e-05
36740.0  4.440731e-05
36753.5  4.560882e-05
36767.0  4.658227e-05
36780.5  4.738903e-05
36794.0  4.816124e-05
36807.5  4.915297e-05
36821.1  5.031318e-05
36834.6  5.120657e-05
36848.1  5.180815e-05
36861.6  5.228338e-05
36875.1  5.271756e-05
36888.6  5.335132e-05
36902.1  5.410941e-05
36915.6  5.474725e-05
36929.2  5.554975e-05
36942.7  5.664602e-05
36956.2  5.779010e-05
36969.7  5.929508e-05
36983.2  6.100628e-05
36996.7  6.262972e-05
37010.2  6.437849e-05
37023.7  6.633779e-05
37037.3  6.874320e-05
37050.8  7.123505e-05
37064.3  7.363210e-05
37077.8  7.612471e-05
37091.3  7.913934e-05
37104.8  8.274436e-05
37118.3  8.661370e-05
37131.8  9.066143e-05
37145.4  9.499754e-05
37158.9  1.002844e-04
37172.4  1.065339e-04
37185.9  1.135776e-04
37199.4  1.210125e-04
37212.9  1.287468e-04
37226.4  1.374484e-04
37239.9  1.471817e-04
37253.5  1.572790e-04
37267.0  1.675892e-04
37280.5  1.781544e-04
37294.0  1.892411e-04
37307.5  2.015390e-04
37321.0  2.149136e-04
37334.5  2.287442e-04
37348.0  2.429447e-04
37361.5  2.578917e-04
37375.1  2.735925e-04
37388.6  2.909088e-04
37402.1  3.092134e-04
37415.6  3.282525e-04
37429.1  3.482403e-04
37442.6  3.697370e-04
37456.1  3.931012e-04
37469.6  4.186806e-04
37483.2  4.459146e-04
37496.7  4.748303e-04
37510.2  5.061144e-04
37523.7  5.395345e-04
37537.2  5.747701e-04
37550.7  6.119244e-04
37564.2  6.510406e-04
37577.7  6.926379e-04
37591.3  7.370243e-04
37604.8  7.836467e-04
37618.3  8.324419e-04
37631.8  8.839529e-04
37645.3  9.385532e-04
37658.8  9.965580e-04
37672.3  1.057871e-03
37685.8  1.122253e-03
37699.4  1.190053e-03
37712.9  1.261454e-03
37726.4  1.336476e-03
37739.9  1.415537e-03
37753.4  1.498679e-03
37766.9  1.587084e-03
37780.4  1.679376e-03
37793.9  1.775637e-03
37807.5  1.876570e-03
37821.0  1.983055e-03
37834.5  2.095252e-03
37848.0  2.212757e-03
37861.5  2.336103e-03
37875.0  2.465913e-03
37888.5  2.602440e-03
37902.0  2.746352e-03
37915.6  2.897527e-03
37929.1  3.056565e-03
37942.6  3.224196e-03
37956.1  3.401394e-03
37969.6  3.588902e-03
37983.1  3.787246e-03
37996.6  3.996446e-03
38010.1  4.218123e-03
38023.7  4.453461e-03
38037.2  4.703526e-03
38050.7  4.969310e-03
38064.2  5.251750e-03
38077.7  5.551785e-03
38091.2  5.871434e-03
38104.7  6.212853e-03
38118.2  6.576825e-03
38131.8  6.965032e-03
38145.3  7.379737e-03
38158.8  7.823540e-03
38172.3  8.301549e-03
38185.8  8.820250e-03
38199.3  9.368809e-03
38212.8  9.958018e-03
38226.3  1.059246e-02
38239.8  1.127670e-02
38253.4  1.201482e-02
38266.9  1.281111e-02
38280.4  1.367015e-02
38293.9  1.459769e-02
38307.4  1.560069e-02
38320.9  1.668596e-02
38334.4  1.786074e-02
38347.9  1.913331e-02
38361.5  2.051286e-02
38375.0  2.200957e-02
38388.5  2.365695e-02
38402.0  2.542793e-02
38415.5  2.734712e-02
38429.0  2.943231e-02
38442.5  3.169816e-02
38456.0  3.416021e-02
38469.6  3.683538e-02
38483.1  3.974172e-02
38496.6  4.289847e-02
38510.1  4.632546e-02
38523.6  5.004445e-02
38537.1  5.407849e-02
38550.6  5.845044e-02
38564.1  6.318356e-02
38577.7  6.836182e-02
38591.2  7.391131e-02
38604.7  7.987209e-02
38618.2  8.628474e-02
38631.7  9.316717e-02
38645.2  1.005356e-01
38658.7  1.084037e-01
38672.2  1.167803e-01
38685.8  1.256687e-01
38699.3  1.350685e-01
38712.8  1.449673e-01
38726.3  1.553501e-01
38739.8  1.661939e-01
38753.3  1.774660e-01
38766.8  1.891233e-01
38780.3  2.011184e-01
38793.9  2.133897e-01
38807.4  2.258758e-01
38820.9  2.385111e-01
38834.4  2.512223e-01
38847.9  2.639340e-01
38861.4  2.765740e-01
38874.9  2.890728e-01
38888.4  3.013604e-01
38902.0  3.133799e-01
38915.5  3.250751e-01
38929.0  3.363963e-01
38942.5  3.473042e-01
38956.0  3.577716e-01
38969.5  3.677664e-01
38983.0  3.777080e-01
38996.5  3.867340e-01
39010.1  3.952608e-01
39023.6  4.032966e-01
39037.1  4.108583e-01
39050.6  4.179595e-01
39064.1  4.246135e-01
39077.6  4.308501e-01
39091.1  4.366921e-01
39104.6  4.421595e-01
39118.2  4.472830e-01
39131.7  4.520740e-01
39145.2  4.568077e-01
39158.7  4.612323e-01
39172.2  4.651367e-01
39185.7  4.687791e-01
39199.2  4.721761e-01
39212.7  4.753484e-01
39226.2  4.783024e-01
39239.8  4.810522e-01
39253.3  4.836188e-01
39266.8  4.860067e-01
39280.3  4.882230e-01
39293.8  4.902820e-01
39307.3  4.921823e-01
39320.8  4.939315e-01
39334.3  4.955467e-01
39347.9  4.970348e-01
39361.4  4.983979e-01
39374.9  4.999284e-01
39388.4  5.013702e-01
39401.9  5.024231e-01
39415.4  5.034444e-01
39428.9  5.043827e-01
39442.4  5.052370e-01
39456.0  5.060152e-01
39469.5  5.067260e-01
39483.0  5.073712e-01
39496.5  5.079551e-01
39510.0  5.084292e-01
39523.5  5.088358e-01
39537.0  5.091948e-01
39550.5  5.095197e-01
39564.1  5.098129e-01
39577.6  5.100749e-01
39591.1  5.103147e-01
39604.6  5.105384e-01
39618.1  5.107458e-01
39631.6  5.109357e-01
39645.1  5.111168e-01
39658.6  5.112851e-01
39672.2  5.114432e-01
39685.7  5.116004e-01
39699.2  5.122728e-01
39712.7  5.124784e-01
39726.2  5.126394e-01
39739.7  5.128027e-01
39753.2  5.129649e-01
39766.7  5.131303e-01
39780.3  5.138918e-01
39793.8  5.140583e-01
39807.3  5.142194e-01
39820.8  5.143785e-01
39834.3  5.145360e-01
39847.8  5.146927e-01
39861.3  5.148522e-01
39874.8  5.150124e-01
39888.4  5.151692e-01
39901.9  5.153312e-01
39915.4  5.154940e-01
39928.9  5.156526e-01
39942.4  5.158125e-01
39955.9  5.159734e-01
39969.4  5.161308e-01
39982.9  5.162840e-01
39996.5  5.164374e-01
40010.0  5.165775e-01
40023.5  5.167087e-01
40037.0  5.168418e-01
40050.5  5.169721e-01
40064.0  5.170976e-01
40077.5  5.172216e-01
40091.0  5.173455e-01
40104.5  5.174869e-01
40118.1  5.176718e-01
40131.6  5.178585e-01
40145.1  5.180388e-01
40158.6  5.182149e-01
40172.1  5.183901e-01
40185.6  5.188981e-01
40199.1  5.193266e-01
40212.6  5.200088e-01
40226.2  5.201134e-01
40239.7  5.202139e-01
40253.2  5.203169e-01
40266.7  5.204227e-01
40280.2  5.205277e-01
40293.7  5.206307e-01
40307.2  5.207353e-01
40320.7  5.208380e-01
40334.3  5.209369e-01
40347.8  5.210392e-01
40361.3  5.211425e-01
40374.8  5.212447e-01
40388.3  5.213483e-01
40401.8  5.214678e-01
40415.3  5.216489e-01
40428.8  5.218300e-01
40442.4  5.220172e-01
40455.9  5.222050e-01
40469.4  5.223917e-01
40482.9  5.225801e-01
40496.4  5.227717e-01
40509.9  5.229055e-01
40523.4  5.230205e-01
40536.9  5.231383e-01
40550.5  5.232538e-01
40564.0  5.233677e-01
40577.5  5.234836e-01
40591.0  5.236014e-01
40604.5  5.239853e-01
40618.0  5.244316e-01
40631.5  5.245473e-01
40645.0  5.246578e-01
40658.6  5.247636e-01
40672.1  5.248687e-01
40685.6  5.249697e-01
40699.1  5.250612e-01
40712.6  5.252187e-01
40726.1  5.257338e-01
40739.6  5.261142e-01
40753.1  5.262658e-01
40766.7  5.264190e-01
40780.2  5.265668e-01
40793.7  5.267097e-01
40807.2  5.268155e-01
40820.7  5.268845e-01
40834.2  5.269451e-01
40847.7  5.270001e-01
40861.2  5.270550e-01
40874.8  5.271030e-01
40888.3  5.271487e-01
40901.8  5.271955e-01
40915.3  5.272406e-01
40928.8  5.272814e-01
40942.3  5.273235e-01
40955.8  5.273692e-01
40969.3  5.274111e-01
40982.8  5.274533e-01
40996.4  5.274970e-01
41009.9  5.274901e-01
41023.4  5.274596e-01
41036.9  5.278492e-01
41050.4  5.280110e-01
41063.9  5.279839e-01
41077.4  5.279583e-01
41090.9  5.279383e-01
41104.5  5.279417e-01
41118.0  5.279873e-01
41131.5  5.280393e-01
41145.0  5.280939e-01
41158.5  5.281484e-01
41172.0  5.282029e-01
41185.5  5.285866e-01
41199.0  5.289065e-01
41212.6  5.289702e-01
41226.1  5.290376e-01
41239.6  5.291081e-01
41253.1  5.291773e-01
41266.6  5.292487e-01
41280.1  5.293268e-01
41293.6  5.294045e-01
41307.1  5.294442e-01
41320.7  5.294521e-01
41334.2  5.294623e-01
41347.7  5.294683e-01
41361.2  5.294749e-01
41374.7  5.294821e-01
41388.2  5.294872e-01
41401.7  5.295042e-01
41415.2  5.296397e-01
41428.8  5.297753e-01
41442.3  5.299069e-01
41455.8  5.300383e-01
41469.3  5.301717e-01
41482.8  5.309103e-01
41496.3  5.310356e-01
41509.8  5.311112e-01
41523.3  5.311653e-01
41536.9  5.312148e-01
41550.4  5.312588e-01
41563.9  5.313018e-01
41577.4  5.313385e-01
41590.9  5.313684e-01
41604.4  5.316562e-01
41617.9  5.320159e-01
41631.4  5.320409e-01
41645.0  5.320609e-01
41658.5  5.320798e-01
41672.0  5.320933e-01
41685.5  5.320941e-01
41699.0  5.320906e-01
41712.5  5.320891e-01
41726.0  5.320805e-01
41739.5  5.320657e-01
41753.1  5.320458e-01
41766.6  5.320215e-01
41780.1  5.319891e-01
41793.6  5.319542e-01
41807.1  5.319181e-01
41820.6  5.318790e-01
41834.1  5.318344e-01
41847.6  5.317901e-01
41861.1  5.317444e-01
41874.7  5.316932e-01
41888.2  5.316359e-01
41901.7  5.315762e-01
41915.2  5.315066e-01
41928.7  5.314310e-01
41942.2  5.319614e-01
41955.7  5.318833e-01
41969.2  5.318016e-01
41982.8  5.317175e-01
41996.3  5.316367e-01
42009.8  5.315538e-01
42023.3  5.314682e-01
42036.8  5.317814e-01
42050.3  5.318846e-01
42063.8  5.317985e-01
42077.3  5.317109e-01
42090.9  5.316241e-01
42104.4  5.315448e-01
42117.9  5.314747e-01
42131.4  5.314037e-01
42144.9  5.313346e-01
42158.4  5.312673e-01
42171.9  5.311983e-01
42185.4  5.311315e-01
42199.0  5.310684e-01
42212.5  5.309953e-01
42226.0  5.309209e-01
42239.5  5.308494e-01
42253.0  5.307790e-01
42266.5  5.307056e-01
42280.0  5.306289e-01
42293.5  5.305524e-01
42307.1  5.304753e-01
42320.6  5.303939e-01
42334.1  5.303090e-01
42347.6  5.302260e-01
42361.1  5.301444e-01
42374.6  5.300659e-01
42388.1  5.299954e-01
42401.6  5.299328e-01
42415.2  5.298675e-01
42428.7  5.303328e-01
42442.2  5.303625e-01
42455.7  5.303159e-01
42469.2  5.302690e-01
42482.7  5.308075e-01
42496.2  5.307630e-01
42509.7  5.307090e-01
42523.3  5.306494e-01
42536.8  5.305907e-01
42550.3  5.305348e-01
42563.8  5.304795e-01
42577.3  5.304254e-01
42590.8  5.303745e-01
42604.3  5.300085e-01
42617.8  5.289678e-01
42631.4  5.279274e-01
42644.9  5.268886e-01
42658.4  5.258487e-01
42671.9  5.248049e-01
42685.4  5.237588e-01
42698.9  5.227113e-01
42712.4  5.212032e-01
42725.9  5.196525e-01
42739.5  5.181029e-01
42753.0  5.165551e-01
42766.5  5.150064e-01
42780.0  5.134576e-01
42793.5  5.119121e-01
42807.0  5.124126e-01
42820.5  5.148058e-01
42834.0  5.171972e-01
42847.5  5.195872e-01
42861.1  5.219742e-01
42874.6  5.243576e-01
42888.1  5.267396e-01
42901.6  5.288424e-01
42915.1  5.288610e-01
42928.6  5.288774e-01
42942.1  5.296066e-01
42955.6  5.301023e-01
42969.2  5.301238e-01
42982.7  5.301454e-01
42996.2  5.301677e-01
43009.7  5.301303e-01
43023.2  5.300674e-01
43036.7  5.300031e-01
43050.2  5.299391e-01
43063.7  5.298743e-01
43077.3  5.298070e-01
43090.8  5.297382e-01
43104.3  5.296686e-01
43117.8  5.295955e-01
43131.3  5.295209e-01
43144.8  5.294461e-01
43158.3  5.293721e-01
43171.8  5.292974e-01
43185.4  5.292213e-01
43198.9  5.291451e-01
43212.4  5.290834e-01
43225.9  5.290212e-01
43239.4  5.289563e-01
43252.9  5.288899e-01
43266.4  5.288220e-01
43279.9  5.287514e-01
43293.5  5.286780e-01
43307.0  5.285993e-01
43320.5  5.285153e-01
43334.0  5.284296e-01
43347.5  5.283419e-01
43361.0  5.282540e-01
43374.5  5.281641e-01
43388.0  5.280716e-01
43401.6  5.279754e-01
43415.1  5.278753e-01
43428.6  5.277706e-01
43442.1  5.276617e-01
43455.6  5.278734e-01
43469.1  5.280130e-01
43482.6  5.278901e-01
43496.1  5.277506e-01
43509.7  5.276021e-01
43523.2  5.280507e-01
43536.7  5.278930e-01
43550.2  5.277308e-01
43563.7  5.275629e-01
43577.2  5.273908e-01
43590.7  5.272123e-01
43604.2  5.270319e-01
43617.8  5.268554e-01
43631.3  5.266724e-01
43644.8  5.264823e-01
43658.3  5.262851e-01
43671.8  5.260814e-01
43685.3  5.258708e-01
43698.8  5.256543e-01
43712.3  5.254280e-01
43725.8  5.251976e-01
43739.4  5.249619e-01
43752.9  5.247218e-01
43766.4  5.244766e-01
43779.9  5.242292e-01
43793.4  5.239778e-01
43806.9  5.237286e-01
43820.4  5.234797e-01
43833.9  5.232284e-01
43847.5  5.229742e-01
43861.0  5.227187e-01
43874.5  5.224605e-01
43888.0  5.222025e-01
43901.5  5.219439e-01
43915.0  5.216837e-01
43928.5  5.214245e-01
43942.0  5.211679e-01
43955.6  5.209138e-01
43969.1  5.206941e-01
43982.6  5.204925e-01
43996.1  5.202929e-01
44009.6  5.200957e-01
44023.1  5.199007e-01
44036.6  5.197104e-01
44050.1  5.195316e-01
44063.7  5.199122e-01
44077.2  5.197345e-01
44090.7  5.195643e-01
44104.2  5.193989e-01
44117.7  5.192402e-01
44131.2  5.191597e-01
44144.7  5.195337e-01
44158.2  5.193944e-01
44171.8  5.192621e-01
44185.3  5.191351e-01
44198.8  5.190132e-01
44212.3  5.188988e-01
44225.8  5.187888e-01
44239.3  5.186838e-01
44252.8  5.185821e-01
44266.3  5.184863e-01
44279.9  5.183938e-01
44293.4  5.183073e-01
44306.9  5.182191e-01
44320.4  5.181308e-01
44333.9  5.180450e-01
44347.4  5.179639e-01
44360.9  5.178862e-01
44374.4  5.178116e-01
44388.0  5.177394e-01
44401.5  5.176705e-01
44415.0  5.176103e-01
44428.5  5.175519e-01
44442.0  5.174932e-01
44455.5  5.174156e-01
44469.0  5.173408e-01
44482.5  5.172654e-01
44496.1  5.171918e-01
44509.6  5.171148e-01
44523.1  5.170385e-01
44536.6  5.169615e-01
44550.1  5.168849e-01
44563.6  5.168084e-01
44577.1  5.167321e-01
44590.6  5.166556e-01
44604.1  5.165792e-01
44617.7  5.165067e-01
44631.2  5.164334e-01
44644.7  5.163604e-01
44658.2  5.162844e-01
44671.7  5.162087e-01
44685.2  5.161311e-01
44698.7  5.160533e-01
44712.2  5.159723e-01
44725.8  5.158904e-01
44739.3  5.158076e-01
44752.8  5.157237e-01
44766.3  5.159949e-01
44779.8  5.161169e-01
44793.3  5.160298e-01
44806.8  5.159396e-01
44820.3  5.158479e-01
44833.9  5.157524e-01
44847.4  5.160889e-01
44860.9  5.161438e-01
44874.4  5.160426e-01
44887.9  5.159394e-01
44901.4  5.158347e-01
44914.9  5.157244e-01
44928.4  5.156103e-01
44942.0  5.154936e-01
44955.5  5.153651e-01
44969.0  5.152370e-01
44982.5  5.151051e-01
44996.0  5.149716e-01
45009.5  5.148418e-01
45023.0  5.147142e-01
45036.5  5.145832e-01
45050.1  5.144475e-01
45063.6  5.143099e-01
45077.1  5.141681e-01
45090.6  5.140234e-01
45104.1  5.138721e-01
45117.6  5.137180e-01
45131.1  5.135595e-01
45144.6  5.133988e-01
45158.2  5.132332e-01
45171.7  5.130640e-01
45185.2  5.128933e-01
45198.7  5.127183e-01
45212.2  5.125432e-01
45225.7  5.123629e-01
45239.2  5.121819e-01
45252.7  5.119958e-01
45266.3  5.118061e-01
45279.8  5.116107e-01
45293.3  5.114126e-01
45306.8  5.112088e-01
45320.3  5.109968e-01
45333.8  5.107819e-01
45347.3  5.105633e-01
45360.8  5.103460e-01
45374.4  5.101243e-01
45387.9  5.098996e-01
45401.4  5.096714e-01
45414.9  5.094429e-01
45428.4  5.092122e-01
45441.9  5.089759e-01
45455.4  5.087354e-01
45468.9  5.084895e-01
45482.5  5.082431e-01
45496.0  5.079922e-01
45509.5  5.077455e-01
45523.0  5.074997e-01
45536.5  5.072539e-01
45550.0  5.070063e-01
45563.5  5.067557e-01
45577.0  5.065063e-01
45590.5  5.062558e-01
45604.1  5.060049e-01
45617.6  5.061686e-01
45631.1  5.060469e-01
45644.6  5.057912e-01
45658.1  5.055353e-01
45671.6  5.052792e-01
45685.1  5.050217e-01
45698.6  5.047683e-01
45712.2  5.046352e-01
45725.7  5.048274e-01
45739.2  5.045674e-01
45752.7  5.043085e-01
45766.2  5.040511e-01
45779.7  5.037919e-01
45793.2  5.035324e-01
45806.7  5.032727e-01
45820.3  5.030181e-01
45833.8  5.027610e-01
45847.3  5.025030e-01
45860.8  5.022432e-01
45874.3  5.019830e-01
45887.8  5.017227e-01
45901.3  5.014562e-01
45914.8  5.011815e-01
45928.4  5.009058e-01
45941.9  5.006325e-01
45955.4  5.003556e-01
45968.9  5.000756e-01
45982.4  4.997948e-01
45995.9  4.995136e-01
46009.4  4.992328e-01
46022.9  4.989459e-01
46036.5  4.986577e-01
46050.0  4.983672e-01
46063.5  4.980750e-01
46077.0  4.977783e-01
46090.5  4.974764e-01
46104.0  4.971948e-01
46117.5  4.969608e-01
46131.0  4.967230e-01
46144.6  4.964774e-01
46158.1  4.962288e-01
46171.6  4.959788e-01
46185.1  4.957256e-01
46198.6  4.954686e-01
46212.1  4.951371e-01
46225.6  4.947968e-01
46239.1  4.944524e-01
46252.7  4.941029e-01
46266.2  4.937477e-01
46279.7  4.933888e-01
46293.2  4.930284e-01
46306.7  4.926631e-01
46320.2  4.922939e-01
46333.7  4.919182e-01
46347.2  4.915402e-01
46360.8  4.911585e-01
46374.3  4.907692e-01
46387.8  4.903762e-01
46401.3  4.899793e-01
46414.8  4.895844e-01
46428.3  4.891845e-01
46441.8  4.887800e-01
46455.3  4.883742e-01
46468.8  4.879677e-01
46482.4  4.875612e-01
46495.9  4.871483e-01
46509.4  4.867303e-01
46522.9  4.868393e-01
46536.4  4.864141e-01
46549.9  4.859863e-01
46563.4  4.855530e-01
46576.9  4.851208e-01
46590.5  4.846892e-01
46604.0  4.842607e-01
46617.5  4.838356e-01
46631.0  4.834107e-01
46644.5  4.829903e-01
46658.0  4.825717e-01
46671.5  4.821551e-01
46685.0  4.817377e-01
46698.6  4.813245e-01
46712.1  4.809186e-01
46725.6  4.805156e-01
46739.1  4.801154e-01
46752.6  4.797170e-01
46766.1  4.793255e-01
46779.6  4.789385e-01
46793.1  4.785525e-01
46806.7  4.781643e-01
46820.2  4.777749e-01
46833.7  4.773941e-01
46847.2  4.770179e-01
46860.7  4.766463e-01
46874.2  4.762815e-01
46887.7  4.759262e-01
46901.2  4.755827e-01
46914.8  4.752484e-01
46928.3  4.749202e-01
46941.8  4.745993e-01
46955.3  4.742875e-01
46968.8  4.739834e-01
46982.3  4.742198e-01
46995.8  4.739249e-01
47009.3  4.736405e-01
47022.9  4.733664e-01
47036.4  4.730982e-01
47049.9  4.728336e-01
47063.4  4.725788e-01
47076.9  4.723329e-01
47090.4  4.720959e-01
47103.9  4.718816e-01
47117.4  4.717165e-01
47131.0  4.715603e-01
47144.5  4.714111e-01
47158.0  4.712680e-01
47171.5  4.711269e-01
47185.0  4.709910e-01
47198.5  4.708624e-01
47212.0  4.706800e-01
47225.5  4.704934e-01
47239.1  4.703081e-01
47252.6  4.701282e-01
47266.1  4.699539e-01
47279.6  4.697803e-01
47293.1  4.696078e-01
47306.6  4.694366e-01
47320.1  4.692711e-01
47333.6  4.691092e-01
47347.1  4.693130e-01
47360.7  4.692960e-01
47374.2  4.691338e-01
47387.7  4.689753e-01
47401.2  4.688164e-01
47414.7  4.686574e-01
47428.2  4.684964e-01
47441.7  4.683347e-01
47455.2  4.681737e-01
47468.8  4.680076e-01
47482.3  4.678356e-01
47495.8  4.676610e-01
47509.3  4.674846e-01
47522.8  4.673074e-01
47536.3  4.671242e-01
47549.8  4.669361e-01
47563.3  4.667472e-01
47576.9  4.665566e-01
47590.4  4.663632e-01
47603.9  4.661638e-01
47617.4  4.659635e-01
47630.9  4.657438e-01
47644.4  4.655168e-01
47657.9  4.652846e-01
47671.4  4.650443e-01
47685.0  4.648003e-01
47698.5  4.645549e-01
47712.0  4.643039e-01
47725.5  4.640475e-01
47739.0  4.637847e-01
47752.5  4.635209e-01
47766.0  4.632570e-01
47779.5  4.629892e-01
47793.1  4.627176e-01
47806.6  4.624381e-01
47820.1  4.621560e-01
47833.6  4.618758e-01
47847.1  4.615927e-01
47860.6  4.613075e-01
47874.1  4.610214e-01
47887.6  4.607386e-01
47901.2  4.604575e-01
47914.7  4.601765e-01
47928.2  4.598943e-01
47941.7  4.596135e-01
47955.2  4.593370e-01
47968.7  4.590624e-01
47982.2  4.587865e-01
47995.7  4.585123e-01
48009.3  4.582456e-01
48022.8  4.579863e-01
48036.3  4.577297e-01
48049.8  4.574732e-01
48063.3  4.572215e-01
48076.8  4.569766e-01
48090.3  4.572377e-01
48103.8  4.570004e-01
48117.4  4.567582e-01
48130.9  4.565227e-01
48144.4  4.562952e-01
48157.9  4.560733e-01
48171.4  4.558531e-01
48184.9  4.556337e-01
48198.4  4.554197e-01
48211.9  4.552199e-01
48225.5  4.550240e-01
48239.0  4.548286e-01
48252.5  4.546337e-01
48266.0  4.544447e-01
48279.5  4.542615e-01
48293.0  4.540803e-01
48306.5  4.538968e-01
48320.0  4.537118e-01
48333.5  4.535319e-01
48347.1  4.533556e-01
48360.6  4.531774e-01
48374.1  4.529952e-01
48387.6  4.528097e-01
48401.1  4.526238e-01
48414.6  4.524341e-01
48428.1  4.522361e-01
48441.6  4.520297e-01
48455.2  4.518168e-01
48468.7  4.516001e-01
48482.2  4.513777e-01
48495.7  4.511432e-01
48509.2  4.509054e-01
48522.7  4.506621e-01
48536.2  4.504118e-01
48549.7  4.501524e-01
48563.3  4.498772e-01
48576.8  4.495882e-01
48590.3  4.492872e-01
48603.8  4.489753e-01
48617.3  4.486490e-01
48630.8  4.483042e-01
48644.3  4.479429e-01
48657.8  4.475666e-01
48671.4  4.471760e-01
48684.9  4.467676e-01
48698.4  4.463373e-01
48711.9  4.458825e-01
48725.4  4.454102e-01
48738.9  4.449221e-01
48752.4  4.444150e-01
48765.9  4.441746e-01
48779.5  4.438249e-01
48793.0  4.430847e-01
48806.5  4.423261e-01
48820.0  4.415529e-01
48833.5  4.407614e-01
48847.0  4.399549e-01
48860.5  4.391365e-01
48874.0  4.383059e-01
48887.6  4.374593e-01
48901.1  4.365970e-01
48914.6  4.357200e-01
48928.1  4.348344e-01
48941.6  4.339397e-01
48955.1  4.330318e-01
48968.6  4.321122e-01
48982.1  4.311839e-01
48995.7  4.302513e-01
49009.2  4.293137e-01
49022.7  4.283680e-01
49036.2  4.274164e-01
49049.7  4.264631e-01
49063.2  4.255117e-01
49076.7  4.245614e-01
49090.2  4.236093e-01
49103.8  4.226563e-01
49117.3  4.217078e-01
49130.8  4.207649e-01
49144.3  4.198258e-01
49157.8  4.188868e-01
49171.3  4.179479e-01
49184.8  4.170130e-01
49198.3  4.160838e-01
49211.8  4.151545e-01
49225.4  4.142243e-01
49238.9  4.132941e-01
49252.4  4.123673e-01
49265.9  4.114455e-01
49279.4  4.105258e-01
49292.9  4.096041e-01
49306.4  4.086802e-01
49319.9  4.077561e-01
49333.5  4.068328e-01
49347.0  4.059046e-01
49360.5  4.049671e-01
49374.0  4.040163e-01
49387.5  4.030546e-01
49401.0  4.020801e-01
49414.5  4.012875e-01
49428.0  4.005104e-01
49441.6  3.994640e-01
49455.1  3.983913e-01
49468.6  3.972860e-01
49482.1  3.961460e-01
49495.6  3.949625e-01
49509.1  3.937318e-01
49522.6  3.924558e-01
49536.1  3.911259e-01
49549.7  3.897441e-01
49563.2  3.882927e-01
49576.7  3.867752e-01
49590.2  3.851860e-01
49603.7  3.835230e-01
49617.2  3.817837e-01
49630.7  3.799518e-01
49644.2  3.780352e-01
49657.8  3.760162e-01
49671.3  3.739077e-01
49684.8  3.716950e-01
49698.3  3.693748e-01
49711.8  3.669526e-01
49725.3  3.644133e-01
49738.8  3.617734e-01
49752.3  3.590068e-01
49765.9  3.561307e-01
49779.4  3.531290e-01
49792.9  3.500113e-01
49806.4  3.467787e-01
49819.9  3.434243e-01
49833.4  3.399613e-01
49846.9  3.363693e-01
49860.4  3.326783e-01
49874.0  3.288726e-01
49887.5  3.249696e-01
49901.0  3.209636e-01
49914.5  3.168570e-01
49928.0  3.126642e-01
49941.5  3.083777e-01
49955.0  3.040248e-01
49968.5  2.995846e-01
49982.1  2.950815e-01
49995.6  2.905103e-01
50009.1  2.859154e-01
50022.6  2.812872e-01
50036.1  2.766107e-01
50049.6  2.719017e-01
50063.1  2.671511e-01
50076.6  2.623882e-01
50090.1  2.578830e-01
50103.7  2.530859e-01
50117.2  2.482803e-01
50130.7  2.434741e-01
50144.2  2.386770e-01
50157.7  2.338886e-01
50171.2  2.291222e-01
50184.7  2.243693e-01
50198.2  2.196467e-01
50211.8  2.149497e-01
50225.3  2.102902e-01
50238.8  2.056661e-01
50252.3  2.010794e-01
50265.8  1.965342e-01
50279.3  1.920279e-01
50292.8  1.875709e-01
50306.3  1.831539e-01
50319.9  1.787858e-01
50333.4  1.744568e-01
50346.9  1.701748e-01
50360.4  1.659373e-01
50373.9  1.617458e-01
50387.4  1.576002e-01
50400.9  1.534953e-01
50414.4  1.494385e-01
50428.0  1.454212e-01
50441.5  1.414551e-01
50455.0  1.375273e-01
50468.5  1.336456e-01
50482.0  1.298032e-01
50495.5  1.260044e-01
50509.0  1.222483e-01
50522.5  1.185323e-01
50536.1  1.148601e-01
50549.6  1.112234e-01
50563.1  1.076345e-01
50576.6  1.040822e-01
50590.1  1.005792e-01
50603.6  9.711379e-02
50617.1  9.369534e-02
50630.6  9.032247e-02
50644.2  8.702419e-02
50657.7  8.377557e-02
50671.2  8.057458e-02
50684.7  7.743014e-02
50698.2  7.433630e-02
50711.7  7.130753e-02
50725.2  6.833637e-02
50738.7  6.543426e-02
50752.3  6.259520e-02
50765.8  5.982690e-02
50779.3  5.718648e-02
50792.8  5.456327e-02
50806.3  5.201123e-02
50819.8  4.953346e-02
50833.3  4.713515e-02
50846.8  4.481235e-02
50860.4  4.257238e-02
50873.9  4.041032e-02
50887.4  3.833090e-02
50900.9  3.633021e-02
50914.4  3.441096e-02
50927.9  3.257104e-02
50941.4  3.081066e-02
50954.9  2.912838e-02
50968.4  2.752217e-02
50982.0  2.599156e-02
50995.5  2.453347e-02
