# from http://www.stsci.edu/jwst/instruments/nircam/instrumentdesign/filters
# Retrieved March, 2023, dated Nov, 2022 (post-flight)
# Uses modA or modB  filters+DBS+QE+OTE (nrc_plus_ote)
# Units of transmission are PCE (photon to electron conversion efficiency)
# 
22963.6  0.000000e+00
22979.6  0.000000e+00
22995.7  5.008321e-07
23011.8  9.466043e-07
23027.9  9.111871e-07
23044.0  4.394879e-07
23060.0  2.795123e-07
23076.1  5.115077e-07
23092.2  1.479827e-06
23108.3  5.343202e-06
23124.4  3.624860e-06
23140.4  2.550209e-06
23156.5  3.725233e-06
23172.6  8.760342e-06
23188.7  1.712562e-05
23204.8  1.879952e-05
23220.8  2.052668e-05
23236.9  2.338281e-05
23253.0  3.316759e-05
23269.1  4.244365e-05
23285.2  5.571201e-05
23301.3  7.169557e-05
23317.3  8.046669e-05
23333.4  8.530910e-05
23349.5  8.468845e-05
23365.6  1.091415e-04
23381.7  1.493026e-04
23397.7  1.879722e-04
23413.8  1.803794e-04
23429.9  1.680368e-04
23446.0  1.819496e-04
23462.1  2.279192e-04
23478.1  2.831987e-04
23494.2  2.999534e-04
23510.3  3.086595e-04
23526.4  3.251505e-04
23542.5  3.885275e-04
23558.5  4.611715e-04
23574.6  5.496475e-04
23590.7  6.517611e-04
23606.8  7.604941e-04
23622.9  9.144422e-04
23639.0  1.077753e-03
23655.0  1.310966e-03
23671.1  1.655903e-03
23687.2  2.043091e-03
23703.3  2.534850e-03
23719.4  3.052987e-03
23735.4  3.708733e-03
23751.5  4.573200e-03
23767.6  5.635883e-03
23783.7  6.946345e-03
23799.8  8.468561e-03
23815.8  1.033454e-02
23831.9  1.262728e-02
23848.0  1.544592e-02
23864.1  1.889108e-02
23880.2  2.285582e-02
23896.2  2.746322e-02
23912.3  3.301236e-02
23928.4  3.894420e-02
23944.5  4.586952e-02
23960.6  5.384840e-02
23976.7  6.209075e-02
23992.7  7.162370e-02
24008.8  8.202990e-02
24024.9  9.307128e-02
24041.0  1.055794e-01
24057.1  1.190304e-01
24073.1  1.338177e-01
24089.2  1.503273e-01
24105.3  1.677502e-01
24121.4  1.869169e-01
24137.5  2.079788e-01
24153.5  2.287506e-01
24169.6  2.514201e-01
24185.7  2.749734e-01
24201.8  2.959752e-01
24217.9  3.183713e-01
24233.9  3.387554e-01
24250.0  3.553144e-01
24266.1  3.724557e-01
24282.2  3.850141e-01
24298.3  3.942897e-01
24314.4  4.039909e-01
24330.4  4.089020e-01
24346.5  4.123092e-01
24362.6  4.159582e-01
24378.7  4.166942e-01
24394.8  4.174967e-01
24410.8  4.182575e-01
24426.9  4.184097e-01
24443.0  4.187772e-01
24459.1  4.190616e-01
24475.2  4.200020e-01
24491.2  4.209430e-01
24507.3  4.214257e-01
24523.4  4.220353e-01
24539.5  4.228719e-01
24555.6  4.235494e-01
24571.6  4.243041e-01
24587.7  4.252891e-01
24603.8  4.259106e-01
24619.9  4.266649e-01
24636.0  4.271868e-01
24652.0  4.274684e-01
24668.1  4.278623e-01
24684.2  4.280227e-01
24700.3  4.281926e-01
24716.4  4.285222e-01
24732.5  4.286193e-01
24748.5  4.286129e-01
24764.6  4.285758e-01
24780.7  4.285392e-01
24796.8  4.287174e-01
24812.9  4.286607e-01
24828.9  4.288379e-01
24845.0  4.290034e-01
24861.1  4.289427e-01
24877.2  4.291140e-01
24893.3  4.290129e-01
24909.3  4.291410e-01
24925.4  4.292671e-01
24941.5  4.293168e-01
24957.6  4.293692e-01
24973.7  4.294208e-01
24989.7  4.294098e-01
24997.8  4.215423e-01
25011.3  4.215057e-01
25024.8  4.214343e-01
25038.3  4.213864e-01
25051.8  4.213878e-01
25065.3  4.213779e-01
25078.9  4.213858e-01
25092.4  4.214602e-01
25105.9  4.215977e-01
25119.4  4.217538e-01
25132.9  4.220091e-01
25146.4  4.223080e-01
25159.9  4.226574e-01
25173.4  4.230939e-01
25187.0  4.235499e-01
25200.5  4.240600e-01
25214.0  4.245865e-01
25227.5  4.251310e-01
25241.0  4.257031e-01
25254.5  4.262644e-01
25268.0  4.267639e-01
25281.5  4.272608e-01
25295.1  4.277016e-01
25308.6  4.280634e-01
25322.1  4.283165e-01
25335.6  4.284962e-01
25349.1  4.285796e-01
25362.6  4.284875e-01
25376.1  4.283106e-01
25389.6  4.279792e-01
25403.2  4.275004e-01
25416.7  4.268905e-01
25430.2  4.261707e-01
25443.7  4.253810e-01
25457.2  4.244321e-01
25470.7  4.233804e-01
25484.2  4.222909e-01
25497.7  4.211897e-01
25511.2  4.200560e-01
25524.8  4.188959e-01
25538.3  4.178409e-01
25551.8  4.168239e-01
25565.3  4.157657e-01
25578.8  4.148375e-01
25592.3  4.140796e-01
25605.8  4.132897e-01
25619.3  4.127105e-01
25632.9  4.123881e-01
25646.4  4.121817e-01
25659.9  4.121590e-01
25673.4  4.122038e-01
25686.9  4.124673e-01
25700.4  4.129470e-01
25713.9  4.136479e-01
25727.4  4.142516e-01
25741.0  4.154036e-01
25754.5  4.165782e-01
25768.0  4.177351e-01
25781.5  4.193781e-01
25795.0  4.207845e-01
25808.5  4.222627e-01
25822.0  4.240750e-01
25835.5  4.256956e-01
25849.1  4.277980e-01
25862.6  4.295628e-01
25876.1  4.313212e-01
25889.6  4.331324e-01
25903.1  4.349309e-01
25916.6  4.363527e-01
25930.1  4.378669e-01
25943.6  4.389421e-01
25957.2  4.408446e-01
25970.7  4.420932e-01
25984.2  4.427587e-01
25997.7  4.434252e-01
26011.2  4.436100e-01
26024.7  4.434869e-01
26038.2  4.431606e-01
26051.7  4.422065e-01
26065.3  4.419128e-01
26078.8  4.410431e-01
26092.3  4.397331e-01
26105.8  4.388661e-01
26119.3  4.378119e-01
26132.8  4.362268e-01
26146.3  4.344118e-01
26159.8  4.335912e-01
26173.4  4.329845e-01
26186.9  4.324064e-01
26200.4  4.315050e-01
26213.9  4.311242e-01
26227.4  4.305028e-01
26240.9  4.299212e-01
26254.4  4.294346e-01
26267.9  4.289904e-01
26281.5  4.288430e-01
26295.0  4.284365e-01
26308.5  4.283942e-01
26322.0  4.285959e-01
26335.5  4.284884e-01
26349.0  4.286764e-01
26362.5  4.288896e-01
26376.0  4.291970e-01
26389.5  4.296034e-01
26403.1  4.300677e-01
26416.6  4.305278e-01
26430.1  4.310935e-01
26443.6  4.316750e-01
26457.1  4.322785e-01
26470.6  4.330193e-01
26484.1  4.335764e-01
26497.6  4.341778e-01
26511.2  4.337976e-01
26524.7  4.341919e-01
26538.2  4.347513e-01
26551.7  4.348640e-01
26565.2  4.352253e-01
26578.7  4.354520e-01
26592.2  4.353849e-01
26605.7  4.355914e-01
26619.3  4.355917e-01
26632.8  4.352736e-01
26646.3  4.349581e-01
26659.8  4.350366e-01
26673.3  4.346068e-01
26686.8  4.344660e-01
26700.3  4.334664e-01
26713.8  4.336688e-01
26727.4  4.333317e-01
26740.9  4.325817e-01
26754.4  4.321046e-01
26767.9  4.318367e-01
26781.4  4.314866e-01
26794.9  4.311222e-01
26808.4  4.309243e-01
26821.9  4.303850e-01
26835.5  4.300947e-01
26849.0  4.300051e-01
26862.5  4.297503e-01
26876.0  4.297072e-01
26889.5  4.296191e-01
26903.0  4.296074e-01
26916.5  4.295866e-01
26930.0  4.295092e-01
26943.6  4.297802e-01
26957.1  4.300165e-01
26970.6  4.301731e-01
26984.1  4.302931e-01
26997.6  4.305107e-01
27011.1  4.317540e-01
27024.6  4.322401e-01
27038.1  4.325400e-01
27051.7  4.329904e-01
27065.2  4.333362e-01
27078.7  4.335915e-01
27092.2  4.340360e-01
27105.7  4.342930e-01
27119.2  4.347672e-01
27132.7  4.351267e-01
27146.2  4.351610e-01
27159.8  4.352441e-01
27173.3  4.353995e-01
27186.8  4.354708e-01
27200.3  4.354117e-01
27213.8  4.355737e-01
27227.3  4.354720e-01
27240.8  4.352007e-01
27254.3  4.352225e-01
27267.9  4.349872e-01
27281.4  4.347296e-01
27294.9  4.344151e-01
27308.4  4.340347e-01
27321.9  4.337953e-01
27335.4  4.334449e-01
27348.9  4.329676e-01
27362.4  4.328403e-01
27375.9  4.323990e-01
27389.5  4.319299e-01
27403.0  4.318303e-01
27416.5  4.316946e-01
27430.0  4.314239e-01
27443.5  4.311849e-01
27457.0  4.309167e-01
27470.5  4.308671e-01
27484.0  4.307726e-01
27497.6  4.307284e-01
27511.1  4.301361e-01
27524.6  4.295450e-01
27538.1  4.289437e-01
27551.6  4.277846e-01
27565.1  4.276606e-01
27578.6  4.273332e-01
27592.1  4.264047e-01
27605.7  4.261587e-01
27619.2  4.258807e-01
27632.7  4.258656e-01
27646.2  4.263228e-01
27659.7  4.266917e-01
27673.2  4.270193e-01
27686.7  4.275787e-01
27700.2  4.280043e-01
27713.8  4.286481e-01
27727.3  4.293195e-01
27740.8  4.299404e-01
27754.3  4.305265e-01
27767.8  4.311331e-01
27781.3  4.318319e-01
27794.8  4.324765e-01
27808.3  4.331114e-01
27821.9  4.338271e-01
27835.4  4.344343e-01
27848.9  4.350254e-01
27862.4  4.356080e-01
27875.9  4.361917e-01
27889.4  4.368164e-01
27902.9  4.373794e-01
27916.4  4.377666e-01
27930.0  4.381382e-01
27943.5  4.386297e-01
27957.0  4.389722e-01
27970.5  4.393471e-01
27984.0  4.395684e-01
27997.5  4.397484e-01
28011.0  4.399553e-01
28024.5  4.400072e-01
28038.1  4.402140e-01
28051.6  4.404453e-01
28065.1  4.404843e-01
28078.6  4.404666e-01
28092.1  4.404566e-01
28105.6  4.404699e-01
28119.1  4.404287e-01
28132.6  4.403563e-01
28146.2  4.403263e-01
28159.7  4.402995e-01
28173.2  4.401851e-01
28186.7  4.400760e-01
28200.2  4.399595e-01
28213.7  4.399618e-01
28227.2  4.400329e-01
28240.7  4.400339e-01
28254.2  4.400796e-01
28267.8  4.401471e-01
28281.3  4.401916e-01
28294.8  4.403139e-01
28308.3  4.404397e-01
28321.8  4.404812e-01
28335.3  4.405991e-01
28348.8  4.407461e-01
28362.3  4.408088e-01
28375.9  4.410041e-01
28389.4  4.412377e-01
28402.9  4.413154e-01
28416.4  4.414930e-01
28429.9  4.417071e-01
28443.4  4.418204e-01
28456.9  4.420414e-01
28470.4  4.421300e-01
28484.0  4.423154e-01
28497.5  4.425037e-01
28511.0  4.426323e-01
28524.5  4.428439e-01
28538.0  4.430195e-01
28551.5  4.431526e-01
28565.0  4.433075e-01
28578.5  4.434309e-01
28592.1  4.435261e-01
28605.6  4.436474e-01
28619.1  4.437637e-01
28632.6  4.438448e-01
28646.1  4.439165e-01
28659.6  4.439638e-01
28673.1  4.440213e-01
28686.6  4.440786e-01
28700.2  4.441385e-01
28713.7  4.441377e-01
28727.2  4.441698e-01
28740.7  4.442373e-01
28754.2  4.442271e-01
28767.7  4.442188e-01
28781.2  4.442833e-01
28794.7  4.442768e-01
28808.3  4.442721e-01
28821.8  4.443636e-01
28835.3  4.443541e-01
28848.8  4.443370e-01
28862.3  4.443898e-01
28875.8  4.444145e-01
28889.3  4.444664e-01
28902.8  4.445502e-01
28916.4  4.445928e-01
28929.9  4.446385e-01
28943.4  4.447428e-01
28956.9  4.448230e-01
28970.4  4.449256e-01
28983.9  4.450285e-01
28997.4  4.451125e-01
29010.9  4.452124e-01
29024.5  4.453473e-01
29038.0  4.454730e-01
29051.5  4.455425e-01
29065.0  4.456737e-01
29078.5  4.458428e-01
29092.0  4.458795e-01
29105.5  4.460160e-01
29119.0  4.461560e-01
29132.5  4.461329e-01
29146.1  4.462689e-01
29159.6  4.463983e-01
29173.1  4.463258e-01
29186.6  4.463970e-01
29200.1  4.462890e-01
29213.6  4.463620e-01
29227.1  4.464151e-01
29240.6  4.462432e-01
29254.2  4.462655e-01
29267.7  4.462578e-01
29281.2  4.459868e-01
29294.7  4.459821e-01
29308.2  4.459290e-01
29321.7  4.456165e-01
29335.2  4.455343e-01
29348.7  4.453955e-01
29362.3  4.450250e-01
29375.8  4.448831e-01
29389.3  4.447609e-01
29402.8  4.443783e-01
29416.3  4.442178e-01
29429.8  4.440257e-01
29443.3  4.436918e-01
29456.8  4.435152e-01
29470.4  4.432105e-01
29483.9  4.430763e-01
29497.4  4.428857e-01
29510.9  4.426044e-01
29524.4  4.424142e-01
29537.9  4.422455e-01
29551.4  4.420595e-01
29564.9  4.419417e-01
29578.5  4.418258e-01
29592.0  4.416962e-01
29605.5  4.416059e-01
29619.0  4.415170e-01
29632.5  4.415174e-01
29646.0  4.414937e-01
29659.5  4.415206e-01
29673.0  4.416665e-01
29686.6  4.417053e-01
29700.1  4.418863e-01
29713.6  4.419759e-01
29727.1  4.421154e-01
29740.6  4.424528e-01
29754.1  4.426677e-01
29767.6  4.428788e-01
29781.1  4.433103e-01
29794.7  4.435667e-01
29808.2  4.438482e-01
29821.7  4.444009e-01
29835.2  4.447691e-01
29848.7  4.451496e-01
29862.2  4.457506e-01
29875.7  4.461435e-01
29889.2  4.465459e-01
29902.8  4.472265e-01
29916.3  4.476568e-01
29929.8  4.481064e-01
29943.3  4.488110e-01
29956.8  4.492544e-01
29970.3  4.499246e-01
29983.8  4.503453e-01
29997.3  4.507892e-01
30010.9  4.512604e-01
30024.4  4.517286e-01
30037.9  4.521620e-01
30051.4  4.528228e-01
30064.9  4.532158e-01
30078.4  4.535940e-01
30091.9  4.541466e-01
30105.4  4.544915e-01
30118.9  4.548401e-01
30132.5  4.553125e-01
30146.0  4.555832e-01
30159.5  4.558240e-01
30173.0  4.561757e-01
30186.5  4.563701e-01
30200.0  4.566573e-01
30213.5  4.568028e-01
30227.0  4.569291e-01
30240.6  4.570840e-01
30254.1  4.571497e-01
30267.6  4.571620e-01
30281.1  4.571980e-01
30294.6  4.571974e-01
30308.1  4.571871e-01
30321.6  4.571485e-01
30335.1  4.570908e-01
30348.7  4.570292e-01
30362.2  4.569116e-01
30375.7  4.568422e-01
30389.2  4.567402e-01
30402.7  4.565798e-01
30416.2  4.564792e-01
30429.7  4.563823e-01
30443.2  4.561765e-01
30456.8  4.560872e-01
30470.3  4.558990e-01
30483.8  4.558323e-01
30497.3  4.557531e-01
30510.8  4.556051e-01
30524.3  4.555632e-01
30537.8  4.555280e-01
30551.3  4.553897e-01
30564.9  4.553947e-01
30578.4  4.554176e-01
30591.9  4.553554e-01
30605.4  4.553830e-01
30618.9  4.554412e-01
30632.4  4.554710e-01
30645.9  4.555642e-01
30659.4  4.556768e-01
30673.0  4.557567e-01
30686.5  4.559116e-01
30700.0  4.560815e-01
30713.5  4.562607e-01
30727.0  4.564320e-01
30740.5  4.566493e-01
30754.0  4.568664e-01
30767.5  4.571085e-01
30781.1  4.573775e-01
30794.6  4.576301e-01
30808.1  4.578784e-01
30821.6  4.582030e-01
30835.1  4.584496e-01
30848.6  4.587317e-01
30862.1  4.591001e-01
30875.6  4.594026e-01
30889.2  4.596689e-01
30902.7  4.600678e-01
30916.2  4.603671e-01
30929.7  4.606454e-01
30943.2  4.610114e-01
30956.7  4.612724e-01
30970.2  4.616859e-01
30983.7  4.619443e-01
30997.2  4.621799e-01
31010.8  4.625967e-01
31024.3  4.628188e-01
31037.8  4.630378e-01
31051.3  4.634112e-01
31064.8  4.636063e-01
31078.3  4.638061e-01
31091.8  4.641970e-01
31105.3  4.643582e-01
31118.9  4.645264e-01
31132.4  4.648703e-01
31145.9  4.650313e-01
31159.4  4.651950e-01
31172.9  4.655548e-01
31186.4  4.657215e-01
31199.9  4.658902e-01
31213.4  4.662096e-01
31227.0  4.663634e-01
31240.5  4.666823e-01
31254.0  4.668525e-01
31267.5  4.670127e-01
31281.0  4.673453e-01
31294.5  4.675144e-01
31308.0  4.676881e-01
31321.5  4.679996e-01
31335.1  4.681750e-01
31348.6  4.683389e-01
31362.1  4.686597e-01
31375.6  4.688578e-01
31389.1  4.690661e-01
31402.6  4.693927e-01
31416.1  4.696376e-01
31429.6  4.698704e-01
31443.2  4.702169e-01
31456.7  4.704487e-01
31470.2  4.707885e-01
31483.7  4.710481e-01
31497.2  4.713302e-01
31510.7  4.716650e-01
31524.2  4.719485e-01
31537.7  4.722304e-01
31551.3  4.725962e-01
31564.8  4.728963e-01
31578.3  4.732178e-01
31591.8  4.735601e-01
31605.3  4.738874e-01
31618.8  4.742079e-01
31632.3  4.745781e-01
31645.8  4.748935e-01
31659.4  4.752221e-01
31672.9  4.755761e-01
31686.4  4.759049e-01
31699.9  4.762104e-01
31713.4  4.765660e-01
31726.9  4.768604e-01
31740.4  4.771450e-01
31753.9  4.774256e-01
31767.5  4.777034e-01
31781.0  4.779744e-01
31794.5  4.782424e-01
31808.0  4.784967e-01
31821.5  4.787396e-01
31835.0  4.789743e-01
31848.5  4.791923e-01
31862.0  4.793952e-01
31875.5  4.795663e-01
31889.1  4.797477e-01
31902.6  4.799182e-01
31916.1  4.800845e-01
31929.6  4.802181e-01
31943.1  4.803639e-01
31956.6  4.804568e-01
31970.1  4.805578e-01
31983.6  4.806419e-01
31997.2  4.807326e-01
32010.7  4.807978e-01
32024.2  4.808636e-01
32037.7  4.809202e-01
32051.2  4.809746e-01
32064.7  4.809972e-01
32078.2  4.810299e-01
32091.7  4.810530e-01
32105.3  4.810601e-01
32118.8  4.810685e-01
32132.3  4.810626e-01
32145.8  4.810717e-01
32159.3  4.810756e-01
32172.8  4.810737e-01
32186.3  4.810580e-01
32199.8  4.810879e-01
32213.4  4.810924e-01
32226.9  4.811151e-01
32240.4  4.811120e-01
32253.9  4.811549e-01
32267.4  4.811854e-01
32280.9  4.812018e-01
32294.4  4.812545e-01
32307.9  4.813281e-01
32321.5  4.813698e-01
32335.0  4.814448e-01
32348.5  4.815510e-01
32362.0  4.816136e-01
32375.5  4.817375e-01
32389.0  4.818613e-01
32402.5  4.819602e-01
32416.0  4.821176e-01
32429.6  4.822876e-01
32443.1  4.823839e-01
32456.6  4.825749e-01
32470.1  4.826868e-01
32483.6  4.828847e-01
32497.1  4.830961e-01
32510.6  4.832511e-01
32524.1  4.835019e-01
32537.7  4.837404e-01
32551.2  4.839162e-01
32564.7  4.841540e-01
32578.2  4.844217e-01
32591.7  4.846130e-01
32605.2  4.848968e-01
32618.7  4.851687e-01
32632.2  4.853928e-01
32645.8  4.856916e-01
32659.3  4.859832e-01
32672.8  4.862007e-01
32686.3  4.864851e-01
32699.8  4.867821e-01
32713.3  4.870016e-01
32726.8  4.873058e-01
32740.3  4.875329e-01
32753.9  4.878446e-01
32767.4  4.881431e-01
32780.9  4.883790e-01
32794.4  4.886415e-01
32807.9  4.889172e-01
32821.4  4.891591e-01
32834.9  4.894185e-01
32848.4  4.897045e-01
32861.9  4.899672e-01
32875.5  4.902436e-01
32889.0  4.904673e-01
32902.5  4.906958e-01
32916.0  4.909196e-01
32929.5  4.911572e-01
32943.0  4.914099e-01
32956.5  4.916377e-01
32970.0  4.919019e-01
32983.6  4.921119e-01
32997.1  4.923365e-01
33010.6  4.925921e-01
33024.1  4.927986e-01
33037.6  4.930050e-01
33051.1  4.933025e-01
33064.6  4.935158e-01
33078.1  4.937289e-01
33091.7  4.940421e-01
33105.2  4.942530e-01
33118.7  4.944619e-01
33132.2  4.947713e-01
33145.7  4.950043e-01
33159.2  4.952365e-01
33172.7  4.956161e-01
33186.2  4.958626e-01
33199.8  4.961182e-01
33213.3  4.965245e-01
33226.8  4.967477e-01
33240.3  4.971468e-01
33253.8  4.973999e-01
33267.3  4.977020e-01
33280.8  4.981722e-01
33294.3  4.984843e-01
33307.9  4.988061e-01
33321.4  4.992833e-01
33334.9  4.996093e-01
33348.4  4.999291e-01
33361.9  5.004328e-01
33375.4  5.007518e-01
33388.9  5.011173e-01
33402.4  5.016738e-01
33416.0  5.020590e-01
33429.5  5.024455e-01
33443.0  5.030006e-01
33456.5  5.033856e-01
33470.0  5.039559e-01
33483.5  5.043763e-01
33497.0  5.047810e-01
33510.5  5.053714e-01
33524.1  5.057825e-01
33537.6  5.062048e-01
33551.1  5.068386e-01
33564.6  5.072721e-01
33578.1  5.077026e-01
33591.6  5.082829e-01
33605.1  5.087096e-01
33618.6  5.091334e-01
33632.2  5.097088e-01
33645.7  5.101260e-01
33659.2  5.105264e-01
33672.7  5.111111e-01
33686.2  5.115223e-01
33699.7  5.119336e-01
33713.2  5.124815e-01
33726.7  5.128666e-01
33740.2  5.133883e-01
33753.8  5.137483e-01
33767.3  5.141471e-01
33780.8  5.146540e-01
33794.3  5.150191e-01
33807.8  5.153691e-01
33821.3  5.158166e-01
33834.8  5.161478e-01
33848.3  5.164506e-01
33861.9  5.168618e-01
33875.4  5.171393e-01
33888.9  5.174087e-01
33902.4  5.177647e-01
33915.9  5.180136e-01
33929.4  5.182596e-01
33942.9  5.185448e-01
33956.4  5.187614e-01
33970.0  5.189541e-01
33983.5  5.191955e-01
33997.0  5.193530e-01
34010.5  5.195536e-01
34024.0  5.197142e-01
34037.5  5.198486e-01
34051.0  5.200316e-01
34064.5  5.201515e-01
34078.1  5.202553e-01
34091.6  5.204072e-01
34105.1  5.204957e-01
34118.6  5.206120e-01
34132.1  5.207678e-01
34145.6  5.208697e-01
34159.1  5.209603e-01
34172.6  5.210869e-01
34186.2  5.211779e-01
34199.7  5.212492e-01
34213.2  5.213953e-01
34226.7  5.214978e-01
34240.2  5.216617e-01
34253.7  5.217966e-01
34267.2  5.219151e-01
34280.7  5.221037e-01
34294.3  5.222380e-01
34307.8  5.224069e-01
34321.3  5.226426e-01
34334.8  5.227996e-01
34348.3  5.229971e-01
34361.8  5.232482e-01
34375.3  5.234461e-01
34388.8  5.236368e-01
34402.4  5.238908e-01
34415.9  5.241073e-01
34429.4  5.243092e-01
34442.9  5.246044e-01
34456.4  5.248380e-01
34469.9  5.250891e-01
34483.4  5.254410e-01
34496.9  5.257031e-01
34510.5  5.260850e-01
34524.0  5.263734e-01
34537.5  5.266539e-01
34551.0  5.270316e-01
34564.5  5.273123e-01
34578.0  5.276332e-01
34591.5  5.280621e-01
34605.0  5.284144e-01
34618.5  5.287602e-01
34632.1  5.291906e-01
34645.6  5.295494e-01
34659.1  5.298845e-01
34672.6  5.303250e-01
34686.1  5.306648e-01
34699.6  5.309967e-01
34713.1  5.314514e-01
34726.6  5.317846e-01
34740.2  5.322512e-01
34753.7  5.326153e-01
34767.2  5.329626e-01
34780.7  5.334251e-01
34794.2  5.337603e-01
34807.7  5.340975e-01
34821.2  5.345321e-01
34834.7  5.348528e-01
34848.3  5.351822e-01
34861.8  5.355986e-01
34875.3  5.359229e-01
34888.8  5.362404e-01
34902.3  5.366439e-01
34915.8  5.369505e-01
34929.3  5.372276e-01
34942.8  5.376001e-01
34956.4  5.378625e-01
34969.9  5.381108e-01
34983.4  5.384589e-01
34996.9  5.386813e-01
35010.4  5.390039e-01
35023.9  5.392268e-01
35037.4  5.394303e-01
35050.9  5.397240e-01
35064.5  5.399059e-01
35078.0  5.401029e-01
35091.5  5.403804e-01
35105.0  5.405524e-01
35118.5  5.407199e-01
35132.0  5.409402e-01
35145.5  5.411128e-01
35159.0  5.412908e-01
35172.6  5.415019e-01
35186.1  5.416501e-01
35199.6  5.417772e-01
35213.1  5.419670e-01
35226.6  5.420876e-01
35240.1  5.422202e-01
35253.6  5.423223e-01
35267.1  5.424204e-01
35280.7  5.425539e-01
35294.2  5.426417e-01
35307.7  5.427023e-01
35321.2  5.428602e-01
35334.7  5.429708e-01
35348.2  5.430702e-01
35361.7  5.432173e-01
35375.2  5.433026e-01
35388.8  5.434145e-01
35402.3  5.435702e-01
35415.8  5.436595e-01
35429.3  5.437733e-01
35442.8  5.439262e-01
35456.3  5.440482e-01
35469.8  5.441715e-01
35483.3  5.443146e-01
35496.8  5.444398e-01
35510.4  5.445952e-01
35523.9  5.447183e-01
35537.4  5.448541e-01
35550.9  5.450042e-01
35564.4  5.451475e-01
35577.9  5.452999e-01
35591.4  5.454779e-01
35604.9  5.456514e-01
35618.5  5.458276e-01
35632.0  5.460428e-01
35645.5  5.462338e-01
35659.0  5.464164e-01
35672.5  5.466459e-01
35686.0  5.468187e-01
35699.5  5.469972e-01
35713.0  5.472465e-01
35726.6  5.474561e-01
35740.1  5.477198e-01
35753.6  5.479335e-01
35767.1  5.481244e-01
35780.6  5.483852e-01
35794.1  5.485952e-01
35807.6  5.488095e-01
35821.1  5.490835e-01
35834.7  5.492990e-01
35848.2  5.495366e-01
35861.7  5.498359e-01
35875.2  5.500820e-01
35888.7  5.503399e-01
35902.2  5.506276e-01
35915.7  5.508510e-01
35929.2  5.510769e-01
35942.8  5.513513e-01
35956.3  5.515962e-01
35969.8  5.518380e-01
35983.3  5.521279e-01
35996.8  5.523698e-01
36010.3  5.526623e-01
36023.8  5.528939e-01
36037.3  5.531147e-01
36050.9  5.533526e-01
36064.4  5.535426e-01
36077.9  5.537128e-01
36091.4  5.539313e-01
36104.9  5.541429e-01
36118.4  5.543383e-01
36131.9  5.545787e-01
36145.4  5.547780e-01
36159.0  5.549648e-01
36172.5  5.551995e-01
36186.0  5.553616e-01
36199.5  5.555178e-01
36213.0  5.557419e-01
36226.5  5.559002e-01
36240.0  5.561238e-01
36253.5  5.563073e-01
36267.1  5.564675e-01
36280.6  5.566845e-01
36294.1  5.568425e-01
36307.6  5.569774e-01
36321.1  5.571678e-01
36334.6  5.572846e-01
36348.1  5.574034e-01
36361.6  5.576022e-01
36375.2  5.577450e-01
36388.7  5.578936e-01
36402.2  5.580984e-01
36415.7  5.582406e-01
36429.2  5.583823e-01
36442.7  5.585558e-01
36456.2  5.586681e-01
36469.7  5.587850e-01
36483.2  5.589336e-01
36496.8  5.590521e-01
36510.3  5.592299e-01
36523.8  5.593410e-01
36537.3  5.594673e-01
36550.8  5.596414e-01
36564.3  5.597598e-01
36577.8  5.598801e-01
36591.3  5.600147e-01
36604.9  5.601047e-01
36618.4  5.602078e-01
36631.9  5.603349e-01
36645.4  5.604429e-01
36658.9  5.605659e-01
36672.4  5.607051e-01
36685.9  5.608284e-01
36699.4  5.609569e-01
36713.0  5.610906e-01
36726.5  5.611950e-01
36740.0  5.612797e-01
36753.5  5.613767e-01
36767.0  5.614713e-01
36780.5  5.615951e-01
36794.0  5.617075e-01
36807.5  5.618236e-01
36821.1  5.619349e-01
36834.6  5.620438e-01
36848.1  5.621634e-01
36861.6  5.622744e-01
36875.1  5.623738e-01
36888.6  5.624563e-01
36902.1  5.625348e-01
36915.6  5.626237e-01
36929.2  5.627232e-01
36942.7  5.628475e-01
36956.2  5.629663e-01
36969.7  5.630617e-01
36983.2  5.631770e-01
36996.7  5.632891e-01
37010.2  5.633924e-01
37023.7  5.634678e-01
37037.3  5.635507e-01
37050.8  5.636453e-01
37064.3  5.637334e-01
37077.8  5.638245e-01
37091.3  5.639257e-01
37104.8  5.640235e-01
37118.3  5.641203e-01
37131.8  5.642298e-01
37145.4  5.643271e-01
37158.9  5.644143e-01
37172.4  5.645167e-01
37185.9  5.645976e-01
37199.4  5.646732e-01
37212.9  5.647922e-01
37226.4  5.649002e-01
37239.9  5.649942e-01
37253.5  5.651275e-01
37267.0  5.652380e-01
37280.5  5.653599e-01
37294.0  5.654556e-01
37307.5  5.655524e-01
37321.0  5.656741e-01
37334.5  5.657738e-01
37348.0  5.658686e-01
37361.5  5.659950e-01
37375.1  5.661095e-01
37388.6  5.662219e-01
37402.1  5.663721e-01
37415.6  5.665058e-01
37429.1  5.666253e-01
37442.6  5.667716e-01
37456.1  5.668837e-01
37469.6  5.669824e-01
37483.2  5.671272e-01
37496.7  5.672508e-01
37510.2  5.674091e-01
37523.7  5.675384e-01
37537.2  5.676757e-01
37550.7  5.678368e-01
37564.2  5.679636e-01
37577.7  5.680966e-01
37591.3  5.682590e-01
37604.8  5.683854e-01
37618.3  5.685053e-01
37631.8  5.686560e-01
37645.3  5.687897e-01
37658.8  5.689345e-01
37672.3  5.691089e-01
37685.8  5.692537e-01
37699.4  5.693947e-01
37712.9  5.695632e-01
37726.4  5.697093e-01
37739.9  5.698480e-01
37753.4  5.700030e-01
37766.9  5.701328e-01
37780.4  5.702878e-01
37793.9  5.704075e-01
37807.5  5.705436e-01
37821.0  5.707022e-01
37834.5  5.708260e-01
37848.0  5.709656e-01
37861.5  5.711215e-01
37875.0  5.712397e-01
37888.5  5.713613e-01
37902.0  5.714852e-01
37915.6  5.715807e-01
37929.1  5.716988e-01
37942.6  5.718249e-01
37956.1  5.719333e-01
37969.6  5.720542e-01
37983.1  5.721639e-01
37996.6  5.722635e-01
38010.1  5.723867e-01
38023.7  5.724744e-01
38037.2  5.725486e-01
38050.7  5.726373e-01
38064.2  5.727141e-01
38077.7  5.727994e-01
38091.2  5.728807e-01
38104.7  5.729396e-01
38118.2  5.730030e-01
38131.8  5.730700e-01
38145.3  5.731388e-01
38158.8  5.732059e-01
38172.3  5.732538e-01
38185.8  5.733001e-01
38199.3  5.733470e-01
38212.8  5.733787e-01
38226.3  5.734244e-01
38239.8  5.734620e-01
38253.4  5.734714e-01
38266.9  5.734957e-01
38280.4  5.734851e-01
38293.9  5.735224e-01
38307.4  5.735544e-01
38320.9  5.735459e-01
38334.4  5.735724e-01
38347.9  5.735607e-01
38361.5  5.735086e-01
38375.0  5.735249e-01
38388.5  5.735160e-01
38402.0  5.734620e-01
38415.5  5.734661e-01
38429.0  5.734532e-01
38442.5  5.733956e-01
38456.0  5.733883e-01
38469.6  5.733628e-01
38483.1  5.732910e-01
38496.6  5.732718e-01
38510.1  5.731946e-01
38523.6  5.731442e-01
38537.1  5.730953e-01
38550.6  5.729966e-01
38564.1  5.729395e-01
38577.7  5.729056e-01
38591.2  5.728243e-01
38604.7  5.727665e-01
38618.2  5.727260e-01
38631.7  5.726315e-01
38645.2  5.725689e-01
38658.7  5.725250e-01
38672.2  5.724314e-01
38685.8  5.723682e-01
38699.3  5.723159e-01
38712.8  5.722225e-01
38726.3  5.721518e-01
38739.8  5.720853e-01
38753.3  5.719921e-01
38766.8  5.719296e-01
38780.3  5.718510e-01
38793.9  5.718150e-01
38807.4  5.717623e-01
38820.9  5.716910e-01
38834.4  5.716547e-01
38847.9  5.716140e-01
38861.4  5.715803e-01
38874.9  5.715800e-01
38888.4  5.715696e-01
38902.0  5.715552e-01
38915.5  5.715713e-01
38929.0  5.715858e-01
38942.5  5.715973e-01
38956.0  5.716433e-01
38969.5  5.716921e-01
38983.0  5.717376e-01
38996.5  5.718140e-01
39010.1  5.718930e-01
39023.6  5.719922e-01
39037.1  5.721223e-01
39050.6  5.722521e-01
39064.1  5.723809e-01
39077.6  5.725327e-01
39091.1  5.727037e-01
39104.6  5.728668e-01
39118.2  5.730442e-01
39131.7  5.732484e-01
39145.2  5.734317e-01
39158.7  5.736318e-01
39172.2  5.738598e-01
39185.7  5.740405e-01
39199.2  5.742208e-01
39212.7  5.744204e-01
39226.2  5.745815e-01
39239.8  5.747434e-01
39253.3  5.749283e-01
39266.8  5.750513e-01
39280.3  5.751736e-01
39293.8  5.752538e-01
39307.3  5.752949e-01
39320.8  5.753188e-01
39334.3  5.752760e-01
39347.9  5.751503e-01
39361.4  5.749777e-01
39374.9  5.747018e-01
39388.4  5.743416e-01
39401.9  5.739216e-01
39415.4  5.733699e-01
39428.9  5.727244e-01
39442.4  5.719897e-01
39456.0  5.710808e-01
39469.5  5.700159e-01
39483.0  5.688118e-01
39496.5  5.674044e-01
39510.0  5.658696e-01
39523.5  5.640789e-01
39537.0  5.620729e-01
39550.5  5.599087e-01
39564.1  5.574718e-01
39577.6  5.547702e-01
39591.1  5.518648e-01
39604.6  5.486334e-01
39618.1  5.451092e-01
39631.6  5.413584e-01
39645.1  5.372762e-01
39658.6  5.328910e-01
39672.2  5.282571e-01
39685.7  5.232980e-01
39699.2  5.180143e-01
39712.7  5.124198e-01
39726.2  5.064526e-01
39739.7  5.001734e-01
39753.2  4.936286e-01
39766.7  4.867595e-01
39780.3  4.796370e-01
39793.8  4.721832e-01
39807.3  4.644674e-01
39820.8  4.565573e-01
39834.3  4.483226e-01
39847.8  4.398316e-01
39861.3  4.311813e-01
39874.8  4.222847e-01
39888.4  4.132083e-01
39901.9  4.040238e-01
39915.4  3.946877e-01
39928.9  3.852273e-01
39942.4  3.757217e-01
39955.9  3.660986e-01
39969.4  3.564081e-01
39982.9  3.467289e-01
39996.5  3.370298e-01
40010.0  3.273332e-01
40023.5  3.176626e-01
40037.0  3.080537e-01
40050.5  2.985300e-01
40064.0  2.890129e-01
40077.5  2.796317e-01
40091.0  2.703870e-01
40104.5  2.612493e-01
40118.1  2.522593e-01
40131.6  2.434504e-01
40145.1  2.347843e-01
40158.6  2.262679e-01
40172.1  2.179604e-01
40185.6  2.098116e-01
40199.1  2.018367e-01
40212.6  1.940774e-01
40226.2  1.865133e-01
40239.7  1.791277e-01
40253.2  1.719452e-01
40266.7  1.649838e-01
40280.2  1.582089e-01
40293.7  1.516334e-01
40307.2  1.452812e-01
40320.7  1.391344e-01
40334.3  1.331593e-01
40347.8  1.273917e-01
40361.3  1.218438e-01
40374.8  1.164356e-01
40388.3  1.112249e-01
40401.8  1.062206e-01
40415.3  1.013821e-01
40428.8  9.670957e-02
40442.4  9.223881e-02
40455.9  8.794036e-02
40469.4  8.377702e-02
40482.9  7.980753e-02
40496.4  7.599687e-02
40509.9  7.232718e-02
40523.4  6.880775e-02
40536.9  6.545674e-02
40550.5  6.223920e-02
40564.0  5.912856e-02
40577.5  5.617586e-02
40591.0  5.335408e-02
40604.5  5.063912e-02
40618.0  4.804794e-02
40631.5  4.561074e-02
40645.0  4.325447e-02
40658.6  4.100473e-02
40672.1  3.888765e-02
40685.6  3.686075e-02
40699.1  3.491557e-02
40712.6  3.307461e-02
40726.1  3.134221e-02
40739.6  2.965894e-02
40753.1  2.807335e-02
40766.7  2.658041e-02
40780.2  2.516020e-02
40793.7  2.379229e-02
40807.2  2.251524e-02
40820.7  2.131927e-02
40834.2  2.015098e-02
40847.7  1.905497e-02
40861.2  1.802911e-02
40874.8  1.704843e-02
40888.3  1.610212e-02
40901.8  1.524654e-02
40915.3  1.442289e-02
40928.8  1.361878e-02
40942.3  1.286943e-02
40955.8  1.217727e-02
40969.3  1.151489e-02
40982.8  1.087784e-02
40996.4  1.030886e-02
41009.9  9.754737e-03
41023.4  9.216090e-03
41036.9  8.709216e-03
41050.4  8.255818e-03
41063.9  7.800080e-03
41077.4  7.368640e-03
41090.9  6.981470e-03
41104.5  6.607178e-03
41118.0  6.239521e-03
41131.5  5.904677e-03
41145.0  5.611050e-03
41158.5  5.300537e-03
41172.0  5.014982e-03
41185.5  4.758302e-03
41199.0  4.516261e-03
41212.6  4.258883e-03
41226.1  4.041011e-03
41239.6  3.838703e-03
41253.1  3.627884e-03
41266.6  3.426252e-03
41280.1  3.257793e-03
41293.6  3.099533e-03
41307.1  2.925802e-03
41320.7  2.783329e-03
41334.2  2.649791e-03
41347.7  2.511764e-03
41361.2  2.371779e-03
41374.7  2.272098e-03
41388.2  2.156159e-03
41401.7  2.037691e-03
41415.2  1.936175e-03
41428.8  1.855044e-03
41442.3  1.748926e-03
41455.8  1.649530e-03
41469.3  1.583687e-03
41482.8  1.515512e-03
41496.3  1.433899e-03
41509.8  1.358858e-03
41523.3  1.306736e-03
41536.9  1.228644e-03
41550.4  1.162552e-03
41563.9  1.115948e-03
41577.4  1.078268e-03
41590.9  1.005365e-03
41604.4  9.629424e-04
41617.9  9.332074e-04
41631.4  8.923387e-04
41645.0  8.340878e-04
41658.5  8.033986e-04
41672.0  7.735255e-04
41685.5  7.263651e-04
41699.0  6.915054e-04
41712.5  6.779918e-04
41726.0  6.537254e-04
41739.5  6.032627e-04
41753.1  5.817464e-04
41766.6  5.632723e-04
41780.1  5.333987e-04
41793.6  4.959427e-04
41807.1  4.964254e-04
41820.6  4.732138e-04
41834.1  4.393695e-04
41847.6  4.135936e-04
41861.1  4.186783e-04
41874.7  3.892050e-04
41888.2  3.620316e-04
41901.7  3.507743e-04
41915.2  3.465801e-04
41928.7  3.143063e-04
41942.2  3.005254e-04
41955.7  3.054631e-04
41969.2  2.978579e-04
41982.8  2.720252e-04
41996.3  2.612530e-04
42009.8  2.599733e-04
42023.3  2.327661e-04
42036.8  2.123408e-04
42050.3  2.137380e-04
42063.8  2.193803e-04
42077.3  1.891468e-04
42090.9  1.820651e-04
42104.4  1.872012e-04
42117.9  1.864321e-04
42131.4  1.613173e-04
42144.9  1.758225e-04
42158.4  1.848064e-04
42171.9  1.732171e-04
42185.4  1.449666e-04
42199.0  1.636327e-04
42212.5  1.568804e-04
42226.0  1.318985e-04
42239.5  1.146215e-04
42253.0  1.353777e-04
42266.5  1.182163e-04
42280.0  9.953492e-05
42293.5  9.802557e-05
42307.1  1.204134e-04
42320.6  9.995350e-05
42334.1  9.248795e-05
42347.6  1.010952e-04
42361.1  1.108688e-04
42374.6  8.239675e-05
42388.1  7.706594e-05
42401.6  8.442241e-05
42415.2  8.235610e-05
42428.7  6.665326e-05
42442.2  7.167119e-05
42455.7  7.822650e-05
42469.2  6.593217e-05
42482.7  5.416967e-05
42496.2  7.069039e-05
42512.3  0.000000e+00
42528.4  0.000000e+00
