# from ImPCE_TN-00072-ATC-Iss2.xlsx from
# http://ircamera.as.arizona.edu/MIRI/pces.htm
# Retrieved Jan 23, 2017
# Does not include observatory efficiency?
# Units of transmission are PCE (photon to electron conversion efficiency)
# 


10000.0  0
10060.0  0
10120.0  0
10170.0  0
10230.0  0
10290.0  0
10350.0  0
10410.0  0
10460.0  0
10520.0  0
10580.0  0
10640.0  0
10700.0  0
10750.0  0
10810.0  0
10870.0  0
10930.0  0
10990.0  0
11040.0  0
11100.0  0
11160.0  0
11220.0  0
11280.0  0
11330.0  0
11390.0  0
11450.0  0
11510.0  0
11570.0  0
11620.0  0
11680.0  0
11740.0  0
11800.0  0
11860.0  0
11910.0  0
11970.0  0
12030.0  0
12090.0  0
12150.0  0
12200.0  0
12260.0  0
12320.0  0
12380.0  0
12440.0  0
12490.0  0
12550.0  0
12610.0  0
12670.0  0
12730.0  0
12780.0  0
12840.0  0
12900.0  0
12960.0  0
13020.0  0
13070.0  0
13130.0  0
13190.0  0
13250.0  0
13310.0  0
13360.0  0
13420.0  0
13480.0  0
13540.0  0
13600.0  0
13650.0  0
13710.0  0
13770.0  0
13830.0  0
13890.0  0
13940.0  0
14000.0  0
14060.0  0
14120.0  0
14180.0  0
14230.0  0
14290.0  0
14350.0  0
14410.0  0
14470.0  0
14520.0  0
14580.0  0
14640.0  0
14700.0  0
14760.0  0
14810.0  0
14870.0  0
14930.0  0
14990.0  0
15050.0  0
15100.0  0
15160.0  0
15220.0  0
15280.0  0
15340.0  0
15390.0  0
15450.0  0
15510.0  0
15570.0  0
15630.0  0
15680.0  0
15740.0  0
15800.0  0
15860.0  0
15920.0  0
15970.0  0
16030.0  0
16090.0  0
16150.0  0
16210.0  0
16260.0  0
16320.0  0
16380.0  0
16440.0  0
16500.0  0
16550.0  0
16610.0  0
16670.0  0
16730.0  0
16790.0  0
16840.0  0
16900.0  0
16960.0  0
17020.0  0
17080.0  0
17130.0  0
17190.0  0
17250.0  0
17310.0  0
17370.0  0
17420.0  0
17480.0  0
17540.0  0
17600.0  0
17660.0  0
17710.0  0
17770.0  0
17830.0  0
17890.0  0
17950.0  0
18000.0  0
18060.0  0
18120.0  0
18180.0  0
18240.0  0
18290.0  0
18350.0  0
18410.0  0
18470.0  0
18530.0  0
18580.0  0
18640.0  0
18700.0  0
18760.0  0
18820.0  0
18870.0  0
18930.0  0
18990.0  0
19050.0  0
19110.0  0
19160.0  0
19220.0  0
19280.0  0
19340.0  0
19400.0  0
19450.0  0
19510.0  0
19570.0  0
19630.0  0
19690.0  0
19740.0  0
19800.0  0
19860.0  0
19920.0  0
19980.0  0
20030.0  0
20090.0  0
20150.0  0
20210.0  0
20270.0  0
20320.0  0
20380.0  0
20440.0  0
20500.0  0
20560.0  0
20610.0  0
20670.0  0
20730.0  0
20790.0  0
20850.0  0
20900.0  0
20960.0  0
21020.0  0
21080.0  0
21140.0  0
21190.0  0
21250.0  0
21310.0  0
21370.0  0
21430.0  0
21480.0  0
21540.0  0
21600.0  0
21660.0  0
21720.0  0
21770.0  0
21830.0  0
21890.0  0
21950.0  0
22010.0  0
22060.0  0
22120.0  0
22180.0  0
22240.0  0
22300.0  0
22350.0  0
22410.0  0
22470.0  0
22530.0  0
22590.0  0
22640.0  0
22700.0  0
22760.0  0
22820.0  0
22880.0  0
22930.0  0
22990.0  0
23050.0  0
23110.0  0
23170.0  0
23220.0  0
23280.0  0
23340.0  0
23400.0  0
23460.0  0
23510.0  0
23570.0  0
23630.0  0
23690.0  0
23750.0  0
23800.0  0
23860.0  0
23920.0  0
23980.0  0
24040.0  0
24090.0  0
24150.0  0
24210.0  0
24270.0  0
24330.0  0
24380.0  0
24440.0  0
24500.0  0
24560.0  0
24620.0  0
24670.0  0
24730.0  0
24790.0  0
24850.0  0
24910.0  0
24960.0  0
25020.0  0
25080.0  0
25140.0  0
25200.0  0
25250.0  0
25310.0  0
25370.0  0
25430.0  0
25490.0  0
25540.0  0
25600.0  0
25660.0  0
25720.0  0
25780.0  0
25830.0  0
25890.0  0
25950.0  0
26010.0  0
26070.0  0
26120.0  0
26180.0  0
26240.0  0
26300.0  0
26360.0  0
26410.0  0
26470.0  0
26530.0  0
26590.0  0
26650.0  0
26700.0  0
26760.0  0
26820.0  0
26880.0  0
26940.0  0
26990.0  0
27050.0  0
27110.0  0
27170.0  0
27230.0  0
27280.0  0
27340.0  0
27400.0  0
27460.0  0
27520.0  0
27570.0  0
27630.0  0
27690.0  0
27750.0  0
27810.0  0
27860.0  0
27920.0  0
27980.0  0
28040.0  0
28100.0  0
28150.0  0
28210.0  0
28270.0  0
28330.0  0
28390.0  0
28440.0  0
28500.0  0
28560.0  0
28620.0  0
28680.0  0
28730.0  0
28790.0  0
28850.0  0
28910.0  0
28970.0  0
29020.0  0
29080.0  0
29140.0  0
29200.0  0
29260.0  0
29310.0  0
29370.0  0
29430.0  0
29490.0  0
29550.0  0
29600.0  0
29660.0  0
29720.0  0
29780.0  0
29840.0  0
29890.0  0
29950.0  0
30010.0  0
30070.0  0
30130.0  0
30180.0  0
30240.0  0
30300.0  0
30360.0  0
30420.0  0
30470.0  0
30530.0  0
30590.0  0
30650.0  0
30710.0  0
30760.0  0
30820.0  0
30880.0  0
30940.0  0
31000.0  0
31050.0  0
31110.0  0
31170.0  0
31230.0  0
31290.0  0
31340.0  0
31400.0  0
31460.0  0
31520.0  0
31580.0  0
31630.0  0
31690.0  0
31750.0  0
31810.0  0
31870.0  0
31920.0  0
31980.0  0
32040.0  0
32100.0  0
32160.0  0
32210.0  0
32270.0  0
32330.0  0
32390.0  0
32450.0  0
32500.0  0
32560.0  0
32620.0  0
32680.0  0
32740.0  0
32790.0  0
32850.0  0
32910.0  0
32970.0  0
33030.0  0
33080.0  0
33140.0  0
33200.0  0
33260.0  0
33320.0  0
33370.0  0
33430.0  0
33490.0  0
33550.0  0
33610.0  0
33660.0  0
33720.0  0
33780.0  0
33840.0  0
33900.0  0
33950.0  0
34010.0  0
34070.0  0
34130.0  0
34190.0  0
34240.0  0
34300.0  0
34360.0  0
34420.0  0
34480.0  0
34530.0  0
34590.0  0
34650.0  0
34710.0  0
34770.0  0
34820.0  0
34880.0  0
34940.0  0
35000.0  0
35060.0  0
35110.0  0
35170.0  0
35230.0  0
35290.0  0
35350.0  0
35400.0  0
35460.0  0
35520.0  0
35580.0  0
35640.0  0
35690.0  0
35750.0  0
35810.0  0
35870.0  0
35930.0  0
35980.0  0
36040.0  0
36100.0  0
36160.0  0
36220.0  0
36270.0  0
36330.0  0
36390.0  0
36450.0  0
36510.0  0
36560.0  0
36620.0  0
36680.0  0
36740.0  0
36800.0  0
36850.0  0
36910.0  0
36970.0  0
37030.0  0
37090.0  0
37140.0  0
37200.0  0
37260.0  0
37320.0  0
37380.0  0
37430.0  0
37490.0  0
37550.0  0
37610.0  0
37670.0  0
37720.0  0
37780.0  0
37840.0  0
37900.0  0
37960.0  0
38010.0  0
38070.0  0
38130.0  0
38190.0  0
38250.0  0
38300.0  0
38360.0  0
38420.0  0
38480.0  0
38540.0  0
38590.0  0
38650.0  0
38710.0  0
38770.0  0
38830.0  0
38880.0  0
38940.0  0
39000.0  0
39060.0  0
39120.0  0
39170.0  0
39230.0  0
39290.0  0
39350.0  0
39410.0  0
39460.0  0
39520.0  0
39580.0  0
39640.0  0
39700.0  0
39750.0  0
39810.0  0
39870.0  0
39930.0  0
39990.0  0
40040.0  0
40100.0  0
40160.0  0
40220.0  0
40280.0  0
40330.0  0
40390.0  0
40450.0  0
40510.0  0
40570.0  0
40620.0  0
40680.0  0
40740.0  0
40800.0  0
40860.0  0
40910.0  0
40970.0  0
41030.0  0
41090.0  0
41150.0  0
41200.0  0
41260.0  0
41320.0  0
41380.0  0
41440.0  0
41490.0  0
41550.0  0
41610.0  0
41670.0  0
41730.0  0
41780.0  0
41840.0  0
41900.0  0
41960.0  0
42020.0  0
42070.0  0
42130.0  0
42190.0  0
42250.0  0
42310.0  0
42360.0  0
42420.0  0
42480.0  0
42540.0  0
42600.0  0
42650.0  0
42710.0  0
42770.0  0
42830.0  0
42890.0  0
42940.0  0
43000.0  0
43060.0  0
43120.0  0
43180.0  0
43230.0  0
43290.0  0
43350.0  0
43410.0  0
43470.0  0
43520.0  0
43580.0  0
43640.0  0
43700.0  0
43760.0  0
43810.0  0
43870.0  0
43930.0  0
43990.0  0
44050.0  0
44100.0  0
44160.0  0
44220.0  0
44280.0  0
44340.0  0
44390.0  0
44450.0  0
44510.0  0
44570.0  0
44630.0  0
44680.0  0
44740.0  0
44800.0  0
44860.0  0
44920.0  0
44970.0  0
45030.0  0
45090.0  0
45150.0  0
45210.0  0
45260.0  0
45320.0  0
45380.0  0
45440.0  0
45500.0  0
45550.0  0
45610.0  0
45670.0  0
45730.0  0
45790.0  0
45840.0  0
45900.0  0
45960.0  0
46020.0  0
46080.0  0
46130.0  0
46190.0  0
46250.0  0
46310.0  0
46370.0  0
46420.0  0
46480.0  0
46540.0  0
46600.0  0
46660.0  0
46710.0  0
46770.0  0
46830.0  0
46890.0  0
46950.0  0
47000.0  0
47060.0  0
47120.0  0
47180.0  0
47240.0  0
47290.0  0
47350.0  0
47410.0  0
47470.0  0
47530.0  0
47580.0  0
47640.0  0
47700.0  0
47760.0  0
47820.0  0
47870.0  0
47930.0  0
47990.0  0
48050.0  0
48110.0  0
48160.0  0
48220.0  0
48280.0  0
48340.0  0
48400.0  0
48450.0  0
48510.0  0
48570.0  0
48630.0  0
48690.0  0
48740.0  0
48800.0  0
48860.0  0
48920.0  0
48980.0  0
49030.0  0
49090.0  0
49150.0  0
49210.0  0
49270.0  0
49320.0  0
49380.0  0
49440.0  0
49500.0  0
49560.0  0
49610.0  0
49670.0  0
49730.0  0
49790.0  0
49850.0  0
49900.0  0
49960.0  0
50020.0  0
50080.0  0
50140.0  0
50190.0  0
50250.0  0
50310.0  0
50370.0  0
50430.0  0
50480.0  0
50540.0  0
50600.0  0
50660.0  0
50720.0  0
50770.0  0
50830.0  0
50890.0  0
50950.0  0
51010.0  0
51060.0  0
51120.0  0
51180.0  0
51240.0  0
51300.0  0
51350.0  0
51410.0  0
51470.0  0
51530.0  0
51590.0  0
51640.0  0
51700.0  0
51760.0  0
51820.0  0
51880.0  0
51930.0  0
51990.0  0
52050.0  0
52110.0  0
52170.0  0
52220.0  0
52280.0  0
52340.0  0
52400.0  0
52460.0  0
52510.0  0
52570.0  0
52630.0  0
52690.0  0
52750.0  0
52800.0  0
52860.0  0
52920.0  0
52980.0  0
53040.0  0
53090.0  0
53150.0  0
53210.0  0
53270.0  0
53330.0  0
53380.0  0
53440.0  0
53500.0  0
53560.0  0
53620.0  0
53670.0  0
53730.0  0
53790.0  0
53850.0  0
53910.0  0
53960.0  0
54020.0  0
54080.0  0
54140.0  0
54200.0  0
54250.0  0
54310.0  0
54370.0  0
54430.0  0
54490.0  0
54540.0  0
54600.0  0
54660.0  0
54720.0  0
54780.0  0
54830.0  0
54890.0  0
54950.0  0
55010.0  0
55070.0  0
55120.0  0
55180.0  0
55240.0  0
55300.0  0
55360.0  0
55410.0  0
55470.0  0
55530.0  0
55590.0  0
55650.0  0
55700.0  0
55760.0  0
55820.0  0
55880.0  0
55940.0  0
55990.0  0
56050.0  0
56110.0  0
56170.0  0
56230.0  0
56280.0  0
56340.0  0
56400.0  0
56460.0  0
56520.0  0
56570.0  0
56630.0  0
56690.0  0
56750.0  0
56810.0  0
56860.0  0
56920.0  0
56980.0  0
57040.0  0
57100.0  0
57150.0  0
57210.0  0
57270.0  0
57330.0  0
57390.0  0
57440.0  0
57500.0  0
57560.0  0
57620.0  0
57680.0  0
57730.0  0
57790.0  0
57850.0  0
57910.0  0
57970.0  0
58020.0  0
58080.0  0
58140.0  0
58200.0  0
58260.0  0
58310.0  0
58370.0  0
58430.0  0
58490.0  0
58550.0  0
58600.0  0
58660.0  0
58720.0  0
58780.0  0
58840.0  0
58890.0  0
58950.0  0
59010.0  0
59070.0  0
59130.0  0
59180.0  0
59240.0  0
59300.0  0
59360.0  0
59420.0  0
59470.0  0
59530.0  0
59590.0  0
59650.0  0
59710.0  0
59760.0  0
59820.0  0
59880.0  0
59940.0  0
60000.0  0
60050.0  0
60110.0  0
60170.0  0
60230.0  0
60290.0  0
60340.0  0
60400.0  0
60460.0  0
60520.0  0
60580.0  0
60630.0  0
60690.0  0
60750.0  0
60810.0  0
60870.0  0
60920.0  0
60980.0  0
61040.0  0
61100.0  0
61160.0  0
61210.0  0
61270.0  0
61330.0  0
61390.0  0
61450.0  0
61500.0  0
61560.0  0
61620.0  0
61680.0  0
61740.0  0
61790.0  0
61850.0  0
61910.0  0
61970.0  0
62030.0  0
62080.0  0.0001
62140.0  0.0001
62200.0  0.0001
62260.0  0.0001
62320.0  0.0002
62370.0  0.0002
62430.0  0.0003
62490.0  0.0005
62550.0  0.0007
62610.0  0.0009
62660.0  0.0008
62720.0  0.0007
62780.0  0.0007
62840.0  0.0006
62900.0  0.0005
62950.0  0.0004
63010.0  0.0003
63070.0  0.0002
63130.0  0.0002
63190.0  0.0001
63240.0  0.0001
63300.0  0.0001
63360.0  0.0001
63420.0  0.0001
63480.0  0.0001
63530.0  0.0001
63590.0  0.0002
63650.0  0.0002
63710.0  0.0002
63770.0  0.0002
63820.0  0.0002
63880.0  0.0002
63940.0  0.0003
64000.0  0.0003
64060.0  0.0004
64110.0  0.0004
64170.0  0.0005
64230.0  0.0005
64290.0  0.0007
64350.0  0.0008
64400.0  0.001
64460.0  0.0013
64520.0  0.0015
64580.0  0.0018
64640.0  0.0025
64690.0  0.0033
64750.0  0.0041
64810.0  0.0052
64870.0  0.0079
64930.0  0.0105
64980.0  0.0131
65040.0  0.0194
65100.0  0.0272
65160.0  0.0349
65220.0  0.0455
65270.0  0.0637
65330.0  0.0818
65390.0  0.0999
65450.0  0.1192
65510.0  0.1388
65560.0  0.1584
65620.0  0.1734
65680.0  0.1812
65740.0  0.1889
65800.0  0.1966
65850.0  0.2024
65910.0  0.2081
65970.0  0.2137
66030.0  0.2222
66090.0  0.2337
66140.0  0.2452
66200.0  0.2568
66260.0  0.2707
66320.0  0.2847
66380.0  0.2986
66430.0  0.3053
66490.0  0.3069
66550.0  0.3085
66610.0  0.3095
66670.0  0.3073
66720.0  0.305
66780.0  0.3027
66840.0  0.2983
66900.0  0.293
66960.0  0.2876
67010.0  0.2832
67070.0  0.2817
67130.0  0.2802
67190.0  0.2787
67250.0  0.2792
67300.0  0.2802
67360.0  0.2813
67420.0  0.284
67480.0  0.2899
67540.0  0.2958
67590.0  0.3017
67650.0  0.3102
67710.0  0.319
67770.0  0.3277
67830.0  0.3349
67880.0  0.3403
67940.0  0.3457
68000.0  0.351
68060.0  0.3536
68120.0  0.3562
68170.0  0.3588
68230.0  0.3594
68290.0  0.3584
68350.0  0.3574
68410.0  0.3565
68460.0  0.3569
68520.0  0.3573
68580.0  0.3576
68640.0  0.3543
68700.0  0.3491
68750.0  0.3439
68810.0  0.3394
68870.0  0.3377
68930.0  0.3359
68990.0  0.3342
69040.0  0.3331
69100.0  0.3322
69160.0  0.3314
69220.0  0.3309
69280.0  0.3314
69330.0  0.3319
69390.0  0.3324
69450.0  0.3345
69510.0  0.3368
69570.0  0.3391
69620.0  0.3406
69680.0  0.3406
69740.0  0.3407
69800.0  0.3408
69860.0  0.3419
69910.0  0.343
69970.0  0.3441
70030.0  0.3455
70090.0  0.3473
70150.0  0.3491
70200.0  0.3509
70260.0  0.3538
70320.0  0.3566
70380.0  0.3594
70440.0  0.3612
70490.0  0.3623
70550.0  0.3635
70610.0  0.3645
70670.0  0.3654
70730.0  0.3663
70780.0  0.3671
70840.0  0.3681
70900.0  0.3691
70960.0  0.37
71020.0  0.3709
71070.0  0.3713
71130.0  0.3718
71190.0  0.3723
71250.0  0.372
71310.0  0.3716
71360.0  0.3712
71420.0  0.3708
71480.0  0.3704
71540.0  0.37
71600.0  0.3696
71650.0  0.3683
71710.0  0.367
71770.0  0.3656
71830.0  0.3649
71890.0  0.365
71940.0  0.3651
72000.0  0.3652
72060.0  0.3658
72120.0  0.3664
72180.0  0.3671
72230.0  0.368
72290.0  0.3691
72350.0  0.3702
72410.0  0.3713
72470.0  0.373
72520.0  0.3747
72580.0  0.3764
72640.0  0.3776
72700.0  0.3787
72760.0  0.3798
72810.0  0.3804
72870.0  0.3796
72930.0  0.3787
72990.0  0.3779
73050.0  0.3768
73100.0  0.3756
73160.0  0.3744
73220.0  0.3733
73280.0  0.3724
73340.0  0.3714
73390.0  0.3705
73450.0  0.3686
73510.0  0.3665
73570.0  0.3645
73630.0  0.3632
73680.0  0.3627
73740.0  0.3622
73800.0  0.3617
73860.0  0.3623
73920.0  0.3629
73970.0  0.3635
74030.0  0.3647
74090.0  0.3662
74150.0  0.3678
74210.0  0.3695
74260.0  0.3716
74320.0  0.3738
74380.0  0.3759
74440.0  0.3783
74500.0  0.3809
74550.0  0.3834
74610.0  0.3855
74670.0  0.3862
74730.0  0.3869
74790.0  0.3876
74840.0  0.3872
74900.0  0.3864
74960.0  0.3857
75020.0  0.3847
75080.0  0.3833
75130.0  0.3819
75190.0  0.3805
75250.0  0.3786
75310.0  0.3766
75370.0  0.3746
75420.0  0.3727
75480.0  0.371
75540.0  0.3693
75600.0  0.3676
75660.0  0.3666
75710.0  0.3656
75770.0  0.3646
75830.0  0.364
75890.0  0.3637
75950.0  0.3634
76000.0  0.3632
76060.0  0.364
76120.0  0.3647
76180.0  0.3654
76240.0  0.3665
76290.0  0.3679
76350.0  0.3692
76410.0  0.3706
76470.0  0.3723
76530.0  0.3739
76580.0  0.3756
76640.0  0.3772
76700.0  0.3787
76760.0  0.3802
76820.0  0.3816
76870.0  0.3827
76930.0  0.3839
76990.0  0.385
77050.0  0.3856
77110.0  0.3861
77160.0  0.3865
77220.0  0.3869
77280.0  0.387
77340.0  0.3871
77400.0  0.3872
77450.0  0.3873
77510.0  0.3874
77570.0  0.3874
77630.0  0.3874
77690.0  0.3874
77740.0  0.3874
77800.0  0.3874
77860.0  0.3875
77920.0  0.3876
77980.0  0.3878
78030.0  0.388
78090.0  0.3883
78150.0  0.3887
78210.0  0.389
78270.0  0.3893
78320.0  0.3896
78380.0  0.3899
78440.0  0.3901
78500.0  0.3903
78560.0  0.3905
78610.0  0.3905
78670.0  0.3902
78730.0  0.3899
78790.0  0.3897
78850.0  0.3891
78900.0  0.3885
78960.0  0.3879
79020.0  0.3872
79080.0  0.3864
79140.0  0.3856
79190.0  0.3848
79250.0  0.3842
79310.0  0.3836
79370.0  0.383
79430.0  0.3826
79480.0  0.3824
79540.0  0.3822
79600.0  0.382
79660.0  0.3823
79720.0  0.3826
79770.0  0.3829
79830.0  0.3836
79890.0  0.3844
79950.0  0.3853
80010.0  0.3862
80060.0  0.3873
80120.0  0.3883
80180.0  0.3894
80240.0  0.3905
80300.0  0.3915
80350.0  0.3926
80410.0  0.3936
80470.0  0.3943
80530.0  0.395
80590.0  0.3958
80640.0  0.3962
80700.0  0.3964
80760.0  0.3967
80820.0  0.3968
80880.0  0.3965
80930.0  0.3963
80990.0  0.396
81050.0  0.3954
81110.0  0.3948
81170.0  0.3941
81220.0  0.3934
81280.0  0.3927
81340.0  0.3919
81400.0  0.3912
81460.0  0.3906
81510.0  0.39
81570.0  0.3894
81630.0  0.389
81690.0  0.3887
81750.0  0.3885
81800.0  0.3883
81860.0  0.3884
81920.0  0.3886
81980.0  0.3888
82040.0  0.3891
82090.0  0.3896
82150.0  0.39
82210.0  0.3905
82270.0  0.391
82330.0  0.3915
82380.0  0.392
82440.0  0.3924
82500.0  0.3928
82560.0  0.3931
82620.0  0.3934
82670.0  0.3933
82730.0  0.3933
82790.0  0.3932
82850.0  0.3928
82910.0  0.3923
82960.0  0.3918
83020.0  0.3911
83080.0  0.3903
83140.0  0.3895
83200.0  0.3886
83250.0  0.3876
83310.0  0.3866
83370.0  0.3855
83430.0  0.3845
83490.0  0.3836
83540.0  0.3828
83600.0  0.3819
83660.0  0.3813
83720.0  0.3806
83780.0  0.38
83830.0  0.3796
83890.0  0.3794
83950.0  0.3791
84010.0  0.3789
84070.0  0.3791
84120.0  0.3793
84180.0  0.3795
84240.0  0.3799
84300.0  0.3804
84360.0  0.3809
84410.0  0.3815
84470.0  0.382
84530.0  0.3826
84590.0  0.3832
84650.0  0.3837
84700.0  0.3843
84760.0  0.3848
84820.0  0.3853
84880.0  0.3856
84940.0  0.3859
84990.0  0.3862
85050.0  0.3861
85110.0  0.3858
85170.0  0.3856
85230.0  0.3852
85280.0  0.3847
85340.0  0.3841
85400.0  0.3836
85460.0  0.3827
85520.0  0.3818
85570.0  0.3809
85630.0  0.3799
85690.0  0.3788
85750.0  0.3776
85810.0  0.3765
85860.0  0.3749
85920.0  0.3733
85980.0  0.3718
86040.0  0.3694
86100.0  0.3666
86150.0  0.3638
86210.0  0.3602
86270.0  0.3532
86330.0  0.3462
86390.0  0.3392
86440.0  0.3273
86500.0  0.3137
86560.0  0.3002
86620.0  0.2847
86680.0  0.2648
86730.0  0.2449
86790.0  0.225
86850.0  0.2035
86910.0  0.1818
86970.0  0.1601
87020.0  0.1402
87080.0  0.1228
87140.0  0.1054
87200.0  0.0881
87260.0  0.0764
87310.0  0.0649
87370.0  0.0535
87430.0  0.0448
87490.0  0.0386
87550.0  0.0324
87600.0  0.0264
87660.0  0.0231
87720.0  0.0198
87780.0  0.0165
87840.0  0.0141
87890.0  0.0123
87950.0  0.0104
88010.0  0.0087
88070.0  0.0077
88130.0  0.0067
88180.0  0.0057
88240.0  0.005
88300.0  0.0045
88360.0  0.0039
88420.0  0.0034
88470.0  0.0031
88530.0  0.0027
88590.0  0.0024
88650.0  0.0021
88710.0  0.0019
88760.0  0.0017
88820.0  0.0016
88880.0  0.0014
88940.0  0.0013
89000.0  0.0012
89050.0  0.0011
89110.0  0.001
89170.0  0.0009
89230.0  0.0008
89290.0  0.0008
89340.0  0.0007
89400.0  0.0006
89460.0  0.0006
89520.0  0.0006
89580.0  0.0005
89630.0  0.0005
89690.0  0.0005
89750.0  0.0004
89810.0  0.0004
89870.0  0.0004
89920.0  0.0004
89980.0  0.0004
90040.0  0.0004
90100.0  0.0004
90160.0  0.0003
90210.0  0.0003
90270.0  0.0003
90330.0  0.0003
90390.0  0.0003
90450.0  0.0003
90500.0  0.0003
90560.0  0.0003
90620.0  0.0003
90680.0  0.0003
90740.0  0.0003
90790.0  0.0003
90850.0  0.0003
90910.0  0.0003
90970.0  0.0003
91030.0  0.0003
91080.0  0.0003
91140.0  0.0003
91200.0  0.0003
91260.0  0.0003
91320.0  0.0003
91370.0  0.0003
91430.0  0.0003
91490.0  0.0003
91550.0  0.0003
91610.0  0.0003
91660.0  0.0003
91720.0  0.0003
91780.0  0.0003
91840.0  0.0003
91900.0  0.0002
91950.0  0.0002
92010.0  0.0002
92070.0  0.0002
92130.0  0.0002
92190.0  0.0002
92240.0  0.0002
92300.0  0.0002
92360.0  0.0002
92420.0  0.0001
92480.0  0.0001
92530.0  0.0001
92590.0  0.0001
92650.0  0.0001
92710.0  0.0001
92770.0  0.0001
92820.0  0.0001
92880.0  0.0001
92940.0  0.0001
93000.0  0.0001
93060.0  0.0001
93110.0  0.0001
93170.0  0.0001
93230.0  0.0001
93290.0  0.0001
93350.0  0
93400.0  0
93460.0  0
93520.0  0
93580.0  0
93640.0  0
93690.0  0
93750.0  0
93810.0  0
93870.0  0
93930.0  0
93980.0  0
94040.0  0
94100.0  0
94160.0  0
94220.0  0
94270.0  0
94330.0  0
94390.0  0
94450.0  0
94510.0  0
94560.0  0
94620.0  0
94680.0  0
94740.0  0
94800.0  0
94850.0  0
94910.0  0
94970.0  0
95030.0  0
95090.0  0
95140.0  0
95200.0  0
95260.0  0
95320.0  0
95380.0  0
95430.0  0
95490.0  0
95550.0  0
95610.0  0
95670.0  0
95720.0  0
95780.0  0
95840.0  0
95900.0  0
95960.0  0
96010.0  0
96070.0  0
96130.0  0
96190.0  0
96250.0  0
96300.0  0
96360.0  0
96420.0  0
96480.0  0
96540.0  0
96590.0  0
96650.0  0
96710.0  0
96770.0  0
96830.0  0
96880.0  0
96940.0  0
97000.0  0
97060.0  0
97120.0  0
97170.0  0
97230.0  0
97290.0  0
97350.0  0
97410.0  0
97460.0  0
97520.0  0
97580.0  0
97640.0  0
97700.0  0
97750.0  0
97810.0  0
97870.0  0
97930.0  0
97990.0  0
98040.0  0
98100.0  0
98160.0  0
98220.0  0
98280.0  0
98330.0  0
98390.0  0
98450.0  0
98510.0  0
98570.0  0
98620.0  0
98680.0  0
98740.0  0
98800.0  0
98860.0  0
98910.0  0
98970.0  0
99030.0  0
99090.0  0
99150.0  0
99200.0  0
99260.0  0
99320.0  0
99380.0  0
99440.0  0
99490.0  0
99550.0  0
99610.0  0
99670.0  0
99730.0  0
99780.0  0
99840.0  0
99900.0  0
99960.0  0
100020.0  0
100070.0  0
100130.0  0
100190.0  0
100250.0  0
100310.0  0
100360.0  0
100420.0  0
100480.0  0
100540.0  0
100600.0  0
100650.0  0
100710.0  0
100770.0  0
100830.0  0
100890.0  0
100940.0  0
101000.0  0
101060.0  0
101120.0  0
101180.0  0
101230.0  0
101290.0  0
101350.0  0
101410.0  0
101470.0  0
101520.0  0
101580.0  0
101640.0  0
101700.0  0
101760.0  0
101810.0  0
101870.0  0
101930.0  0
101990.0  0
102050.0  0
102100.0  0
102160.0  0
102220.0  0
102280.0  0
102340.0  0
102390.0  0
102450.0  0
102510.0  0
102570.0  0
102630.0  0
102680.0  0
102740.0  0
102800.0  0
102860.0  0
102920.0  0
102970.0  0
103030.0  0
103090.0  0
103150.0  0
103210.0  0
103260.0  0
103320.0  0
103380.0  0
103440.0  0
103500.0  0
103550.0  0
103610.0  0
103670.0  0
103730.0  0
103790.0  0
103840.0  0
103900.0  0
103960.0  0
104020.0  0
104080.0  0
104130.0  0
104190.0  0
104250.0  0
104310.0  0
104370.0  0
104420.0  0
104480.0  0
104540.0  0
104600.0  0
104660.0  0
104710.0  0
104770.0  0
104830.0  0
104890.0  0
104950.0  0
105000.0  0
105060.0  0
105120.0  0
105180.0  0
105240.0  0
105290.0  0
105350.0  0
105410.0  0
105470.0  0
105530.0  0
105580.0  0
105640.0  0
105700.0  0
105760.0  0
105820.0  0
105870.0  0
105930.0  0
105990.0  0
106050.0  0
106110.0  0
106160.0  0
106220.0  0
106280.0  0
106340.0  0
106400.0  0
106450.0  0
106510.0  0
106570.0  0
106630.0  0
106690.0  0
106740.0  0
106800.0  0
106860.0  0
106920.0  0
106980.0  0
107030.0  0
107090.0  0
107150.0  0
107210.0  0
107270.0  0
107320.0  0
107380.0  0
107440.0  0
107500.0  0
107560.0  0
107610.0  0
107670.0  0
107730.0  0
107790.0  0
107850.0  0
107900.0  0
107960.0  0
108020.0  0
108080.0  0
108140.0  0
108190.0  0
108250.0  0
108310.0  0
108370.0  0
108430.0  0
108480.0  0
108540.0  0
108600.0  0
108660.0  0
108720.0  0
108770.0  0
108830.0  0
108890.0  0
108950.0  0
109010.0  0
109060.0  0
109120.0  0
109180.0  0
109240.0  0
109300.0  0
109350.0  0
109410.0  0
109470.0  0
109530.0  0
109590.0  0
109640.0  0
109700.0  0
109760.0  0
109820.0  0
109880.0  0
109930.0  0
109990.0  0
110050.0  0
110110.0  0
110170.0  0
110220.0  0
110280.0  0
110340.0  0
110400.0  0
110460.0  0
110510.0  0
110570.0  0
110630.0  0
110690.0  0
110750.0  0
110800.0  0
110860.0  0
110920.0  0
110980.0  0
111040.0  0
111090.0  0
111150.0  0
111210.0  0
111270.0  0
111330.0  0
111380.0  0
111440.0  0
111500.0  0
111560.0  0
111620.0  0
111670.0  0
111730.0  0
111790.0  0
111850.0  0
111910.0  0
111960.0  0
112020.0  0
112080.0  0
112140.0  0
112200.0  0
112250.0  0
112310.0  0
112370.0  0
112430.0  0
112490.0  0
112540.0  0
112600.0  0
112660.0  0
112720.0  0
112780.0  0
112830.0  0
112890.0  0
112950.0  0
113010.0  0
113070.0  0
113120.0  0
113180.0  0
113240.0  0
113300.0  0
113360.0  0
113410.0  0
113470.0  0
113530.0  0
113590.0  0
113650.0  0
113700.0  0
113760.0  0
113820.0  0
113880.0  0
113940.0  0
113990.0  0
114050.0  0
114110.0  0
114170.0  0
114230.0  0
114280.0  0
114340.0  0
114400.0  0
114460.0  0
114520.0  0
114570.0  0
114630.0  0
114690.0  0
114750.0  0
114810.0  0
114860.0  0
114920.0  0
114980.0  0
115040.0  0
115100.0  0
115150.0  0
115210.0  0
115270.0  0
115330.0  0
115390.0  0
115440.0  0
115500.0  0
115560.0  0
115620.0  0
115680.0  0
115730.0  0
115790.0  0
115850.0  0
115910.0  0
115970.0  0
116020.0  0
116080.0  0
116140.0  0
116200.0  0
116260.0  0
116310.0  0
116370.0  0
116430.0  0
116490.0  0
116550.0  0
116600.0  0
116660.0  0
116720.0  0
116780.0  0
116840.0  0
116890.0  0
116950.0  0
117010.0  0
117070.0  0
117130.0  0
117180.0  0
117240.0  0
117300.0  0
117360.0  0
117420.0  0
117470.0  0
117530.0  0
117590.0  0
117650.0  0
117710.0  0
117760.0  0
117820.0  0
117880.0  0
117940.0  0
118000.0  0
118050.0  0
118110.0  0
118170.0  0
118230.0  0
118290.0  0
118340.0  0
118400.0  0
118460.0  0
118520.0  0
118580.0  0
118630.0  0
118690.0  0
118750.0  0
118810.0  0
118870.0  0
118920.0  0
118980.0  0
119040.0  0
119100.0  0
119160.0  0
119210.0  0
119270.0  0
119330.0  0
119390.0  0
119450.0  0
119500.0  0
119560.0  0
119620.0  0
119680.0  0
119740.0  0
119790.0  0
119850.0  0
119910.0  0
119970.0  0
120030.0  0
120080.0  0
120140.0  0
120200.0  0
120260.0  0
120320.0  0
120370.0  0
120430.0  0
120490.0  0
120550.0  0
120610.0  0
120660.0  0
120720.0  0
120780.0  0
120840.0  0
120900.0  0
120950.0  0
121010.0  0
121070.0  0
121130.0  0
121190.0  0
121240.0  0
121300.0  0
121360.0  0
121420.0  0
121480.0  0
121530.0  0
121590.0  0
121650.0  0
121710.0  0
121770.0  0
121820.0  0
121880.0  0
121940.0  0
122000.0  0
122060.0  0
122110.0  0
122170.0  0
122230.0  0
122290.0  0
122350.0  0
122400.0  0
122460.0  0
122520.0  0
122580.0  0
122640.0  0
122690.0  0
122750.0  0
122810.0  0
122870.0  0
122930.0  0
122980.0  0
123040.0  0
123100.0  0
123160.0  0
123220.0  0
123270.0  0
123330.0  0
123390.0  0
123450.0  0
123510.0  0
123560.0  0
123620.0  0
123680.0  0
123740.0  0
123800.0  0
123850.0  0
123910.0  0
123970.0  0
124030.0  0
124090.0  0
124140.0  0
124200.0  0
124260.0  0
124320.0  0
124380.0  0
124430.0  0
124490.0  0
124550.0  0
124610.0  0
124670.0  0
124720.0  0
124780.0  0
124840.0  0
124900.0  0
124960.0  0
125010.0  0
125070.0  0
125130.0  0
125190.0  0
125250.0  0
125300.0  0
125360.0  0
125420.0  0
125480.0  0
125540.0  0
125590.0  0
125650.0  0
125710.0  0
125770.0  0
125830.0  0
125880.0  0
125940.0  0
126000.0  0
126060.0  0
126120.0  0
126170.0  0
126230.0  0
126290.0  0
126350.0  0
126410.0  0
126460.0  0
126520.0  0
126580.0  0
126640.0  0
126700.0  0
126750.0  0
126810.0  0
126870.0  0
126930.0  0
126990.0  0
127040.0  0
127100.0  0
127160.0  0
127220.0  0
127280.0  0
127330.0  0
127390.0  0
127450.0  0
127510.0  0
127570.0  0
127620.0  0
127680.0  0
127740.0  0
127800.0  0
127860.0  0
127910.0  0
127970.0  0
128030.0  0
128090.0  0
128150.0  0
128200.0  0
128260.0  0
128320.0  0
128380.0  0
128440.0  0
128490.0  0
128550.0  0
128610.0  0
128670.0  0
128730.0  0
128780.0  0
128840.0  0
128900.0  0
128960.0  0
129020.0  0
129070.0  0
129130.0  0
129190.0  0
129250.0  0
129310.0  0
129360.0  0
129420.0  0
129480.0  0
129540.0  0
129600.0  0
129650.0  0
129710.0  0
129770.0  0
129830.0  0
129890.0  0
129940.0  0
130000.0  0
130060.0  0
130120.0  0
130180.0  0
130230.0  0
130290.0  0
130350.0  0
130410.0  0
130470.0  0
130520.0  0
130580.0  0
130640.0  0
130700.0  0
130760.0  0
130810.0  0
130870.0  0
130930.0  0
130990.0  0
131050.0  0
131100.0  0
131160.0  0
131220.0  0
131280.0  0
131340.0  0
131390.0  0
131450.0  0
131510.0  0
131570.0  0
131630.0  0
131680.0  0
131740.0  0
131800.0  0
131860.0  0
131920.0  0
131970.0  0
132030.0  0
132090.0  0
132150.0  0
132210.0  0
132260.0  0
132320.0  0
132380.0  0
132440.0  0
132500.0  0
132550.0  0
132610.0  0
132670.0  0
132730.0  0
132790.0  0
132840.0  0
132900.0  0
132960.0  0
133020.0  0
133080.0  0
133130.0  0
133190.0  0
133250.0  0
133310.0  0
133370.0  0
133420.0  0
133480.0  0
133540.0  0
133600.0  0
133660.0  0
133710.0  0
133770.0  0
133830.0  0
133890.0  0
133950.0  0
134000.0  0
134060.0  0
134120.0  0
134180.0  0
134240.0  0
134290.0  0
134350.0  0
134410.0  0
134470.0  0
134530.0  0
134580.0  0
134640.0  0
134700.0  0
134760.0  0
134820.0  0
134870.0  0
134930.0  0
134990.0  0
135050.0  0
135110.0  0
135160.0  0
135220.0  0
135280.0  0
135340.0  0
135400.0  0
135450.0  0
135510.0  0
135570.0  0
135630.0  0
135690.0  0
135740.0  0
135800.0  0
135860.0  0
135920.0  0
135980.0  0
136030.0  0
136090.0  0
136150.0  0
136210.0  0
136270.0  0
136320.0  0
136380.0  0
136440.0  0
136500.0  0
136560.0  0
136610.0  0
136670.0  0
136730.0  0
136790.0  0
136850.0  0
136900.0  0
136960.0  0
137020.0  0
137080.0  0
137140.0  0
137190.0  0
137250.0  0
137310.0  0
137370.0  0
137430.0  0
137480.0  0
137540.0  0
137600.0  0
137660.0  0
137720.0  0
137770.0  0
137830.0  0
137890.0  0
137950.0  0
138010.0  0
138060.0  0
138120.0  0
138180.0  0
138240.0  0
138300.0  0
138350.0  0
138410.0  0
138470.0  0
138530.0  0
138590.0  0
138640.0  0
138700.0  0
138760.0  0
138820.0  0
138880.0  0
138930.0  0
138990.0  0
139050.0  0
139110.0  0
139170.0  0
139220.0  0
139280.0  0
139340.0  0
139400.0  0
139460.0  0
139510.0  0
139570.0  0
139630.0  0
139690.0  0
139750.0  0
139800.0  0
139860.0  0
139920.0  0
139980.0  0
140040.0  0
140090.0  0
140150.0  0
140210.0  0
140270.0  0
140330.0  0
140380.0  0
140440.0  0
140500.0  0
140560.0  0
140620.0  0
140670.0  0
140730.0  0
140790.0  0
140850.0  0
140910.0  0
140960.0  0
141020.0  0
141080.0  0
141140.0  0
141200.0  0
141250.0  0
141310.0  0
141370.0  0
141430.0  0
141490.0  0
141540.0  0
141600.0  0
141660.0  0
141720.0  0
141780.0  0
141830.0  0
141890.0  0
141950.0  0
142010.0  0
142070.0  0
142120.0  0
142180.0  0
142240.0  0
142300.0  0
142360.0  0
142410.0  0
142470.0  0
142530.0  0
142590.0  0
142650.0  0
142700.0  0
142760.0  0
142820.0  0
142880.0  0
142940.0  0
142990.0  0
143050.0  0
143110.0  0
143170.0  0
143230.0  0
143280.0  0
143340.0  0
143400.0  0
143460.0  0
143520.0  0
143570.0  0
143630.0  0
143690.0  0
143750.0  0
143810.0  0
143860.0  0
143920.0  0
143980.0  0
144040.0  0
144100.0  0
144150.0  0
144210.0  0
144270.0  0
144330.0  0
144390.0  0
144440.0  0
144500.0  0
144560.0  0
144620.0  0
144680.0  0
144730.0  0
144790.0  0
144850.0  0
144910.0  0
144970.0  0
145020.0  0
145080.0  0
145140.0  0
145200.0  0
145260.0  0
145310.0  0
145370.0  0
145430.0  0
145490.0  0
145550.0  0
145600.0  0
145660.0  0
145720.0  0
145780.0  0
145840.0  0
145890.0  0
145950.0  0
146010.0  0
146070.0  0
146130.0  0
146180.0  0
146240.0  0
146300.0  0
146360.0  0
146420.0  0
146470.0  0
146530.0  0
146590.0  0
146650.0  0
146710.0  0
146760.0  0
146820.0  0
146880.0  0
146940.0  0
147000.0  0
147050.0  0
147110.0  0
147170.0  0
147230.0  0
147290.0  0
147340.0  0
147400.0  0
147460.0  0
147520.0  0
147580.0  0
147630.0  0
147690.0  0
147750.0  0
147810.0  0
147870.0  0
147920.0  0
147980.0  0
148040.0  0
148100.0  0
148160.0  0
148210.0  0
148270.0  0
148330.0  0
148390.0  0
148450.0  0
148500.0  0
148560.0  0
148620.0  0
148680.0  0
148740.0  0
148790.0  0
148850.0  0
148910.0  0
148970.0  0
149030.0  0
149080.0  0
149140.0  0
149200.0  0
149260.0  0
149320.0  0
149370.0  0
149430.0  0
149490.0  0
149550.0  0
149610.0  0
149660.0  0
149720.0  0
149780.0  0
149840.0  0
149900.0  0
149950.0  0
150010.0  0
150070.0  0
150130.0  0
150190.0  0
150240.0  0
150300.0  0
150360.0  0
150420.0  0
150480.0  0
150530.0  0
150590.0  0
150650.0  0
150710.0  0
150770.0  0
150820.0  0
150880.0  0
150940.0  0
151000.0  0
151060.0  0
151110.0  0
151170.0  0
151230.0  0
151290.0  0
151350.0  0
151400.0  0
151460.0  0
151520.0  0
151580.0  0
151640.0  0
151690.0  0
151750.0  0
151810.0  0
151870.0  0
151930.0  0
151980.0  0
152040.0  0
152100.0  0
152160.0  0
152220.0  0
152270.0  0
152330.0  0
152390.0  0
152450.0  0
152510.0  0
152560.0  0
152620.0  0
152680.0  0
152740.0  0
152800.0  0
152850.0  0
152910.0  0
152970.0  0
153030.0  0
153090.0  0
153140.0  0
153200.0  0
153260.0  0
153320.0  0
153380.0  0
153430.0  0
153490.0  0
153550.0  0
153610.0  0
153670.0  0
153720.0  0
153780.0  0
153840.0  0
153900.0  0
153960.0  0
154010.0  0
154070.0  0
154130.0  0
154190.0  0
154250.0  0
154300.0  0
154360.0  0
154420.0  0
154480.0  0
154540.0  0
154590.0  0
154650.0  0
154710.0  0
154770.0  0
154830.0  0
154880.0  0
154940.0  0
155000.0  0
155060.0  0
155120.0  0
155170.0  0
155230.0  0
155290.0  0
155350.0  0
155410.0  0
155460.0  0
155520.0  0
155580.0  0
155640.0  0
155700.0  0
155750.0  0
155810.0  0
155870.0  0
155930.0  0
155990.0  0
156040.0  0
156100.0  0
156160.0  0
156220.0  0
156280.0  0
156330.0  0
156390.0  0
156450.0  0
156510.0  0
156570.0  0
156620.0  0
156680.0  0
156740.0  0
156800.0  0
156860.0  0
156910.0  0
156970.0  0
157030.0  0
157090.0  0
157150.0  0
157200.0  0
157260.0  0
157320.0  0
157380.0  0
157440.0  0
157490.0  0
157550.0  0
157610.0  0
157670.0  0
157730.0  0
157780.0  0
157840.0  0
157900.0  0
157960.0  0
158020.0  0
158070.0  0
158130.0  0
158190.0  0
158250.0  0
158310.0  0
158360.0  0
158420.0  0
158480.0  0
158540.0  0
158600.0  0
158650.0  0
158710.0  0
158770.0  0
158830.0  0
158890.0  0
158940.0  0
159000.0  0
159060.0  0
159120.0  0
159180.0  0
159230.0  0
159290.0  0
159350.0  0
159410.0  0
159470.0  0
159520.0  0
159580.0  0
159640.0  0
159700.0  0
159760.0  0
159810.0  0
159870.0  0
159930.0  0
159990.0  0
160050.0  0
160100.0  0
160160.0  0
160220.0  0
160280.0  0
160340.0  0
160390.0  0
160450.0  0
160510.0  0
160570.0  0
160630.0  0
160680.0  0
160740.0  0
160800.0  0
160860.0  0
160920.0  0
160970.0  0
161030.0  0
161090.0  0
161150.0  0
161210.0  0
161260.0  0
161320.0  0
161380.0  0
161440.0  0
161500.0  0
161550.0  0
161610.0  0
161670.0  0
161730.0  0
161790.0  0
161840.0  0
161900.0  0
161960.0  0
162020.0  0
162080.0  0
162130.0  0
162190.0  0
162250.0  0
162310.0  0
162370.0  0
162420.0  0
162480.0  0
162540.0  0
162600.0  0
162660.0  0
162710.0  0
162770.0  0
162830.0  0
162890.0  0
162950.0  0
163000.0  0
163060.0  0
163120.0  0
163180.0  0
163240.0  0
163290.0  0
163350.0  0
163410.0  0
163470.0  0
163530.0  0
163580.0  0
163640.0  0
163700.0  0
163760.0  0
163820.0  0
163870.0  0
163930.0  0
163990.0  0
164050.0  0
164110.0  0
164160.0  0
164220.0  0
164280.0  0
164340.0  0
164400.0  0
164450.0  0
164510.0  0
164570.0  0
164630.0  0
164690.0  0
164740.0  0
164800.0  0
164860.0  0
164920.0  0
164980.0  0
165030.0  0
165090.0  0
165150.0  0
165210.0  0
165270.0  0
165320.0  0
165380.0  0
165440.0  0
165500.0  0
165560.0  0
165610.0  0
165670.0  0
165730.0  0
165790.0  0
165850.0  0
165900.0  0
165960.0  0
166020.0  0
166080.0  0
166140.0  0
166190.0  0
166250.0  0
166310.0  0
166370.0  0
166430.0  0
166480.0  0
166540.0  0
166600.0  0
166660.0  0
166720.0  0
166770.0  0
166830.0  0
166890.0  0
166950.0  0
167010.0  0
167060.0  0
167120.0  0
167180.0  0
167240.0  0
167300.0  0
167350.0  0
167410.0  0
167470.0  0
167530.0  0
167590.0  0
167640.0  0
167700.0  0
167760.0  0
167820.0  0
167880.0  0
167930.0  0
167990.0  0
168050.0  0
168110.0  0
168170.0  0
168220.0  0
168280.0  0
168340.0  0
168400.0  0
168460.0  0
168510.0  0
168570.0  0
168630.0  0
168690.0  0
168750.0  0
168800.0  0
168860.0  0
168920.0  0
168980.0  0
169040.0  0
169090.0  0
169150.0  0
169210.0  0
169270.0  0
169330.0  0
169380.0  0
169440.0  0
169500.0  0
169560.0  0
169620.0  0
169670.0  0
169730.0  0
169790.0  0
169850.0  0
169910.0  0
169960.0  0
170020.0  0
170080.0  0
170140.0  0
170200.0  0
170250.0  0
170310.0  0
170370.0  0
170430.0  0
170490.0  0
170540.0  0
170600.0  0
170660.0  0
170720.0  0
170780.0  0
170830.0  0
170890.0  0
170950.0  0
171010.0  0
171070.0  0
171120.0  0
171180.0  0
171240.0  0
171300.0  0
171360.0  0
171410.0  0
171470.0  0
171530.0  0
171590.0  0
171650.0  0
171700.0  0
171760.0  0
171820.0  0
171880.0  0
171940.0  0
171990.0  0
172050.0  0
172110.0  0
172170.0  0
172230.0  0
172280.0  0
172340.0  0
172400.0  0
172460.0  0
172520.0  0
172570.0  0
172630.0  0
172690.0  0
172750.0  0
172810.0  0
172860.0  0
172920.0  0
172980.0  0
173040.0  0
173100.0  0
173150.0  0
173210.0  0
173270.0  0
173330.0  0
173390.0  0
173440.0  0
173500.0  0
173560.0  0
173620.0  0
173680.0  0
173730.0  0
173790.0  0
173850.0  0
173910.0  0
173970.0  0
174020.0  0
174080.0  0
174140.0  0
174200.0  0
174260.0  0
174310.0  0
174370.0  0
174430.0  0
174490.0  0
174550.0  0
174600.0  0
174660.0  0
174720.0  0
174780.0  0
174840.0  0
174890.0  0
174950.0  0
175010.0  0
175070.0  0
175130.0  0
175180.0  0
175240.0  0
175300.0  0
175360.0  0
175420.0  0
175470.0  0
175530.0  0
175590.0  0
175650.0  0
175710.0  0
175760.0  0
175820.0  0
175880.0  0
175940.0  0
176000.0  0
176050.0  0
176110.0  0
176170.0  0
176230.0  0
176290.0  0
176340.0  0
176400.0  0
176460.0  0
176520.0  0
176580.0  0
176630.0  0
176690.0  0
176750.0  0
176810.0  0
176870.0  0
176920.0  0
176980.0  0
177040.0  0
177100.0  0
177160.0  0
177210.0  0
177270.0  0
177330.0  0
177390.0  0
177450.0  0
177500.0  0
177560.0  0
177620.0  0
177680.0  0
177740.0  0
177790.0  0
177850.0  0
177910.0  0
177970.0  0
178030.0  0
178080.0  0
178140.0  0
178200.0  0
178260.0  0
178320.0  0
178370.0  0
178430.0  0
178490.0  0
178550.0  0
178610.0  0
178660.0  0
178720.0  0
178780.0  0
178840.0  0
178900.0  0
178950.0  0
179010.0  0
179070.0  0
179130.0  0
179190.0  0
179240.0  0
179300.0  0
179360.0  0
179420.0  0
179480.0  0
179530.0  0
179590.0  0
179650.0  0
179710.0  0
179770.0  0
179820.0  0
179880.0  0
179940.0  0
180000.0  0
180060.0  0
180110.0  0
180170.0  0
180230.0  0
180290.0  0
180350.0  0
180400.0  0
180460.0  0
180520.0  0
180580.0  0
180640.0  0
180690.0  0
180750.0  0
180810.0  0
180870.0  0
180930.0  0
180980.0  0
181040.0  0
181100.0  0
181160.0  0
181220.0  0
181270.0  0
181330.0  0
181390.0  0
181450.0  0
181510.0  0
181560.0  0
181620.0  0
181680.0  0
181740.0  0
181800.0  0
181850.0  0
181910.0  0
181970.0  0
182030.0  0
182090.0  0
182140.0  0
182200.0  0
182260.0  0
182320.0  0
182380.0  0
182430.0  0
182490.0  0
182550.0  0
182610.0  0
182670.0  0
182720.0  0
182780.0  0
182840.0  0
182900.0  0
182960.0  0
183010.0  0
183070.0  0
183130.0  0
183190.0  0
183250.0  0
183300.0  0
183360.0  0
183420.0  0
183480.0  0
183540.0  0
183590.0  0
183650.0  0
183710.0  0
183770.0  0
183830.0  0
183880.0  0
183940.0  0
184000.0  0
184060.0  0
184120.0  0
184170.0  0
184230.0  0
184290.0  0
184350.0  0
184410.0  0
184460.0  0
184520.0  0
184580.0  0
184640.0  0
184700.0  0
184750.0  0
184810.0  0
184870.0  0
184930.0  0
184990.0  0
185040.0  0
185100.0  0
185160.0  0
185220.0  0
185280.0  0
185330.0  0
185390.0  0
185450.0  0
185510.0  0
185570.0  0
185620.0  0
185680.0  0
185740.0  0
185800.0  0
185860.0  0
185910.0  0
185970.0  0
186030.0  0
186090.0  0
186150.0  0
186200.0  0
186260.0  0
186320.0  0
186380.0  0
186440.0  0
186490.0  0
186550.0  0
186610.0  0
186670.0  0
186730.0  0
186780.0  0
186840.0  0
186900.0  0
186960.0  0
187020.0  0
187070.0  0
187130.0  0
187190.0  0
187250.0  0
187310.0  0
187360.0  0
187420.0  0
187480.0  0
187540.0  0
187600.0  0
187650.0  0
187710.0  0
187770.0  0
187830.0  0
187890.0  0
187940.0  0
188000.0  0
188060.0  0
188120.0  0
188180.0  0
188230.0  0
188290.0  0
188350.0  0
188410.0  0
188470.0  0
188520.0  0
188580.0  0
188640.0  0
188700.0  0
188760.0  0
188810.0  0
188870.0  0
188930.0  0
188990.0  0
189050.0  0
189100.0  0
189160.0  0
189220.0  0
189280.0  0
189340.0  0
189390.0  0
189450.0  0
189510.0  0
189570.0  0
189630.0  0
189680.0  0
189740.0  0
189800.0  0
189860.0  0
189920.0  0
189970.0  0
190030.0  0
190090.0  0
190150.0  0
190210.0  0
190260.0  0
190320.0  0
190380.0  0
190440.0  0
190500.0  0
190550.0  0
190610.0  0
190670.0  0
190730.0  0
190790.0  0
190840.0  0
190900.0  0
190960.0  0
191020.0  0
191080.0  0
191130.0  0
191190.0  0
191250.0  0
191310.0  0
191370.0  0
191420.0  0
191480.0  0
191540.0  0
191600.0  0
191660.0  0
191710.0  0
191770.0  0
191830.0  0
191890.0  0
191950.0  0
192000.0  0
192060.0  0
192120.0  0
192180.0  0
192240.0  0
192290.0  0
192350.0  0
192410.0  0
192470.0  0
192530.0  0
192580.0  0
192640.0  0
192700.0  0
192760.0  0
192820.0  0
192870.0  0
192930.0  0
192990.0  0
193050.0  0
193110.0  0
193160.0  0
193220.0  0
193280.0  0
193340.0  0
193400.0  0
193450.0  0
193510.0  0
193570.0  0
193630.0  0
193690.0  0
193740.0  0
193800.0  0
193860.0  0
193920.0  0
193980.0  0
194030.0  0
194090.0  0
194150.0  0
194210.0  0
194270.0  0
194320.0  0
194380.0  0
194440.0  0
194500.0  0
194560.0  0
194610.0  0
194670.0  0
194730.0  0
194790.0  0
194850.0  0
194900.0  0
194960.0  0
195020.0  0
195080.0  0
195140.0  0
195190.0  0
195250.0  0
195310.0  0
195370.0  0
195430.0  0
195480.0  0
195540.0  0
195600.0  0
195660.0  0
195720.0  0
195770.0  0
195830.0  0
195890.0  0
195950.0  0
196010.0  0
196060.0  0
196120.0  0
196180.0  0
196240.0  0
196300.0  0
196350.0  0
196410.0  0
196470.0  0
196530.0  0
196590.0  0
196640.0  0
196700.0  0
196760.0  0
196820.0  0
196880.0  0
196930.0  0
196990.0  0
197050.0  0
197110.0  0
197170.0  0
197220.0  0
197280.0  0
197340.0  0
197400.0  0
197460.0  0
197510.0  0
197570.0  0
197630.0  0
197690.0  0
197750.0  0
197800.0  0
197860.0  0
197920.0  0
197980.0  0
198040.0  0
198090.0  0
198150.0  0
198210.0  0
198270.0  0
198330.0  0
198380.0  0
198440.0  0
198500.0  0
198560.0  0
198620.0  0
198670.0  0
198730.0  0
198790.0  0
198850.0  0
198910.0  0
198960.0  0
199020.0  0
199080.0  0
199140.0  0
199200.0  0
199250.0  0
199310.0  0
199370.0  0
199430.0  0
199490.0  0
199540.0  0
199600.0  0
199660.0  0
199720.0  0
199780.0  0
199830.0  0
199890.0  0
199950.0  0
200010.0  0
200070.0  0
200120.0  0
200180.0  0
200240.0  0
200300.0  0
200360.0  0
200410.0  0
200470.0  0
200530.0  0
200590.0  0
200650.0  0
200700.0  0
200760.0  0
200820.0  0
200880.0  0
200940.0  0
200990.0  0
201050.0  0
201110.0  0
201170.0  0
201230.0  0
201280.0  0
201340.0  0
201400.0  0
201460.0  0
201520.0  0
201570.0  0
201630.0  0
201690.0  0
201750.0  0
201810.0  0
201860.0  0
201920.0  0
201980.0  0
202040.0  0
202100.0  0
202150.0  0
202210.0  0
202270.0  0
202330.0  0
202390.0  0
202440.0  0
202500.0  0
202560.0  0
202620.0  0
202680.0  0
202730.0  0
202790.0  0
202850.0  0
202910.0  0
202970.0  0
203020.0  0
203080.0  0
203140.0  0
203200.0  0
203260.0  0
203310.0  0
203370.0  0
203430.0  0
203490.0  0
203550.0  0
203600.0  0
203660.0  0
203720.0  0
203780.0  0
203840.0  0
203890.0  0
203950.0  0
204010.0  0
204070.0  0
204130.0  0
204180.0  0
204240.0  0
204300.0  0
204360.0  0
204420.0  0
204470.0  0
204530.0  0
204590.0  0
204650.0  0
204710.0  0
204760.0  0
204820.0  0
204880.0  0
204940.0  0
205000.0  0
205050.0  0
205110.0  0
205170.0  0
205230.0  0
205290.0  0
205340.0  0
205400.0  0
205460.0  0
205520.0  0
205580.0  0
205630.0  0
205690.0  0
205750.0  0
205810.0  0
205870.0  0
205920.0  0
205980.0  0
206040.0  0
206100.0  0
206160.0  0
206210.0  0
206270.0  0
206330.0  0
206390.0  0
206450.0  0
206500.0  0
206560.0  0
206620.0  0
206680.0  0
206740.0  0
206790.0  0
206850.0  0
206910.0  0
206970.0  0
207030.0  0
207080.0  0
207140.0  0
207200.0  0
207260.0  0
207320.0  0
207370.0  0
207430.0  0
207490.0  0
207550.0  0
207610.0  0
207660.0  0
207720.0  0
207780.0  0
207840.0  0
207900.0  0
207950.0  0
208010.0  0
208070.0  0
208130.0  0
208190.0  0
208240.0  0
208300.0  0
208360.0  0
208420.0  0
208480.0  0
208530.0  0
208590.0  0
208650.0  0
208710.0  0
208770.0  0
208820.0  0
208880.0  0
208940.0  0
209000.0  0
209060.0  0
209110.0  0
209170.0  0
209230.0  0
209290.0  0
209350.0  0
209400.0  0
209460.0  0
209520.0  0
209580.0  0
209640.0  0
209690.0  0
209750.0  0
209810.0  0
209870.0  0
209930.0  0
209980.0  0
210040.0  0
210100.0  0
210160.0  0
210220.0  0
210270.0  0
210330.0  0
210390.0  0
210450.0  0
210510.0  0
210560.0  0
210620.0  0
210680.0  0
210740.0  0
210800.0  0
210850.0  0
210910.0  0
210970.0  0
211030.0  0
211090.0  0
211140.0  0
211200.0  0
211260.0  0
211320.0  0
211380.0  0
211430.0  0
211490.0  0
211550.0  0
211610.0  0
211670.0  0
211720.0  0
211780.0  0
211840.0  0
211900.0  0
211960.0  0
212010.0  0
212070.0  0
212130.0  0
212190.0  0
212250.0  0
212300.0  0
212360.0  0
212420.0  0
212480.0  0
212540.0  0
212590.0  0
212650.0  0
212710.0  0
212770.0  0
212830.0  0
212880.0  0
212940.0  0
213000.0  0
213060.0  0
213120.0  0
213170.0  0
213230.0  0
213290.0  0
213350.0  0
213410.0  0
213460.0  0
213520.0  0
213580.0  0
213640.0  0
213700.0  0
213750.0  0
213810.0  0
213870.0  0
213930.0  0
213990.0  0
214040.0  0
214100.0  0
214160.0  0
214220.0  0
214280.0  0
214330.0  0
214390.0  0
214450.0  0
214510.0  0
214570.0  0
214620.0  0
214680.0  0
214740.0  0
214800.0  0
214860.0  0
214910.0  0
214970.0  0
215030.0  0
215090.0  0
215150.0  0
215200.0  0
215260.0  0
215320.0  0
215380.0  0
215440.0  0
215490.0  0
215550.0  0
215610.0  0
215670.0  0
215730.0  0
215780.0  0
215840.0  0
215900.0  0
215960.0  0
216020.0  0
216070.0  0
216130.0  0
216190.0  0
216250.0  0
216310.0  0
216360.0  0
216420.0  0
216480.0  0
216540.0  0
216600.0  0
216650.0  0
216710.0  0
216770.0  0
216830.0  0
216890.0  0
216940.0  0
217000.0  0
217060.0  0
217120.0  0
217180.0  0
217230.0  0
217290.0  0
217350.0  0
217410.0  0
217470.0  0
217520.0  0
217580.0  0
217640.0  0
217700.0  0
217760.0  0
217810.0  0
217870.0  0
217930.0  0
217990.0  0
218050.0  0
218100.0  0
218160.0  0
218220.0  0
218280.0  0
218340.0  0
218390.0  0
218450.0  0
218510.0  0
218570.0  0
218630.0  0
218680.0  0
218740.0  0
218800.0  0
218860.0  0
218920.0  0
218970.0  0
219030.0  0
219090.0  0
219150.0  0
219210.0  0
219260.0  0
219320.0  0
219380.0  0
219440.0  0
219500.0  0
219550.0  0
219610.0  0
219670.0  0
219730.0  0
219790.0  0
219840.0  0
219900.0  0
219960.0  0
220020.0  0
220080.0  0
220130.0  0
220190.0  0
220250.0  0
220310.0  0
220370.0  0
220420.0  0
220480.0  0
220540.0  0
220600.0  0
220660.0  0
220710.0  0
220770.0  0
220830.0  0
220890.0  0
220950.0  0
221000.0  0
221060.0  0
221120.0  0
221180.0  0
221240.0  0
221290.0  0
221350.0  0
221410.0  0
221470.0  0
221530.0  0
221580.0  0
221640.0  0
221700.0  0
221760.0  0
221820.0  0
221870.0  0
221930.0  0
221990.0  0
222050.0  0
222110.0  0
222160.0  0
222220.0  0
222280.0  0
222340.0  0
222400.0  0
222450.0  0
222510.0  0
222570.0  0
222630.0  0
222690.0  0
222740.0  0
222800.0  0
222860.0  0
222920.0  0
222980.0  0
223030.0  0
223090.0  0
223150.0  0
223210.0  0
223270.0  0
223320.0  0
223380.0  0
223440.0  0
223500.0  0
223560.0  0
223610.0  0
223670.0  0
223730.0  0
223790.0  0
223850.0  0
223900.0  0
223960.0  0
224020.0  0
224080.0  0
224140.0  0
224190.0  0
224250.0  0
224310.0  0
224370.0  0
224430.0  0
224480.0  0
224540.0  0
224600.0  0
224660.0  0
224720.0  0
224770.0  0
224830.0  0
224890.0  0
224950.0  0
225010.0  0
225060.0  0
225120.0  0
225180.0  0
225240.0  0
225300.0  0
225350.0  0
225410.0  0
225470.0  0
225530.0  0
225590.0  0
225640.0  0
225700.0  0
225760.0  0
225820.0  0
225880.0  0
225930.0  0
225990.0  0
226050.0  0
226110.0  0
226170.0  0
226220.0  0
226280.0  0
226340.0  0
226400.0  0
226460.0  0
226510.0  0
226570.0  0
226630.0  0
226690.0  0
226750.0  0
226800.0  0
226860.0  0
226920.0  0
226980.0  0
227040.0  0
227090.0  0
227150.0  0
227210.0  0
227270.0  0
227330.0  0
227380.0  0
227440.0  0
227500.0  0
227560.0  0
227620.0  0
227670.0  0
227730.0  0
227790.0  0
227850.0  0
227910.0  0
227960.0  0
228020.0  0
228080.0  0
228140.0  0
228200.0  0
228250.0  0
228310.0  0
228370.0  0
228430.0  0
228490.0  0
228540.0  0
228600.0  0
228660.0  0
228720.0  0
228780.0  0
228830.0  0
228890.0  0
228950.0  0
229010.0  0
229070.0  0
229120.0  0
229180.0  0
229240.0  0
229300.0  0
229360.0  0
229410.0  0
229470.0  0
229530.0  0
229590.0  0
229650.0  0
229700.0  0
229760.0  0
229820.0  0
229880.0  0
229940.0  0
229990.0  0
230050.0  0
230110.0  0
230170.0  0
230230.0  0
230280.0  0
230340.0  0
230400.0  0
230460.0  0
230520.0  0
230570.0  0
230630.0  0
230690.0  0
230750.0  0
230810.0  0
230860.0  0
230920.0  0
230980.0  0
231040.0  0
231100.0  0
231150.0  0
231210.0  0
231270.0  0
231330.0  0
231390.0  0
231440.0  0
231500.0  0
231560.0  0
231620.0  0
231680.0  0
231730.0  0
231790.0  0
231850.0  0
231910.0  0
231970.0  0
232020.0  0
232080.0  0
232140.0  0
232200.0  0
232260.0  0
232310.0  0
232370.0  0
232430.0  0
232490.0  0
232550.0  0
232600.0  0
232660.0  0
232720.0  0
232780.0  0
232840.0  0
232890.0  0
232950.0  0
233010.0  0
233070.0  0
233130.0  0
233180.0  0
233240.0  0
233300.0  0
233360.0  0
233420.0  0
233470.0  0
233530.0  0
233590.0  0
233650.0  0
233710.0  0
233760.0  0
233820.0  0
233880.0  0
233940.0  0
234000.0  0
234050.0  0
234110.0  0
234170.0  0
234230.0  0
234290.0  0
234340.0  0
234400.0  0
234460.0  0
234520.0  0
234580.0  0
234630.0  0
234690.0  0
234750.0  0
234810.0  0
234870.0  0
234920.0  0
234980.0  0
235040.0  0
235100.0  0
235160.0  0
235210.0  0
235270.0  0
235330.0  0
235390.0  0
235450.0  0
235500.0  0
235560.0  0
235620.0  0
235680.0  0
235740.0  0
235790.0  0
235850.0  0
235910.0  0
235970.0  0
236030.0  0
236080.0  0
236140.0  0
236200.0  0
236260.0  0
236320.0  0
236370.0  0
236430.0  0
236490.0  0
236550.0  0
236610.0  0
236660.0  0
236720.0  0
236780.0  0
236840.0  0
236900.0  0
236950.0  0
237010.0  0
237070.0  0
237130.0  0
237190.0  0
237240.0  0
237300.0  0
237360.0  0
237420.0  0
237480.0  0
237530.0  0
237590.0  0
237650.0  0
237710.0  0
237770.0  0
237820.0  0
237880.0  0
237940.0  0
238000.0  0
238060.0  0
238110.0  0
238170.0  0
238230.0  0
238290.0  0
238350.0  0
238400.0  0
238460.0  0
238520.0  0
238580.0  0
238640.0  0
238690.0  0
238750.0  0
238810.0  0
238870.0  0
238930.0  0
238980.0  0
239040.0  0
239100.0  0
239160.0  0
239220.0  0
239270.0  0
239330.0  0
239390.0  0
239450.0  0
239510.0  0
239560.0  0
239620.0  0
239680.0  0
239740.0  0
239800.0  0
239850.0  0
239910.0  0
239970.0  0
240030.0  0
240090.0  0
240140.0  0
240200.0  0
240260.0  0
240320.0  0
240380.0  0
240430.0  0
240490.0  0
240550.0  0
240610.0  0
240670.0  0
240720.0  0
240780.0  0
240840.0  0
240900.0  0
240960.0  0
241010.0  0
241070.0  0
241130.0  0
241190.0  0
241250.0  0
241300.0  0
241360.0  0
241420.0  0
241480.0  0
241540.0  0
241590.0  0
241650.0  0
241710.0  0
241770.0  0
241830.0  0
241880.0  0
241940.0  0
242000.0  0
242060.0  0
242120.0  0
242170.0  0
242230.0  0
242290.0  0
242350.0  0
242410.0  0
242460.0  0
242520.0  0
242580.0  0
242640.0  0
242700.0  0
242750.0  0
242810.0  0
242870.0  0
242930.0  0
242990.0  0
243040.0  0
243100.0  0
243160.0  0
243220.0  0
243280.0  0
243330.0  0
243390.0  0
243450.0  0
243510.0  0
243570.0  0
243620.0  0
243680.0  0
243740.0  0
243800.0  0
243860.0  0
243910.0  0
243970.0  0
244030.0  0
244090.0  0
244150.0  0
244200.0  0
244260.0  0
244320.0  0
244380.0  0
244440.0  0
244490.0  0
244550.0  0
244610.0  0
244670.0  0
244730.0  0
244780.0  0
244840.0  0
244900.0  0
244960.0  0
245020.0  0
245070.0  0
245130.0  0
245190.0  0
245250.0  0
245310.0  0
245360.0  0
245420.0  0
245480.0  0
245540.0  0
245600.0  0
245650.0  0
245710.0  0
245770.0  0
245830.0  0
245890.0  0
245940.0  0
246000.0  0
246060.0  0
246120.0  0
246180.0  0
246230.0  0
246290.0  0
246350.0  0
246410.0  0
246470.0  0
246520.0  0
246580.0  0
246640.0  0
246700.0  0
246760.0  0
246810.0  0
246870.0  0
246930.0  0
246990.0  0
247050.0  0
247100.0  0
247160.0  0
247220.0  0
247280.0  0
247340.0  0
247390.0  0
247450.0  0
247510.0  0
247570.0  0
247630.0  0
247680.0  0
247740.0  0
247800.0  0
247860.0  0
247920.0  0
247970.0  0
248030.0  0
248090.0  0
248150.0  0
248210.0  0
248260.0  0
248320.0  0
248380.0  0
248440.0  0
248500.0  0
248550.0  0
248610.0  0
248670.0  0
248730.0  0
248790.0  0
248840.0  0
248900.0  0
248960.0  0
249020.0  0
249080.0  0
249130.0  0
249190.0  0
249250.0  0
249310.0  0
249370.0  0
249420.0  0
249480.0  0
249540.0  0
249600.0  0
249660.0  0
249710.0  0
249770.0  0
249830.0  0
249890.0  0
249950.0  0
250000.0  0
250060.0  0
250120.0  0
250180.0  0
250240.0  0
250290.0  0
250350.0  0
250410.0  0
250470.0  0
250530.0  0
250580.0  0
250640.0  0
250700.0  0
250760.0  0
250820.0  0
250870.0  0
250930.0  0
250990.0  0
251050.0  0
251110.0  0
251160.0  0
251220.0  0
251280.0  0
251340.0  0
251400.0  0
251450.0  0
251510.0  0
251570.0  0
251630.0  0
251690.0  0
251740.0  0
251800.0  0
251860.0  0
251920.0  0
251980.0  0
252030.0  0
252090.0  0
252150.0  0
252210.0  0
252270.0  0
252320.0  0
252380.0  0
252440.0  0
252500.0  0
252560.0  0
252610.0  0
252670.0  0
252730.0  0
252790.0  0
252850.0  0
252900.0  0
252960.0  0
253020.0  0
253080.0  0
253140.0  0
253190.0  0
253250.0  0
253310.0  0
253370.0  0
253430.0  0
253480.0  0
253540.0  0
253600.0  0
253660.0  0
253720.0  0
253770.0  0
253830.0  0
253890.0  0
253950.0  0
254010.0  0
254060.0  0
254120.0  0
254180.0  0
254240.0  0
254300.0  0
254350.0  0
254410.0  0
254470.0  0
254530.0  0
254590.0  0
254640.0  0
254700.0  0
254760.0  0
254820.0  0
254880.0  0
254930.0  0
254990.0  0
255050.0  0
255110.0  0
255170.0  0
255220.0  0
255280.0  0
255340.0  0
255400.0  0
255460.0  0
255510.0  0
255570.0  0
255630.0  0
255690.0  0
255750.0  0
255800.0  0
255860.0  0
255920.0  0
255980.0  0
256040.0  0
256090.0  0
256150.0  0
256210.0  0
256270.0  0
256330.0  0
256380.0  0
256440.0  0
256500.0  0
256560.0  0
256620.0  0
256670.0  0
256730.0  0
256790.0  0
256850.0  0
256910.0  0
256960.0  0
257020.0  0
257080.0  0
257140.0  0
257200.0  0
257250.0  0
257310.0  0
257370.0  0
257430.0  0
257490.0  0
257540.0  0
257600.0  0
257660.0  0
257720.0  0
257780.0  0
257830.0  0
257890.0  0
257950.0  0
258010.0  0
258070.0  0
258120.0  0
258180.0  0
258240.0  0
258300.0  0
258360.0  0
258410.0  0
258470.0  0
258530.0  0
258590.0  0
258650.0  0
258700.0  0
258760.0  0
258820.0  0
258880.0  0
258940.0  0
258990.0  0
259050.0  0
259110.0  0
259170.0  0
259230.0  0
259280.0  0
259340.0  0
259400.0  0
259460.0  0
259520.0  0
259570.0  0
259630.0  0
259690.0  0
259750.0  0
259810.0  0
259860.0  0
259920.0  0
259980.0  0
260040.0  0
260100.0  0
260150.0  0
260210.0  0
260270.0  0
260330.0  0
260390.0  0
260440.0  0
260500.0  0
260560.0  0
260620.0  0
260680.0  0
260730.0  0
260790.0  0
260850.0  0
260910.0  0
260970.0  0
261020.0  0
261080.0  0
261140.0  0
261200.0  0
261260.0  0
261310.0  0
261370.0  0
261430.0  0
261490.0  0
261550.0  0
261600.0  0
261660.0  0
261720.0  0
261780.0  0
261840.0  0
261890.0  0
261950.0  0
262010.0  0
262070.0  0
262130.0  0
262180.0  0
262240.0  0
262300.0  0
262360.0  0
262420.0  0
262470.0  0
262530.0  0
262590.0  0
262650.0  0
262710.0  0
262760.0  0
262820.0  0
262880.0  0
262940.0  0
263000.0  0
263050.0  0
263110.0  0
263170.0  0
263230.0  0
263290.0  0
263340.0  0
263400.0  0
263460.0  0
263520.0  0
263580.0  0
263630.0  0
263690.0  0
263750.0  0
263810.0  0
263870.0  0
263920.0  0
263980.0  0
264040.0  0
264100.0  0
264160.0  0
264210.0  0
264270.0  0
264330.0  0
264390.0  0
264450.0  0
264500.0  0
264560.0  0
264620.0  0
264680.0  0
264740.0  0
264790.0  0
264850.0  0
264910.0  0
264970.0  0
265030.0  0
265080.0  0
265140.0  0
265200.0  0
265260.0  0
265320.0  0
265370.0  0
265430.0  0
265490.0  0
265550.0  0
265610.0  0
265660.0  0
265720.0  0
265780.0  0
265840.0  0
265900.0  0
265950.0  0
266010.0  0
266070.0  0
266130.0  0
266190.0  0
266240.0  0
266300.0  0
266360.0  0
266420.0  0
266480.0  0
266530.0  0
266590.0  0
266650.0  0
266710.0  0
266770.0  0
266820.0  0
266880.0  0
266940.0  0
267000.0  0
267060.0  0
267110.0  0
267170.0  0
267230.0  0
267290.0  0
267350.0  0
267400.0  0
267460.0  0
267520.0  0
267580.0  0
267640.0  0
267690.0  0
267750.0  0
267810.0  0
267870.0  0
267930.0  0
267980.0  0
268040.0  0
268100.0  0
268160.0  0
268220.0  0
268270.0  0
268330.0  0
268390.0  0
268450.0  0
268510.0  0
268560.0  0
268620.0  0
268680.0  0
268740.0  0
268800.0  0
268850.0  0
268910.0  0
268970.0  0
269030.0  0
269090.0  0
269140.0  0
269200.0  0
269260.0  0
269320.0  0
269380.0  0
269430.0  0
269490.0  0
269550.0  0
269610.0  0
269670.0  0
269720.0  0
269780.0  0
269840.0  0
269900.0  0
269960.0  0
270010.0  0
270070.0  0
270130.0  0
270190.0  0
270250.0  0
270300.0  0
270360.0  0
270420.0  0
270480.0  0
270540.0  0
270590.0  0
270650.0  0
270710.0  0
270770.0  0
270830.0  0
270880.0  0
270940.0  0
271000.0  0
271060.0  0
271120.0  0
271170.0  0
271230.0  0
271290.0  0
271350.0  0
271410.0  0
271460.0  0
271520.0  0
271580.0  0
271640.0  0
271700.0  0
271750.0  0
271810.0  0
271870.0  0
271930.0  0
271990.0  0
272040.0  0
272100.0  0
272160.0  0
272220.0  0
272280.0  0
272330.0  0
272390.0  0
272450.0  0
272510.0  0
272570.0  0
272620.0  0
272680.0  0
272740.0  0
272800.0  0
272860.0  0
272910.0  0
272970.0  0
273030.0  0
273090.0  0
273150.0  0
273200.0  0
273260.0  0
273320.0  0
273380.0  0
273440.0  0
273490.0  0
273550.0  0
273610.0  0
273670.0  0
273730.0  0
273780.0  0
273840.0  0
273900.0  0
273960.0  0
274020.0  0
274070.0  0
274130.0  0
274190.0  0
274250.0  0
274310.0  0
274360.0  0
274420.0  0
274480.0  0
274540.0  0
274600.0  0
274650.0  0
274710.0  0
274770.0  0
274830.0  0
274890.0  0
274940.0  0
275000.0  0
275060.0  0
275120.0  0
275180.0  0
275230.0  0
275290.0  0
275350.0  0
275410.0  0
275470.0  0
275520.0  0
275580.0  0
275640.0  0
275700.0  0
275760.0  0
275810.0  0
275870.0  0
275930.0  0
275990.0  0
276050.0  0
276100.0  0
276160.0  0
276220.0  0
276280.0  0
276340.0  0
276390.0  0
276450.0  0
276510.0  0
276570.0  0
276630.0  0
276680.0  0
276740.0  0
276800.0  0
276860.0  0
276920.0  0
276970.0  0
277030.0  0
277090.0  0
277150.0  0
277210.0  0
277260.0  0
277320.0  0
277380.0  0
277440.0  0
277500.0  0
277550.0  0
277610.0  0
277670.0  0
277730.0  0
277790.0  0
277840.0  0
277900.0  0
277960.0  0
278020.0  0
278080.0  0
278130.0  0
278190.0  0
278250.0  0
278310.0  0
278370.0  0
278420.0  0
278480.0  0
278540.0  0
278600.0  0
278660.0  0
278710.0  0
278770.0  0
278830.0  0
278890.0  0
278950.0  0
279000.0  0
279060.0  0
279120.0  0
279180.0  0
279240.0  0
279290.0  0
279350.0  0
279410.0  0
279470.0  0
279530.0  0
279580.0  0
279640.0  0
279700.0  0
279760.0  0
279820.0  0
279870.0  0
279930.0  0
279990.0  0
280050.0  0
280110.0  0
280160.0  0
280220.0  0
280280.0  0
280340.0  0
280400.0  0
280450.0  0
280510.0  0
280570.0  0
280630.0  0
280690.0  0
280740.0  0
280800.0  0
280860.0  0
280920.0  0
280980.0  0
281030.0  0
281090.0  0
281150.0  0
281210.0  0
281270.0  0
281320.0  0
281380.0  0
281440.0  0
281500.0  0
281560.0  0
281610.0  0
281670.0  0
281730.0  0
281790.0  0
281850.0  0
281900.0  0
281960.0  0
282020.0  0
282080.0  0
282140.0  0
282190.0  0
282250.0  0
282310.0  0
282370.0  0
282430.0  0
282480.0  0
282540.0  0
282600.0  0
282660.0  0
282720.0  0
282770.0  0
282830.0  0
282890.0  0
282950.0  0
283010.0  0
283060.0  0
283120.0  0
283180.0  0
283240.0  0
283300.0  0
283350.0  0
283410.0  0
283470.0  0
283530.0  0
283590.0  0
283640.0  0
283700.0  0
283760.0  0
283820.0  0
283880.0  0
283930.0  0
283990.0  0
284050.0  0
284110.0  0
284170.0  0
284220.0  0
284280.0  0
284340.0  0
284400.0  0
284460.0  0
284510.0  0
284570.0  0
284630.0  0
284690.0  0
284750.0  0
284800.0  0
284860.0  0
284920.0  0
284980.0  0
285040.0  0
285090.0  0
285150.0  0
285210.0  0
285270.0  0
285330.0  0
285380.0  0
285440.0  0
285500.0  0
285560.0  0
285620.0  0
285670.0  0
285730.0  0
285790.0  0
285850.0  0
285910.0  0
285960.0  0
286020.0  0
286080.0  0
286140.0  0
286200.0  0
286250.0  0
286310.0  0
286370.0  0
286430.0  0
286490.0  0
286540.0  0
286600.0  0
286660.0  0
286720.0  0
286780.0  0
286830.0  0
286890.0  0
286950.0  0
287010.0  0
287070.0  0
287120.0  0
287180.0  0
287240.0  0
287300.0  0
287360.0  0
287410.0  0
287470.0  0
287530.0  0
287590.0  0
287650.0  0
287700.0  0
287760.0  0
287820.0  0
287880.0  0
287940.0  0
287990.0  0
288050.0  0
288110.0  0
288170.0  0
288230.0  0
288280.0  0
288340.0  0
288400.0  0
288460.0  0
288520.0  0
288570.0  0
288630.0  0
288690.0  0
288750.0  0
288810.0  0
288860.0  0
288920.0  0
288980.0  0
289040.0  0
289100.0  0
289150.0  0
289210.0  0
289270.0  0
289330.0  0
289390.0  0
289440.0  0
289500.0  0
289560.0  0
289620.0  0
289680.0  0
289730.0  0
289790.0  0
289850.0  0
289910.0  0
289970.0  0
290020.0  0
290080.0  0
290140.0  0
290200.0  0
290260.0  0
290310.0  0
290370.0  0
290430.0  0
290490.0  0
290550.0  0
290600.0  0
290660.0  0
290720.0  0
290780.0  0
290840.0  0
290890.0  0
290950.0  0
291010.0  0
291070.0  0
291130.0  0
291180.0  0
291240.0  0
291300.0  0
291360.0  0
291420.0  0
291470.0  0
291530.0  0
291590.0  0
291650.0  0
291710.0  0
291760.0  0
291820.0  0
291880.0  0
291940.0  0
292000.0  0
292050.0  0
292110.0  0
292170.0  0
292230.0  0
292290.0  0
292340.0  0
292400.0  0
292460.0  0
292520.0  0
292580.0  0
292630.0  0
292690.0  0
292750.0  0
292810.0  0
292870.0  0
292920.0  0
292980.0  0
293040.0  0
293100.0  0
293160.0  0
293210.0  0
293270.0  0
293330.0  0
293390.0  0
293450.0  0
293500.0  0
293560.0  0
293620.0  0
293680.0  0
293740.0  0
293790.0  0
293850.0  0
293910.0  0
293970.0  0
294030.0  0
294080.0  0
294140.0  0
294200.0  0
294260.0  0
294320.0  0
294370.0  0
294430.0  0
294490.0  0
294550.0  0
294610.0  0
294660.0  0
294720.0  0
294780.0  0
294840.0  0
294900.0  0
294950.0  0
295010.0  0
295070.0  0
295130.0  0
295190.0  0
295240.0  0
295300.0  0
295360.0  0
295420.0  0
295480.0  0
295530.0  0
295590.0  0
295650.0  0
295710.0  0
295770.0  0
295820.0  0
295880.0  0
295940.0  0
296000.0  0
296060.0  0
296110.0  0
296170.0  0
296230.0  0
296290.0  0
296350.0  0
296400.0  0
296460.0  0
296520.0  0
296580.0  0
296640.0  0
296690.0  0
296750.0  0
296810.0  0
296870.0  0
296930.0  0
296980.0  0
297040.0  0
297100.0  0
297160.0  0
297220.0  0
297270.0  0
297330.0  0
297390.0  0
297450.0  0
297510.0  0
297560.0  0
297620.0  0
297680.0  0
297740.0  0
297800.0  0
297850.0  0
297910.0  0
297970.0  0
298030.0  0
298090.0  0
298140.0  0
298200.0  0
298260.0  0
298320.0  0
298380.0  0
298430.0  0
298490.0  0
298550.0  0
298610.0  0
298670.0  0
298720.0  0
298780.0  0
298840.0  0
298900.0  0
298960.0  0
299010.0  0
299070.0  0
299130.0  0
299190.0  0
299250.0  0
299300.0  0
299360.0  0
299420.0  0
299480.0  0
299540.0  0
299590.0  0
299650.0  0
299710.0  0
299770.0  0
299830.0  0
299880.0  0
299940.0  0
