# from http://www.stsci.edu/jwst/instruments/nircam/instrumentdesign/filters
# Retrieved Jan 18, 2017, dated Feb 5, 2016 (pre-flight)
# Uses modA or modB  filters+DBS+QE+OTE (nrc_plus_ote)
# Units of transmission are PCE (photon to electron conversion efficiency)
# 
5505.5  5.437529e-10
5515.5  5.634085e-11
5525.5  1.730860e-09
5535.5  3.688269e-09
5545.5  1.021565e-10
5555.5  1.525333e-09
5565.5  1.855338e-09
5575.5  3.527182e-09
5585.5  2.361464e-09
5595.5  2.313456e-09
5605.5  1.414912e-12
5615.5  5.168001e-09
5625.5  7.482771e-09
5635.5  4.530307e-09
5645.5  6.352294e-09
5655.5  1.397722e-09
5665.5  1.010241e-09
5675.5  4.599328e-09
5685.5  4.215594e-09
5695.5  4.927593e-09
5705.5  9.058496e-10
5715.5  7.237348e-10
5725.5  1.135458e-09
5735.5  4.128165e-09
5745.5  2.556087e-09
5755.5  3.148356e-09
5765.5  2.393036e-09
5775.5  3.298375e-12
5785.5  4.726089e-09
5795.5  3.354474e-09
5805.5  1.294258e-08
5815.5  4.996168e-09
5825.5  1.087180e-08
5835.5  9.432924e-09
5845.5  1.031844e-08
5855.5  4.781640e-09
5865.5  1.689681e-08
5875.5  1.367073e-08
5885.5  1.596949e-09
5895.5  8.192589e-12
5905.5  6.884590e-10
5915.5  2.716927e-09
5925.5  1.256043e-08
5935.5  1.329178e-09
5945.5  1.780254e-08
5955.5  2.477694e-08
5965.5  1.161417e-08
5975.5  9.441336e-12
5985.5  9.551683e-12
5995.5  1.791658e-09
6005.5  2.778257e-08
6015.5  1.279288e-08
6025.5  1.614530e-08
6035.5  1.305242e-08
6045.5  1.415880e-08
6055.5  1.546899e-08
6065.5  1.969159e-09
6075.5  8.494012e-09
6085.5  3.814789e-08
6095.5  3.727262e-08
6105.5  1.767263e-08
6115.5  2.166380e-08
6125.5  1.491971e-08
6135.5  5.310203e-08
6145.5  2.234906e-08
6155.5  2.803333e-08
6165.5  2.527604e-08
6175.5  2.639586e-08
6185.5  2.175242e-09
6195.5  3.712864e-08
6205.5  3.861981e-08
6215.5  4.769597e-08
6225.5  3.704800e-08
6235.5  2.673192e-08
6245.5  3.925243e-08
6255.5  6.510344e-08
6265.5  2.333837e-08
6275.5  1.673998e-08
6285.5  3.561769e-08
6295.5  8.006515e-08
6305.5  7.786098e-08
6315.5  4.141248e-08
6325.5  8.492476e-08
6335.5  8.640970e-08
6345.5  5.079260e-08
6355.5  1.163296e-07
6365.5  7.397941e-08
6375.5  1.168241e-07
6385.5  1.482807e-08
6395.5  6.173226e-08
6405.5  1.095641e-07
6415.5  6.384889e-08
6425.5  6.449776e-08
6435.5  7.386270e-08
6445.5  5.898917e-08
6455.5  9.199664e-08
6465.5  8.665491e-08
6475.5  7.020316e-08
6485.5  7.064632e-08
6495.5  1.269606e-07
6505.5  7.811199e-08
6515.5  1.094585e-07
6525.5  1.006381e-07
6535.5  6.438230e-08
6545.5  1.275953e-07
6555.5  1.077638e-07
6565.5  1.522240e-07
6575.5  1.282165e-07
6585.5  1.097924e-07
6595.5  1.002579e-07
6605.5  1.103364e-07
6615.5  1.178988e-07
6625.5  1.456367e-07
6635.5  1.622900e-07
6645.5  1.605647e-07
6655.5  1.793392e-07
6665.5  1.336063e-07
6675.5  1.780473e-07
6685.5  1.821030e-07
6695.5  1.588368e-07
6705.5  2.246350e-07
6715.5  2.074833e-07
6725.5  1.437751e-07
6735.5  2.309911e-07
6745.5  2.370606e-07
6755.5  2.232741e-07
6765.5  1.877551e-07
6775.5  1.718261e-07
6785.5  2.343582e-07
6795.5  1.782475e-07
6805.5  1.913478e-07
6815.5  2.160501e-07
6825.5  2.298517e-07
6835.5  2.166866e-07
6845.5  2.064750e-07
6855.5  2.293986e-07
6865.5  2.341901e-07
6875.5  2.023802e-07
6885.5  2.365282e-07
6895.5  2.229473e-07
6905.5  2.450468e-07
6915.5  2.396621e-07
6925.5  2.447664e-07
6935.5  2.295668e-07
6945.5  2.651289e-07
6955.5  2.704641e-07
6965.5  2.700065e-07
6975.5  3.258297e-07
6985.5  3.315158e-07
6995.5  2.758934e-07
7005.5  2.291889e-07
7015.5  2.335227e-07
7025.5  3.018438e-07
7035.5  2.801804e-07
7045.5  3.064836e-07
7055.5  2.795414e-07
7065.5  3.316038e-07
7075.5  3.318860e-07
7085.5  3.491881e-07
7095.5  3.562777e-07
7105.5  3.986204e-07
7115.5  3.464724e-07
7125.5  3.138398e-07
7135.5  3.625263e-07
7145.5  3.903839e-07
7155.5  3.545251e-07
7165.5  3.934588e-07
7175.5  4.887676e-07
7185.5  4.062028e-07
7195.5  4.278149e-07
7205.5  4.532467e-07
7215.5  4.333142e-07
7225.5  4.647217e-07
7235.5  4.048128e-07
7245.5  4.063480e-07
7255.5  4.817262e-07
7265.5  3.878964e-07
7275.5  3.868294e-07
7285.5  4.288379e-07
7295.5  3.542890e-07
7305.5  3.043690e-07
7315.5  3.411879e-07
7325.5  4.347935e-07
7335.5  3.494091e-07
7345.5  2.625044e-07
7355.5  3.054550e-07
7365.5  3.123223e-07
7375.5  3.140786e-07
7385.5  3.096625e-07
7395.5  4.084251e-07
7405.5  3.896470e-07
7415.5  3.535000e-07
7425.5  3.513572e-07
7435.5  4.272112e-07
7445.5  3.804805e-07
7455.5  3.526210e-07
7465.5  4.140763e-07
7475.5  3.650725e-07
7485.5  4.791424e-07
7495.5  3.674227e-07
7505.5  4.412667e-07
7515.5  4.740577e-07
7525.5  4.362577e-07
7535.5  4.273080e-07
7545.5  5.037986e-07
7555.5  3.994277e-07
7565.5  3.813369e-07
7575.5  3.990193e-07
7585.5  4.518376e-07
7595.5  5.295110e-07
7605.5  5.492508e-07
7615.5  5.156971e-07
7625.5  5.251383e-07
7635.5  5.812882e-07
7645.5  6.310406e-07
7655.5  6.350557e-07
7665.5  6.067595e-07
7675.5  7.159716e-07
7685.5  8.512379e-07
7695.5  1.195871e-06
7705.5  1.506234e-06
7715.5  2.268471e-06
7725.5  3.331050e-06
7735.5  5.248979e-06
7745.5  8.314661e-06
7755.5  1.259907e-05
7765.5  1.861875e-05
7775.5  2.679267e-05
7785.5  3.786791e-05
7795.5  5.154695e-05
7805.5  7.208886e-05
7815.5  1.021204e-04
7825.5  1.519469e-04
7835.5  2.474138e-04
7845.5  4.184925e-04
7855.5  7.976156e-04
7865.5  1.706711e-03
7875.5  3.793824e-03
7885.5  8.719597e-03
7895.5  1.989988e-02
7905.5  3.997640e-02
7915.5  7.074323e-02
7925.5  1.092030e-01
7935.5  1.524008e-01
7945.5  1.898892e-01
7955.5  2.193673e-01
7965.5  2.411347e-01
7975.5  2.532192e-01
7985.5  2.597010e-01
7995.5  2.626007e-01
8005.5  2.646016e-01
8015.5  2.645333e-01
8025.5  2.625246e-01
8035.5  2.604770e-01
8045.5  2.577021e-01
8055.5  2.554317e-01
8065.5  2.519672e-01
8075.5  2.483217e-01
8085.5  2.455592e-01
8095.5  2.457187e-01
8105.5  2.476484e-01
8115.5  2.513280e-01
8125.5  2.557795e-01
8135.5  2.593131e-01
8145.5  2.640602e-01
8155.5  2.657954e-01
8165.5  2.681751e-01
8175.5  2.704324e-01
8185.5  2.727001e-01
8195.5  2.738096e-01
8205.5  2.749031e-01
8215.5  2.761565e-01
8225.5  2.745323e-01
8235.5  2.735753e-01
8245.5  2.718894e-01
8255.5  2.691484e-01
8265.5  2.675388e-01
8275.5  2.663048e-01
8285.5  2.662237e-01
8295.5  2.665326e-01
8305.5  2.657002e-01
8315.5  2.666321e-01
8325.5  2.669358e-01
8335.5  2.668150e-01
8345.5  2.666736e-01
8355.5  2.698155e-01
8365.5  2.726665e-01
8375.5  2.759287e-01
8385.5  2.786696e-01
8395.5  2.801651e-01
8405.5  2.815825e-01
8415.5  2.836901e-01
8425.5  2.838812e-01
8435.5  2.830739e-01
8445.5  2.823335e-01
8455.5  2.798754e-01
8465.5  2.786641e-01
8475.5  2.761623e-01
8485.5  2.747374e-01
8495.5  2.752216e-01
8505.5  2.763175e-01
8515.5  2.781585e-01
8525.5  2.787326e-01
8535.5  2.790054e-01
8545.5  2.804191e-01
8555.5  2.796562e-01
8565.5  2.816218e-01
8575.5  2.835626e-01
8585.5  2.858895e-01
8595.5  2.874969e-01
8605.5  2.915715e-01
8615.5  2.934582e-01
8625.5  2.931846e-01
8635.5  2.918866e-01
8645.5  2.920952e-01
8655.5  2.929148e-01
8665.5  2.962270e-01
8675.5  2.929112e-01
8685.5  2.903916e-01
8695.5  2.905870e-01
8705.5  2.906464e-01
8715.5  2.868233e-01
8725.5  2.891683e-01
8735.5  2.890409e-01
8745.5  2.902268e-01
8755.5  2.877726e-01
8765.5  2.885132e-01
8775.5  2.935377e-01
8785.5  2.941913e-01
8795.5  2.933011e-01
8805.5  2.982068e-01
8815.5  2.960010e-01
8825.5  2.997929e-01
8835.5  2.972428e-01
8845.5  3.020340e-01
8855.5  2.972983e-01
8865.5  2.937275e-01
8875.5  3.028619e-01
8885.5  3.060948e-01
8895.5  3.035220e-01
8905.5  2.969826e-01
8915.5  3.008060e-01
8925.5  2.995904e-01
8935.5  2.990958e-01
8945.5  2.995579e-01
8955.5  2.973758e-01
8965.5  2.921266e-01
8975.5  2.968078e-01
8985.5  2.973594e-01
8995.5  2.958512e-01
9005.5  2.969930e-01
9015.5  2.970191e-01
9025.5  2.983365e-01
9035.5  2.975968e-01
9045.5  2.980062e-01
9055.5  3.011235e-01
9065.5  3.010313e-01
9075.5  3.003837e-01
9085.5  3.030475e-01
9095.5  3.037991e-01
9105.5  3.042951e-01
9115.5  3.052593e-01
9125.5  3.062063e-01
9135.5  3.065428e-01
9145.5  3.079397e-01
9155.5  3.073978e-01
9165.5  3.095179e-01
9175.5  3.081134e-01
9185.5  3.098966e-01
9195.5  3.096312e-01
9205.5  3.087415e-01
9215.5  3.082683e-01
9225.5  3.079031e-01
9235.5  3.074128e-01
9245.5  3.056890e-01
9255.5  3.060589e-01
9265.5  3.053546e-01
9275.5  3.052051e-01
9285.5  3.066005e-01
9295.5  3.078512e-01
9305.5  3.089316e-01
9315.5  3.100013e-01
9325.5  3.106432e-01
9335.5  3.104294e-01
9345.5  3.111839e-01
9355.5  3.109525e-01
9365.5  3.112161e-01
9375.5  3.106932e-01
9385.5  3.097300e-01
9395.5  3.099659e-01
9405.5  3.096885e-01
9415.5  3.085699e-01
9425.5  3.080308e-01
9435.5  3.072908e-01
9445.5  3.064981e-01
9455.5  3.061286e-01
9465.5  3.051875e-01
9475.5  3.046163e-01
9485.5  3.058223e-01
9495.5  3.073357e-01
9505.5  3.078285e-01
9515.5  3.112656e-01
9525.5  3.100303e-01
9535.5  3.106882e-01
9545.5  3.110718e-01
9555.5  3.114373e-01
9565.5  3.114398e-01
9575.5  3.109953e-01
9585.5  3.130414e-01
9595.5  3.110502e-01
9605.5  3.106771e-01
9615.5  3.106529e-01
9625.5  3.105215e-01
9635.5  3.102632e-01
9645.5  3.107334e-01
9655.5  3.095915e-01
9665.5  3.083881e-01
9675.5  3.090936e-01
9685.5  3.090138e-01
9695.5  3.092259e-01
9705.5  3.097494e-01
9715.5  3.102702e-01
9725.5  3.107666e-01
9735.5  3.113167e-01
9745.5  3.092611e-01
9755.5  3.117203e-01
9765.5  3.099756e-01
9775.5  3.098162e-01
9785.5  3.108378e-01
9795.5  3.099402e-01
9805.5  3.090051e-01
9815.5  3.117620e-01
9825.5  3.113523e-01
9835.5  3.115689e-01
9845.5  3.117990e-01
9855.5  3.127645e-01
9865.5  3.117658e-01
9875.5  3.122589e-01
9885.5  3.136175e-01
9895.5  3.135197e-01
9905.5  3.145673e-01
9915.5  3.132079e-01
9925.5  3.138195e-01
9935.5  3.125730e-01
9945.5  3.126549e-01
9955.5  3.119286e-01
9965.5  3.110834e-01
9975.5  3.083859e-01
9985.5  3.019920e-01
9995.5  2.923335e-01
10005.5  2.737260e-01
10015.5  2.511793e-01
10025.5  2.209456e-01
10035.5  1.870482e-01
10045.5  1.621660e-01
10055.5  1.345192e-01
10065.5  1.126479e-01
10075.5  9.122742e-02
10085.5  7.736085e-02
10095.5  6.385196e-02
10105.5  5.414243e-02
10115.5  4.704882e-02
10125.5  3.996254e-02
10135.5  3.401436e-02
10145.5  3.022364e-02
10155.5  2.619359e-02
10165.5  2.223141e-02
10175.5  1.857684e-02
10185.5  1.487774e-02
10195.5  1.145380e-02
10205.5  8.778830e-03
10215.5  6.566887e-03
10225.5  4.569155e-03
10235.5  3.617188e-03
10245.5  2.574113e-03
10255.5  1.885217e-03
10265.5  1.332272e-03
10275.5  9.977992e-04
10285.5  7.399275e-04
10295.5  5.264156e-04
10305.5  4.311296e-04
10315.5  3.193215e-04
10325.5  2.458091e-04
10335.5  1.882698e-04
10345.5  1.484522e-04
10355.5  1.137313e-04
10365.5  9.187296e-05
10375.5  7.518214e-05
10385.5  5.822400e-05
10395.5  4.764286e-05
10405.5  3.861415e-05
10415.5  3.155476e-05
10425.5  2.585510e-05
10435.5  2.106211e-05
10445.5  1.805167e-05
10455.5  1.434770e-05
10465.5  1.219175e-05
10475.5  1.050939e-05
10485.5  8.307974e-06
10495.5  8.399031e-06
10505.5  6.796273e-06
10515.5  5.822722e-06
10525.5  4.928519e-06
10535.5  4.418221e-06
10545.5  2.606482e-06
10555.5  4.095085e-06
10565.5  4.220214e-06
10575.5  3.004871e-06
10585.5  3.108267e-06
10595.5  2.475023e-06
10605.5  2.214708e-06
10615.5  2.641780e-06
10625.5  1.721144e-06
10635.5  1.301767e-06
10645.5  1.785950e-06
10655.5  1.564729e-06
10665.5  2.630080e-06
10675.5  1.097868e-06
10685.5  2.856546e-06
10695.5  2.174698e-06
10705.5  1.925690e-06
10715.5  1.235239e-06
10725.5  2.176654e-06
10735.5  1.863179e-06
10745.5  1.612988e-06
10755.5  5.239051e-07
10765.5  2.937078e-06
10775.5  7.671654e-07
10785.5  1.381872e-06
10795.5  1.500653e-06
10805.5  2.246781e-06
10815.5  6.046245e-07
10825.5  8.259334e-07
10835.5  4.757708e-07
10845.5  8.722552e-07
10855.5  5.640168e-07
10865.5  8.317938e-07
10875.5  1.560726e-06
10885.5  6.866996e-07
10895.5  2.606944e-06
10905.5  1.064535e-06
10915.5  6.455050e-07
10925.5  5.746496e-07
10935.5  1.823994e-06
10945.5  1.432960e-06
10955.5  4.686478e-07
10965.5  3.593230e-07
10975.5  2.148170e-06
10985.5  6.744153e-07
10995.5  3.550752e-07
11005.5  1.265138e-06
11015.5  1.758342e-06
11025.5  1.468122e-06
11035.5  1.450158e-07
11045.5  8.091149e-07
11055.5  6.572621e-07
11065.5  1.433448e-07
11075.5  7.986996e-07
11085.5  9.113753e-07
11095.5  6.423900e-07
11105.5  2.262568e-06
11115.5  4.489404e-07
11125.5  1.873865e-06
11135.5  5.052904e-07
11145.5  1.134570e-06
11155.5  9.307243e-07
11165.5  1.598827e-06
11175.5  2.036619e-06
11185.5  1.337109e-06
11195.5  1.244072e-06
11205.5  1.060070e-06
11215.5  2.031393e-06
11225.5  1.675250e-06
11235.5  2.206891e-08
11245.5  9.740723e-07
11255.5  6.602525e-07
11265.5  1.202962e-06
11275.5  1.401898e-06
11285.5  4.554390e-07
11295.5  2.669255e-06
11305.5  1.486156e-06
11315.5  6.872746e-07
11325.5  6.804481e-07
11335.5  9.598076e-07
11345.5  3.876376e-07
11355.5  1.697554e-06
11365.5  6.929595e-07
11375.5  1.306262e-06
11385.5  1.905592e-06
11395.5  6.497949e-07
11405.5  1.606364e-06
11415.5  7.237882e-07
11425.5  1.748163e-06
11435.5  1.553513e-06
11445.5  9.800821e-07
11455.5  7.796166e-07
11465.5  1.207080e-06
11475.5  4.517865e-07
11485.5  1.815410e-06
11495.5  1.227019e-06
11505.5  9.952938e-07
11515.5  7.174603e-07
11525.5  1.574870e-06
11535.5  1.003376e-06
11545.5  6.621531e-07
11555.5  1.441783e-06
11565.5  2.452098e-07
11575.5  1.800830e-06
11585.5  1.241235e-06
11595.5  1.590557e-06
11605.5  8.925348e-07
11615.5  5.776287e-07
11625.5  9.056115e-07
11635.5  1.619143e-06
11645.5  1.053697e-06
11655.5  9.134400e-07
11665.5  1.790854e-06
11675.5  1.312958e-06
11685.5  1.191182e-06
11695.5  8.603882e-07
11705.5  1.827432e-06
11715.5  3.689798e-11
11725.5  2.250345e-06
11735.5  2.567456e-06
11745.5  5.449908e-07
11755.5  1.097307e-06
11765.5  1.506512e-06
11775.5  1.476743e-06
11785.5  6.030723e-07
11795.5  1.441225e-06
11805.5  1.026518e-06
11815.5  5.898873e-07
11825.5  1.533525e-06
11835.5  1.519835e-06
11845.5  1.039122e-06
11855.5  8.545259e-07
11865.5  8.839300e-07
11875.5  1.789333e-06
11885.5  1.956180e-06
11895.5  9.187664e-07
11905.5  1.788320e-06
11915.5  1.327227e-06
11925.5  2.104851e-06
11935.5  7.779486e-07
11945.5  1.103400e-06
11955.5  1.279133e-06
11965.5  9.603187e-07
11975.5  1.876146e-06
11985.5  6.124632e-07
11995.5  1.529851e-06
12005.5  1.360983e-06
12015.5  1.399930e-06
12025.5  1.761937e-06
12035.5  1.277139e-06
12045.5  9.723097e-07
12055.5  5.866447e-07
12065.5  9.635590e-07
12075.5  2.303329e-06
12085.5  1.258807e-06
12095.5  1.802372e-06
12105.5  1.188199e-06
12115.5  1.558832e-06
12125.5  1.186810e-06
12135.5  1.504499e-06
12145.5  1.438973e-06
12155.5  9.717065e-07
12165.5  2.430843e-06
12175.5  1.086906e-06
12185.5  5.152545e-07
12195.5  1.047130e-06
12205.5  2.601541e-06
12215.5  9.338294e-07
12225.5  1.777981e-06
12235.5  1.728240e-06
12245.5  1.577060e-06
12255.5  1.163832e-06
12265.5  8.744338e-07
12275.5  6.830888e-07
12285.5  1.363287e-06
12295.5  6.095946e-07
12305.5  1.997456e-06
12315.5  2.511643e-07
12325.5  1.607856e-06
12335.5  9.016567e-07
12345.5  1.636683e-06
12355.5  1.697439e-06
12365.5  7.385423e-07
12375.5  4.210716e-07
12385.5  7.023413e-07
12395.5  2.316877e-06
12405.5  2.115522e-06
12415.5  1.933038e-06
12425.5  2.605769e-06
12435.5  6.587181e-07
12445.5  1.216605e-06
12455.5  2.254235e-06
12465.5  1.698901e-06
12475.5  7.346715e-07
12485.5  2.783996e-06
12495.5  1.806145e-06
12505.5  2.164596e-06
12515.5  1.251122e-06
12525.5  1.554566e-06
12535.5  5.266160e-07
12545.5  1.025894e-06
12555.5  1.181799e-06
12565.5  1.406606e-06
12575.5  1.949241e-06
12585.5  1.470658e-06
12595.5  1.231665e-06
12605.5  1.582972e-06
12615.5  2.298606e-06
12625.5  1.450506e-06
12635.5  4.311922e-07
12645.5  4.065620e-07
12655.5  2.440238e-06
12665.5  1.961075e-06
12675.5  2.141702e-06
12685.5  1.302974e-06
12695.5  1.646625e-06
12705.5  1.549634e-06
12715.5  2.394846e-06
12725.5  1.898612e-06
12735.5  6.769532e-07
12745.5  1.298503e-06
12755.5  1.217676e-06
12765.5  1.428825e-06
12775.5  2.117807e-06
12785.5  1.310605e-06
12795.5  9.086760e-07
12805.5  1.966137e-06
12815.5  2.761918e-06
12825.5  1.828851e-06
12835.5  7.651488e-07
12845.5  1.001461e-06
12855.5  2.362850e-06
12865.5  1.206859e-06
12875.5  1.596274e-06
12885.5  1.780961e-06
12895.5  2.335015e-06
12905.5  1.959626e-06
12915.5  2.037135e-06
12925.5  1.909507e-06
12935.5  1.601645e-06
12945.5  5.592100e-07
12955.5  1.565097e-06
12965.5  1.930102e-06
12975.5  1.280136e-06
12985.5  1.302667e-06
12995.5  2.811303e-06
13005.5  2.644020e-06
13015.5  1.032702e-06
13025.5  1.587889e-06
13035.5  1.856536e-06
13045.5  1.697562e-06
13055.5  1.445399e-06
13065.5  1.989720e-06
13075.5  1.903698e-06
13085.5  2.691298e-06
13095.5  1.495927e-06
13105.5  1.858354e-06
13115.5  1.327272e-06
13125.5  1.781728e-06
13135.5  1.955605e-06
13145.5  2.273279e-06
13155.5  1.160006e-06
13165.5  1.813443e-06
13175.5  1.727782e-06
13185.5  1.960933e-06
13195.5  2.563032e-06
13205.5  2.650748e-06
13215.5  2.277559e-06
13225.5  2.692898e-06
13235.5  1.101617e-06
13245.5  1.616432e-06
13255.5  2.449231e-06
13265.5  1.640539e-06
13275.5  1.784446e-06
13285.5  1.605196e-06
13295.5  2.618388e-06
13305.5  1.860719e-06
13315.5  1.264551e-06
13325.5  1.202516e-06
13335.5  2.636435e-06
13345.5  2.066832e-06
13355.5  8.056076e-07
13365.5  1.804651e-06
13375.5  2.684038e-06
13385.5  2.648970e-06
13395.5  2.107305e-06
13405.5  1.400503e-06
13415.5  2.260987e-06
13425.5  1.801808e-06
13435.5  2.216955e-06
13445.5  2.536456e-06
13455.5  8.984870e-07
13465.5  2.527296e-06
13475.5  2.472227e-06
13485.5  1.384310e-06
13495.5  9.980100e-07
13505.5  2.521757e-06
13515.5  2.172474e-06
13525.5  2.575282e-06
13535.5  3.263076e-06
13545.5  3.169887e-07
13555.5  2.113033e-06
13565.5  1.564210e-06
13575.5  2.943269e-06
13585.5  1.166547e-06
13595.5  2.059371e-06
13605.5  8.211927e-07
13615.5  2.887927e-06
13625.5  2.192919e-06
13635.5  1.118047e-06
13645.5  1.775798e-06
13655.5  1.306932e-06
13665.5  2.031848e-06
13675.5  1.045177e-06
13685.5  1.891453e-06
13695.5  1.306276e-06
13705.5  1.567616e-06
13715.5  2.106621e-06
13725.5  1.617115e-06
13735.5  1.717804e-06
13745.5  1.396610e-06
13755.5  1.673463e-06
13765.5  2.569071e-06
13775.5  2.087540e-06
13785.5  1.835098e-06
13795.5  4.040178e-11
13805.5  2.571935e-06
13815.5  2.610429e-06
13825.5  1.451588e-06
13835.5  2.111044e-06
13845.5  2.596050e-06
13855.5  1.954337e-06
13865.5  2.804054e-06
13875.5  2.019850e-06
13885.5  9.120171e-07
13895.5  2.013667e-06
13905.5  1.813200e-06
13915.5  1.213762e-06
13925.5  2.055612e-06
13935.5  2.030867e-06
13945.5  2.479047e-06
13955.5  3.014422e-06
13965.5  2.234899e-06
13975.5  1.008567e-06
13985.5  2.261010e-06
13995.5  2.616619e-06
14005.5  1.846880e-06
14015.5  2.701122e-06
14025.5  1.107056e-06
14035.5  6.582382e-07
14045.5  1.236885e-06
14055.5  2.068264e-06
14065.5  3.242047e-06
14075.5  7.887900e-07
14085.5  1.552323e-06
14095.5  1.155154e-06
14105.5  2.073542e-06
14115.5  3.555232e-06
14125.5  4.475561e-07
14135.5  2.110534e-06
14145.5  3.141302e-06
14155.5  1.795242e-06
14165.5  1.361355e-06
14175.5  3.033031e-06
14185.5  2.533932e-06
14195.5  2.818665e-06
14205.5  2.284026e-06
14215.5  1.386317e-06
14225.5  2.476921e-06
14235.5  2.006147e-06
14245.5  2.959563e-06
14255.5  9.075645e-07
14265.5  3.371711e-06
14275.5  9.249882e-07
14285.5  2.670006e-06
14295.5  1.954977e-06
14305.5  2.626974e-06
14315.5  1.499649e-06
14325.5  2.426086e-06
14335.5  2.243036e-06
14345.5  8.824850e-07
14355.5  3.347028e-06
14365.5  1.206815e-06
14375.5  2.948143e-06
14385.5  1.184859e-06
14395.5  1.961015e-06
14405.5  1.401922e-06
14415.5  2.856936e-06
14425.5  1.434204e-06
14435.5  2.084925e-06
14445.5  2.545175e-06
14455.5  7.380001e-07
14465.5  2.829619e-06
14475.5  1.862440e-06
14485.5  2.478390e-06
14495.5  1.269733e-06
14505.5  2.927866e-07
14515.5  1.439532e-06
14525.5  2.085744e-06
14535.5  2.519470e-06
14545.5  1.021582e-06
14555.5  2.903897e-06
14565.5  3.557878e-06
14575.5  2.552808e-06
14585.5  1.590788e-06
14595.5  1.878151e-06
14605.5  2.523229e-06
14615.5  2.822371e-06
14625.5  2.052608e-06
14635.5  9.175565e-07
14645.5  3.786172e-06
14655.5  2.622698e-06
14665.5  1.171289e-06
14675.5  2.981895e-06
14685.5  2.915335e-06
14695.5  1.888462e-06
14705.5  1.727871e-06
14715.5  2.496648e-06
14725.5  2.608307e-06
14735.5  2.119391e-06
14745.5  2.473368e-06
14755.5  3.528511e-06
14765.5  1.720298e-06
14775.5  2.906364e-06
14785.5  3.054740e-06
14795.5  1.787526e-06
14805.5  4.708060e-06
14815.5  3.306035e-06
14825.5  2.333271e-06
14835.5  4.154894e-06
14845.5  3.944694e-06
14855.5  1.005290e-06
14865.5  2.198405e-06
14875.5  4.494313e-06
14885.5  3.773003e-06
14895.5  4.019463e-06
14905.5  4.356619e-06
14915.5  4.210487e-06
14925.5  3.985803e-06
14935.5  2.823341e-06
14945.5  4.551730e-06
14955.5  2.267900e-06
14965.5  3.573214e-06
14975.5  2.326539e-06
14985.5  3.039601e-06
14995.5  2.090020e-06
15005.5  2.909209e-06
15015.5  1.551714e-06
15025.5  2.819550e-06
15035.5  3.173934e-06
15045.5  3.303423e-06
15055.5  2.377723e-06
15065.5  1.754287e-06
15075.5  2.665041e-06
15085.5  3.309105e-06
15095.5  3.047254e-06
15105.5  1.999195e-06
15115.5  3.162048e-06
15125.5  2.359771e-06
15135.5  3.201293e-06
15145.5  2.432327e-06
15155.5  3.402486e-06
15165.5  2.709867e-06
15175.5  2.803949e-06
15185.5  2.969585e-06
15195.5  2.542828e-06
15205.5  1.987738e-06
15215.5  2.694154e-06
15225.5  3.020034e-06
15235.5  2.797766e-06
15245.5  2.029627e-06
15255.5  3.170016e-06
15265.5  2.661579e-06
15275.5  2.163076e-06
15285.5  4.595275e-06
15295.5  2.308536e-06
15305.5  2.679231e-06
15315.5  2.117959e-06
15325.5  3.808793e-06
15335.5  2.329793e-06
15345.5  2.824437e-06
15355.5  2.421082e-06
15365.5  3.999255e-06
15375.5  3.502648e-06
15385.5  2.061702e-06
15395.5  2.644780e-06
15405.5  2.729382e-06
15415.5  4.570870e-06
15425.5  1.739498e-06
15435.5  2.911909e-06
15445.5  2.662109e-06
15455.5  2.076621e-06
15465.5  3.891039e-06
15475.5  2.757063e-06
15485.5  5.495620e-06
15495.5  2.953364e-06
15505.5  4.373165e-07
15515.5  3.669509e-06
15525.5  2.582309e-06
15535.5  1.914729e-06
15545.5  1.635677e-06
15555.5  3.367519e-06
15565.5  1.950254e-06
15575.5  4.641147e-06
15585.5  3.158321e-06
15595.5  2.896314e-06
15605.5  4.330563e-06
15615.5  2.610398e-06
15625.5  3.974411e-06
15635.5  5.225832e-06
15645.5  3.708381e-06
15655.5  4.503948e-06
15665.5  2.733139e-06
15675.5  3.849305e-06
15685.5  2.707448e-06
15695.5  3.474314e-06
15705.5  2.398768e-06
15715.5  1.398600e-06
15725.5  4.378049e-06
15735.5  2.490415e-06
15745.5  3.739596e-06
15755.5  2.818802e-06
15765.5  4.764710e-06
15775.5  2.312652e-06
15785.5  3.924573e-06
15795.5  4.807472e-06
15805.5  3.111273e-06
15815.5  2.854663e-06
15825.5  4.135839e-06
15835.5  3.038315e-06
15845.5  3.531295e-06
15855.5  3.890576e-06
15865.5  4.461302e-06
15875.5  3.663179e-06
15885.5  1.999877e-06
15895.5  4.003633e-06
15905.5  4.372806e-06
15915.5  1.647613e-06
15925.5  2.897513e-06
15935.5  7.998552e-07
15945.5  2.514144e-06
15955.5  4.204242e-06
15965.5  3.725655e-06
15975.5  3.125549e-06
15985.5  3.531904e-06
15995.5  4.189662e-06
16005.5  4.241708e-06
16015.5  6.877200e-07
16025.5  4.079302e-06
16035.5  1.699071e-06
16045.5  4.923201e-06
16055.5  1.700953e-06
16065.5  5.568830e-06
16075.5  3.170306e-06
16085.5  3.195065e-06
16095.5  1.265435e-06
16105.5  5.538650e-06
16115.5  5.924406e-06
16125.5  2.399862e-06
16135.5  1.816195e-06
16145.5  4.886105e-06
16155.5  5.436640e-06
16165.5  3.206866e-06
16175.5  1.174142e-06
16185.5  5.463079e-06
16195.5  5.390848e-06
16205.5  3.159128e-06
16215.5  2.302254e-06
16225.5  3.652223e-06
16235.5  3.047341e-06
16245.5  3.147604e-06
16255.5  3.808054e-06
16265.5  3.616206e-06
16275.5  4.484775e-06
16285.5  2.328160e-06
16295.5  4.235408e-06
16305.5  4.205302e-06
16315.5  4.580006e-06
16325.5  4.426029e-06
16335.5  3.074283e-06
16345.5  5.574842e-06
16355.5  2.944694e-06
16365.5  5.924418e-06
16375.5  3.315392e-06
16385.5  3.358533e-06
16395.5  1.943325e-06
16405.5  2.961803e-06
16415.5  3.654028e-06
16425.5  2.192044e-06
16435.5  6.165663e-06
16445.5  2.812824e-06
16455.5  5.070914e-06
16465.5  5.108200e-06
16475.5  4.912894e-06
16485.5  4.287792e-06
16495.5  2.672582e-06
16505.5  6.509971e-06
16515.5  5.065875e-06
16525.5  5.318257e-06
16535.5  2.715024e-06
16545.5  7.946501e-06
16555.5  4.683386e-06
16565.5  3.413343e-06
16575.5  2.492061e-06
16585.5  3.992700e-06
16595.5  4.311164e-06
16605.5  4.888067e-06
16615.5  3.392145e-06
16625.5  2.617819e-06
16635.5  2.918577e-06
16645.5  5.274690e-06
16655.5  1.875247e-06
16665.5  3.210833e-06
16675.5  2.805160e-06
16685.5  4.005055e-06
16695.5  1.752816e-06
16705.5  2.051050e-06
16715.5  3.164497e-06
16725.5  5.292016e-06
16735.5  3.246599e-06
16745.5  3.954722e-06
16755.5  1.976779e-06
16765.5  5.298606e-06
16775.5  3.734734e-06
16785.5  5.354887e-06
16795.5  6.818518e-06
16805.5  4.463335e-11
16815.5  2.318750e-06
16825.5  2.692774e-06
16835.5  2.848519e-06
16845.5  4.410565e-06
16855.5  1.772017e-06
16865.5  5.320195e-06
16875.5  2.296091e-06
16885.5  1.681436e-06
16895.5  4.867155e-06
16905.5  4.701576e-06
16915.5  4.586487e-07
16925.5  5.412690e-06
16935.5  1.607027e-06
16945.5  5.264114e-06
16955.5  3.207938e-06
16965.5  5.605397e-06
16975.5  3.502454e-06
16985.5  6.444956e-07
16995.5  4.224292e-06
17005.5  1.759267e-06
17015.5  3.096868e-06
17025.5  1.542311e-06
17035.5  3.447586e-06
17045.5  2.599997e-06
17055.5  2.580199e-06
17065.5  3.139098e-06
17075.5  2.525986e-06
17085.5  2.645101e-06
17095.5  6.210154e-06
17105.5  4.327734e-06
17115.5  1.573426e-06
17125.5  3.708772e-06
17135.5  2.716657e-06
17145.5  4.981213e-06
17155.5  3.974984e-06
17165.5  2.015313e-06
17175.5  3.529844e-06
17185.5  8.300838e-07
17195.5  1.863997e-06
17205.5  4.540601e-06
17215.5  3.499888e-06
17225.5  4.683978e-06
17235.5  4.146906e-06
17245.5  3.077437e-06
17255.5  4.596841e-06
17265.5  4.698577e-06
17275.5  2.540709e-06
17285.5  7.382944e-06
17295.5  5.924685e-06
17305.5  2.280538e-06
17315.5  4.695134e-06
17325.5  4.538682e-06
17335.5  3.512347e-06
17345.5  5.523450e-06
17355.5  4.750112e-06
17365.5  5.731589e-06
17375.5  5.444844e-06
17385.5  4.334981e-06
17395.5  4.284583e-06
17405.5  8.356731e-06
17415.5  4.639820e-06
17425.5  3.807070e-06
17435.5  2.511205e-06
17445.5  4.237516e-06
17455.5  5.357294e-06
17465.5  5.061988e-06
17475.5  3.355139e-06
17485.5  7.502884e-06
17495.5  4.452701e-06
17505.5  4.406356e-06
17515.5  2.887252e-06
17525.5  1.761828e-06
17535.5  7.278420e-06
17545.5  2.955326e-06
17555.5  8.455943e-06
17565.5  1.774172e-06
17575.5  6.135513e-06
17585.5  3.872948e-06
17595.5  6.865510e-06
17605.5  1.239216e-06
17615.5  3.811219e-06
17625.5  1.613976e-06
17635.5  5.957864e-06
17645.5  4.351950e-06
17655.5  2.758424e-06
17665.5  4.199016e-06
17675.5  3.880900e-06
17685.5  3.332886e-06
17695.5  2.192665e-06
17705.5  6.020413e-06
17715.5  4.229682e-06
17725.5  4.480378e-06
17735.5  3.592455e-06
17745.5  1.994568e-06
17755.5  7.185109e-06
17765.5  5.087957e-06
17775.5  4.189862e-06
17785.5  6.965762e-06
17795.5  4.206460e-06
17805.5  3.697280e-06
17815.5  4.046811e-06
17825.5  5.654342e-06
17835.5  5.712716e-06
17845.5  3.286966e-06
17855.5  4.971866e-06
17865.5  6.413105e-06
17875.5  5.011130e-06
17885.5  3.509813e-06
17895.5  2.246237e-06
17905.5  1.452241e-06
17915.5  7.178749e-06
17925.5  3.017261e-06
17935.5  5.407955e-06
17945.5  2.436089e-06
17955.5  5.270989e-06
17965.5  6.911100e-06
17975.5  2.333352e-06
17985.5  4.729160e-06
17995.5  6.091705e-06
18005.5  1.620985e-06
18015.5  3.982442e-06
18025.5  5.127926e-06
18035.5  5.888972e-06
18045.5  2.122482e-06
18055.5  5.322749e-06
18065.5  4.613396e-06
18075.5  4.778814e-06
18085.5  6.635665e-06
18095.5  4.981618e-06
18105.5  8.418305e-06
18115.5  5.345164e-06
18125.5  9.293286e-06
18135.5  5.577766e-06
18145.5  7.748905e-06
18155.5  7.820158e-06
18165.5  3.191080e-06
18175.5  5.297823e-06
18185.5  5.975631e-06
18195.5  6.015354e-06
18205.5  2.476515e-06
18215.5  3.248881e-06
18225.5  4.395192e-06
18235.5  1.059373e-05
18245.5  3.795124e-06
18255.5  6.259969e-06
18265.5  2.046662e-06
18275.5  7.396209e-06
18285.5  6.278197e-06
18295.5  2.289108e-07
18305.5  9.827485e-06
18315.5  6.584128e-06
18325.5  1.144219e-05
18335.5  2.451242e-06
18345.5  2.288787e-06
18355.5  9.467902e-06
18365.5  7.633083e-06
18375.5  4.304066e-06
18385.5  5.058751e-06
18395.5  7.970531e-06
18405.5  1.115080e-05
18415.5  1.381599e-06
18425.5  1.339151e-06
18435.5  6.803920e-06
18445.5  7.765115e-06
18455.5  7.189030e-06
18465.5  1.028009e-05
18475.5  8.425553e-06
18485.5  4.428020e-06
18495.5  1.146992e-05
18505.5  1.881975e-06
18515.5  7.399336e-06
18525.5  7.664587e-06
18535.5  8.671902e-06
18545.5  3.818890e-06
18555.5  4.875546e-06
18565.5  1.052893e-05
18575.5  2.807764e-06
18585.5  6.570549e-06
18595.5  8.463168e-06
18605.5  4.143653e-06
18615.5  1.091487e-06
18625.5  9.017525e-06
18635.5  7.434636e-06
18645.5  5.115782e-06
18655.5  9.830356e-07
18665.5  5.802229e-06
18675.5  8.473653e-06
18685.5  6.551366e-06
18695.5  5.397699e-06
18705.5  4.598025e-06
18715.5  8.509061e-06
18725.5  6.625747e-06
18735.5  4.223737e-06
18745.5  7.122617e-06
18755.5  9.943916e-06
18765.5  1.039433e-05
18775.5  2.956393e-06
18785.5  1.122832e-05
18795.5  5.818385e-06
18805.5  4.518686e-06
18815.5  5.082728e-06
18825.5  3.699566e-06
18835.5  4.639114e-06
18845.5  6.909462e-06
18855.5  6.131083e-06
18865.5  6.897280e-06
18875.5  6.350842e-06
18885.5  4.913808e-06
18895.5  8.543926e-06
18905.5  7.618916e-06
18915.5  5.134796e-06
18925.5  6.040528e-06
18935.5  8.316679e-06
18945.5  7.678816e-06
18955.5  4.757351e-06
18965.5  5.071935e-06
18975.5  5.163675e-06
18985.5  5.464398e-06
18995.5  1.262995e-05
19005.5  6.208040e-06
19015.5  3.273830e-06
19025.5  6.446617e-06
19035.5  5.862113e-06
19045.5  5.768674e-06
19055.5  3.453191e-06
19065.5  7.636513e-06
19075.5  5.380880e-06
19085.5  5.464696e-06
19095.5  1.002246e-05
19105.5  1.045279e-05
19115.5  5.536419e-06
19125.5  8.104422e-06
19135.5  9.188476e-06
19145.5  8.408176e-06
19155.5  6.323425e-06
19165.5  5.691112e-06
19175.5  1.070222e-05
19185.5  5.992802e-06
19195.5  4.385055e-06
19205.5  1.425750e-05
19215.5  5.634679e-06
19225.5  1.101455e-05
19235.5  7.590400e-06
19245.5  8.184170e-06
19255.5  7.003700e-06
19265.5  1.284358e-05
19275.5  7.080480e-06
19285.5  6.476791e-06
19295.5  1.440836e-05
19305.5  1.204087e-05
19315.5  1.201512e-05
19325.5  2.043145e-06
19335.5  8.699048e-06
19345.5  1.057533e-05
19355.5  5.940260e-06
19365.5  5.374617e-06
19375.5  6.126006e-06
19385.5  4.629042e-06
19395.5  1.285321e-05
19405.5  6.057860e-06
19415.5  1.037490e-05
19425.5  2.845058e-06
19435.5  8.836366e-06
19445.5  8.496073e-06
19455.5  5.781371e-06
19465.5  5.299032e-06
19475.5  8.574958e-06
19485.5  6.024254e-06
19495.5  9.391616e-06
19505.5  8.007494e-06
19515.5  6.617962e-06
19525.5  6.579356e-06
19535.5  6.989508e-06
19545.5  1.094668e-05
19555.5  9.802968e-06
19565.5  1.154115e-05
19575.5  8.183915e-06
19585.5  9.138771e-06
19595.5  8.517919e-06
19605.5  8.745618e-06
19615.5  5.636894e-06
19625.5  5.749951e-06
19635.5  6.848402e-06
19645.5  4.733867e-06
19655.5  2.906366e-06
19665.5  7.681293e-06
19675.5  8.069114e-06
19685.5  1.492134e-06
19695.5  1.073350e-05
19705.5  6.187655e-06
19715.5  8.432614e-06
19725.5  8.115873e-06
19735.5  1.015113e-05
19745.5  6.744993e-08
19755.5  7.933864e-06
19765.5  5.652515e-06
19775.5  8.801245e-06
19785.5  3.513412e-06
19795.5  8.688748e-06
19805.5  1.375377e-05
19815.5  5.810805e-07
19825.5  7.690510e-06
19835.5  5.115970e-06
19845.5  1.090718e-05
19855.5  7.996038e-07
19865.5  4.531878e-06
19875.5  8.150282e-06
19885.5  8.741968e-06
19895.5  2.334750e-07
19905.5  3.917549e-06
19915.5  6.698609e-06
19925.5  1.580262e-05
19935.5  3.848192e-06
19945.5  3.821979e-06
19955.5  9.591118e-06
19965.5  3.072579e-06
19975.5  6.944336e-06
19985.5  5.422159e-06
19995.5  7.566275e-06
20005.5  8.842118e-06
20015.5  4.903098e-06
20025.5  5.681088e-06
20035.5  5.090496e-06
20045.5  1.114801e-05
20055.5  6.286918e-06
20065.5  4.391009e-06
20075.5  2.146395e-06
20085.5  7.699769e-06
20095.5  9.996254e-06
20105.5  1.066056e-05
20115.5  6.329519e-06
20125.5  3.293284e-06
20135.5  1.064434e-05
20145.5  4.982775e-06
20155.5  8.892892e-06
20165.5  8.556550e-06
20175.5  1.989442e-06
20185.5  1.270212e-05
20195.5  5.106301e-06
20205.5  1.629994e-05
20215.5  4.711466e-11
20225.5  1.227329e-05
20235.5  9.079443e-08
20245.5  9.447655e-06
20255.5  7.772268e-06
20265.5  6.512635e-06
20275.5  8.388354e-06
20285.5  7.997245e-06
20295.5  6.946518e-06
20305.5  6.145218e-06
20315.5  3.924712e-06
20325.5  6.600281e-06
20335.5  7.047476e-06
20345.5  4.964524e-06
20355.5  6.927763e-06
20365.5  1.701288e-06
20375.5  5.793537e-06
20385.5  1.103034e-05
20395.5  8.933120e-06
20405.5  6.628457e-06
20415.5  3.049903e-06
20425.5  5.290579e-06
20435.5  8.498824e-06
20445.5  2.845443e-06
20455.5  6.402032e-06
20465.5  1.140665e-05
20475.5  7.434623e-06
20485.5  9.625575e-06
20495.5  6.481762e-06
20505.5  7.153663e-06
20515.5  5.151493e-06
20525.5  6.582546e-06
20535.5  1.229004e-05
20545.5  1.583414e-05
20555.5  7.490903e-06
20565.5  5.124044e-06
20575.5  5.398284e-06
20585.5  8.238655e-06
20595.5  3.893908e-06
20605.5  3.120945e-06
20615.5  6.118660e-06
20625.5  6.512811e-06
20635.5  1.352367e-05
20645.5  7.148647e-06
20655.5  1.165840e-06
20665.5  1.145066e-05
20675.5  1.253647e-05
20685.5  2.362817e-06
20695.5  8.436217e-06
20705.5  7.257555e-06
20715.5  5.931188e-06
20725.5  3.128860e-06
20735.5  3.849541e-06
20745.5  1.154379e-05
20755.5  1.459017e-06
20765.5  8.210240e-06
20775.5  4.424562e-06
20785.5  1.243738e-05
20795.5  2.519575e-06
20805.5  1.149490e-05
20815.5  1.363672e-05
20825.5  3.725996e-06
20835.5  5.741726e-06
20845.5  5.273130e-06
20855.5  1.038064e-05
20865.5  5.755452e-06
20875.5  3.942919e-06
20885.5  1.408504e-05
20895.5  4.782427e-11
20905.5  4.448194e-06
20915.5  1.271564e-05
20925.5  9.784896e-06
20935.5  6.501673e-06
20945.5  1.204459e-05
20955.5  2.701272e-06
20965.5  1.818753e-05
20975.5  6.339286e-06
20985.5  4.197875e-06
20995.5  1.334076e-05
21005.5  6.087848e-06
21015.5  6.587648e-06
21025.5  8.932170e-06
21035.5  1.391075e-05
21045.5  4.540485e-06
21055.5  6.070135e-06
21065.5  1.380187e-05
21075.5  7.571374e-06
21085.5  1.022771e-05
21095.5  8.345442e-06
21105.5  1.621670e-05
21115.5  3.501500e-06
21125.5  1.110060e-05
21135.5  2.533432e-06
21145.5  9.781365e-06
21155.5  1.152193e-05
21165.5  1.362812e-05
21175.5  3.402951e-06
21185.5  5.159102e-06
21195.5  9.050660e-06
21205.5  5.780184e-06
21215.5  5.240410e-06
21225.5  1.923018e-05
21235.5  1.268077e-05
21245.5  1.374141e-05
21255.5  9.039808e-06
21265.5  8.025524e-06
21275.5  7.941303e-06
21285.5  5.755240e-06
21295.5  1.386022e-05
21305.5  3.065824e-06
21315.5  3.453808e-06
21325.5  7.571385e-06
21335.5  6.777504e-06
21345.5  9.408166e-06
21355.5  1.425218e-05
21365.5  1.572758e-05
21375.5  1.612754e-05
21385.5  1.480547e-05
21395.5  1.962594e-06
21405.5  1.160966e-05
21415.5  6.208958e-06
21425.5  1.517354e-05
21435.5  9.288978e-06
21445.5  7.309422e-06
21455.5  8.280061e-06
21465.5  1.562824e-05
21475.5  3.371296e-06
21485.5  7.263094e-06
21495.5  1.257481e-05
21505.5  3.959490e-06
21515.5  1.219248e-05
21525.5  1.770772e-05
21535.5  8.495131e-06
21545.5  1.839885e-05
21555.5  1.419971e-05
21565.5  1.182210e-05
21575.5  9.498010e-06
21585.5  8.422267e-06
21595.5  1.066057e-05
21605.5  3.378641e-06
21615.5  1.683942e-05
21625.5  3.989540e-06
21635.5  9.218848e-06
21645.5  2.194120e-06
21655.5  1.528063e-05
21665.5  1.203892e-05
21675.5  8.437702e-06
21685.5  1.123471e-05
21695.5  2.846237e-06
21705.5  7.992799e-06
21715.5  2.484634e-05
21725.5  1.315219e-06
21735.5  1.583392e-05
21745.5  1.614454e-05
21755.5  5.123519e-06
21765.5  3.971119e-06
21775.5  1.220516e-05
21785.5  1.046975e-05
21795.5  1.166592e-05
21805.5  1.324832e-05
21815.5  1.369528e-05
21825.5  6.521018e-06
21835.5  1.257070e-05
21845.5  1.420063e-05
21855.5  1.958163e-05
21865.5  3.726045e-06
21875.5  6.027012e-06
21885.5  1.268990e-05
21895.5  1.502883e-05
21905.5  1.005432e-05
21915.5  8.333232e-06
21925.5  1.075937e-05
21935.5  1.487353e-05
21945.5  1.086953e-05
21955.5  8.361731e-07
21965.5  7.929368e-06
21975.5  3.093741e-06
21985.5  1.347033e-05
21995.5  6.524048e-06
22005.5  1.881303e-05
22015.5  4.849520e-06
22025.5  2.615139e-05
22035.5  4.829093e-11
22045.5  9.060884e-06
22055.5  1.604687e-05
22065.5  7.721032e-06
22075.5  1.076499e-05
22085.5  1.631980e-05
22095.5  7.978870e-07
22105.5  1.287460e-05
22115.5  2.197925e-05
22125.5  1.450915e-05
22135.5  1.416915e-05
22145.5  1.079870e-05
22155.5  1.163082e-05
22165.5  7.806622e-06
22175.5  3.550043e-06
22185.5  1.901548e-05
22195.5  1.078337e-05
22205.5  2.658010e-06
22215.5  9.794278e-06
22225.5  1.650068e-05
22235.5  2.535118e-05
22245.5  8.474944e-07
22255.5  1.596508e-05
22265.5  6.335603e-06
22275.5  6.929828e-06
22285.5  5.471771e-06
22295.5  5.033964e-06
22305.5  2.436649e-05
22315.5  1.608275e-05
22325.5  9.917779e-06
22335.5  2.276474e-05
22345.5  3.950906e-06
22355.5  2.109228e-05
22365.5  2.803373e-05
22375.5  8.058333e-06
22385.5  1.118767e-05
22395.5  2.536365e-05
22405.5  1.171125e-05
22415.5  1.659539e-05
22425.5  2.741774e-05
22435.5  1.793831e-05
22445.5  2.583168e-05
22455.5  3.224009e-05
22465.5  1.639861e-05
22475.5  1.411208e-05
22485.5  2.298239e-05
22495.5  3.801550e-06
22505.5  2.025325e-05
22515.5  1.446368e-05
22525.5  1.338815e-05
22535.5  2.462069e-05
22545.5  1.238161e-05
22555.5  3.084602e-05
22565.5  3.574841e-05
22575.5  3.314208e-05
22585.5  4.742618e-11
22595.5  1.272567e-05
22605.5  1.877508e-05
22615.5  2.318167e-05
22625.5  2.534135e-06
22635.5  1.595333e-05
22645.5  2.132764e-05
22655.5  1.400932e-05
22665.5  1.138783e-05
22675.5  2.755099e-05
22685.5  1.076664e-05
22695.5  1.108972e-05
22705.5  6.253013e-06
22715.5  2.677621e-05
22725.5  2.383038e-05
22735.5  2.446855e-06
22745.5  2.212792e-05
22755.5  1.109928e-05
22765.5  4.690580e-06
22775.5  2.420982e-05
22785.5  5.525510e-06
22795.5  1.435783e-05
22805.5  1.006615e-05
22815.5  8.987537e-06
22825.5  1.034083e-05
22835.5  1.538051e-05
22845.5  3.748858e-06
22855.5  9.934346e-06
22865.5  3.568584e-06
22875.5  1.204517e-05
22885.5  1.240978e-05
22895.5  7.511466e-06
22905.5  1.199720e-05
22915.5  1.481924e-06
22925.5  1.205369e-05
22935.5  1.187832e-05
22945.5  6.515052e-06
22955.5  6.781295e-06
22965.5  9.357857e-06
22975.5  1.011466e-05
22985.5  7.628306e-06
22995.5  5.861285e-06
23005.5  7.837406e-06
23015.5  5.237423e-06
23025.5  9.410829e-06
23035.5  8.804008e-06
23045.5  6.821812e-06
23055.5  2.296158e-07
23065.5  1.066052e-05
23075.5  6.561915e-06
23085.5  7.780817e-06
23095.5  5.678066e-06
23105.5  9.061291e-06
23115.5  6.274909e-06
23125.5  4.637962e-07
23135.5  5.167284e-06
23145.5  7.464705e-06
23155.5  3.326969e-06
23165.5  3.485052e-06
23175.5  8.061848e-06
23185.5  4.126778e-06
23195.5  5.428816e-06
23205.5  4.631706e-06
23215.5  9.688768e-06
23225.5  1.013596e-06
23235.5  4.738409e-06
23245.5  4.665415e-06
23255.5  5.003834e-06
23265.5  4.151083e-06
23275.5  2.650394e-06
23285.5  3.574893e-06
23295.5  4.792494e-06
23305.5  5.353886e-06
23315.5  1.743957e-06
23325.5  4.923513e-06
23335.5  2.140109e-06
23345.5  3.234546e-06
23355.5  2.118569e-06
23365.5  3.975659e-06
23375.5  3.737661e-06
23385.5  3.751690e-06
23395.5  5.949133e-07
23405.5  2.049583e-06
23415.5  3.192697e-06
23425.5  2.493352e-06
23435.5  1.151371e-06
23445.5  3.417058e-06
23455.5  3.661771e-06
23465.5  2.609913e-06
23475.5  3.143035e-06
23485.5  4.321173e-06
23495.5  2.196776e-06
23505.5  4.400969e-07
23515.5  4.379895e-06
23525.5  3.572786e-06
23535.5  4.161177e-06
23545.5  1.304697e-06
23555.5  2.717127e-06
23565.5  2.280960e-06
23575.5  2.067711e-06
23585.5  3.038081e-06
23595.5  3.239843e-06
23605.5  2.128949e-06
23615.5  2.463838e-06
23625.5  1.997559e-06
23635.5  2.357651e-06
23645.5  2.448492e-06
23655.5  1.441344e-06
23665.5  1.519461e-06
23675.5  1.859820e-06
23685.5  1.719883e-06
23695.5  1.500189e-06
23705.5  1.191716e-06
23715.5  1.183046e-06
23725.5  1.035458e-06
23735.5  8.224073e-07
23745.5  3.315191e-07
23755.5  9.812519e-07
23765.5  6.760175e-07
23775.5  6.181915e-07
23785.5  5.497167e-07
23795.5  4.908962e-07
23805.5  6.408144e-07
23815.5  4.636883e-07
23825.5  4.744173e-07
23835.5  5.143991e-07
23845.5  5.044058e-07
23855.5  5.469948e-07
23865.5  4.702024e-07
23875.5  5.948373e-07
23885.5  5.782644e-07
23895.5  4.824719e-07
23905.5  5.353142e-07
23915.5  5.186607e-07
23925.5  5.703735e-07
23935.5  5.194866e-07
23945.5  5.530751e-07
23955.5  4.558882e-07
23965.5  4.504351e-07
23975.5  5.279409e-07
23985.5  4.899011e-07
23995.5  4.142746e-07
24005.5  4.718746e-07
24015.5  3.947096e-07
24025.5  4.389034e-07
24035.5  3.771443e-07
24045.5  3.487084e-07
24055.5  3.492420e-07
24065.5  3.480474e-07
24075.5  2.767161e-07
24085.5  2.891847e-07
24095.5  2.662253e-07
24105.5  2.346587e-07
24115.5  2.279933e-07
24125.5  2.064965e-07
24135.5  1.751123e-07
24145.5  1.631393e-07
24155.5  1.502540e-07
24165.5  1.371736e-07
24175.5  1.226867e-07
24185.5  1.185495e-07
24195.5  1.041031e-07
24205.5  9.479285e-08
24215.5  8.684304e-08
24225.5  8.036199e-08
24235.5  7.325296e-08
24245.5  6.661042e-08
24255.5  6.324635e-08
24265.5  5.864672e-08
24275.5  5.546191e-08
24285.5  5.182067e-08
24295.5  4.647003e-08
24305.5  4.660414e-08
24315.5  4.197000e-08
24325.5  3.934985e-08
24335.5  3.784540e-08
24345.5  3.490116e-08
24355.5  3.315521e-08
24365.5  3.004878e-08
24375.5  2.901407e-08
24385.5  2.681224e-08
24395.5  2.447238e-08
24405.5  2.332261e-08
24415.5  2.114675e-08
24425.5  1.993892e-08
24435.5  1.766007e-08
24445.5  1.682744e-08
24455.5  1.499582e-08
24465.5  1.394581e-08
24475.5  1.284538e-08
24485.5  1.135530e-08
24495.5  1.028697e-08
24505.5  9.484877e-09
24515.5  8.795066e-09
24525.5  7.905488e-09
24535.5  6.960955e-09
24545.5  6.196551e-09
24555.5  5.764678e-09
24565.5  4.937506e-09
24575.5  4.552941e-09
24585.5  4.148815e-09
24595.5  3.593792e-09
24605.5  3.305527e-09
24615.5  2.903057e-09
24625.5  2.594986e-09
24635.5  2.298068e-09
24645.5  2.056707e-09
24655.5  1.893183e-09
24665.5  1.658091e-09
24675.5  1.489896e-09
24685.5  1.370973e-09
24695.5  1.198581e-09
24705.5  1.074523e-09
24715.5  1.008079e-09
24725.5  8.887248e-10
24735.5  8.012407e-10
24745.5  7.373113e-10
24755.5  6.613297e-10
24765.5  6.147830e-10
24775.5  5.507733e-10
24785.5  5.057435e-10
24795.5  4.833414e-10
24805.5  4.395790e-10
24815.5  4.202512e-10
24825.5  3.986651e-10
24835.5  3.685357e-10
24845.5  3.464549e-10
24855.5  3.378651e-10
24865.5  3.214977e-10
24875.5  3.164220e-10
24885.5  3.054860e-10
24895.5  2.964477e-10
24905.5  2.913181e-10
24915.5  2.865844e-10
24925.5  2.869346e-10
24935.5  2.837847e-10
24945.5  2.766983e-10
24955.5  2.814345e-10
24965.5  2.802836e-10
24975.5  2.803013e-10
24985.5  2.836037e-10
24995.5  2.847881e-10
25005.5  2.892409e-10
25015.5  2.853856e-10
25025.5  2.905949e-10
25035.5  2.923334e-10
25045.5  2.950441e-10
25055.5  2.973265e-10
25065.5  2.966572e-10
25075.5  3.005126e-10
25085.5  3.000050e-10
25095.5  3.001195e-10
25105.5  2.991949e-10
25115.5  2.983555e-10
25125.5  2.985858e-10
25135.5  2.932594e-10
25145.5  2.896698e-10
25155.5  2.855507e-10
25165.5  2.810178e-10
25175.5  2.759407e-10
25185.5  2.701654e-10
25195.5  2.633622e-10
25205.5  2.549390e-10
25215.5  2.491032e-10
25225.5  2.416124e-10
25235.5  2.324493e-10
25245.5  2.243910e-10
25255.5  2.160825e-10
25265.5  2.078824e-10
25275.5  1.990528e-10
25285.5  1.899629e-10
25295.5  1.815507e-10
25305.5  1.727411e-10
25315.5  1.657908e-10
25325.5  1.578282e-10
25335.5  1.502640e-10
25345.5  1.434265e-10
25355.5  1.370030e-10
25365.5  1.310470e-10
25375.5  1.253484e-10
25385.5  1.203860e-10
25395.5  1.162600e-10
25405.5  1.109448e-10
25415.5  1.068201e-10
25425.5  1.009566e-10
25435.5  9.693438e-11
25445.5  9.287135e-11
25455.5  8.929329e-11
25465.5  8.567627e-11
25475.5  8.312271e-11
25485.5  8.074748e-11
25495.5  7.693857e-11
25505.5  7.468889e-11
25515.5  7.285591e-11
25525.5  7.068838e-11
25535.5  6.872395e-11
25545.5  6.712498e-11
25555.5  6.467974e-11
25565.5  6.289172e-11
25575.5  6.092749e-11
25585.5  5.917048e-11
25595.5  5.743041e-11
25605.5  5.602204e-11
25615.5  5.312242e-11
25625.5  5.119354e-11
25635.5  4.858561e-11
25645.5  4.671761e-11
25655.5  4.408184e-11
25665.5  4.195899e-11
25675.5  3.950752e-11
25685.5  3.671223e-11
25695.5  3.444194e-11
25705.5  3.158668e-11
25715.5  2.937779e-11
25725.5  2.702452e-11
25735.5  2.460869e-11
25745.5  2.242147e-11
25755.5  2.026237e-11
25765.5  1.830335e-11
25775.5  1.634756e-11
25785.5  1.456163e-11
25795.5  1.288940e-11
25805.5  1.154584e-11
25815.5  1.010718e-11
25825.5  8.901147e-12
25835.5  7.794213e-12
25845.5  6.850857e-12
25855.5  5.952292e-12
25865.5  5.149041e-12
25875.5  4.520462e-12
25885.5  3.904885e-12
25895.5  3.416603e-12
25905.5  2.954053e-12
25915.5  2.542703e-12
25925.5  2.218001e-12
25935.5  1.921242e-12
25945.5  1.652584e-12
25955.5  1.445789e-12
25965.5  1.250431e-12
25975.5  1.093034e-12
25985.5  9.643261e-13
