# from http://www.stsci.edu/jwst/instruments/nircam/instrumentdesign/filters
# Retrieved Jan 18, 2017, dated Feb 5, 2016 (pre-flight)
# Uses modA or modB  filters+DBS+QE+OTE (nrc_plus_ote)
# Units of transmission are PCE (photon to electron conversion efficiency)
# 
5507.9  2.682239e-10
5517.9  9.215569e-10
5527.9  3.776697e-10
5537.9  2.510699e-10
5547.9  2.755660e-09
5557.9  1.047363e-09
5567.9  1.273494e-09
5577.9  3.163301e-10
5587.9  2.535323e-09
5597.9  3.050877e-09
5607.9  1.315842e-10
5617.9  1.672495e-12
5627.9  1.814974e-12
5637.9  1.094713e-09
5647.9  7.962976e-10
5657.9  2.860884e-09
5667.9  2.158441e-12
5677.9  3.450962e-09
5687.9  7.548633e-10
5697.9  5.353650e-10
5707.9  2.711891e-09
5717.9  9.273128e-11
5727.9  2.464792e-12
5737.9  3.215048e-09
5747.9  2.058939e-09
5757.9  1.777994e-09
5767.9  7.244458e-10
5777.9  3.673595e-09
5787.9  3.387716e-09
5797.9  1.615058e-09
5807.9  4.408077e-09
5817.9  7.173725e-10
5827.9  3.185495e-09
5837.9  8.034560e-09
5847.9  7.837006e-09
5857.9  6.657209e-09
5867.9  2.123408e-09
5877.9  7.953339e-12
5887.9  5.880975e-09
5897.9  7.939244e-09
5907.9  8.741664e-12
5917.9  5.566303e-09
5927.9  6.313089e-09
5937.9  1.190860e-08
5947.9  8.586572e-09
5957.9  2.407365e-08
5967.9  8.569427e-09
5977.9  7.735794e-09
5987.9  1.217768e-08
5997.9  9.996403e-12
6007.9  4.643460e-10
6017.9  1.699073e-08
6027.9  1.771768e-08
6037.9  1.578432e-08
6047.9  2.082026e-09
6057.9  6.755528e-09
6067.9  2.108821e-08
6077.9  1.385073e-08
6087.9  2.612710e-09
6097.9  9.143775e-09
6107.9  1.211230e-11
6117.9  1.744457e-09
6127.9  1.243508e-11
6137.9  1.258003e-11
6147.9  1.637900e-10
6157.9  2.334323e-08
6167.9  1.436289e-08
6177.9  2.161346e-08
6187.9  2.806633e-08
6197.9  1.129693e-08
6207.9  2.566760e-08
6217.9  1.507746e-08
6227.9  2.001734e-08
6237.9  4.219377e-08
6247.9  1.333752e-08
6257.9  8.313601e-09
6267.9  4.225822e-08
6277.9  2.614931e-09
6287.9  3.278754e-09
6297.9  1.426463e-08
6307.9  5.965680e-09
6317.9  6.039348e-09
6327.9  1.072778e-08
6337.9  7.470719e-09
6347.9  6.929391e-09
6357.9  2.498144e-08
6367.9  1.601494e-08
6377.9  9.961870e-09
6387.9  9.404542e-09
6397.9  9.493208e-09
6407.9  1.032913e-08
6417.9  2.244603e-08
6427.9  3.041706e-08
6437.9  1.467967e-08
6447.9  1.942365e-08
6457.9  1.164540e-08
6467.9  1.730600e-11
6477.9  2.990849e-08
6487.9  1.980485e-08
6497.9  5.454835e-09
6507.9  1.956452e-08
6517.9  2.123632e-08
6527.9  2.004129e-08
6537.9  6.273291e-09
6547.9  3.145884e-09
6557.9  1.626237e-08
6567.9  4.800712e-08
6577.9  5.277975e-08
6587.9  9.014351e-09
6597.9  3.623775e-08
6607.9  2.964973e-08
6617.9  3.009474e-08
6627.9  1.606971e-08
6637.9  2.676620e-08
6647.9  4.713062e-08
6657.9  1.351132e-08
6667.9  5.445961e-08
6677.9  8.169947e-08
6687.9  6.594676e-08
6697.9  5.299853e-08
6707.9  5.654411e-08
6717.9  2.506332e-08
6727.9  8.759547e-08
6737.9  4.986909e-08
6747.9  4.657919e-08
6757.9  3.065367e-08
6767.9  5.778573e-08
6777.9  4.280899e-08
6787.9  7.107298e-08
6797.9  5.849283e-08
6807.9  4.970048e-08
6817.9  7.640589e-08
6827.9  5.601844e-08
6837.9  4.059570e-08
6847.9  6.305485e-08
6857.9  7.380838e-08
6867.9  2.961024e-08
6877.9  2.449299e-08
6887.9  3.142591e-08
6897.9  7.191283e-08
6907.9  4.519406e-08
6917.9  4.228503e-08
6927.9  5.096095e-08
6937.9  5.978726e-08
6947.9  5.061880e-08
6957.9  9.362112e-08
6967.9  5.821455e-08
6977.9  9.075932e-08
6987.9  7.179037e-08
6997.9  3.754729e-08
7007.9  3.450610e-08
7017.9  8.108564e-08
7027.9  3.744817e-08
7037.9  6.206049e-08
7047.9  4.470160e-08
7057.9  6.229551e-08
7067.9  5.544207e-08
7077.9  8.075267e-08
7087.9  5.379719e-08
7097.9  4.237931e-08
7107.9  4.701290e-08
7117.9  2.990181e-08
7127.9  2.084738e-08
7137.9  3.731640e-08
7147.9  4.300428e-08
7157.9  7.325344e-08
7167.9  7.613596e-08
7177.9  5.128703e-08
7187.9  2.566988e-08
7197.9  5.689271e-08
7207.9  3.569910e-08
7217.9  9.309113e-08
7227.9  5.385060e-08
7237.9  5.974509e-08
7247.9  8.308796e-08
7257.9  8.936944e-08
7267.9  4.879373e-08
7277.9  5.978149e-08
7287.9  3.293919e-08
7297.9  2.199467e-08
7307.9  2.910834e-08
7317.9  6.780723e-08
7327.9  8.351919e-08
7337.9  6.027138e-08
7347.9  8.254102e-08
7357.9  5.397856e-08
7367.9  7.161691e-08
7377.9  8.204858e-08
7387.9  7.265475e-08
7397.9  6.301208e-08
7407.9  6.810662e-08
7417.9  4.514663e-08
7427.9  7.801490e-08
7437.9  4.243703e-08
7447.9  4.644961e-08
7457.9  5.533813e-08
7467.9  4.749089e-08
7477.9  5.540749e-08
7487.9  7.361974e-08
7497.9  8.069495e-08
7507.9  1.078187e-07
7517.9  1.266719e-07
7527.9  6.289457e-08
7537.9  1.025367e-07
7547.9  9.077175e-08
7557.9  5.474077e-08
7567.9  8.768317e-08
7577.9  7.253529e-08
7587.9  6.440698e-08
7597.9  7.294617e-08
7607.9  6.242491e-08
7617.9  5.199735e-08
7627.9  8.901537e-08
7637.9  5.756948e-08
7647.9  6.958845e-08
7657.9  1.244437e-07
7667.9  1.055320e-07
7677.9  1.273358e-07
7687.9  1.018881e-07
7697.9  9.430127e-08
7707.9  1.087368e-07
7717.9  1.337138e-07
7727.9  9.337524e-08
7737.9  5.847503e-08
7747.9  4.595132e-08
7757.9  6.739593e-08
7767.9  4.127516e-08
7777.9  8.155249e-08
7787.9  3.054691e-08
7797.9  8.242276e-08
7807.9  5.459621e-08
7817.9  1.028340e-07
7827.9  6.365011e-08
7837.9  1.031019e-07
7847.9  5.330312e-08
7857.9  4.129985e-08
7867.9  2.110216e-08
7877.9  3.009671e-08
7887.9  2.785881e-08
7897.9  2.193275e-08
7907.9  2.258398e-08
7917.9  4.947290e-08
7927.9  1.377637e-08
7937.9  3.156712e-08
7947.9  2.549288e-08
7957.9  1.881122e-08
7967.9  3.369509e-08
7977.9  4.781354e-08
7987.9  2.717787e-08
7997.9  5.498353e-08
8007.9  7.004611e-08
8017.9  7.216234e-08
8027.9  4.016716e-08
8037.9  6.611946e-08
8047.9  2.081455e-08
8057.9  5.378422e-08
8067.9  3.975498e-08
8077.9  3.001286e-08
8087.9  5.166407e-08
8097.9  2.742034e-08
8107.9  6.413271e-08
8117.9  1.042143e-08
8127.9  7.267162e-08
8137.9  4.917640e-08
8147.9  6.985722e-08
8157.9  1.043340e-07
8167.9  4.836329e-08
8177.9  4.561062e-08
8187.9  5.718622e-08
8197.9  8.442330e-08
8207.9  5.131680e-08
8217.9  9.595974e-08
8227.9  9.839522e-08
8237.9  3.753725e-08
8247.9  5.212803e-08
8257.9  6.620446e-08
8267.9  9.276037e-09
8277.9  3.465095e-08
8287.9  7.459428e-08
8297.9  7.453652e-08
8307.9  6.289797e-08
8317.9  5.842867e-08
8327.9  6.711155e-08
8337.9  1.097772e-07
8347.9  1.255226e-07
8357.9  1.491407e-07
8367.9  8.785319e-08
8377.9  6.399807e-08
8387.9  1.239980e-07
8397.9  1.376933e-07
8407.9  9.768577e-08
8417.9  3.842195e-08
8427.9  7.962917e-08
8437.9  1.088227e-07
8447.9  1.020598e-07
8457.9  1.340853e-07
8467.9  7.362807e-08
8477.9  1.157106e-07
8487.9  1.476598e-07
8497.9  9.613965e-08
8507.9  1.127017e-07
8517.9  1.300748e-07
8527.9  9.566177e-08
8537.9  5.177112e-08
8547.9  1.764761e-07
8557.9  1.501898e-07
8567.9  1.432238e-07
8577.9  1.113072e-07
8587.9  6.092788e-09
8597.9  1.144192e-07
8607.9  2.093897e-07
8617.9  1.814421e-07
8627.9  1.504605e-07
8637.9  9.240814e-08
8647.9  7.994166e-08
8657.9  5.270511e-08
8667.9  7.754114e-08
8677.9  3.039736e-11
8687.9  7.248303e-08
8697.9  3.043663e-11
8707.9  3.049622e-11
8717.9  3.058196e-11
8727.9  8.408429e-08
8737.9  3.069882e-11
8747.9  1.037003e-07
8757.9  2.877895e-07
8767.9  3.455513e-07
8777.9  3.094242e-11
8787.9  3.098035e-11
8797.9  3.576768e-07
8807.9  8.440468e-08
8817.9  7.688997e-08
8827.9  2.911130e-07
8837.9  3.037334e-07
8847.9  2.416360e-07
8857.9  6.535198e-07
8867.9  4.361274e-07
8877.9  8.200773e-09
8887.9  6.307498e-07
8897.9  3.118663e-11
8907.9  8.827709e-07
8917.9  3.136690e-11
8927.9  3.141389e-11
8937.9  7.971969e-07
8947.9  3.152123e-11
8957.9  1.446435e-06
8967.9  3.157100e-11
8977.9  1.305158e-07
8987.9  3.917612e-08
8997.9  1.138108e-07
9007.9  2.007580e-08
9017.9  7.343095e-08
9027.9  3.034685e-08
9037.9  8.485869e-08
9047.9  1.355493e-07
9057.9  1.366705e-07
9067.9  9.542112e-08
9077.9  5.930861e-08
9087.9  9.688108e-08
9097.9  1.185940e-07
9107.9  1.819757e-08
9117.9  1.122048e-07
9127.9  1.877368e-07
9137.9  8.143122e-08
9147.9  1.305099e-07
9157.9  8.266459e-08
9167.9  1.310484e-07
9177.9  1.165271e-07
9187.9  7.081783e-08
9197.9  1.576254e-07
9207.9  1.146015e-07
9217.9  1.210166e-07
9227.9  1.696792e-07
9237.9  1.173697e-07
9247.9  1.580694e-07
9257.9  1.451580e-07
9267.9  7.582590e-08
9277.9  1.779533e-07
9287.9  2.392690e-07
9297.9  2.419165e-07
9307.9  1.249859e-07
9317.9  2.129275e-07
9327.9  2.464512e-07
9337.9  1.474535e-07
9347.9  2.151988e-07
9357.9  2.274308e-07
9367.9  2.435979e-07
9377.9  2.006543e-07
9387.9  2.497168e-07
9397.9  1.618474e-07
9407.9  1.825702e-07
9417.9  1.526304e-07
9427.9  2.170536e-07
9437.9  2.067093e-07
9447.9  1.571007e-07
9457.9  1.147269e-07
9467.9  2.275466e-07
9477.9  2.363868e-07
9487.9  2.308039e-07
9497.9  1.477286e-07
9507.9  2.543463e-07
9517.9  2.251546e-07
9527.9  2.535344e-07
9537.9  3.088186e-07
9547.9  2.345145e-07
9557.9  2.330564e-07
9567.9  2.553352e-07
9577.9  3.379847e-07
9587.9  2.709687e-07
9597.9  2.008094e-07
9607.9  2.242657e-07
9617.9  2.405420e-07
9627.9  1.388090e-07
9637.9  2.153616e-07
9647.9  2.041903e-07
9657.9  2.629472e-07
9667.9  2.256475e-07
9677.9  1.825335e-07
9687.9  3.126044e-07
9697.9  2.693846e-07
9707.9  2.450505e-07
9717.9  2.765542e-07
9727.9  3.137794e-07
9737.9  2.186812e-07
9747.9  2.217637e-07
9757.9  2.747234e-07
9767.9  2.279611e-07
9777.9  1.776927e-07
9787.9  1.130951e-07
9797.9  2.159170e-07
9807.9  1.926022e-07
9817.9  2.243961e-07
9827.9  1.388657e-07
9837.9  1.593392e-07
9847.9  1.913787e-07
9857.9  2.236559e-07
9867.9  2.908214e-07
9877.9  1.426611e-07
9887.9  2.411260e-07
9897.9  2.961601e-07
9907.9  2.479905e-07
9917.9  1.973200e-07
9927.9  2.149924e-07
9937.9  2.301309e-07
9947.9  2.581385e-07
9957.9  2.551621e-07
9967.9  2.342239e-07
9977.9  2.449438e-07
9987.9  1.521252e-06
9997.9  1.316341e-06
10007.9  1.909072e-06
10017.9  1.612111e-06
10027.9  1.584746e-06
10037.9  1.886414e-06
10047.9  1.483615e-06
10057.9  1.630019e-06
10067.9  9.978221e-07
10077.9  1.438876e-06
10087.9  1.367892e-06
10097.9  1.569804e-06
10107.9  1.557995e-06
10117.9  1.137211e-06
10127.9  1.451136e-06
10137.9  1.515510e-06
10147.9  2.022673e-06
10157.9  1.580868e-06
10167.9  1.794557e-06
10177.9  1.451229e-06
10187.9  1.813850e-06
10197.9  1.562166e-06
10207.9  1.378372e-06
10217.9  1.555341e-06
10227.9  1.574001e-06
10237.9  1.486159e-06
10247.9  1.474138e-06
10257.9  1.315299e-06
10267.9  1.381654e-06
10277.9  1.348743e-06
10287.9  1.247812e-06
10297.9  1.518422e-06
10307.9  1.341460e-06
10317.9  1.344063e-06
10327.9  1.003555e-06
10337.9  1.203091e-06
10347.9  1.303428e-06
10357.9  1.185202e-06
10367.9  1.436015e-06
10377.9  1.438669e-06
10387.9  1.362899e-06
10397.9  1.090070e-06
10407.9  9.524525e-07
10417.9  8.447254e-07
10427.9  1.219891e-06
10437.9  1.363340e-06
10447.9  1.247886e-06
10457.9  1.290527e-06
10467.9  1.449372e-06
10477.9  1.219902e-06
10487.9  1.237596e-06
10497.9  3.296200e-07
10507.9  9.718397e-07
10517.9  8.376718e-07
10527.9  9.954149e-07
10537.9  1.048947e-06
10547.9  1.278718e-06
10557.9  1.003337e-06
10567.9  1.113887e-06
10577.9  1.245055e-06
10587.9  8.254617e-07
10597.9  1.386839e-06
10607.9  1.223236e-06
10617.9  1.251974e-06
10627.9  7.120637e-07
10637.9  1.005676e-06
10647.9  9.229096e-07
10657.9  1.142921e-06
10667.9  1.552624e-06
10677.9  1.257311e-06
10687.9  1.002914e-06
10697.9  9.603190e-07
10707.9  9.527836e-07
10717.9  9.213968e-07
10727.9  8.439106e-07
10737.9  1.041156e-06
10747.9  9.192333e-07
10757.9  7.450143e-07
10767.9  1.416991e-06
10777.9  8.224713e-07
10787.9  9.010883e-07
10797.9  1.258957e-06
10807.9  1.104832e-06
10817.9  1.283123e-06
10827.9  8.693314e-07
10837.9  1.211751e-06
10847.9  1.211741e-06
10857.9  6.440174e-07
10867.9  8.993631e-07
10877.9  1.030138e-06
10887.9  1.066674e-06
10897.9  5.956848e-07
10907.9  8.108168e-07
10917.9  8.702565e-07
10927.9  1.364011e-06
10937.9  1.190408e-06
10947.9  9.926869e-07
10957.9  1.126719e-06
10967.9  9.039239e-07
10977.9  1.224204e-06
10987.9  9.202164e-07
10997.9  6.257064e-07
11007.9  1.176555e-06
11017.9  1.202119e-06
11027.9  7.839067e-07
11037.9  5.352219e-07
11047.9  1.265383e-06
11057.9  1.025883e-06
11067.9  1.040194e-06
11077.9  1.067096e-06
11087.9  1.167423e-06
11097.9  8.748615e-07
11107.9  8.588342e-07
11117.9  1.137600e-06
11127.9  6.977399e-07
11137.9  7.435620e-07
11147.9  1.213033e-06
11157.9  8.494129e-07
11167.9  1.241015e-06
11177.9  1.009305e-06
11187.9  1.056236e-06
11197.9  6.872611e-07
11207.9  6.286218e-07
11217.9  7.119207e-07
11227.9  1.005216e-06
11237.9  9.927218e-07
11247.9  7.183828e-07
11257.9  7.782245e-07
11267.9  8.641248e-07
11277.9  8.352784e-07
11287.9  1.047362e-06
11297.9  1.138415e-06
11307.9  1.178801e-06
11317.9  1.069009e-06
11327.9  1.159027e-06
11337.9  9.392582e-07
11347.9  1.316232e-06
11357.9  7.858899e-07
11367.9  9.944699e-07
11377.9  6.746930e-07
11387.9  1.011604e-06
11397.9  1.180275e-06
11407.9  1.120428e-06
11417.9  7.445609e-07
11427.9  1.009210e-06
11437.9  1.034860e-06
11447.9  9.267175e-07
11457.9  8.321730e-07
11467.9  1.120806e-06
11477.9  1.016942e-06
11487.9  8.798203e-07
11497.9  6.079025e-07
11507.9  9.012676e-07
11517.9  8.819546e-07
11527.9  1.206003e-06
11537.9  1.325248e-06
11547.9  1.131545e-06
11557.9  1.422066e-06
11567.9  1.212322e-06
11577.9  8.113294e-07
11587.9  1.160500e-06
11597.9  7.693912e-07
11607.9  1.110041e-06
11617.9  8.081958e-07
11627.9  1.221847e-06
11637.9  8.985196e-07
11647.9  1.043458e-06
11657.9  7.430159e-07
11667.9  1.104155e-06
11677.9  5.895999e-07
11687.9  8.862912e-07
11697.9  1.150012e-06
11707.9  9.152126e-07
11717.9  9.164032e-07
11727.9  1.217488e-06
11737.9  8.937514e-07
11747.9  1.169354e-06
11757.9  1.313335e-06
11767.9  1.432480e-06
11777.9  1.097744e-06
11787.9  9.941521e-07
11797.9  1.068541e-06
11807.9  9.118944e-07
11817.9  1.072566e-06
11827.9  8.363784e-07
11837.9  9.896319e-07
11847.9  7.778168e-07
11857.9  7.471010e-07
11867.9  1.099839e-06
11877.9  1.180978e-06
11887.9  1.133633e-06
11897.9  1.252960e-06
11907.9  1.216024e-06
11917.9  9.222048e-07
11927.9  9.693289e-07
11937.9  1.263631e-06
11947.9  7.534842e-07
11957.9  1.301237e-06
11967.9  1.348400e-06
11977.9  8.202279e-07
11987.9  1.401385e-06
11997.9  1.304950e-06
12007.9  1.234251e-06
12017.9  9.441304e-07
12027.9  1.320491e-06
12037.9  7.781572e-07
12047.9  1.324009e-06
12057.9  1.105901e-06
12067.9  1.198135e-06
12077.9  8.447668e-07
12087.9  1.112153e-06
12097.9  1.294245e-06
12107.9  8.329879e-07
12117.9  1.187277e-06
12127.9  1.159496e-06
12137.9  1.039860e-06
12147.9  1.516683e-06
12157.9  1.244502e-06
12167.9  1.158651e-06
12177.9  1.374315e-06
12187.9  1.595498e-06
12197.9  1.471897e-06
12207.9  1.461999e-06
12217.9  1.700075e-06
12227.9  1.718948e-06
12237.9  1.857833e-06
12247.9  1.647704e-06
12257.9  1.629344e-06
12267.9  1.842155e-06
12277.9  1.399059e-06
12287.9  1.697724e-06
12297.9  1.772627e-06
12307.9  2.089564e-06
12317.9  1.825368e-06
12327.9  1.598066e-06
12337.9  2.027634e-06
12347.9  2.328175e-06
12357.9  2.290924e-06
12367.9  2.640056e-06
12377.9  2.429902e-06
12387.9  2.261520e-06
12397.9  2.814602e-06
12407.9  2.447436e-06
12417.9  3.354130e-06
12427.9  3.534031e-06
12437.9  3.056127e-06
12447.9  3.472082e-06
12457.9  3.543960e-06
12467.9  3.986851e-06
12477.9  4.316031e-06
12487.9  4.505897e-06
12497.9  4.823693e-06
12507.9  5.161070e-06
12517.9  5.950955e-06
12527.9  6.571442e-06
12537.9  6.368648e-06
12547.9  7.567742e-06
12557.9  8.333608e-06
12567.9  8.962616e-06
12577.9  9.498059e-06
12587.9  1.022759e-05
12597.9  1.115710e-05
12607.9  1.240452e-05
12617.9  1.350197e-05
12627.9  1.480112e-05
12637.9  1.616872e-05
12647.9  1.777265e-05
12657.9  1.980338e-05
12667.9  2.183663e-05
12677.9  2.442519e-05
12687.9  2.716123e-05
12697.9  2.944214e-05
12707.9  3.334850e-05
12717.9  3.706835e-05
12727.9  4.209099e-05
12737.9  4.697853e-05
12747.9  5.322010e-05
12757.9  6.062864e-05
12767.9  6.864992e-05
12777.9  7.817078e-05
12787.9  8.929088e-05
12797.9  1.021297e-04
12807.9  1.174480e-04
12817.9  1.345821e-04
12827.9  1.543687e-04
12837.9  1.775634e-04
12847.9  2.034687e-04
12857.9  2.334015e-04
12867.9  2.696660e-04
12877.9  3.086111e-04
12887.9  3.576447e-04
12897.9  4.129273e-04
12907.9  4.764427e-04
12917.9  5.506866e-04
12927.9  6.475714e-04
12937.9  7.507404e-04
12947.9  8.766484e-04
12957.9  1.042431e-03
12967.9  1.229281e-03
12977.9  1.456423e-03
12987.9  1.750010e-03
12997.9  2.102646e-03
13007.9  2.522151e-03
13017.9  3.068999e-03
13027.9  3.726433e-03
13037.9  4.515676e-03
13047.9  5.502272e-03
13057.9  6.750668e-03
13067.9  8.096197e-03
13077.9  9.285353e-03
13087.9  1.035076e-02
13097.9  1.090384e-02
13107.9  1.192506e-02
13117.9  1.341661e-02
13127.9  1.475830e-02
13137.9  1.634891e-02
13147.9  1.865417e-02
13157.9  2.057416e-02
13167.9  2.343543e-02
13177.9  2.643905e-02
13187.9  3.049416e-02
13197.9  3.450352e-02
13207.9  4.104664e-02
13217.9  4.831256e-02
13227.9  5.715498e-02
13237.9  6.661674e-02
13247.9  7.955084e-02
13257.9  9.221850e-02
13267.9  1.076941e-01
13277.9  1.246179e-01
13287.9  1.444434e-01
13297.9  1.662198e-01
13307.9  1.909472e-01
13317.9  2.156479e-01
13327.9  2.416357e-01
13337.9  2.673079e-01
13347.9  2.897202e-01
13357.9  3.124576e-01
13367.9  3.301164e-01
13377.9  3.454379e-01
13387.9  3.570456e-01
13397.9  3.668094e-01
13407.9  3.735608e-01
13417.9  3.775600e-01
13427.9  3.805951e-01
13437.9  3.842778e-01
13447.9  3.839515e-01
13457.9  3.846436e-01
13467.9  3.881342e-01
13477.9  3.879112e-01
13487.9  3.892945e-01
13497.9  3.900079e-01
13507.9  3.915552e-01
13517.9  3.930377e-01
13527.9  3.932669e-01
13537.9  3.941130e-01
13547.9  3.935776e-01
13557.9  3.939273e-01
13567.9  3.942974e-01
13577.9  3.936169e-01
13587.9  3.935407e-01
13597.9  3.935239e-01
13607.9  3.927547e-01
13617.9  3.927062e-01
13627.9  3.905662e-01
13637.9  3.925409e-01
13647.9  3.915918e-01
13657.9  3.910538e-01
13667.9  3.899253e-01
13677.9  3.888539e-01
13687.9  3.909657e-01
13697.9  3.895124e-01
13707.9  3.906315e-01
13717.9  3.912422e-01
13727.9  3.894428e-01
13737.9  3.899515e-01
13747.9  3.898789e-01
13757.9  3.893543e-01
13767.9  3.896278e-01
13777.9  3.899333e-01
13787.9  3.890316e-01
13797.9  3.883599e-01
13807.9  3.885835e-01
13817.9  3.886460e-01
13827.9  3.892480e-01
13837.9  3.890041e-01
13847.9  3.896193e-01
13857.9  3.887452e-01
13867.9  3.894790e-01
13877.9  3.887424e-01
13887.9  3.887481e-01
13897.9  3.889990e-01
13907.9  3.894123e-01
13917.9  3.895048e-01
13927.9  3.905130e-01
13937.9  3.908561e-01
13947.9  3.908772e-01
13957.9  3.926605e-01
13967.9  3.927647e-01
13977.9  3.941861e-01
13987.9  3.947349e-01
13997.9  3.962233e-01
14007.9  3.971829e-01
14017.9  3.983576e-01
14027.9  3.995417e-01
14037.9  3.996568e-01
14047.9  4.000692e-01
14057.9  4.019344e-01
14067.9  4.028263e-01
14077.9  4.024651e-01
14087.9  4.050244e-01
14097.9  4.052799e-01
14107.9  4.045031e-01
14117.9  4.055949e-01
14127.9  4.068026e-01
14137.9  4.075785e-01
14147.9  4.075896e-01
14157.9  4.083849e-01
14167.9  4.097345e-01
14177.9  4.100556e-01
14187.9  4.107333e-01
14197.9  4.107224e-01
14207.9  4.108433e-01
14217.9  4.139408e-01
14227.9  4.119332e-01
14237.9  4.137555e-01
14247.9  4.138157e-01
14257.9  4.120958e-01
14267.9  4.150610e-01
14277.9  4.142842e-01
14287.9  4.146903e-01
14297.9  4.170814e-01
14307.9  4.160850e-01
14317.9  4.168833e-01
14327.9  4.159997e-01
14337.9  4.176514e-01
14347.9  4.176987e-01
14357.9  4.158296e-01
14367.9  4.169870e-01
14377.9  4.184100e-01
14387.9  4.180605e-01
14397.9  4.189495e-01
14407.9  4.189346e-01
14417.9  4.184475e-01
14427.9  4.187211e-01
14437.9  4.205038e-01
14447.9  4.205714e-01
14457.9  4.190031e-01
14467.9  4.199788e-01
14477.9  4.202739e-01
14487.9  4.205425e-01
14497.9  4.186068e-01
14507.9  4.199046e-01
14517.9  4.203184e-01
14527.9  4.191611e-01
14537.9  4.186099e-01
14547.9  4.176189e-01
14557.9  4.187592e-01
14567.9  4.183863e-01
14577.9  4.178201e-01
14587.9  4.181459e-01
14597.9  4.172021e-01
14607.9  4.160322e-01
14617.9  4.140776e-01
14627.9  4.134337e-01
14637.9  4.125673e-01
14647.9  4.129819e-01
14657.9  4.136505e-01
14667.9  4.112270e-01
14677.9  4.115187e-01
14687.9  4.114247e-01
14697.9  4.100337e-01
14707.9  4.082401e-01
14717.9  4.092193e-01
14727.9  4.096443e-01
14737.9  4.085876e-01
14747.9  4.097029e-01
14757.9  4.086668e-01
14767.9  4.076449e-01
14777.9  4.101713e-01
14787.9  4.097472e-01
14797.9  4.099559e-01
14807.9  4.090211e-01
14817.9  4.113435e-01
14827.9  4.108622e-01
14837.9  4.106266e-01
14847.9  4.117286e-01
14857.9  4.152208e-01
14867.9  4.143758e-01
14877.9  4.156812e-01
14887.9  4.160749e-01
14897.9  4.165847e-01
14907.9  4.181081e-01
14917.9  4.188641e-01
14927.9  4.199196e-01
14937.9  4.198678e-01
14947.9  4.220382e-01
14957.9  4.232079e-01
14967.9  4.242234e-01
14977.9  4.241261e-01
14987.9  4.251298e-01
14997.9  4.268925e-01
15007.9  4.287460e-01
15017.9  4.283223e-01
15027.9  4.292111e-01
15037.9  4.303446e-01
15047.9  4.299395e-01
15057.9  4.314380e-01
15067.9  4.320421e-01
15077.9  4.329623e-01
15087.9  4.343456e-01
15097.9  4.355311e-01
15107.9  4.354280e-01
15117.9  4.357645e-01
15127.9  4.369368e-01
15137.9  4.378724e-01
15147.9  4.355803e-01
15157.9  4.369253e-01
15167.9  4.357850e-01
15177.9  4.375073e-01
15187.9  4.368437e-01
15197.9  4.372363e-01
15207.9  4.365040e-01
15217.9  4.367006e-01
15227.9  4.366949e-01
15237.9  4.379657e-01
15247.9  4.361613e-01
15257.9  4.368945e-01
15267.9  4.363640e-01
15277.9  4.363457e-01
15287.9  4.363849e-01
15297.9  4.336397e-01
15307.9  4.363614e-01
15317.9  4.346672e-01
15327.9  4.334724e-01
15337.9  4.313590e-01
15347.9  4.344360e-01
15357.9  4.332199e-01
15367.9  4.323590e-01
15377.9  4.327164e-01
15387.9  4.323479e-01
15397.9  4.309655e-01
15407.9  4.305266e-01
15417.9  4.308020e-01
15427.9  4.302661e-01
15437.9  4.296978e-01
15447.9  4.318423e-01
15457.9  4.291068e-01
15467.9  4.291771e-01
15477.9  4.287121e-01
15487.9  4.306834e-01
15497.9  4.292866e-01
15507.9  4.288174e-01
15517.9  4.258625e-01
15527.9  4.274936e-01
15537.9  4.264359e-01
15547.9  4.262035e-01
15557.9  4.252371e-01
15567.9  4.237532e-01
15577.9  4.232779e-01
15587.9  4.232321e-01
15597.9  4.227383e-01
15607.9  4.211689e-01
15617.9  4.223433e-01
15627.9  4.201815e-01
15637.9  4.219777e-01
15647.9  4.218237e-01
15657.9  4.216893e-01
15667.9  4.226934e-01
15677.9  4.215145e-01
15687.9  4.230345e-01
15697.9  4.246719e-01
15707.9  4.239617e-01
15717.9  4.264266e-01
15727.9  4.286057e-01
15737.9  4.287118e-01
15747.9  4.297626e-01
15757.9  4.291520e-01
15767.9  4.317254e-01
15777.9  4.325070e-01
15787.9  4.327577e-01
15797.9  4.351698e-01
15807.9  4.372097e-01
15817.9  4.367780e-01
15827.9  4.377422e-01
15837.9  4.401199e-01
15847.9  4.406818e-01
15857.9  4.421077e-01
15867.9  4.402572e-01
15877.9  4.427253e-01
15887.9  4.418106e-01
15897.9  4.444239e-01
15907.9  4.433434e-01
15917.9  4.445426e-01
15927.9  4.441502e-01
15937.9  4.442454e-01
15947.9  4.441112e-01
15957.9  4.431588e-01
15967.9  4.462205e-01
15977.9  4.453698e-01
15987.9  4.456057e-01
15997.9  4.442688e-01
16007.9  4.477619e-01
16017.9  4.451418e-01
16027.9  4.460989e-01
16037.9  4.456808e-01
16047.9  4.487379e-01
16057.9  4.484001e-01
16067.9  4.477722e-01
16077.9  4.460869e-01
16087.9  4.478300e-01
16097.9  4.484875e-01
16107.9  4.477667e-01
16117.9  4.482818e-01
16127.9  4.470433e-01
16137.9  4.483075e-01
16147.9  4.493016e-01
16157.9  4.485054e-01
16167.9  4.494600e-01
16177.9  4.493407e-01
16187.9  4.454526e-01
16197.9  4.472647e-01
16207.9  4.443866e-01
16217.9  4.462120e-01
16227.9  4.434064e-01
16237.9  4.444176e-01
16247.9  4.431728e-01
16257.9  4.416606e-01
16267.9  4.403374e-01
16277.9  4.416519e-01
16287.9  4.387113e-01
16297.9  4.377627e-01
16307.9  4.371656e-01
16317.9  4.372000e-01
16327.9  4.386406e-01
16337.9  4.372586e-01
16347.9  4.381909e-01
16357.9  4.401829e-01
16367.9  4.399045e-01
16377.9  4.407758e-01
16387.9  4.420540e-01
16397.9  4.431313e-01
16407.9  4.430896e-01
16417.9  4.450345e-01
16427.9  4.439125e-01
16437.9  4.460143e-01
16447.9  4.428066e-01
16457.9  4.471986e-01
16467.9  4.462838e-01
16477.9  4.475753e-01
16487.9  4.462607e-01
16497.9  4.485885e-01
16507.9  4.486233e-01
16517.9  4.495928e-01
16527.9  4.522138e-01
16537.9  4.526785e-01
16547.9  4.526950e-01
16557.9  4.506844e-01
16567.9  4.506097e-01
16577.9  4.482433e-01
16587.9  4.435579e-01
16597.9  4.351993e-01
16607.9  4.273431e-01
16617.9  4.116234e-01
16627.9  3.958659e-01
16637.9  3.717484e-01
16647.9  3.477427e-01
16657.9  3.209970e-01
16667.9  2.927396e-01
16677.9  2.658561e-01
16687.9  2.359871e-01
16697.9  2.065127e-01
16707.9  1.814445e-01
16717.9  1.560607e-01
16727.9  1.343925e-01
16737.9  1.141419e-01
16747.9  9.786131e-02
16757.9  8.489032e-02
16767.9  7.355178e-02
16777.9  6.503253e-02
16787.9  5.648375e-02
16797.9  4.949214e-02
16807.9  4.331899e-02
16817.9  3.852547e-02
16827.9  3.373250e-02
16837.9  3.034556e-02
16847.9  2.684167e-02
16857.9  2.316349e-02
16867.9  1.978236e-02
16877.9  1.667535e-02
16887.9  1.395478e-02
16897.9  1.178317e-02
16907.9  9.929428e-03
16917.9  8.404499e-03
16927.9  7.038400e-03
16937.9  5.980871e-03
16947.9  5.058226e-03
16957.9  4.264045e-03
16967.9  3.643921e-03
16977.9  3.091336e-03
16987.9  2.641199e-03
16997.9  2.264382e-03
17007.9  1.948043e-03
17017.9  1.670400e-03
17027.9  1.444559e-03
17037.9  1.251716e-03
17047.9  1.080123e-03
17057.9  9.435183e-04
17067.9  8.249097e-04
17077.9  7.213304e-04
17087.9  6.322110e-04
17097.9  5.565347e-04
17107.9  4.894539e-04
17117.9  4.296681e-04
17127.9  3.824372e-04
17137.9  3.373504e-04
17147.9  3.014590e-04
17157.9  2.687945e-04
17167.9  2.402082e-04
17177.9  2.135030e-04
17187.9  1.931398e-04
17197.9  1.736910e-04
17207.9  1.561592e-04
17217.9  1.413248e-04
17227.9  1.274971e-04
17237.9  1.161326e-04
17247.9  1.046764e-04
17257.9  9.616605e-05
17267.9  8.643219e-05
17277.9  8.001862e-05
17287.9  7.187122e-05
17297.9  6.645332e-05
17307.9  6.121084e-05
17317.9  5.486092e-05
17327.9  5.257797e-05
17337.9  4.609509e-05
17347.9  4.266508e-05
17357.9  4.025174e-05
17367.9  3.621226e-05
17377.9  3.424361e-05
17387.9  3.277709e-05
17397.9  2.943877e-05
17407.9  2.694923e-05
17417.9  2.555011e-05
17427.9  2.341327e-05
17437.9  2.186297e-05
17447.9  2.001618e-05
17457.9  1.895236e-05
17467.9  1.718211e-05
17477.9  1.662109e-05
17487.9  1.614947e-05
17497.9  1.500688e-05
17507.9  1.374972e-05
17517.9  1.334003e-05
17527.9  1.220773e-05
17537.9  1.151301e-05
17547.9  1.109419e-05
17557.9  1.008847e-05
17567.9  1.020438e-05
17577.9  1.091943e-05
17587.9  9.586511e-06
17597.9  7.439486e-06
17607.9  9.486688e-06
17617.9  6.944342e-06
17627.9  6.988642e-06
17637.9  8.203749e-06
17647.9  7.694427e-06
17657.9  7.679039e-06
17667.9  6.483629e-06
17677.9  6.357552e-06
17687.9  4.803595e-06
17697.9  7.629060e-06
17707.9  4.791160e-06
17717.9  5.741452e-06
17727.9  5.611200e-06
17737.9  5.163003e-06
17747.9  5.550016e-06
17757.9  4.040770e-06
17767.9  5.190675e-06
17777.9  6.127063e-06
17787.9  5.684735e-06
17797.9  6.155823e-06
17807.9  4.388547e-06
17817.9  5.585431e-06
17827.9  4.545888e-06
17837.9  6.495954e-06
17847.9  4.265350e-06
17857.9  5.728065e-06
17867.9  3.754618e-06
17877.9  4.580738e-06
17887.9  5.132467e-06
17897.9  5.800377e-06
17907.9  4.786645e-06
17917.9  3.447397e-06
17927.9  5.394055e-06
17937.9  4.129779e-06
17947.9  5.122898e-06
17957.9  4.634534e-06
17967.9  2.850985e-06
17977.9  4.375501e-06
17987.9  3.757150e-06
17997.9  3.375788e-06
18007.9  3.179402e-06
18017.9  6.192783e-06
18027.9  3.848163e-06
18037.9  3.891302e-06
18047.9  2.806807e-06
18057.9  3.596243e-06
18067.9  5.261065e-06
18077.9  5.108724e-06
18087.9  5.203537e-06
18097.9  4.404045e-06
18107.9  4.674753e-06
18117.9  6.384174e-06
18127.9  3.732237e-06
18137.9  4.748037e-06
18147.9  4.669555e-06
18157.9  4.865572e-06
18167.9  4.433151e-06
18177.9  4.203418e-06
18187.9  4.501185e-06
18197.9  5.532680e-06
18207.9  3.440977e-06
18217.9  4.853599e-06
18227.9  4.999574e-06
18237.9  5.831034e-06
18247.9  4.362761e-06
18257.9  6.186214e-06
18267.9  4.012132e-06
18277.9  4.376498e-06
18287.9  5.256762e-06
18297.9  5.615019e-06
18307.9  5.296921e-06
18317.9  4.110304e-06
18327.9  3.718007e-06
18337.9  4.205331e-06
18347.9  5.608191e-06
18357.9  4.925702e-06
18367.9  4.164391e-06
18377.9  3.838448e-06
18387.9  5.079731e-06
18397.9  4.446208e-06
18407.9  5.970826e-06
18417.9  3.703323e-06
18427.9  4.383849e-06
18437.9  5.524136e-06
18447.9  4.435277e-06
18457.9  2.427833e-06
18467.9  4.670588e-06
18477.9  6.605943e-06
18487.9  3.968801e-06
18497.9  6.605962e-06
18507.9  4.576124e-06
18517.9  3.241730e-06
18527.9  4.317773e-06
18537.9  3.636562e-06
18547.9  5.162770e-06
18557.9  6.667518e-06
18567.9  4.288802e-06
18577.9  4.155295e-06
18587.9  5.048111e-06
18597.9  4.320498e-06
18607.9  4.795403e-06
18617.9  4.557483e-06
18627.9  3.313062e-06
18637.9  5.511604e-06
18647.9  6.287447e-06
18657.9  4.573800e-06
18667.9  5.100671e-06
18677.9  6.208207e-06
18687.9  5.518084e-06
18697.9  5.417869e-06
18707.9  5.446253e-06
18717.9  3.773526e-06
18727.9  1.966551e-06
18737.9  2.295445e-06
18747.9  3.805539e-06
18757.9  4.522484e-06
18767.9  6.755829e-06
18777.9  5.863181e-06
18787.9  6.764046e-06
18797.9  5.778051e-06
18807.9  4.601920e-06
18817.9  5.237661e-06
18827.9  4.979365e-06
18837.9  3.707840e-06
18847.9  7.694658e-06
18857.9  5.155310e-06
18867.9  7.522468e-06
18877.9  5.181040e-06
18887.9  5.332179e-06
18897.9  4.904821e-06
18907.9  4.815705e-06
18917.9  6.292477e-06
18927.9  4.948903e-06
18937.9  4.655261e-06
18947.9  6.336945e-06
18957.9  6.238146e-06
18967.9  2.640231e-06
18977.9  6.508821e-06
18987.9  4.192813e-06
18997.9  4.863060e-06
19007.9  3.706584e-06
19017.9  5.172156e-06
19027.9  6.953410e-06
19037.9  5.161366e-06
19047.9  4.672308e-06
19057.9  4.960187e-06
19067.9  5.891805e-06
19077.9  5.899090e-06
19087.9  3.285011e-06
19097.9  6.735177e-06
19107.9  5.194256e-06
19117.9  5.033215e-06
19127.9  6.263697e-06
19137.9  3.923274e-06
19147.9  3.624125e-06
19157.9  6.224230e-06
19167.9  3.870884e-06
19177.9  5.708916e-06
19187.9  3.627132e-06
19197.9  7.547212e-06
19207.9  6.429008e-06
19217.9  6.669689e-06
19227.9  5.895527e-06
19237.9  4.116401e-06
19247.9  5.581781e-06
19257.9  5.279234e-06
19267.9  5.188714e-06
19277.9  5.082322e-06
19287.9  5.391147e-06
19297.9  4.262554e-06
19307.9  5.808451e-06
19317.9  4.324350e-06
19327.9  3.534347e-06
19337.9  6.536234e-06
19347.9  5.958552e-06
19357.9  5.677235e-06
19367.9  5.836356e-06
19377.9  7.166959e-06
19387.9  5.450555e-06
19397.9  4.343175e-06
19407.9  7.261687e-06
19417.9  6.446707e-06
19427.9  5.496010e-06
19437.9  5.932214e-06
19447.9  9.043878e-06
19457.9  5.316272e-06
19467.9  6.517445e-06
19477.9  7.290286e-06
19487.9  5.883442e-06
19497.9  6.384039e-06
19507.9  6.741508e-06
19517.9  5.557778e-06
19527.9  8.200056e-06
19537.9  5.076404e-06
19547.9  6.667871e-06
19557.9  4.439569e-06
19567.9  5.885231e-06
19577.9  6.579610e-06
19587.9  6.105734e-06
19597.9  6.691788e-06
19607.9  5.518660e-06
19617.9  6.098935e-06
19627.9  5.738738e-06
19637.9  4.933100e-06
19647.9  6.372368e-06
19657.9  6.558839e-06
19667.9  4.508219e-06
19677.9  6.165125e-06
19687.9  5.705698e-06
19697.9  7.523194e-06
19707.9  6.545588e-06
19717.9  6.265077e-06
19727.9  4.790830e-06
19737.9  5.066733e-06
19747.9  6.589414e-06
19757.9  5.866543e-06
19767.9  6.247497e-06
19777.9  5.042279e-06
19787.9  5.465649e-06
19797.9  5.422985e-06
19807.9  6.257793e-06
19817.9  5.315576e-06
19827.9  7.076935e-06
19837.9  4.914800e-06
19847.9  7.881817e-06
19857.9  5.157244e-06
19867.9  3.797827e-06
19877.9  4.687367e-06
19887.9  5.490012e-06
19897.9  6.839026e-06
19907.9  4.480080e-06
19917.9  8.495923e-06
19927.9  6.528020e-06
19937.9  5.023686e-06
19947.9  5.179158e-06
19957.9  4.937849e-06
19967.9  6.119425e-06
19977.9  6.801796e-06
19987.9  6.477101e-06
19997.9  8.045942e-06
20007.9  6.234867e-06
20017.9  6.446802e-06
20027.9  6.109491e-06
20037.9  6.618882e-06
20047.9  6.705978e-06
20057.9  6.951333e-06
20067.9  8.629598e-06
20077.9  7.323009e-06
20087.9  7.785895e-06
20097.9  7.936224e-06
20107.9  6.268645e-06
20117.9  7.353209e-06
20127.9  8.947993e-06
20137.9  4.788441e-06
20147.9  8.697333e-06
20157.9  7.624490e-06
20167.9  4.856479e-06
20177.9  7.424642e-06
20187.9  5.941853e-06
20197.9  9.851236e-06
20207.9  5.342050e-06
20217.9  7.229114e-06
20227.9  7.564708e-06
20237.9  8.187320e-06
20247.9  5.738085e-06
20257.9  3.970371e-06
20267.9  7.158255e-06
20277.9  7.187237e-06
20287.9  9.255724e-06
20297.9  3.833508e-06
20307.9  7.255326e-06
20317.9  8.051977e-06
20327.9  5.025497e-06
20337.9  9.935920e-06
20347.9  7.229382e-06
20357.9  8.173487e-06
20367.9  6.322051e-06
20377.9  6.641244e-06
20387.9  4.484876e-06
20397.9  8.671988e-06
20407.9  5.693307e-06
20417.9  9.053614e-06
20427.9  5.563562e-06
20437.9  7.126957e-06
20447.9  5.608876e-06
20457.9  1.023274e-05
20467.9  9.123117e-06
20477.9  7.541137e-06
20487.9  8.627481e-06
20497.9  5.065482e-06
20507.9  1.066740e-05
20517.9  6.358318e-06
20527.9  8.713874e-06
20537.9  7.341894e-06
20547.9  6.968702e-06
20557.9  1.081464e-05
20567.9  6.138624e-06
20577.9  5.920885e-06
20587.9  8.309740e-06
20597.9  9.068628e-06
20607.9  7.358976e-06
20617.9  8.557012e-06
20627.9  8.688839e-06
20637.9  1.000934e-05
20647.9  8.299250e-06
20657.9  6.538749e-06
20667.9  6.949901e-06
20677.9  7.507709e-06
20687.9  7.765219e-06
20697.9  8.808396e-06
20707.9  6.300994e-06
20717.9  1.204595e-05
20727.9  6.715157e-06
20737.9  8.105325e-06
20747.9  1.131311e-05
20757.9  6.530152e-06
20767.9  1.013473e-05
20777.9  6.625226e-06
20787.9  6.635024e-06
20797.9  9.007549e-06
20807.9  6.234554e-06
20817.9  7.694884e-06
20827.9  7.558932e-06
20837.9  9.148980e-06
20847.9  8.704310e-06
20857.9  1.087922e-05
20867.9  9.195629e-06
20877.9  6.808030e-06
20887.9  9.610892e-06
20897.9  1.159368e-05
20907.9  6.920247e-06
20917.9  7.049138e-06
20927.9  8.844149e-06
20937.9  6.947410e-06
20947.9  9.859411e-06
20957.9  7.890339e-06
20967.9  7.779041e-06
20977.9  6.868758e-06
20987.9  6.455744e-06
20997.9  7.174237e-06
21007.9  8.010235e-06
21017.9  9.033204e-06
21027.9  9.059355e-06
21037.9  1.126568e-05
21047.9  6.630612e-06
21057.9  6.574897e-06
21067.9  6.719631e-06
21077.9  6.374711e-06
21087.9  7.682121e-06
21097.9  8.718680e-06
21107.9  7.399250e-06
21117.9  1.059187e-05
21127.9  9.243137e-06
21137.9  9.776977e-06
21147.9  1.178782e-05
21157.9  8.739055e-06
21167.9  9.063607e-06
21177.9  8.122240e-06
21187.9  1.189888e-05
21197.9  9.125593e-06
21207.9  6.584048e-06
21217.9  5.858658e-06
21227.9  8.629040e-06
21237.9  8.246418e-06
21247.9  1.006646e-05
21257.9  9.386743e-06
21267.9  1.125445e-05
21277.9  1.155876e-05
21287.9  1.139761e-05
21297.9  1.187650e-05
21307.9  1.193072e-05
21317.9  7.787296e-06
21327.9  1.268310e-05
21337.9  1.156920e-05
21347.9  5.624330e-06
21357.9  1.011916e-05
21367.9  1.178056e-05
21377.9  5.983845e-06
21387.9  1.313340e-05
21397.9  1.002314e-05
21407.9  1.178725e-05
21417.9  1.196127e-05
21427.9  1.231144e-05
21437.9  1.356883e-05
21447.9  9.375587e-06
21457.9  1.277737e-05
21467.9  9.869094e-06
21477.9  1.229582e-05
21487.9  1.361191e-05
21497.9  1.104479e-05
21507.9  8.637524e-06
21517.9  1.351519e-05
21527.9  1.204995e-05
21537.9  1.683275e-05
21547.9  1.189753e-05
21557.9  1.433121e-05
21567.9  1.272111e-05
21577.9  1.321587e-05
21587.9  1.146998e-05
21597.9  9.875899e-06
21607.9  1.168085e-05
21617.9  9.723037e-06
21627.9  8.639041e-06
21637.9  1.236058e-05
21647.9  1.078919e-05
21657.9  7.401108e-06
21667.9  1.111914e-05
21677.9  9.317698e-06
21687.9  1.295530e-05
21697.9  1.177132e-05
21707.9  1.094238e-05
21717.9  1.286856e-05
21727.9  1.434978e-05
21737.9  1.314419e-05
21747.9  1.222462e-05
21757.9  1.094354e-05
21767.9  5.704160e-06
21777.9  1.182528e-05
21787.9  8.041388e-06
21797.9  1.080183e-05
21807.9  9.826674e-06
21817.9  1.024653e-05
21827.9  1.164334e-05
21837.9  1.150221e-05
21847.9  1.428780e-05
21857.9  9.818336e-06
21867.9  1.336172e-05
21877.9  8.353211e-06
21887.9  1.177907e-05
21897.9  1.315727e-05
21907.9  1.112283e-05
21917.9  1.426566e-05
21927.9  1.026702e-05
21937.9  1.041575e-05
21947.9  1.226325e-05
21957.9  1.098314e-05
21967.9  1.423841e-05
21977.9  1.193396e-05
21987.9  1.260000e-05
21997.9  1.359289e-05
22007.9  1.085635e-05
22017.9  1.257623e-05
22027.9  1.530992e-05
22037.9  1.561185e-05
22047.9  1.220667e-05
22057.9  1.456819e-05
22067.9  1.684317e-05
22077.9  1.500697e-05
22087.9  1.390340e-05
22097.9  1.826865e-05
22107.9  1.345289e-05
22117.9  1.981942e-05
22127.9  1.464194e-05
22137.9  1.660333e-05
22147.9  1.929356e-05
22157.9  1.499614e-05
22167.9  1.452221e-05
22177.9  1.594646e-05
22187.9  1.215505e-05
22197.9  1.579787e-05
22207.9  1.183364e-05
22217.9  1.665233e-05
22227.9  1.183083e-05
22237.9  1.303525e-05
22247.9  1.746181e-05
22257.9  1.559201e-05
22267.9  1.213563e-05
22277.9  1.794363e-05
22287.9  1.163333e-05
22297.9  1.508034e-05
22307.9  1.443475e-05
22317.9  1.487947e-05
22327.9  1.531085e-05
22337.9  2.057378e-05
22347.9  1.877877e-05
22357.9  1.159459e-05
22367.9  1.111531e-05
22377.9  1.575245e-05
22387.9  1.503658e-05
22397.9  1.709389e-05
22407.9  1.266144e-05
22417.9  1.449449e-05
22427.9  1.994955e-05
22437.9  1.631526e-05
22447.9  2.237913e-05
22457.9  1.445323e-05
22467.9  1.590056e-05
22477.9  2.438797e-05
22487.9  1.651861e-05
22497.9  2.127244e-05
22507.9  1.910000e-05
22517.9  1.411041e-05
22527.9  2.036873e-05
22537.9  1.522498e-05
22547.9  1.436022e-05
22557.9  1.710105e-05
22567.9  1.544069e-05
22577.9  1.913562e-05
22587.9  1.651235e-05
22597.9  1.898841e-05
22607.9  1.247868e-05
22617.9  2.118752e-05
22627.9  1.644693e-05
22637.9  2.126234e-05
22647.9  1.879603e-05
22657.9  2.218776e-05
22667.9  2.236905e-05
22677.9  2.499219e-05
22687.9  2.005920e-05
22697.9  1.800382e-05
22707.9  2.073682e-05
22717.9  1.804087e-05
22727.9  2.041161e-05
22737.9  1.772492e-05
22747.9  1.767656e-05
22757.9  1.856221e-05
22767.9  1.899629e-05
22777.9  1.465591e-05
22787.9  1.732969e-05
22797.9  1.409158e-05
22807.9  1.614654e-05
22817.9  1.147837e-05
22827.9  1.033406e-05
22837.9  1.193898e-05
22847.9  1.132055e-05
22857.9  1.286377e-05
22867.9  1.151741e-05
22877.9  8.456587e-06
22887.9  1.547487e-05
22897.9  8.526833e-06
22907.9  1.328818e-05
22917.9  8.891770e-06
22927.9  8.734616e-06
22937.9  1.161707e-05
22947.9  7.739939e-06
22957.9  5.610643e-06
22967.9  6.753328e-06
22977.9  4.860068e-06
22987.9  7.992445e-06
22997.9  6.856842e-06
23007.9  6.493005e-06
23017.9  9.199680e-06
23027.9  6.845275e-06
23037.9  7.936494e-06
23047.9  6.186928e-06
23057.9  6.871759e-06
23067.9  5.226643e-06
23077.9  5.626724e-06
23087.9  6.677614e-06
23097.9  4.356561e-06
23107.9  6.928575e-06
23117.9  7.631846e-06
23127.9  5.571762e-06
23137.9  4.181530e-06
23147.9  5.640057e-06
23157.9  6.489245e-06
23167.9  6.041036e-06
23177.9  3.148768e-06
23187.9  4.356852e-06
23197.9  4.857985e-06
23207.9  4.140633e-06
23217.9  4.719115e-06
23227.9  4.820874e-06
23237.9  2.985213e-06
23247.9  3.415204e-06
23257.9  4.079437e-06
23267.9  3.376637e-06
23277.9  3.101558e-06
23287.9  3.511900e-06
23297.9  3.785107e-06
23307.9  2.532506e-06
23317.9  2.618888e-06
23327.9  3.073319e-06
23337.9  2.828458e-06
23347.9  2.324153e-06
23357.9  2.172714e-06
23367.9  1.903304e-06
23377.9  2.658711e-06
23387.9  1.934057e-06
23397.9  2.329010e-06
23407.9  1.489060e-06
23417.9  2.100389e-06
23427.9  2.035857e-06
23437.9  1.559596e-06
23447.9  1.914503e-06
23457.9  1.800634e-06
23467.9  2.141300e-06
23477.9  1.695801e-06
23487.9  1.533050e-06
23497.9  1.814458e-06
23507.9  1.453772e-06
23517.9  1.490750e-06
23527.9  1.961352e-06
23537.9  1.911799e-06
23547.9  1.699307e-06
23557.9  6.859148e-07
23567.9  1.926808e-06
23577.9  1.565035e-06
23587.9  1.192867e-06
23597.9  1.880772e-06
23607.9  1.691533e-06
23617.9  1.133487e-06
23627.9  1.169864e-06
23637.9  1.098011e-06
23647.9  9.255342e-07
23657.9  1.039974e-06
23667.9  5.993059e-07
23677.9  5.660924e-07
23687.9  5.188454e-07
23697.9  4.857055e-07
23707.9  4.368679e-07
23717.9  3.756628e-07
23727.9  4.123510e-07
23737.9  2.069581e-07
23747.9  2.496452e-07
23757.9  2.513253e-07
23767.9  1.511869e-07
23777.9  1.609765e-07
23787.9  1.922538e-07
23797.9  1.982838e-07
23807.9  1.419931e-07
23817.9  1.265033e-07
23827.9  1.270567e-07
23837.9  9.537659e-08
23847.9  1.161731e-07
23857.9  1.437482e-07
23867.9  9.125278e-08
23877.9  8.116196e-08
23887.9  1.128021e-07
23897.9  9.213718e-08
23907.9  8.817002e-08
23917.9  1.352575e-07
23927.9  7.608969e-08
23937.9  9.437076e-08
23947.9  7.582263e-08
23957.9  8.128084e-08
23967.9  5.989468e-08
23977.9  3.663938e-08
23987.9  4.523614e-08
23997.9  4.644446e-08
24007.9  5.366880e-08
24017.9  3.860589e-08
24027.9  3.185482e-08
24037.9  1.909460e-08
24047.9  2.317401e-08
24057.9  2.577387e-08
24067.9  2.412384e-08
24077.9  1.842867e-08
24087.9  1.352507e-08
24097.9  1.488711e-08
24107.9  5.792956e-09
24117.9  9.798975e-09
24127.9  5.697228e-09
24137.9  9.174063e-09
24147.9  5.542880e-09
24157.9  5.298126e-09
24167.9  5.605443e-09
24177.9  3.006681e-09
24187.9  4.227154e-09
24197.9  3.392314e-09
24207.9  2.869918e-09
24217.9  2.060831e-09
24227.9  2.063243e-09
24237.9  1.374150e-09
24247.9  1.428962e-09
24257.9  1.775750e-09
24267.9  1.462376e-09
24277.9  2.007704e-09
24287.9  1.306854e-09
24297.9  1.077951e-09
24307.9  1.112637e-09
24317.9  1.073052e-09
24327.9  9.004703e-10
24337.9  1.028044e-09
24347.9  8.004861e-10
24357.9  5.213069e-10
24367.9  8.115510e-10
24377.9  6.816811e-10
24387.9  6.345411e-10
24397.9  6.382155e-10
24407.9  3.680650e-10
24417.9  4.561443e-10
24427.9  3.984157e-10
24437.9  4.441830e-10
24447.9  1.822719e-10
24457.9  3.891570e-10
24467.9  3.376094e-10
24477.9  3.533434e-10
24487.9  1.949405e-10
24497.9  2.746294e-10
24507.9  1.638637e-10
24517.9  1.515997e-10
24527.9  1.981982e-10
24537.9  1.402251e-10
24547.9  1.281098e-10
24557.9  1.074784e-10
24567.9  9.918862e-11
24577.9  9.656377e-11
24587.9  7.814155e-11
24597.9  8.542780e-11
24607.9  3.569833e-11
24617.9  6.093984e-11
24627.9  6.330843e-11
24637.9  3.618897e-11
24647.9  2.959029e-11
24657.9  4.603858e-11
24667.9  2.931893e-11
24677.9  2.746979e-11
24687.9  2.016743e-11
24697.9  1.321818e-11
24707.9  2.039996e-11
24717.9  1.385600e-11
24727.9  9.169652e-12
24737.9  1.304526e-11
24747.9  7.577454e-12
24757.9  8.643050e-12
24767.9  7.794496e-12
24777.9  4.451045e-12
24787.9  4.824780e-12
24797.9  4.235072e-12
24807.9  4.341739e-12
24817.9  4.858257e-12
24827.9  3.889320e-12
24837.9  2.646719e-12
24847.9  3.337343e-12
24857.9  2.270984e-12
24867.9  2.297112e-12
24877.9  1.893890e-12
24887.9  1.712568e-12
24897.9  1.953357e-12
24907.9  1.450476e-12
24917.9  1.514269e-12
24927.9  8.788037e-13
24937.9  1.356230e-12
24947.9  1.358835e-12
24957.9  1.064209e-12
24967.9  6.043803e-13
24977.9  1.138034e-12
24987.9  1.083888e-12
24997.9  8.449462e-13
25007.9  7.980482e-13
25017.9  6.505822e-13
25027.9  5.879786e-13
25037.9  5.517178e-13
25047.9  6.476992e-13
25057.9  3.166682e-13
25067.9  5.493849e-13
25077.9  5.103052e-13
25087.9  3.841364e-13
25097.9  5.579131e-13
25107.9  4.375036e-13
25117.9  3.058573e-13
25127.9  3.209006e-13
25137.9  4.310708e-13
25147.9  3.947607e-13
25157.9  3.418183e-13
25167.9  1.764828e-13
25177.9  2.872695e-13
25187.9  2.820890e-13
25197.9  3.093556e-13
25207.9  2.243729e-13
25217.9  2.009267e-13
25227.9  2.051649e-13
25237.9  2.068055e-13
25247.9  1.991357e-13
25257.9  1.846745e-13
25267.9  1.505305e-13
25277.9  1.370490e-13
25287.9  1.276679e-13
25297.9  1.423121e-13
25307.9  1.249362e-13
25317.9  1.460006e-13
25327.9  1.077785e-13
25337.9  1.070402e-13
25347.9  7.915502e-14
25357.9  9.766229e-14
25367.9  9.997690e-14
25377.9  1.069630e-13
25387.9  6.357396e-14
25397.9  6.224024e-14
25407.9  9.245885e-14
25417.9  6.912391e-14
25427.9  3.033847e-14
25437.9  2.436704e-14
25447.9  5.722736e-14
25457.9  6.004540e-14
25467.9  4.542934e-14
25477.9  3.807080e-14
25487.9  3.480074e-14
25497.9  3.486342e-14
25507.9  2.400353e-14
25517.9  3.032495e-14
25527.9  2.309176e-14
25537.9  2.319233e-14
25547.9  1.903351e-14
25557.9  1.721493e-14
25567.9  1.632911e-14
25577.9  2.087856e-14
25587.9  1.547312e-14
25597.9  9.845548e-15
25607.9  8.621739e-15
25617.9  1.147738e-14
25627.9  1.327166e-14
25637.9  8.109452e-15
25647.9  8.080475e-15
25657.9  8.598042e-15
25667.9  9.680006e-15
25677.9  3.924945e-15
25687.9  5.748982e-15
25697.9  6.889093e-15
25707.9  2.993060e-15
25717.9  3.958436e-15
25727.9  3.603070e-15
25737.9  2.773570e-15
25747.9  2.512382e-15
25757.9  3.241118e-15
25767.9  3.987137e-15
25777.9  1.816978e-15
25787.9  1.665885e-15
25797.9  1.477039e-15
25807.9  2.418011e-15
25817.9  3.923354e-16
25827.9  1.005879e-15
25837.9  5.893001e-16
25847.9  1.210747e-15
25857.9  7.437763e-16
25867.9  1.575328e-15
25877.9  2.368451e-16
25887.9  1.035945e-15
25897.9  7.734015e-16
25907.9  8.065780e-16
25917.9  5.644089e-16
25927.9  2.919442e-16
25937.9  6.550027e-16
25947.9  5.716236e-16
25957.9  4.850327e-16
25967.9  3.413087e-16
25977.9  3.853579e-16
