# from http://www.stsci.edu/jwst/instruments/nircam/instrumentdesign/filters
# Retrieved March, 2023, dated Nov, 2022 (post-flight)
# Uses modA or modB  filters+DBS+QE+OTE (nrc_plus_ote)
# Units of transmission are PCE (photon to electron conversion efficiency)
# 
26470.6  0.000000e+00
26484.1  0.000000e+00
26497.6  3.559492e-06
26511.2  3.474961e-06
26524.7  6.494522e-06
26538.2  5.327429e-06
26551.7  2.272870e-06
26565.2  4.305077e-06
26578.7  9.134847e-06
26592.2  1.089327e-05
26605.7  1.010828e-05
26619.3  1.334267e-05
26632.8  1.625691e-05
26646.3  1.563508e-05
26659.8  1.749498e-05
26673.3  1.761081e-05
26686.8  1.890560e-05
26700.3  2.359152e-05
26713.8  2.523155e-05
26727.4  2.519508e-05
26740.9  2.652143e-05
26754.4  3.116532e-05
26767.9  3.552941e-05
26781.4  3.847248e-05
26794.9  4.075451e-05
26808.4  3.933592e-05
26821.9  4.382630e-05
26835.5  4.863946e-05
26849.0  5.393658e-05
26862.5  5.599420e-05
26876.0  6.315492e-05
26889.5  6.520888e-05
26903.0  6.766731e-05
26916.5  7.239635e-05
26930.0  7.985104e-05
26943.6  8.214838e-05
26957.1  8.511605e-05
26970.6  8.966625e-05
26984.1  9.402838e-05
26997.6  1.008755e-04
27011.1  1.055375e-04
27024.6  1.090691e-04
27038.1  1.146521e-04
27051.7  1.199629e-04
27065.2  1.271711e-04
27078.7  1.320524e-04
27092.2  1.377718e-04
27105.7  1.434463e-04
27119.2  1.538302e-04
27132.7  1.622648e-04
27146.2  1.676355e-04
27159.8  1.752259e-04
27173.3  1.855718e-04
27186.8  1.971135e-04
27200.3  2.067658e-04
27213.8  2.196801e-04
27227.3  2.331011e-04
27240.8  2.478702e-04
27254.3  2.628938e-04
27267.9  2.757126e-04
27281.4  2.946096e-04
27294.9  3.171517e-04
27308.4  3.405377e-04
27321.9  3.653920e-04
27335.4  3.916456e-04
27348.9  4.216832e-04
27362.4  4.597426e-04
27375.9  4.936086e-04
27389.5  5.350074e-04
27403.0  5.829945e-04
27416.5  6.384162e-04
27430.0  6.967575e-04
27443.5  7.605292e-04
27457.0  8.336120e-04
27470.5  9.152642e-04
27484.0  1.005415e-03
27497.6  1.101111e-03
27511.1  1.209135e-03
27524.6  1.325123e-03
27538.1  1.450853e-03
27551.6  1.594839e-03
27565.1  1.750412e-03
27578.6  1.917975e-03
27592.1  2.098038e-03
27605.7  2.298039e-03
27619.2  2.516451e-03
27632.7  2.748185e-03
27646.2  3.002773e-03
27659.7  3.279566e-03
27673.2  3.577816e-03
27686.7  3.894290e-03
27700.2  4.234351e-03
27713.8  4.600754e-03
27727.3  4.988697e-03
27740.8  5.401236e-03
27754.3  5.842694e-03
27767.8  6.325119e-03
27781.3  6.837827e-03
27794.8  7.383542e-03
27808.3  7.974161e-03
27821.9  8.611195e-03
27835.4  9.296092e-03
27848.9  1.003843e-02
27862.4  1.085110e-02
27875.9  1.173536e-02
27889.4  1.269790e-02
27902.9  1.375654e-02
27916.4  1.492251e-02
27930.0  1.620649e-02
27943.5  1.762942e-02
27957.0  1.920317e-02
27970.5  2.095991e-02
27984.0  2.291133e-02
27997.5  2.509295e-02
28011.0  2.753525e-02
28024.5  3.026826e-02
28038.1  3.332748e-02
28051.6  3.675819e-02
28065.1  4.061037e-02
28078.6  4.493826e-02
28092.1  4.980495e-02
28105.6  5.525597e-02
28119.1  6.136098e-02
28132.6  6.818487e-02
28146.2  7.580730e-02
28159.7  8.427261e-02
28173.2  9.362200e-02
28186.7  1.039357e-01
28200.2  1.152009e-01
28213.7  1.274324e-01
28227.2  1.406299e-01
28240.7  1.547001e-01
28254.2  1.695758e-01
28267.8  1.850870e-01
28281.3  2.010319e-01
28294.8  2.172891e-01
28308.3  2.336315e-01
28321.8  2.497257e-01
28335.3  2.654748e-01
28348.8  2.806694e-01
28362.3  2.950950e-01
28375.9  3.086484e-01
28389.4  3.212484e-01
28402.9  3.327819e-01
28416.4  3.434189e-01
28429.9  3.530028e-01
28443.4  3.615741e-01
28456.9  3.693796e-01
28470.4  3.762850e-01
28484.0  3.824621e-01
28497.5  3.879890e-01
28511.0  3.928269e-01
28524.5  3.971947e-01
28538.0  4.010758e-01
28551.5  4.044533e-01
28565.0  4.074846e-01
28578.5  4.101142e-01
28592.1  4.124087e-01
28605.6  4.144532e-01
28619.1  4.162137e-01
28632.6  4.177355e-01
28646.1  4.190339e-01
28659.6  4.201439e-01
28673.1  4.210995e-01
28686.6  4.218870e-01
28700.2  4.226012e-01
28713.7  4.231533e-01
28727.2  4.236178e-01
28740.7  4.240546e-01
28754.2  4.243669e-01
28767.7  4.246538e-01
28781.2  4.249681e-01
28794.7  4.252081e-01
28808.3  4.254261e-01
28821.8  4.257128e-01
28835.3  4.259226e-01
28848.8  4.261281e-01
28862.3  4.264270e-01
28875.8  4.266668e-01
28889.3  4.269136e-01
28902.8  4.272125e-01
28916.4  4.274567e-01
28929.9  4.277104e-01
28943.4  4.279936e-01
28956.9  4.282553e-01
28970.4  4.285096e-01
28983.9  4.287407e-01
28997.4  4.289626e-01
29010.9  4.291407e-01
29024.5  4.293215e-01
29038.0  4.294787e-01
29051.5  4.295734e-01
29065.0  4.297003e-01
29078.5  4.297964e-01
29092.0  4.297755e-01
29105.5  4.298321e-01
29119.0  4.298928e-01
29132.5  4.297951e-01
29146.1  4.298324e-01
29159.6  4.298584e-01
29173.1  4.296976e-01
29186.6  4.297093e-01
29200.1  4.295316e-01
29213.6  4.295630e-01
29227.1  4.295954e-01
29240.6  4.294162e-01
29254.2  4.294448e-01
29267.7  4.294802e-01
29281.2  4.293071e-01
29294.7  4.293630e-01
29308.2  4.294359e-01
29321.7  4.292705e-01
29335.2  4.293430e-01
29348.7  4.294106e-01
29362.3  4.292498e-01
29375.8  4.293181e-01
29389.3  4.293807e-01
29402.8  4.292416e-01
29416.3  4.293270e-01
29429.8  4.294064e-01
29443.3  4.293244e-01
29456.8  4.293852e-01
29470.4  4.293180e-01
29483.9  4.293652e-01
29497.4  4.293983e-01
29510.9  4.293337e-01
29524.4  4.293672e-01
29537.9  4.293869e-01
29551.4  4.293710e-01
29564.9  4.294015e-01
29578.5  4.294400e-01
29592.0  4.294909e-01
29605.5  4.295546e-01
29619.0  4.296357e-01
29632.5  4.297771e-01
29646.0  4.299096e-01
29659.5  4.300676e-01
29673.0  4.303578e-01
29686.6  4.305767e-01
29700.1  4.309478e-01
29713.6  4.312303e-01
29727.1  4.315560e-01
29740.6  4.320884e-01
29754.1  4.324915e-01
29767.6  4.329354e-01
29781.1  4.335939e-01
29794.7  4.340959e-01
29808.2  4.346162e-01
29821.7  4.353825e-01
29835.2  4.359525e-01
29848.7  4.365429e-01
29862.2  4.373818e-01
29875.7  4.379862e-01
29889.2  4.386036e-01
29902.8  4.394603e-01
29916.3  4.400635e-01
29929.8  4.406552e-01
29943.3  4.414986e-01
29956.8  4.420581e-01
29970.3  4.428544e-01
29983.8  4.433763e-01
29997.3  4.438728e-01
30010.9  4.443904e-01
30024.4  4.448842e-01
30037.9  4.453601e-01
30051.4  4.460229e-01
30064.9  4.464347e-01
30078.4  4.468134e-01
30091.9  4.473771e-01
30105.4  4.477107e-01
30118.9  4.480400e-01
30132.5  4.485113e-01
30146.0  4.487926e-01
30159.5  4.490570e-01
30173.0  4.494498e-01
30186.5  4.496968e-01
30200.0  4.500283e-01
30213.5  4.502535e-01
30227.0  4.504766e-01
30240.6  4.507523e-01
30254.1  4.509541e-01
30267.6  4.511535e-01
30281.1  4.513608e-01
30294.6  4.515506e-01
30308.1  4.517352e-01
30321.6  4.519000e-01
30335.1  4.520545e-01
30348.7  4.522059e-01
30362.2  4.522951e-01
30375.7  4.524156e-01
30389.2  4.525194e-01
30402.7  4.525413e-01
30416.2  4.526076e-01
30429.7  4.526561e-01
30443.2  4.526017e-01
30456.8  4.526102e-01
30470.3  4.525102e-01
30483.8  4.524860e-01
30497.3  4.524531e-01
30510.8  4.523091e-01
30524.3  4.522553e-01
30537.8  4.521881e-01
30551.3  4.520331e-01
30564.9  4.519714e-01
30578.4  4.519198e-01
30591.9  4.517935e-01
30605.4  4.517685e-01
30618.9  4.517581e-01
30632.4  4.517173e-01
30645.9  4.517626e-01
30659.4  4.518428e-01
30673.0  4.519162e-01
30686.5  4.520647e-01
30700.0  4.522449e-01
30713.5  4.524497e-01
30727.0  4.526965e-01
30740.5  4.529869e-01
30754.0  4.533100e-01
30767.5  4.536567e-01
30781.1  4.540630e-01
30794.6  4.544630e-01
30808.1  4.548745e-01
30821.6  4.553520e-01
30835.1  4.557658e-01
30848.6  4.561725e-01
30862.1  4.566659e-01
30875.6  4.570512e-01
30889.2  4.574124e-01
30902.7  4.578507e-01
30916.2  4.581524e-01
30929.7  4.584028e-01
30943.2  4.587606e-01
30956.7  4.589298e-01
30970.2  4.592153e-01
30983.7  4.592991e-01
30997.2  4.593547e-01
31010.8  4.595418e-01
31024.3  4.595414e-01
31037.8  4.595272e-01
31051.3  4.596878e-01
31064.8  4.596686e-01
31078.3  4.596727e-01
31091.8  4.598753e-01
31105.3  4.599290e-01
31118.9  4.600152e-01
31132.4  4.603433e-01
31145.9  4.605225e-01
31159.4  4.607444e-01
31172.9  4.611899e-01
31186.4  4.614599e-01
31199.9  4.617093e-01
31213.4  4.621034e-01
31227.0  4.622168e-01
31240.5  4.623796e-01
31254.0  4.621396e-01
31267.5  4.616236e-01
31281.0  4.608723e-01
31294.5  4.594599e-01
31308.0  4.574873e-01
31321.5  4.548551e-01
31335.1  4.512947e-01
31348.6  4.466925e-01
31362.1  4.411678e-01
31375.6  4.343360e-01
31389.1  4.261893e-01
31402.6  4.169488e-01
31416.1  4.060943e-01
31429.6  3.940883e-01
31443.2  3.808505e-01
31456.7  3.664408e-01
31470.2  3.511558e-01
31483.7  3.348974e-01
31497.2  3.181540e-01
31510.7  3.009350e-01
31524.2  2.835492e-01
31537.7  2.662017e-01
31551.3  2.490767e-01
31564.8  2.323796e-01
31578.3  2.161571e-01
31591.8  2.006573e-01
31605.3  1.858911e-01
31618.8  1.719467e-01
31632.3  1.588870e-01
31645.8  1.466727e-01
31659.4  1.353380e-01
31672.9  1.248608e-01
31686.4  1.151954e-01
31699.9  1.063032e-01
31713.4  9.815649e-02
31726.9  9.068816e-02
31740.4  8.386196e-02
31753.9  7.762617e-02
31767.5  7.192661e-02
31781.0  6.673242e-02
31794.5  6.198697e-02
31808.0  5.765071e-02
31821.5  5.369420e-02
31835.0  5.007335e-02
31848.5  4.676778e-02
31862.0  4.373997e-02
31875.5  4.096318e-02
31889.1  3.842126e-02
31902.6  3.608325e-02
31916.1  3.393448e-02
31929.6  3.195942e-02
31943.1  3.013591e-02
31956.6  2.845671e-02
31970.1  2.690668e-02
31983.6  2.546649e-02
31997.2  2.413149e-02
32010.7  2.289308e-02
32024.2  2.174239e-02
32037.7  2.067334e-02
32051.2  1.967509e-02
32064.7  1.873950e-02
32078.2  1.786202e-02
32091.7  1.703754e-02
32105.3  1.626745e-02
32118.8  1.554335e-02
32132.3  1.485600e-02
32145.8  1.420901e-02
32159.3  1.359602e-02
32172.8  1.301263e-02
32186.3  1.246010e-02
32199.8  1.193499e-02
32213.4  1.143162e-02
32226.9  1.094720e-02
32240.4  1.048152e-02
32253.9  1.003529e-02
32267.4  9.607939e-03
32280.9  9.195952e-03
32294.4  8.801853e-03
32307.9  8.420951e-03
32321.5  8.054588e-03
32335.0  7.704565e-03
32348.5  7.364364e-03
32362.0  7.033493e-03
32375.5  6.708852e-03
32389.0  6.391298e-03
32402.5  6.085304e-03
32416.0  5.790980e-03
32429.6  5.506351e-03
32443.1  5.228596e-03
32456.6  4.959004e-03
32470.1  4.700055e-03
32483.6  4.449569e-03
32497.1  4.205448e-03
32510.6  3.969570e-03
32524.1  3.744193e-03
32537.7  3.529999e-03
32551.2  3.326310e-03
32564.7  3.127436e-03
32578.2  2.933303e-03
32591.7  2.749492e-03
32605.2  2.575592e-03
32618.7  2.413360e-03
32632.2  2.260164e-03
32645.8  2.110044e-03
32659.3  1.964390e-03
32672.8  1.828691e-03
32686.3  1.701684e-03
32699.8  1.581948e-03
32713.3  1.470894e-03
32726.8  1.368950e-03
32740.3  1.271392e-03
32753.9  1.178453e-03
32767.4  1.094226e-03
32780.9  1.016039e-03
32794.4  9.406114e-04
32807.9  8.711983e-04
32821.4  8.085045e-04
32834.9  7.470726e-04
32848.4  6.902440e-04
32861.9  6.395601e-04
32875.5  5.918662e-04
32889.0  5.465073e-04
32902.5  5.051329e-04
32916.0  4.670091e-04
32929.5  4.306986e-04
32943.0  3.979699e-04
32956.5  3.679061e-04
32970.0  3.385807e-04
32983.6  3.123283e-04
32997.1  2.908758e-04
33010.6  2.689538e-04
33024.1  2.488657e-04
33037.6  2.315623e-04
33051.1  2.129705e-04
33064.6  1.948233e-04
33078.1  1.787735e-04
33091.7  1.660448e-04
33105.2  1.542359e-04
33118.7  1.417485e-04
33132.2  1.302246e-04
33145.7  1.215210e-04
33159.2  1.133561e-04
33172.7  1.032551e-04
33186.2  9.539211e-05
33199.8  9.067205e-05
33213.3  8.738699e-05
33226.8  8.153841e-05
33240.3  7.740075e-05
33253.8  7.387696e-05
33267.3  6.971145e-05
33280.8  6.763412e-05
33294.3  6.498660e-05
33307.9  6.145523e-05
33321.4  5.733592e-05
33334.9  5.276434e-05
33348.4  5.000802e-05
33361.9  5.067649e-05
33375.4  4.927388e-05
33388.9  4.542181e-05
33402.4  4.215851e-05
33416.0  3.912831e-05
33429.5  3.809678e-05
33443.0  3.810954e-05
33456.5  3.985634e-05
33470.0  4.104260e-05
33483.5  4.166778e-05
33497.0  4.252143e-05
33510.5  0.000000e+00
33524.1  0.000000e+00
