# from http://www.stsci.edu/jwst/instruments/nircam/instrumentdesign/filters
# Retrieved Jan 18, 2017, dated Feb 5, 2016 (pre-flight)
# Uses modA or modB  filters+DBS+QE+OTE (nrc_plus_ote)
# Units of transmission are PCE (photon to electron conversion efficiency)
# 
20004.7  3.547330e-12
20026.1  3.019763e-12
20047.5  2.564562e-12
20069.0  2.150997e-12
20090.4  1.782504e-12
20111.9  1.526724e-12
20133.3  1.227369e-12
20154.8  1.081535e-12
20176.2  1.036195e-12
20197.6  1.084770e-12
20219.1  1.262542e-12
20240.5  1.288008e-12
20262.0  1.278971e-12
20283.4  1.323192e-12
20304.8  1.500629e-12
20326.3  1.623340e-12
20347.7  1.585377e-12
20369.2  1.520504e-12
20390.6  1.397320e-12
20412.0  1.460777e-12
20433.5  1.469265e-12
20454.9  1.413511e-12
20476.4  1.396854e-12
20497.8  1.459323e-12
20519.3  1.616072e-12
20540.7  1.782792e-12
20562.1  1.957290e-12
20583.6  2.157605e-12
20605.0  2.444182e-12
20626.5  2.750254e-12
20647.9  2.977206e-12
20669.3  3.277825e-12
20690.8  3.582993e-12
20712.2  3.968638e-12
20733.7  4.601836e-12
20755.1  5.364510e-12
20776.5  6.645909e-12
20798.0  8.320026e-12
20819.4  1.038919e-11
20840.9  1.269005e-11
20862.3  1.470634e-11
20883.8  1.675183e-11
20905.2  1.829941e-11
20926.6  1.892789e-11
20948.1  1.937432e-11
20969.5  2.252618e-11
20991.0  2.900450e-11
21012.4  3.961776e-11
21033.8  5.889102e-11
21055.3  8.621460e-11
21076.7  1.197709e-10
21098.2  1.605103e-10
21119.6  2.001198e-10
21141.0  2.276757e-10
21162.5  2.375582e-10
21183.9  2.284373e-10
21205.4  2.115669e-10
21226.8  1.939386e-10
21248.3  1.800525e-10
21269.7  1.678893e-10
21291.1  1.593008e-10
21312.6  1.510676e-10
21334.0  1.453044e-10
21355.5  1.414024e-10
21376.9  1.297494e-10
21398.3  1.137017e-10
21419.8  9.519870e-11
21441.2  7.703965e-11
21462.7  6.201899e-11
21484.1  5.697251e-11
21505.5  6.066296e-11
21527.0  6.558152e-11
21548.4  7.396627e-11
21569.9  8.659815e-11
21591.3  1.045556e-10
21612.8  1.286866e-10
21634.2  1.453186e-10
21655.6  1.489946e-10
21677.1  1.382156e-10
21698.5  1.291505e-10
21720.0  1.340374e-10
21741.4  1.393490e-10
21762.8  1.409603e-10
21784.3  1.372715e-10
21805.7  1.411730e-10
21827.2  1.491000e-10
21848.6  1.594890e-10
21870.1  1.665976e-10
21891.5  1.648981e-10
21912.9  1.668306e-10
21934.4  1.738626e-10
21955.8  1.791904e-10
21977.3  1.789481e-10
21998.7  1.726175e-10
22020.1  1.827340e-10
22041.6  2.186774e-10
22063.0  2.806993e-10
22084.5  3.530596e-10
22105.9  3.993007e-10
22127.3  4.622223e-10
22148.8  5.604492e-10
22170.2  7.560964e-10
22191.7  1.022622e-09
22213.1  1.535420e-09
22234.6  2.197078e-09
22256.0  2.753725e-09
22277.4  3.340647e-09
22298.9  3.717408e-09
22320.3  4.077370e-09
22341.8  4.472925e-09
22363.2  5.033091e-09
22384.6  5.288846e-09
22406.1  5.459296e-09
22427.5  5.991669e-09
22449.0  7.153525e-09
22470.4  8.925724e-09
22491.8  1.101428e-08
22513.3  1.381342e-08
22534.7  1.662314e-08
22556.2  1.926443e-08
22577.6  2.090054e-08
22599.1  2.265021e-08
22620.5  2.371242e-08
22641.9  2.500300e-08
22663.4  2.594540e-08
22684.8  2.516940e-08
22706.3  2.521918e-08
22727.7  2.765179e-08
22749.1  3.364898e-08
22770.6  3.938300e-08
22792.0  4.364026e-08
22813.5  4.367847e-08
22834.9  4.174125e-08
22856.3  3.942164e-08
22877.8  3.681483e-08
22899.2  3.293298e-08
22920.7  3.085451e-08
22942.1  2.992935e-08
22963.6  2.976628e-08
22985.0  3.499637e-08
23006.4  4.503246e-08
23027.9  6.054141e-08
23049.3  8.899199e-08
23070.8  1.285908e-07
23092.2  1.760434e-07
23113.6  2.424740e-07
23135.1  3.250947e-07
23156.5  4.321554e-07
23178.0  5.794363e-07
23199.4  7.845348e-07
23220.8  1.039110e-06
23242.3  1.376344e-06
23263.7  1.751718e-06
23285.2  2.128628e-06
23306.6  2.501937e-06
23328.1  2.858003e-06
23349.5  3.137794e-06
23370.9  3.254777e-06
23392.4  3.151307e-06
23413.8  2.888896e-06
23435.3  2.610655e-06
23456.7  2.392349e-06
23478.1  2.294671e-06
23499.6  2.370035e-06
23521.0  2.556424e-06
23542.5  2.894309e-06
23563.9  3.194367e-06
23585.3  3.399617e-06
23606.8  3.462686e-06
23628.2  3.408177e-06
23649.7  3.299571e-06
23671.1  3.075369e-06
23692.6  2.853911e-06
23714.0  2.583347e-06
23735.4  2.493322e-06
23756.9  2.479100e-06
23778.3  2.652596e-06
23799.8  3.022289e-06
23821.2  3.505161e-06
23842.6  4.049868e-06
23864.1  4.421499e-06
23885.5  4.570950e-06
23907.0  4.630843e-06
23928.4  4.652269e-06
23949.8  4.620357e-06
23971.3  4.464732e-06
23992.7  4.218812e-06
24014.2  3.877460e-06
24035.6  3.681651e-06
24057.1  3.662392e-06
24078.5  3.731087e-06
24099.9  3.809012e-06
24121.4  3.769038e-06
24142.8  3.584870e-06
24164.3  3.415307e-06
24185.7  3.146688e-06
24207.1  3.071532e-06
24228.6  3.068564e-06
24250.0  3.134768e-06
24271.5  3.213027e-06
24292.9  3.535648e-06
24314.4  4.003793e-06
24335.8  4.451962e-06
24357.2  4.875321e-06
24378.7  4.905535e-06
24400.1  4.496619e-06
24421.6  3.894180e-06
24443.0  3.354035e-06
24464.4  2.741416e-06
24485.9  2.217640e-06
24507.3  1.795857e-06
24528.8  1.645554e-06
24550.2  1.641123e-06
24571.6  2.090164e-06
24593.1  2.809224e-06
24614.5  3.592280e-06
24636.0  4.367968e-06
24657.4  4.977813e-06
24678.9  5.466057e-06
24700.3  5.569872e-06
24721.7  5.482584e-06
24743.2  5.229769e-06
24764.6  4.865951e-06
24786.1  4.436015e-06
24807.5  4.090623e-06
24828.9  3.844565e-06
24850.4  3.623724e-06
24871.8  3.505846e-06
24893.3  3.426953e-06
24914.7  3.286056e-06
24936.1  2.998208e-06
24957.6  2.666077e-06
24979.0  4.459697e-06
25000.5  6.164128e-06
25021.9  7.842895e-06
25038.3  1.035457e-05
25051.8  1.245328e-05
25065.3  1.455522e-05
25078.9  1.590722e-05
25092.4  1.831367e-05
25105.9  1.855121e-05
25119.4  1.867906e-05
25132.9  1.921446e-05
25146.4  2.004192e-05
25159.9  2.025416e-05
25173.4  1.975287e-05
25187.0  2.077081e-05
25200.5  2.094876e-05
25214.0  2.081716e-05
25227.5  2.066477e-05
25241.0  2.118161e-05
25254.5  2.023518e-05
25268.0  1.991004e-05
25281.5  2.104555e-05
25295.1  2.182001e-05
25308.6  2.181885e-05
25322.1  2.222639e-05
25335.6  2.313471e-05
25349.1  2.259585e-05
25362.6  2.216702e-05
25376.1  2.272068e-05
25389.6  2.313934e-05
25403.2  2.369848e-05
25416.7  2.412571e-05
25430.2  2.437619e-05
25443.7  2.450907e-05
25457.2  2.489635e-05
25470.7  2.655209e-05
25484.2  2.750980e-05
25497.7  2.668652e-05
25511.2  2.607421e-05
25524.8  2.611243e-05
25538.3  2.545720e-05
25551.8  2.467137e-05
25565.3  2.400749e-05
25578.8  2.225011e-05
25592.3  2.144411e-05
25605.8  2.189161e-05
25619.3  2.166802e-05
25632.9  2.154813e-05
25646.4  2.178099e-05
25659.9  2.285165e-05
25673.4  2.434758e-05
25686.9  2.535365e-05
25700.4  2.597016e-05
25713.9  2.690911e-05
25727.4  2.804688e-05
25741.0  2.907222e-05
25754.5  3.022094e-05
25768.0  2.989936e-05
25781.5  2.939255e-05
25795.0  3.034826e-05
25808.5  3.091363e-05
25822.0  3.125913e-05
25835.5  3.101043e-05
25849.1  3.092655e-05
25862.6  3.003292e-05
25876.1  2.961287e-05
25889.6  2.910800e-05
25903.1  2.798421e-05
25916.6  2.714473e-05
25930.1  2.533423e-05
25943.6  2.316027e-05
25957.2  2.024205e-05
25970.7  1.920924e-05
25984.2  1.822762e-05
25997.7  1.688958e-05
26011.2  1.538039e-05
26024.7  1.344550e-05
26038.2  1.253895e-05
26051.7  1.209112e-05
26065.3  1.258863e-05
26078.8  1.199108e-05
26092.3  1.127285e-05
26105.8  1.141038e-05
26119.3  1.108922e-05
26132.8  1.054675e-05
26146.3  1.014431e-05
26159.8  1.031163e-05
26173.4  9.832493e-06
26186.9  1.082714e-05
26200.4  1.173796e-05
26213.9  1.163113e-05
26227.4  1.194510e-05
26240.9  1.333380e-05
26254.4  1.419716e-05
26267.9  1.431031e-05
26281.5  1.495665e-05
26295.0  1.472902e-05
26308.5  1.448000e-05
26322.0  1.414744e-05
26335.5  1.379033e-05
26349.0  1.304564e-05
26362.5  1.264380e-05
26376.0  1.266538e-05
26389.5  1.253292e-05
26403.1  1.195245e-05
26416.6  1.133848e-05
26430.1  1.111289e-05
26443.6  1.090139e-05
26457.1  1.074924e-05
26470.6  1.053801e-05
26484.1  1.018022e-05
26497.6  1.002745e-05
26511.2  9.763941e-06
26524.7  9.517808e-06
26538.2  9.272929e-06
26551.7  9.062105e-06
26565.2  7.967558e-06
26578.7  7.523806e-06
26592.2  8.498507e-06
26605.7  8.719532e-06
26619.3  8.915739e-06
26632.8  9.656605e-06
26646.3  1.032536e-05
26659.8  1.074099e-05
26673.3  1.190203e-05
26686.8  1.248617e-05
26700.3  1.094297e-05
26713.8  9.917478e-06
26727.4  9.833610e-06
26740.9  8.911596e-06
26754.4  7.685175e-06
26767.9  6.632222e-06
26781.4  5.931043e-06
26794.9  4.772250e-06
26808.4  4.350322e-06
26821.9  4.129126e-06
26835.5  3.307633e-06
26849.0  3.146615e-06
26862.5  3.431202e-06
26876.0  3.775358e-06
26889.5  3.512014e-06
26903.0  3.221672e-06
26916.5  3.078177e-06
26930.0  3.442437e-06
26943.6  3.172608e-06
26957.1  2.646308e-06
26970.6  2.538807e-06
26984.1  2.236498e-06
26997.6  2.141644e-06
27011.1  2.617540e-06
27024.6  2.597330e-06
27038.1  1.965868e-06
27051.7  1.872331e-06
27065.2  1.853879e-06
27078.7  1.398640e-06
27092.2  1.180189e-06
27105.7  8.696599e-07
27119.2  4.202897e-07
27132.7  4.202717e-07
27146.2  4.166931e-07
27159.8  9.880746e-07
27173.3  9.797796e-07
27186.8  1.090677e-06
27200.3  1.089717e-06
27213.8  1.121133e-06
27227.3  1.123479e-06
27240.8  1.122558e-06
27254.3  9.498954e-07
27267.9  2.465939e-07
27281.4  2.461257e-07
27294.9  1.406478e-07
27308.4  2.941276e-07
27321.9  6.181996e-07
27335.4  5.948656e-07
27348.9  6.100162e-07
27362.4  6.101914e-07
27375.9  6.858199e-07
27389.5  9.161346e-07
27403.0  9.101823e-07
27416.5  1.028971e-06
27430.0  6.760453e-07
27443.5  6.720666e-07
27457.0  6.567572e-07
27470.5  8.574582e-07
27484.0  8.553650e-07
27497.6  1.143083e-06
27511.1  1.591307e-06
27524.6  1.451332e-06
27538.1  1.445879e-06
27551.6  1.590233e-06
27565.1  1.882525e-06
27578.6  1.884791e-06
27592.1  2.050064e-06
27605.7  1.606321e-06
27619.2  1.586459e-06
27632.7  2.301056e-06
27646.2  2.702467e-06
27659.7  2.884833e-06
27673.2  3.143827e-06
27686.7  3.423440e-06
27700.2  3.676621e-06
27713.8  3.604094e-06
27727.3  3.190844e-06
27740.8  2.533342e-06
27754.3  2.549801e-06
27767.8  2.831043e-06
27781.3  2.611553e-06
27794.8  2.717423e-06
27808.3  2.577509e-06
27821.9  2.913192e-06
27835.4  3.705685e-06
27848.9  4.177175e-06
27862.4  4.114218e-06
27875.9  4.076053e-06
27889.4  4.210593e-06
27902.9  4.221477e-06
27916.4  4.718683e-06
27930.0  5.223714e-06
27943.5  5.195367e-06
27957.0  5.452962e-06
27970.5  5.921091e-06
27984.0  6.522572e-06
27997.5  7.013322e-06
28011.0  6.893400e-06
28024.5  6.325224e-06
28038.1  5.908693e-06
28051.6  5.764563e-06
28065.1  5.373631e-06
28078.6  5.296599e-06
28092.1  4.633775e-06
28105.6  4.430058e-06
28119.1  4.783954e-06
28132.6  5.175291e-06
28146.2  5.609660e-06
28159.7  5.538551e-06
28173.2  5.363673e-06
28186.7  5.105129e-06
28200.2  5.675296e-06
28213.7  5.755032e-06
28227.2  5.878770e-06
28240.7  5.740623e-06
28254.2  5.826026e-06
28267.8  6.412279e-06
28281.3  6.709742e-06
28294.8  7.022874e-06
28308.3  6.751909e-06
28321.8  6.435913e-06
28335.3  6.024617e-06
28348.8  5.857656e-06
28362.3  5.238301e-06
28375.9  4.991556e-06
28389.4  5.108656e-06
28402.9  5.315941e-06
28416.4  5.456113e-06
28429.9  6.103350e-06
28443.4  6.608653e-06
28456.9  7.143180e-06
28470.4  7.657772e-06
28484.0  6.795457e-06
28497.5  6.488919e-06
28511.0  6.794162e-06
28524.5  6.984694e-06
28538.0  6.233226e-06
28551.5  5.585985e-06
28565.0  5.370903e-06
28578.5  5.051218e-06
28592.1  5.352606e-06
28605.6  5.615702e-06
28619.1  4.902032e-06
28632.6  3.944221e-06
28646.1  3.715652e-06
28659.6  4.303867e-06
28673.1  4.190286e-06
28686.6  3.966457e-06
28700.2  4.105300e-06
28713.7  3.699596e-06
28727.2  3.360138e-06
28740.7  3.747963e-06
28754.2  3.757724e-06
28767.7  3.175395e-06
28781.2  2.958023e-06
28794.7  3.322747e-06
28808.3  3.590583e-06
28821.8  3.836892e-06
28835.3  4.119908e-06
28848.8  4.364690e-06
28862.3  5.059408e-06
28875.8  5.438864e-06
28889.3  5.421905e-06
28902.8  5.723235e-06
28916.4  5.691588e-06
28929.9  5.558665e-06
28943.4  5.210708e-06
28956.9  4.997831e-06
28970.4  5.061922e-06
28983.9  5.149053e-06
28997.4  6.620228e-06
29010.9  7.474231e-06
29024.5  7.685682e-06
29038.0  8.219852e-06
29051.5  9.135423e-06
29065.0  9.845364e-06
29078.5  1.009736e-05
29092.0  1.023331e-05
29105.5  9.452952e-06
29119.0  8.978255e-06
29132.5  9.794403e-06
29146.1  1.074401e-05
29159.6  1.139390e-05
29173.1  1.175454e-05
29186.6  1.232044e-05
29200.1  1.260669e-05
29213.6  1.295398e-05
29227.1  1.318931e-05
29240.6  1.310599e-05
29254.2  1.318302e-05
29267.7  1.352586e-05
29281.2  1.399201e-05
29294.7  1.400858e-05
29308.2  1.453123e-05
29321.7  1.500191e-05
29335.2  1.517119e-05
29348.7  1.474439e-05
29362.3  1.430718e-05
29375.8  1.384880e-05
29389.3  1.331110e-05
29402.8  1.362545e-05
29416.3  1.403745e-05
29429.8  1.409446e-05
29443.3  1.412221e-05
29456.8  1.435813e-05
29470.4  1.423303e-05
29483.9  1.411567e-05
29497.4  1.466581e-05
29510.9  1.470169e-05
29524.4  1.466584e-05
29537.9  1.454803e-05
29551.4  1.453793e-05
29564.9  1.445602e-05
29578.5  1.441690e-05
29592.0  1.496753e-05
29605.5  1.502571e-05
29619.0  1.515636e-05
29632.5  1.535340e-05
29646.0  1.592934e-05
29659.5  1.645965e-05
29673.0  1.797133e-05
29686.6  1.923613e-05
29700.1  1.961580e-05
29713.6  2.026255e-05
29727.1  2.125535e-05
29740.6  2.196262e-05
29754.1  2.297296e-05
29767.6  2.404939e-05
29781.1  2.477895e-05
29794.7  2.644322e-05
29808.2  2.844902e-05
29821.7  3.010381e-05
29835.2  3.205600e-05
29848.7  3.542863e-05
29862.2  3.854183e-05
29875.7  4.206149e-05
29889.2  4.604723e-05
29902.8  4.933485e-05
29916.3  5.318171e-05
29929.8  5.768302e-05
29943.3  6.221576e-05
29956.8  6.594008e-05
29970.3  6.989702e-05
29983.8  7.491138e-05
29997.3  8.020474e-05
30010.9  8.675353e-05
30024.4  9.363423e-05
30037.9  1.004917e-04
30051.4  1.081277e-04
30064.9  1.169752e-04
30078.4  1.263886e-04
30091.9  1.361560e-04
30105.4  1.465396e-04
30118.9  1.574945e-04
30132.5  1.688921e-04
30146.0  1.812550e-04
30159.5  1.942749e-04
30173.0  2.077675e-04
30186.5  2.222396e-04
30200.0  2.370658e-04
30213.5  2.527865e-04
30227.0  2.690869e-04
30240.6  2.868805e-04
30254.1  3.064029e-04
30267.6  3.263853e-04
30281.1  3.472592e-04
30294.6  3.704481e-04
30308.1  3.950986e-04
30321.6  4.214807e-04
30335.1  4.499835e-04
30348.7  4.801467e-04
30362.2  5.117997e-04
30375.7  5.464774e-04
30389.2  5.833772e-04
30402.7  6.229846e-04
30416.2  6.658458e-04
30429.7  7.114421e-04
30443.2  7.611358e-04
30456.8  8.143413e-04
30470.3  8.717203e-04
30483.8  9.341404e-04
30497.3  1.001941e-03
30510.8  1.073394e-03
30524.3  1.150746e-03
30537.8  1.234633e-03
30551.3  1.325141e-03
30564.9  1.423514e-03
30578.4  1.529856e-03
30591.9  1.644791e-03
30605.4  1.770232e-03
30618.9  1.907579e-03
30632.4  2.057260e-03
30645.9  2.219586e-03
30659.4  2.397576e-03
30673.0  2.588046e-03
30686.5  2.797224e-03
30700.0  3.023649e-03
30713.5  3.266299e-03
30727.0  3.530181e-03
30740.5  3.817070e-03
30754.0  4.129323e-03
30767.5  4.469432e-03
30781.1  4.840347e-03
30794.6  5.244418e-03
30808.1  5.688160e-03
30821.6  6.174618e-03
30835.1  6.705858e-03
30848.6  7.285945e-03
30862.1  7.920104e-03
30875.6  8.612690e-03
30889.2  9.368594e-03
30902.7  1.019485e-02
30916.2  1.110083e-02
30929.7  1.209158e-02
30943.2  1.319109e-02
30956.7  1.437745e-02
30970.2  1.567428e-02
30983.7  1.709501e-02
30997.2  1.865097e-02
31010.8  2.034613e-02
31024.3  2.219855e-02
31037.8  2.422633e-02
31051.3  2.644499e-02
31064.8  2.887345e-02
31078.3  3.153059e-02
31091.8  3.443528e-02
31105.3  3.761490e-02
31118.9  4.109902e-02
31132.4  4.490483e-02
31145.9  4.905791e-02
31159.4  5.358369e-02
31172.9  5.851047e-02
31186.4  6.386387e-02
31199.9  6.967248e-02
31213.4  7.611358e-02
31227.0  8.298773e-02
31240.5  9.039639e-02
31254.0  9.835476e-02
31267.5  1.068742e-01
31281.0  1.159571e-01
31294.5  1.256018e-01
31308.0  1.357628e-01
31321.5  1.464190e-01
31335.1  1.575519e-01
31348.6  1.691095e-01
31362.1  1.810414e-01
31375.6  1.932551e-01
31389.1  2.056809e-01
31402.6  2.182300e-01
31416.1  2.308668e-01
31429.6  2.434260e-01
31443.2  2.557929e-01
31456.7  2.678753e-01
31470.2  2.795705e-01
31483.7  2.911393e-01
31497.2  3.018434e-01
31510.7  3.119392e-01
31524.2  3.213901e-01
31537.7  3.301517e-01
31551.3  3.382302e-01
31564.8  3.456120e-01
31578.3  3.523165e-01
31591.8  3.583656e-01
31605.3  3.637576e-01
31618.8  3.685306e-01
31632.3  3.727512e-01
31645.8  3.764810e-01
31659.4  3.797576e-01
31672.9  3.826329e-01
31686.4  3.851490e-01
31699.9  3.873470e-01
31713.4  3.895163e-01
31726.9  3.917802e-01
31740.4  3.936632e-01
31753.9  3.952372e-01
31767.5  3.966627e-01
31781.0  3.979749e-01
31794.5  3.991885e-01
31808.0  4.002529e-01
31821.5  4.011966e-01
31835.0  4.020907e-01
31848.5  4.029379e-01
31862.0  4.037569e-01
31875.5  4.045534e-01
31889.1  4.053280e-01
31902.6  4.060801e-01
31916.1  4.068264e-01
31929.6  4.075663e-01
31943.1  4.083002e-01
31956.6  4.090301e-01
31970.1  4.097577e-01
31983.6  4.109549e-01
31997.2  4.116681e-01
32010.7  4.123431e-01
32024.2  4.129987e-01
32037.7  4.136546e-01
32051.2  4.143013e-01
32064.7  4.149494e-01
32078.2  4.155836e-01
32091.7  4.162172e-01
32105.3  4.168396e-01
32118.8  4.174625e-01
32132.3  4.176116e-01
32145.8  4.182329e-01
32159.3  4.188508e-01
32172.8  4.194780e-01
32186.3  4.201199e-01
32199.8  4.207727e-01
32213.4  4.217218e-01
32226.9  4.228371e-01
32240.4  4.236328e-01
32253.9  4.244354e-01
32267.4  4.252567e-01
32280.9  4.260773e-01
32294.4  4.269085e-01
32307.9  4.275992e-01
32321.5  4.282096e-01
32335.0  4.288281e-01
32348.5  4.294637e-01
32362.0  4.301025e-01
32375.5  4.307550e-01
32389.0  4.314222e-01
32402.5  4.320896e-01
32416.0  4.327181e-01
32429.6  4.333473e-01
32443.1  4.341437e-01
32456.6  4.351338e-01
32470.1  4.357753e-01
32483.6  4.364054e-01
32497.1  4.370424e-01
32510.6  4.377680e-01
32524.1  4.385219e-01
32537.7  4.392712e-01
32551.2  4.400267e-01
32564.7  4.407860e-01
32578.2  4.415458e-01
32591.7  4.423102e-01
32605.2  4.430361e-01
32618.7  4.437132e-01
32632.2  4.443764e-01
32645.8  4.450439e-01
32659.3  4.456953e-01
32672.8  4.464971e-01
32686.3  4.475249e-01
32699.8  4.481690e-01
32713.3  4.486875e-01
32726.8  4.492068e-01
32740.3  4.497295e-01
32753.9  4.502470e-01
32767.4  4.507692e-01
32780.9  4.512787e-01
32794.4  4.517976e-01
32807.9  4.523130e-01
32821.4  4.528412e-01
32834.9  4.533648e-01
32848.4  4.538937e-01
32861.9  4.544249e-01
32875.5  4.549620e-01
32889.0  4.555124e-01
32902.5  4.566039e-01
32916.0  4.571745e-01
32929.5  4.577439e-01
32943.0  4.583364e-01
32956.5  4.589295e-01
32970.0  4.595312e-01
32983.6  4.601328e-01
32997.1  4.607399e-01
33010.6  4.612458e-01
33024.1  4.617227e-01
33037.6  4.622123e-01
33051.1  4.626970e-01
33064.6  4.631994e-01
33078.1  4.637060e-01
33091.7  4.642332e-01
33105.2  4.647421e-01
33118.7  4.656965e-01
33132.2  4.662593e-01
33145.7  4.667517e-01
33159.2  4.672529e-01
33172.7  4.677449e-01
33186.2  4.682427e-01
33199.8  4.687292e-01
33213.3  4.691726e-01
33226.8  4.696080e-01
33240.3  4.700396e-01
33253.8  4.704698e-01
33267.3  4.708894e-01
33280.8  4.713147e-01
33294.3  4.717326e-01
33307.9  4.718101e-01
33321.4  4.716244e-01
33334.9  4.714369e-01
33348.4  4.717075e-01
33361.9  4.715962e-01
33375.4  4.713973e-01
33388.9  4.711829e-01
33402.4  4.707427e-01
33416.0  4.692615e-01
33429.5  4.677802e-01
33443.0  4.662869e-01
33456.5  4.647847e-01
33470.0  4.632748e-01
33483.5  4.617517e-01
33497.0  4.602355e-01
33510.5  4.570625e-01
33524.1  4.534238e-01
33537.6  4.497700e-01
33551.1  4.461109e-01
33564.6  4.424470e-01
33578.1  4.387758e-01
33591.6  4.351035e-01
33605.1  4.329969e-01
33618.6  4.334862e-01
33632.2  4.339687e-01
33645.7  4.344547e-01
33659.2  4.349416e-01
33672.7  4.354244e-01
33686.2  4.359114e-01
33699.7  4.363935e-01
33713.2  4.404759e-01
33726.7  4.449739e-01
33740.2  4.498389e-01
33753.8  4.540228e-01
33767.3  4.582089e-01
33780.8  4.624092e-01
33794.3  4.666105e-01
33807.8  4.691594e-01
33821.3  4.704886e-01
33834.8  4.718246e-01
33848.3  4.731624e-01
33861.9  4.744973e-01
33875.4  4.758415e-01
33888.9  4.771765e-01
33902.4  4.782400e-01
33915.9  4.780194e-01
33929.4  4.777927e-01
33942.9  4.775574e-01
33956.4  4.773070e-01
33970.0  4.770557e-01
33983.5  4.767862e-01
33997.0  4.765135e-01
34010.5  4.761803e-01
34024.0  4.758244e-01
34037.5  4.754676e-01
34051.0  4.751011e-01
34064.5  4.747379e-01
34078.1  4.743615e-01
34091.6  4.740697e-01
34105.1  4.742261e-01
34118.6  4.740274e-01
34132.1  4.738273e-01
34145.6  4.736118e-01
34159.1  4.738821e-01
34172.6  4.737027e-01
34186.2  4.734712e-01
34199.7  4.732354e-01
34213.2  4.733768e-01
34226.7  4.735324e-01
34240.2  4.736765e-01
34253.7  4.738214e-01
34267.2  4.739652e-01
34280.7  4.741085e-01
34294.3  4.742609e-01
34307.8  4.742998e-01
34321.3  4.742598e-01
34334.8  4.742041e-01
34348.3  4.741396e-01
34361.8  4.740718e-01
34375.3  4.739893e-01
34388.8  4.739053e-01
34402.4  4.737735e-01
34415.9  4.734710e-01
34429.4  4.731716e-01
34442.9  4.734274e-01
34456.4  4.731419e-01
34469.9  4.728552e-01
34483.4  4.727580e-01
34496.9  4.728274e-01
34510.5  4.727603e-01
34524.0  4.727663e-01
34537.5  4.727721e-01
34551.0  4.727892e-01
34564.5  4.728069e-01
34578.0  4.728257e-01
34591.5  4.728517e-01
34605.0  4.730236e-01
34618.5  4.734548e-01
34632.1  4.738847e-01
34645.6  4.743176e-01
34659.1  4.747550e-01
34672.6  4.751891e-01
34686.1  4.756318e-01
34699.6  4.760729e-01
34713.1  4.761960e-01
34726.6  4.763134e-01
34740.2  4.764282e-01
34753.7  4.765521e-01
34767.2  4.770772e-01
34780.7  4.773611e-01
34794.2  4.777146e-01
34807.7  4.783407e-01
34821.2  4.788042e-01
34834.7  4.792621e-01
34848.3  4.797173e-01
34861.8  4.801685e-01
34875.3  4.806096e-01
34888.8  4.810504e-01
34902.3  4.815065e-01
34915.8  4.820782e-01
34929.3  4.826470e-01
34942.8  4.832066e-01
34956.4  4.837656e-01
34969.9  4.843138e-01
34983.4  4.848580e-01
34996.9  4.854012e-01
35010.4  4.858812e-01
35023.9  4.863451e-01
35037.4  4.868021e-01
35050.9  4.872548e-01
35064.5  4.877038e-01
35078.0  4.886007e-01
35091.5  4.891619e-01
35105.0  4.899059e-01
35118.5  4.906929e-01
35132.0  4.911982e-01
35145.5  4.916881e-01
35159.0  4.921755e-01
35172.6  4.926566e-01
35186.1  4.931323e-01
35199.6  4.935990e-01
35213.1  4.939751e-01
35226.6  4.943402e-01
35240.1  4.947009e-01
35253.6  4.950610e-01
35267.1  4.954246e-01
35280.7  4.957841e-01
35294.2  4.961460e-01
35307.7  4.964755e-01
35321.2  4.967800e-01
35334.7  4.970879e-01
35348.2  4.978695e-01
35361.7  4.982796e-01
35375.2  4.985877e-01
35388.8  4.988946e-01
35402.3  4.991793e-01
35415.8  4.993368e-01
35429.3  5.000179e-01
35442.8  5.002279e-01
35456.3  5.004037e-01
35469.8  5.005878e-01
35483.3  5.007740e-01
35496.8  5.009607e-01
35510.4  5.011331e-01
35523.9  5.018390e-01
35537.4  5.019871e-01
35550.9  5.021382e-01
35564.4  5.022925e-01
35577.9  5.024538e-01
35591.4  5.026190e-01
35604.9  5.028151e-01
35618.5  5.030599e-01
35632.0  5.033046e-01
35645.5  5.035522e-01
35659.0  5.038030e-01
35672.5  5.040592e-01
35686.0  5.046750e-01
35699.5  5.051746e-01
35713.0  5.053805e-01
35726.6  5.055879e-01
35740.1  5.057945e-01
35753.6  5.060040e-01
35767.1  5.062145e-01
35780.6  5.069893e-01
35794.1  5.071988e-01
35807.6  5.073724e-01
35821.1  5.075194e-01
35834.7  5.076670e-01
35848.2  5.083019e-01
35861.7  5.085637e-01
35875.2  5.087141e-01
35888.7  5.088625e-01
35902.2  5.090005e-01
35915.7  5.090774e-01
35929.2  5.091533e-01
35942.8  5.092294e-01
35956.3  5.093055e-01
35969.8  5.093821e-01
35983.3  5.094615e-01
35996.8  5.095444e-01
36010.3  5.096265e-01
36023.8  5.097058e-01
36037.3  5.102176e-01
36050.9  5.104503e-01
36064.4  5.105228e-01
36077.9  5.105962e-01
36091.4  5.106700e-01
36104.9  5.107195e-01
36118.4  5.107291e-01
36131.9  5.107405e-01
36145.4  5.107515e-01
36159.0  5.107607e-01
36172.5  5.107705e-01
36186.0  5.107770e-01
36199.5  5.113218e-01
36213.0  5.113446e-01
36226.5  5.113405e-01
36240.0  5.113393e-01
36253.5  5.113388e-01
36267.1  5.113418e-01
36280.6  5.113449e-01
36294.1  5.113461e-01
36307.6  5.113900e-01
36321.1  5.114663e-01
36334.6  5.115391e-01
36348.1  5.116128e-01
36361.6  5.116879e-01
36375.2  5.117623e-01
36388.7  5.118397e-01
36402.2  5.119296e-01
36415.7  5.120772e-01
36429.2  5.122241e-01
36442.7  5.123695e-01
36456.2  5.125149e-01
36469.7  5.126572e-01
36483.2  5.128000e-01
36496.8  5.133479e-01
36510.3  5.137385e-01
36523.8  5.139546e-01
36537.3  5.141733e-01
36550.8  5.143891e-01
36564.3  5.146049e-01
36577.8  5.148211e-01
36591.3  5.150300e-01
36604.9  5.152108e-01
36618.4  5.153454e-01
36631.9  5.154778e-01
36645.4  5.156116e-01
36658.9  5.157445e-01
36672.4  5.158758e-01
36685.9  5.160059e-01
36699.4  5.166756e-01
36713.0  5.169001e-01
36726.5  5.170908e-01
36740.0  5.172763e-01
36753.5  5.174598e-01
36767.0  5.176376e-01
36780.5  5.178139e-01
36794.0  5.179928e-01
36807.5  5.181657e-01
36821.1  5.183394e-01
36834.6  5.185151e-01
36848.1  5.186826e-01
36861.6  5.188481e-01
36875.1  5.190136e-01
36888.6  5.191727e-01
36902.1  5.193115e-01
36915.6  5.193351e-01
36929.2  5.193541e-01
36942.7  5.199784e-01
36956.2  5.200017e-01
36969.7  5.200226e-01
36983.2  5.200463e-01
36996.7  5.200674e-01
37010.2  5.200858e-01
37023.7  5.201042e-01
37037.3  5.201201e-01
37050.8  5.201380e-01
37064.3  5.201608e-01
37077.8  5.201838e-01
37091.3  5.202109e-01
37104.8  5.202657e-01
37118.3  5.203639e-01
37131.8  5.204653e-01
37145.4  5.205648e-01
37158.9  5.206592e-01
37172.4  5.207549e-01
37185.9  5.208497e-01
37199.4  5.209453e-01
37212.9  5.210463e-01
37226.4  5.211461e-01
37239.9  5.212473e-01
37253.5  5.213528e-01
37267.0  5.214570e-01
37280.5  5.215623e-01
37294.0  5.216672e-01
37307.5  5.217690e-01
37321.0  5.218735e-01
37334.5  5.219775e-01
37348.0  5.220771e-01
37361.5  5.227835e-01
37375.1  5.228824e-01
37388.6  5.229748e-01
37402.1  5.231759e-01
37415.6  5.236464e-01
37429.1  5.236468e-01
37442.6  5.236433e-01
37456.1  5.236300e-01
37469.6  5.236078e-01
37483.2  5.235820e-01
37496.7  5.235481e-01
37510.2  5.235078e-01
37523.7  5.234646e-01
37537.2  5.234116e-01
37550.7  5.233511e-01
37564.2  5.232833e-01
37577.7  5.232011e-01
37591.3  5.231096e-01
37604.8  5.230090e-01
37618.3  5.228936e-01
37631.8  5.227704e-01
37645.3  5.226416e-01
37658.8  5.225023e-01
37672.3  5.223595e-01
37685.8  5.222121e-01
37699.4  5.220537e-01
37712.9  5.218827e-01
37726.4  5.217038e-01
37739.9  5.215122e-01
37753.4  5.213149e-01
37766.9  5.215288e-01
37780.4  5.215037e-01
37793.9  5.212935e-01
37807.5  5.211258e-01
37821.0  5.209900e-01
37834.5  5.208582e-01
37848.0  5.207258e-01
37861.5  5.205895e-01
37875.0  5.204562e-01
37888.5  5.203203e-01
37902.0  5.201600e-01
37915.6  5.198869e-01
37929.1  5.196176e-01
37942.6  5.193540e-01
37956.1  5.191059e-01
37969.6  5.188634e-01
37983.1  5.186271e-01
37996.6  5.184062e-01
38010.1  5.183008e-01
38023.7  5.182390e-01
38037.2  5.181924e-01
38050.7  5.181508e-01
38064.2  5.181183e-01
38077.7  5.181071e-01
38091.2  5.181092e-01
38104.7  5.180991e-01
38118.2  5.180606e-01
38131.8  5.180322e-01
38145.3  5.180164e-01
38158.8  5.180196e-01
38172.3  5.181663e-01
38185.8  5.186449e-01
38199.3  5.186756e-01
38212.8  5.187209e-01
38226.3  5.187775e-01
38239.8  5.188518e-01
38253.4  5.189344e-01
38266.9  5.190277e-01
38280.4  5.191362e-01
38293.9  5.192467e-01
38307.4  5.193585e-01
38320.9  5.194754e-01
38334.4  5.195852e-01
38347.9  5.196911e-01
38361.5  5.197982e-01
38375.0  5.198964e-01
38388.5  5.204797e-01
38402.0  5.206601e-01
38415.5  5.207380e-01
38429.0  5.208019e-01
38442.5  5.208587e-01
38456.0  5.208964e-01
38469.6  5.209135e-01
38483.1  5.209137e-01
38496.6  5.208843e-01
38510.1  5.208201e-01
38523.6  5.207338e-01
38537.1  5.206188e-01
38550.6  5.204733e-01
38564.1  5.203047e-01
38577.7  5.205604e-01
38591.2  5.204590e-01
38604.7  5.201891e-01
38618.2  5.198837e-01
38631.7  5.195348e-01
38645.2  5.191510e-01
38658.7  5.187269e-01
38672.2  5.182577e-01
38685.8  5.177569e-01
38699.3  5.172213e-01
38712.8  5.166328e-01
38726.3  5.160145e-01
38739.8  5.153619e-01
38753.3  5.146660e-01
38766.8  5.139379e-01
38780.3  5.131763e-01
38793.9  5.123745e-01
38807.4  5.115515e-01
38820.9  5.107071e-01
38834.4  5.098316e-01
38847.9  5.089354e-01
38861.4  5.080244e-01
38874.9  5.070906e-01
38888.4  5.061406e-01
38902.0  5.051806e-01
38915.5  5.041944e-01
38929.0  5.031936e-01
38942.5  5.021856e-01
38956.0  5.011583e-01
38969.5  5.001173e-01
38983.0  4.996484e-01
38996.5  4.985912e-01
39010.1  4.975196e-01
39023.6  4.964448e-01
39037.1  4.953612e-01
39050.6  4.942633e-01
39064.1  4.931603e-01
39077.6  4.920438e-01
39091.1  4.909023e-01
39104.6  4.897482e-01
39118.2  4.885769e-01
39131.7  4.873680e-01
39145.2  4.864072e-01
39158.7  4.853865e-01
39172.2  4.840522e-01
39185.7  4.826625e-01
39199.2  4.812101e-01
39212.7  4.796784e-01
39226.2  4.780560e-01
39239.8  4.763370e-01
39253.3  4.744960e-01
39266.8  4.725227e-01
39280.3  4.704112e-01
39293.8  4.681348e-01
39307.3  4.656749e-01
39320.8  4.630210e-01
39334.3  4.601553e-01
39347.9  4.570595e-01
39361.4  4.537263e-01
39374.9  4.503893e-01
39388.4  4.467779e-01
39401.9  4.426252e-01
39415.4  4.382249e-01
39428.9  4.334958e-01
39442.4  4.284358e-01
39456.0  4.230350e-01
39469.5  4.172802e-01
39483.0  4.111711e-01
39496.5  4.047120e-01
39510.0  3.978493e-01
39523.5  3.906203e-01
39537.0  3.830666e-01
39550.5  3.751870e-01
39564.1  3.669911e-01
39577.6  3.585042e-01
39591.1  3.497424e-01
39604.6  3.407280e-01
39618.1  3.314940e-01
39631.6  3.220674e-01
39645.1  3.124716e-01
39658.6  3.027478e-01
39672.2  2.929341e-01
39685.7  2.830499e-01
39699.2  2.734125e-01
39712.7  2.635216e-01
39726.2  2.536375e-01
39739.7  2.438152e-01
39753.2  2.340889e-01
39766.7  2.244849e-01
39780.3  2.152747e-01
39793.8  2.059876e-01
39807.3  1.968937e-01
39820.8  1.880087e-01
39834.3  1.793554e-01
39847.8  1.709474e-01
39861.3  1.627926e-01
39874.8  1.549004e-01
39888.4  1.472813e-01
39901.9  1.399360e-01
39915.4  1.328690e-01
39928.9  1.260850e-01
39942.4  1.195796e-01
39955.9  1.133498e-01
39969.4  1.073942e-01
39982.9  1.017075e-01
39996.5  9.628060e-02
40010.0  9.110843e-02
40023.5  8.618687e-02
40037.0  8.150507e-02
40050.5  7.705707e-02
40064.0  7.283520e-02
40077.5  6.882940e-02
40091.0  6.503081e-02
40104.5  6.143660e-02
40118.1  5.803879e-02
40131.6  5.482055e-02
40145.1  5.177664e-02
40158.6  4.889818e-02
40172.1  4.617613e-02
40185.6  4.363153e-02
40199.1  4.122060e-02
40212.6  3.895969e-02
40226.2  3.678024e-02
40239.7  3.472435e-02
40253.2  3.278324e-02
40266.7  3.095066e-02
40280.2  2.922226e-02
40293.7  2.759301e-02
40307.2  2.605580e-02
40320.7  2.460602e-02
40334.3  2.323893e-02
40347.8  2.194772e-02
40361.3  2.072967e-02
40374.8  1.958197e-02
40388.3  1.850007e-02
40401.8  1.747895e-02
40415.3  1.651789e-02
40428.8  1.561161e-02
40442.4  1.475670e-02
40455.9  1.395203e-02
40469.4  1.319438e-02
40482.9  1.247930e-02
40496.4  1.180325e-02
40509.9  1.116499e-02
40523.4  1.056288e-02
40536.9  9.994881e-03
40550.5  9.459957e-03
40564.0  8.955597e-03
40577.5  8.479059e-03
40591.0  8.028864e-03
40604.5  7.608835e-03
40618.0  7.211922e-03
40631.5  6.831597e-03
40645.0  6.472511e-03
40658.6  6.133522e-03
40672.1  5.812975e-03
40685.6  5.510403e-03
40699.1  5.225552e-03
40712.6  4.956654e-03
40726.1  4.706182e-03
40739.6  4.469040e-03
40753.1  4.243441e-03
40766.7  4.029951e-03
40780.2  3.828859e-03
40793.7  3.639176e-03
40807.2  3.458972e-03
40820.7  3.288473e-03
40834.2  3.127583e-03
40847.7  2.974899e-03
40861.2  2.828747e-03
40874.8  2.689931e-03
40888.3  2.557741e-03
40901.8  2.431902e-03
40915.3  2.312657e-03
40928.8  2.200238e-03
40942.3  2.094276e-03
40955.8  1.994754e-03
40969.3  1.901870e-03
40982.8  1.813664e-03
40996.4  1.729334e-03
41009.9  1.649330e-03
41023.4  1.574543e-03
41036.9  1.504667e-03
41050.4  1.437236e-03
41063.9  1.372408e-03
41077.4  1.310688e-03
41090.9  1.252085e-03
41104.5  1.197582e-03
41118.0  1.146767e-03
41131.5  1.097941e-03
41145.0  1.051574e-03
41158.5  1.007757e-03
41172.0  9.660362e-04
41185.5  9.261819e-04
41199.0  8.886098e-04
41212.6  8.523660e-04
41226.1  8.172594e-04
41239.6  7.833392e-04
41253.1  7.510499e-04
41266.6  7.197566e-04
41280.1  6.893664e-04
41293.6  6.609872e-04
41307.1  6.342030e-04
41320.7  6.087402e-04
41334.2  5.848782e-04
41347.7  5.631662e-04
41361.2  5.426586e-04
41374.7  5.234255e-04
41388.2  5.057693e-04
41401.7  4.893408e-04
41415.2  4.724657e-04
41428.8  4.554515e-04
41442.3  4.390362e-04
41455.8  4.233608e-04
41469.3  4.082187e-04
41482.8  3.941880e-04
41496.3  3.804016e-04
41509.8  3.669545e-04
41523.3  3.550548e-04
41536.9  3.445096e-04
41550.4  3.340024e-04
41563.9  3.223206e-04
41577.4  3.108389e-04
41590.9  3.002843e-04
41604.4  2.907346e-04
41617.9  2.816975e-04
41631.4  2.733705e-04
41645.0  2.653382e-04
41658.5  2.576673e-04
41672.0  2.510398e-04
41685.5  2.454774e-04
41699.0  2.402042e-04
41712.5  2.346266e-04
41726.0  2.291028e-04
41739.5  2.230848e-04
41753.1  2.164613e-04
41766.6  2.102304e-04
41780.1  2.050392e-04
41793.6  1.997997e-04
41807.1  1.940477e-04
41820.6  1.881962e-04
41834.1  1.830075e-04
41847.6  1.780572e-04
41861.1  1.737118e-04
41874.7  1.696549e-04
41888.2  1.657191e-04
41901.7  1.614996e-04
41915.2  1.577230e-04
41928.7  1.544945e-04
41942.2  1.513389e-04
41955.7  1.480309e-04
41969.2  1.453392e-04
41982.8  1.428647e-04
41996.3  1.398906e-04
42009.8  1.369062e-04
42023.3  1.344396e-04
42036.8  1.323631e-04
42050.3  1.302448e-04
42063.8  1.286143e-04
42077.3  1.274109e-04
42090.9  1.263987e-04
42104.4  1.255266e-04
42117.9  1.252488e-04
42131.4  1.248491e-04
42144.9  1.238157e-04
42158.4  1.222088e-04
42171.9  1.208490e-04
42185.4  1.194301e-04
42199.0  1.180423e-04
42212.5  1.166979e-04
42226.0  1.153240e-04
42239.5  1.134459e-04
42253.0  1.114346e-04
42266.5  1.096050e-04
42280.0  1.075992e-04
42293.5  1.056423e-04
42307.1  1.043760e-04
42320.6  1.041847e-04
42334.1  1.041959e-04
42347.6  1.037771e-04
42361.1  1.036018e-04
42374.6  1.035018e-04
42388.1  1.024967e-04
42401.6  9.979003e-05
42415.2  9.644126e-05
42428.7  9.296865e-05
42442.2  8.991118e-05
42455.7  8.794744e-05
42469.2  8.654048e-05
42482.7  8.540909e-05
42496.2  8.464301e-05
42509.7  8.490258e-05
42523.3  8.519282e-05
42536.8  8.436244e-05
42550.3  8.228683e-05
42563.8  7.967605e-05
42577.3  7.709054e-05
42590.8  7.438224e-05
42604.3  7.195601e-05
42617.8  7.003759e-05
42631.4  6.862222e-05
42644.9  6.739787e-05
42658.4  6.655927e-05
42671.9  6.585714e-05
42685.4  6.460102e-05
42698.9  6.254641e-05
42712.4  6.026551e-05
42725.9  5.798853e-05
42739.5  5.563737e-05
42753.0  5.372124e-05
42766.5  5.246635e-05
42780.0  5.165520e-05
42793.5  5.103711e-05
42807.0  5.121562e-05
42820.5  5.230415e-05
42834.0  5.350234e-05
42847.5  5.430439e-05
42861.1  5.490460e-05
42874.6  5.560743e-05
42888.1  5.612894e-05
42901.6  5.649759e-05
42915.1  5.688135e-05
42928.6  5.723335e-05
42942.1  5.729008e-05
42955.6  5.705560e-05
42969.2  5.683752e-05
42982.7  5.658309e-05
42996.2  5.565240e-05
43009.7  5.453283e-05
43023.2  5.321222e-05
43036.7  5.128142e-05
43050.2  4.920133e-05
43063.7  4.722584e-05
43077.3  4.542064e-05
43090.8  4.372063e-05
43104.3  4.263887e-05
43117.8  4.172832e-05
43131.3  4.153384e-05
43144.8  4.173060e-05
43158.3  4.201339e-05
43171.8  4.238596e-05
43185.4  4.282029e-05
43198.9  4.278667e-05
43212.4  4.275021e-05
43225.9  4.315288e-05
43239.4  4.346533e-05
43252.9  4.319687e-05
43266.4  4.261647e-05
43279.9  4.213209e-05
43293.5  4.197629e-05
43307.0  4.179291e-05
43320.5  4.133103e-05
43334.0  4.084682e-05
43347.5  4.067068e-05
43361.0  4.100316e-05
43374.5  4.152382e-05
43388.0  4.182789e-05
43401.6  4.167264e-05
43415.1  4.109719e-05
43428.6  4.044409e-05
43442.1  3.955898e-05
43455.6  3.834088e-05
43469.1  3.663466e-05
43482.6  3.489724e-05
43496.1  3.332011e-05
43509.7  3.221350e-05
43523.2  3.166555e-05
43536.7  3.170307e-05
43550.2  3.211340e-05
43563.7  3.270476e-05
43577.2  3.328918e-05
43590.7  3.403304e-05
43604.2  3.475936e-05
43617.8  3.501240e-05
43631.3  3.451890e-05
43644.8  3.349139e-05
43658.3  3.217835e-05
43671.8  3.066729e-05
43685.3  2.916568e-05
43698.8  2.754674e-05
43712.3  2.594853e-05
43725.8  2.448716e-05
43739.4  2.362675e-05
43752.9  2.323439e-05
43766.4  2.337438e-05
43779.9  2.372632e-05
43793.4  2.440525e-05
43806.9  2.514463e-05
43820.4  2.582660e-05
43833.9  2.616898e-05
43847.5  2.636264e-05
43861.0  2.640585e-05
43874.5  2.619750e-05
43888.0  2.560304e-05
43901.5  2.477067e-05
43915.0  2.388674e-05
43928.5  2.300797e-05
43942.0  2.214698e-05
43955.6  2.132564e-05
43969.1  2.106406e-05
43982.6  2.131477e-05
43996.1  2.192750e-05
44009.6  2.234347e-05
44023.1  2.255619e-05
44036.6  2.277505e-05
44050.1  2.325039e-05
44063.7  2.366395e-05
44077.2  2.367395e-05
44090.7  2.352885e-05
44104.2  2.346932e-05
44117.7  2.356179e-05
44131.2  2.423072e-05
44144.7  2.512738e-05
44158.2  2.594635e-05
44171.8  2.597274e-05
44185.3  2.548031e-05
44198.8  2.437946e-05
44212.3  2.312942e-05
44225.8  2.214671e-05
44239.3  2.104269e-05
44252.8  2.016771e-05
44266.3  1.934000e-05
44279.9  1.948944e-05
44293.4  2.013431e-05
44306.9  2.128859e-05
44320.4  2.223041e-05
44333.9  2.298630e-05
44347.4  2.348852e-05
44360.9  2.410736e-05
44374.4  2.513861e-05
44388.0  2.643856e-05
44401.5  2.784078e-05
44415.0  2.914463e-05
44428.5  3.074793e-05
44442.0  3.236234e-05
44455.5  3.401345e-05
44469.0  3.477083e-05
44482.5  3.451039e-05
44496.1  3.291685e-05
44509.6  3.077244e-05
44523.1  2.830912e-05
44536.6  2.589572e-05
44550.1  2.367486e-05
44563.6  2.177582e-05
44577.1  2.083311e-05
44590.6  2.054872e-05
44604.1  2.101411e-05
44617.7  2.140501e-05
44631.2  2.198542e-05
44644.7  2.222738e-05
44658.2  2.208890e-05
44671.7  2.113559e-05
44685.2  1.960613e-05
44698.7  1.807741e-05
44712.2  1.694484e-05
44725.8  1.597615e-05
44739.3  1.468071e-05
44752.8  1.373516e-05
44766.3  1.292422e-05
44779.8  1.263204e-05
44793.3  1.226326e-05
44806.8  1.212483e-05
44820.3  1.168508e-05
44833.9  1.129252e-05
44847.4  1.107482e-05
44860.9  1.078896e-05
44874.4  1.087333e-05
44887.9  1.071368e-05
44901.4  1.079939e-05
44914.9  1.102369e-05
44928.4  1.166849e-05
44942.0  1.214178e-05
44955.5  1.250051e-05
44969.0  1.273513e-05
44982.5  1.303263e-05
44996.0  1.314739e-05
45009.5  1.255900e-05
45023.0  1.137097e-05
45036.5  9.795692e-06
45050.1  8.280793e-06
45063.6  7.003080e-06
45077.1  5.892572e-06
45090.6  4.686235e-06
45104.1  3.909763e-06
45117.6  3.442487e-06
45131.1  3.208993e-06
45144.6  3.519197e-06
45158.2  4.459924e-06
45171.7  5.383887e-06
45185.2  6.260034e-06
45198.7  7.427967e-06
45212.2  8.685715e-06
45225.7  1.002877e-05
45239.2  1.117852e-05
45252.7  1.220793e-05
45266.3  1.292678e-05
45279.8  1.335510e-05
45293.3  1.346557e-05
45306.8  1.330682e-05
45320.3  1.347484e-05
45333.8  1.381674e-05
45347.3  1.428876e-05
45360.8  1.451692e-05
45374.4  1.451787e-05
45387.9  1.383806e-05
45401.4  1.297636e-05
45414.9  1.184838e-05
45428.4  1.042015e-05
45441.9  8.970496e-06
45455.4  7.527481e-06
45468.9  6.300793e-06
45482.5  5.835159e-06
45496.0  6.663824e-06
45509.5  7.843498e-06
45523.0  9.195102e-06
45536.5  1.056503e-05
45550.0  1.188446e-05
45563.5  1.330447e-05
45577.0  1.447958e-05
45590.5  1.525187e-05
45604.1  1.555132e-05
45617.6  1.568394e-05
45631.1  1.567272e-05
45644.6  1.565875e-05
45658.1  1.583887e-05
45671.6  1.560040e-05
45685.1  1.518282e-05
45698.6  1.445080e-05
45712.2  1.415720e-05
45725.7  1.425022e-05
45739.2  1.436683e-05
45752.7  1.398367e-05
45766.2  1.320866e-05
45779.7  1.279218e-05
45793.2  1.278791e-05
45806.7  1.320066e-05
45820.3  1.336021e-05
45833.8  1.329586e-05
45847.3  1.328652e-05
45860.8  1.363831e-05
45874.3  1.438881e-05
45887.8  1.508543e-05
45901.3  1.543163e-05
45914.8  1.462802e-05
45928.4  1.334187e-05
45941.9  1.233579e-05
45955.4  1.185671e-05
45968.9  1.169542e-05
45982.4  1.121789e-05
45995.9  1.054134e-05
46009.4  9.937648e-06
46022.9  1.015542e-05
46036.5  1.048221e-05
46050.0  1.050479e-05
46063.5  1.014251e-05
46077.0  9.478156e-06
46090.5  8.776217e-06
46104.0  8.083504e-06
46117.5  7.542070e-06
46131.0  7.038315e-06
46144.6  6.517283e-06
46158.1  5.895144e-06
46171.6  5.199493e-06
46185.1  4.945792e-06
46198.6  4.877454e-06
46212.1  4.877259e-06
46225.6  4.671488e-06
46239.1  4.566447e-06
46252.7  4.732405e-06
46266.2  4.968222e-06
46279.7  5.232168e-06
46293.2  5.154369e-06
46306.7  5.137571e-06
46320.2  5.171548e-06
46333.7  5.208201e-06
46347.2  4.979489e-06
46360.8  4.683619e-06
46374.3  4.704858e-06
46387.8  4.620262e-06
46401.3  4.491294e-06
46414.8  4.251720e-06
46428.3  4.124404e-06
46441.8  4.088343e-06
46455.3  4.278562e-06
46468.8  4.386920e-06
46482.4  3.906818e-06
46495.9  3.437807e-06
46509.4  2.977744e-06
46522.9  2.477328e-06
46536.4  1.854233e-06
46549.9  1.249838e-06
46563.4  1.084450e-06
46576.9  1.116985e-06
46590.5  1.496488e-06
46604.0  1.846942e-06
46617.5  1.847752e-06
46631.0  1.846229e-06
46644.5  1.848968e-06
46658.0  1.895459e-06
46671.5  1.488621e-06
46685.0  9.580948e-07
46698.6  4.853307e-07
46712.1  1.356915e-07
46725.6  1.673400e-07
46739.1  2.863079e-07
46752.6  3.971106e-07
46766.1  5.822536e-07
46779.6  9.799765e-07
46793.1  1.841451e-06
46806.7  2.472468e-06
46820.2  2.828005e-06
46833.7  3.129439e-06
46847.2  3.217161e-06
46860.7  3.177643e-06
46874.2  3.052804e-06
46887.7  2.858028e-06
46901.2  2.528179e-06
46914.8  2.663248e-06
46928.3  3.470002e-06
46941.8  4.224929e-06
46955.3  5.155516e-06
46968.8  6.180597e-06
46982.3  7.036358e-06
46995.8  7.098757e-06
47009.3  6.680873e-06
47022.9  6.008582e-06
47036.4  4.964220e-06
47049.9  4.036002e-06
47063.4  3.047115e-06
47076.9  2.151295e-06
47090.4  1.818162e-06
47103.9  2.293998e-06
47117.4  2.900461e-06
47131.0  3.236596e-06
47144.5  3.254296e-06
47158.0  3.277794e-06
47171.5  3.201848e-06
47185.0  2.999639e-06
47198.5  2.371215e-06
47212.0  1.593952e-06
47225.5  1.317454e-06
47239.1  1.377930e-06
47252.6  1.618490e-06
47266.1  1.697020e-06
47279.6  1.856583e-06
47293.1  1.995392e-06
47306.6  2.082468e-06
47320.1  2.149552e-06
47333.6  1.857657e-06
47347.1  1.676394e-06
47360.7  1.488687e-06
47374.2  1.273069e-06
47387.7  1.037761e-06
47401.2  8.900397e-07
47414.7  8.005434e-07
47428.2  6.993350e-07
47441.7  5.697018e-07
47455.2  4.618326e-07
47468.8  7.127500e-07
47482.3  1.181476e-06
47495.8  1.482720e-06
47509.3  1.590302e-06
47522.8  1.613831e-06
47536.3  1.611893e-06
47549.8  1.591727e-06
47563.3  1.394937e-06
47576.9  9.619474e-07
47590.4  6.668582e-07
47603.9  5.370584e-07
47617.4  4.538663e-07
47630.9  4.286470e-07
47644.4  4.320220e-07
47657.9  5.747919e-07
47671.4  6.907985e-07
47685.0  6.966979e-07
47698.5  4.759033e-07
47712.0  3.199388e-07
47725.5  4.575868e-07
47739.0  5.881317e-07
47752.5  6.885889e-07
47766.0  6.296856e-07
47779.5  6.685253e-07
47793.1  8.110341e-07
47806.6  8.763965e-07
47820.1  9.266635e-07
47833.6  8.582079e-07
47847.1  1.043340e-06
47860.6  1.658015e-06
47874.1  2.384481e-06
47887.6  3.162771e-06
47901.2  3.901836e-06
47914.7  4.705682e-06
47928.2  5.398359e-06
47941.7  5.879623e-06
47955.2  6.012738e-06
47968.7  5.678415e-06
47982.2  5.270546e-06
47995.7  4.737721e-06
48009.3  4.233978e-06
48022.8  3.847311e-06
48036.3  3.739171e-06
48049.8  3.723868e-06
48063.3  3.477359e-06
48076.8  3.173602e-06
48090.3  2.944356e-06
48103.8  2.832584e-06
48117.4  2.819965e-06
48130.9  2.686647e-06
48144.4  2.342249e-06
48157.9  2.163699e-06
48171.4  2.375009e-06
48184.9  2.672993e-06
48198.4  2.779110e-06
48211.9  2.693016e-06
48225.5  2.547641e-06
48239.0  2.356711e-06
48252.5  2.112183e-06
48266.0  1.764801e-06
48279.5  1.378817e-06
48293.0  1.162659e-06
48306.5  1.267652e-06
48320.0  1.407821e-06
48333.5  1.390050e-06
48347.1  1.356864e-06
48360.6  1.392067e-06
48374.1  1.370263e-06
48387.6  1.338305e-06
48401.1  1.174878e-06
48414.6  8.521750e-07
48428.1  7.795126e-07
48441.6  1.163942e-06
48455.2  1.546511e-06
48468.7  1.873083e-06
48482.2  2.223683e-06
48495.7  2.740706e-06
48509.2  3.326376e-06
48522.7  3.749409e-06
48536.2  3.800878e-06
48549.7  3.405803e-06
48563.3  3.145634e-06
48576.8  3.016281e-06
48590.3  2.975742e-06
48603.8  2.866927e-06
48617.3  2.823919e-06
48630.8  3.022391e-06
48644.3  3.477054e-06
48657.8  3.979646e-06
48671.4  4.319992e-06
48684.9  4.504241e-06
48698.4  4.600515e-06
48711.9  4.597162e-06
48725.4  4.563817e-06
48738.9  4.562017e-06
48752.4  4.762416e-06
48765.9  5.067126e-06
48779.5  5.433602e-06
48793.0  5.896447e-06
48806.5  6.496347e-06
48820.0  7.362309e-06
48833.5  8.089491e-06
48847.0  8.519996e-06
48860.5  8.565479e-06
48874.0  8.577379e-06
48887.6  8.886030e-06
48901.1  9.289907e-06
48914.6  9.526465e-06
48928.1  9.438086e-06
48941.6  9.348614e-06
48955.1  9.586896e-06
48968.6  1.005153e-05
48982.1  1.053886e-05
48995.7  1.081029e-05
49009.2  1.102998e-05
49022.7  1.126620e-05
49036.2  1.142766e-05
49049.7  1.133493e-05
49063.2  1.103114e-05
49076.7  1.075570e-05
49090.2  1.063594e-05
49103.8  1.066382e-05
49117.3  1.039189e-05
49130.8  1.003110e-05
49144.3  9.771744e-06
49157.8  9.879718e-06
49171.3  1.016990e-05
49184.8  1.034818e-05
49198.3  1.041249e-05
49211.8  1.036406e-05
49225.4  1.052184e-05
49238.9  1.066796e-05
49252.4  1.078162e-05
49265.9  1.076594e-05
49279.4  1.093250e-05
49292.9  1.136527e-05
49306.4  1.174660e-05
49319.9  1.181290e-05
49333.5  1.155266e-05
49347.0  1.116333e-05
49360.5  1.064420e-05
49374.0  9.991923e-06
49387.5  8.945297e-06
49401.0  7.738951e-06
49414.5  6.890784e-06
49428.0  6.714046e-06
49441.6  6.898492e-06
49455.1  7.259141e-06
49468.6  7.656223e-06
49482.1  8.128939e-06
49495.6  8.652328e-06
49509.1  8.737982e-06
49522.6  8.482189e-06
49536.1  7.918275e-06
49549.7  7.491023e-06
49563.2  7.272597e-06
49576.7  7.316947e-06
49590.2  7.403586e-06
49603.7  7.523790e-06
49617.2  8.062590e-06
49630.7  8.647026e-06
49644.2  9.137967e-06
49657.8  9.145853e-06
49671.3  8.858920e-06
49684.8  8.455872e-06
49698.3  8.151528e-06
49711.8  7.930463e-06
49725.3  7.620979e-06
49738.8  7.284919e-06
49752.3  7.093228e-06
49765.9  7.318772e-06
49779.4  7.463522e-06
49792.9  6.824954e-06
49806.4  6.042934e-06
49819.9  5.153566e-06
49833.4  4.248520e-06
49846.9  3.356364e-06
49860.4  2.644290e-06
49874.0  2.019837e-06
49887.5  1.863961e-06
49901.0  2.676293e-06
49914.5  3.692733e-06
49928.0  4.706277e-06
49941.5  5.534901e-06
49955.0  6.223101e-06
49968.5  6.543610e-06
49982.1  6.660799e-06
49995.6  6.411090e-06
50009.1  5.951084e-06
50022.6  5.517373e-06
50036.1  5.285023e-06
50049.6  5.513966e-06
50063.1  5.685318e-06
50076.6  5.697418e-06
50090.1  5.561527e-06
50103.7  5.492777e-06
50117.2  5.533326e-06
50130.7  5.380312e-06
50144.2  4.975289e-06
50157.7  4.303497e-06
50171.2  3.845718e-06
50184.7  3.585680e-06
50198.2  3.518076e-06
50211.8  3.225166e-06
50225.3  2.879418e-06
50238.8  2.671279e-06
50252.3  2.552033e-06
50265.8  2.374009e-06
50279.3  1.921753e-06
50292.8  1.459650e-06
50306.3  1.014559e-06
50319.9  1.210418e-06
50333.4  1.505760e-06
50346.9  2.068912e-06
50360.4  2.604014e-06
50373.9  3.142517e-06
50387.4  3.814811e-06
50400.9  4.326488e-06
50414.4  4.713629e-06
50428.0  4.768857e-06
50441.5  4.750556e-06
50455.0  4.448090e-06
50468.5  4.126823e-06
50482.0  3.588129e-06
50495.5  2.937010e-06
50509.0  2.418719e-06
50522.5  2.016795e-06
50536.1  1.626175e-06
50549.6  1.195566e-06
50563.1  7.218743e-07
50576.6  2.625383e-07
50590.1  4.133983e-08
50603.6  1.001176e-08
50617.1  7.795995e-08
50630.6  7.902285e-08
50644.2  7.881297e-08
50657.7  7.860248e-08
50671.2  7.839136e-08
50684.7  7.817960e-08
50698.2  7.795394e-08
50711.7  7.145951e-08
50725.2  4.092361e-09
50738.7  2.816531e-09
50752.3  2.808700e-09
50765.8  2.909008e-09
50779.3  1.202476e-08
50792.8  1.139202e-07
50806.3  1.954177e-07
50819.8  2.080110e-07
50833.3  2.076986e-07
50846.8  2.070964e-07
50860.4  2.064923e-07
50873.9  2.057803e-07
50887.4  1.962597e-07
50900.9  9.609588e-08
50914.4  1.593255e-08
50927.9  1.182051e-08
50941.4  2.232970e-07
50954.9  5.735316e-07
50968.4  1.027787e-06
50982.0  1.424292e-06
50995.5  1.510817e-06
