# from http://www.stsci.edu/jwst/instruments/nircam/instrumentdesign/filters
# Retrieved Jan 18, 2017, dated Feb 5, 2016 (pre-flight)
# Uses modA or modB  filters+DBS+QE+OTE (nrc_plus_ote)
# Units of transmission are PCE (photon to electron conversion efficiency)
# 
20004.7  2.003372e-12
20020.7  1.159236e-12
20036.8  7.794398e-13
20052.9  3.973574e-13
20069.0  3.683204e-13
20085.1  3.594012e-13
20101.1  3.952726e-13
20117.2  4.885833e-13
20133.3  5.394663e-13
20149.4  5.387412e-13
20165.5  3.757512e-13
20181.6  3.923056e-13
20197.6  5.981823e-13
20213.7  8.756969e-13
20229.8  8.096203e-13
20245.9  5.282007e-13
20262.0  3.469393e-13
20278.0  3.597533e-13
20294.1  6.023194e-13
20310.2  5.850791e-13
20326.3  4.351575e-13
20342.4  5.107387e-13
20358.4  6.604034e-13
20374.5  8.613582e-13
20390.6  8.025038e-13
20406.7  7.636962e-13
20422.8  6.730258e-13
20438.8  4.940774e-13
20454.9  5.258512e-13
20471.0  6.673204e-13
20487.1  7.691282e-13
20503.2  8.451496e-13
20519.3  5.884927e-13
20535.3  4.994960e-13
20551.4  5.847304e-13
20567.5  9.609644e-13
20583.6  1.708510e-12
20599.7  2.214174e-12
20615.7  2.612383e-12
20631.8  2.721579e-12
20647.9  2.991729e-12
20664.0  3.311804e-12
20680.1  3.442653e-12
20696.1  3.777962e-12
20712.2  4.338628e-12
20728.3  4.530976e-12
20744.4  4.287155e-12
20760.5  4.038402e-12
20776.5  4.351981e-12
20792.6  3.950058e-12
20808.7  3.638563e-12
20824.8  3.284158e-12
20840.9  3.205609e-12
20857.0  4.850332e-12
20873.0  7.926469e-12
20889.1  1.115765e-11
20905.2  1.593934e-11
20921.3  1.543313e-11
20937.4  1.506127e-11
20953.4  1.311659e-11
20969.5  1.121283e-11
20985.6  1.212409e-11
21001.7  1.479943e-11
21017.8  1.089802e-11
21033.8  7.374750e-12
21049.9  1.672257e-12
21066.0  1.946744e-13
21082.1  2.030042e-13
21098.2  4.240140e-12
21114.2  5.285440e-11
21130.3  7.305417e-11
21146.4  9.228102e-11
21162.5  7.751628e-11
21178.6  6.349297e-11
21194.7  6.757421e-11
21210.7  9.241805e-11
21226.8  8.172527e-11
21242.9  5.847888e-11
21259.0  7.449337e-12
21275.1  4.587797e-13
21291.1  1.445520e-13
21307.2  1.404030e-13
21323.3  1.363034e-13
21339.4  1.324237e-13
21355.5  1.716673e-13
21371.5  2.068880e-12
21387.6  3.189048e-11
21403.7  5.034631e-11
21419.8  8.020448e-11
21435.9  8.954969e-11
21451.9  9.864843e-11
21468.0  9.504294e-11
21484.1  8.536246e-11
21500.2  8.199861e-11
21516.3  8.020469e-11
21532.4  7.834822e-11
21548.4  6.388684e-11
21564.5  5.448972e-11
21580.6  3.530355e-12
21596.7  5.705151e-12
21612.8  2.025311e-11
21628.8  3.651700e-11
21644.9  5.196892e-11
21661.0  5.404240e-11
21677.1  6.273115e-11
21693.2  4.385248e-11
21709.2  7.492533e-11
21725.3  6.538678e-11
21741.4  7.141141e-11
21757.5  5.593843e-11
21773.6  3.816001e-11
21789.6  2.404992e-11
21805.7  1.662747e-11
21821.8  2.330474e-11
21837.9  2.795619e-11
21854.0  3.434680e-11
21870.1  2.691273e-11
21886.1  3.283624e-11
21902.2  4.062734e-11
21918.3  4.815439e-11
21934.4  5.989505e-11
21950.5  6.511551e-11
21966.5  8.661534e-11
21982.6  8.045458e-11
21998.7  8.583506e-11
22014.8  2.626121e-11
22030.9  2.583201e-12
22046.9  4.701091e-13
22063.0  5.189098e-13
22079.1  5.763791e-13
22095.2  7.850988e-12
22111.3  1.404401e-10
22127.3  6.093606e-10
22143.4  8.744264e-10
22159.5  1.153778e-09
22175.6  1.107315e-09
22191.7  1.114269e-09
22207.7  5.725191e-10
22223.8  5.070845e-10
22239.9  4.817091e-10
22256.0  4.901699e-10
22272.1  1.285605e-09
22288.2  1.701028e-09
22304.2  2.444613e-09
22320.3  2.040121e-09
22336.4  1.641068e-09
22352.5  5.912927e-10
22368.6  6.682081e-11
22384.6  2.978465e-10
22400.7  8.153971e-10
22416.8  2.182993e-09
22432.9  4.149450e-09
22449.0  5.138125e-09
22465.0  6.031612e-09
22481.1  4.995315e-09
22497.2  4.566650e-09
22513.3  6.721872e-10
22529.4  4.971497e-11
22545.4  1.546935e-11
22561.5  1.765934e-11
22577.6  2.007028e-11
22593.7  1.043552e-10
22609.8  1.489788e-09
22625.9  1.057347e-08
22641.9  1.548992e-08
22658.0  2.518569e-08
22674.1  2.238885e-08
22690.2  1.819740e-08
22706.3  1.690221e-08
22722.3  1.912348e-08
22738.4  2.205481e-08
22754.5  2.174276e-08
22770.6  2.393698e-08
22786.7  2.765795e-08
22802.7  2.757145e-08
22818.8  2.924507e-08
22834.9  3.202765e-08
22851.0  3.727765e-08
22867.1  4.588188e-08
22883.1  5.520272e-08
22899.2  7.124433e-08
22915.3  6.605569e-08
22931.4  6.073002e-08
22947.5  5.128518e-08
22963.6  5.464540e-08
22979.6  6.863691e-08
22995.7  8.865526e-08
23011.8  1.269676e-07
23027.9  2.018607e-07
23044.0  2.532006e-07
23060.0  3.437602e-07
23076.1  4.552357e-07
23092.2  5.997023e-07
23108.3  7.954163e-07
23124.4  1.043165e-06
23140.4  1.378360e-06
23156.5  1.837755e-06
23172.6  2.469020e-06
23188.7  3.320906e-06
23204.8  4.356364e-06
23220.8  5.675865e-06
23236.9  7.280804e-06
23253.0  9.165000e-06
23269.1  1.141781e-05
23285.2  1.405228e-05
23301.3  1.712985e-05
23317.3  2.032831e-05
23333.4  2.301440e-05
23349.5  2.583086e-05
23365.6  2.809610e-05
23381.7  3.001689e-05
23397.7  3.157143e-05
23413.8  3.250810e-05
23429.9  3.314711e-05
23446.0  3.338210e-05
23462.1  3.333123e-05
23478.1  3.320424e-05
23494.2  3.277633e-05
23510.3  3.235688e-05
23526.4  3.197973e-05
23542.5  3.158673e-05
23558.5  3.131571e-05
23574.6  3.188116e-05
23590.7  3.317252e-05
23606.8  3.475055e-05
23622.9  3.629545e-05
23639.0  3.796911e-05
23655.0  3.952802e-05
23671.1  4.035076e-05
23687.2  4.111883e-05
23703.3  4.147520e-05
23719.4  4.137005e-05
23735.4  4.107893e-05
23751.5  4.027865e-05
23767.6  3.938568e-05
23783.7  3.854932e-05
23799.8  3.792584e-05
23815.8  3.735961e-05
23831.9  3.674668e-05
23848.0  3.610815e-05
23864.1  3.547202e-05
23880.2  3.547887e-05
23896.2  3.579334e-05
23912.3  3.612956e-05
23928.4  3.729085e-05
23944.5  3.866011e-05
23960.6  4.003182e-05
23976.7  4.080546e-05
23992.7  4.162422e-05
24008.8  4.200244e-05
24024.9  4.164667e-05
24041.0  4.129507e-05
24057.1  4.103711e-05
24073.1  4.084216e-05
24089.2  4.065712e-05
24105.3  3.977576e-05
24121.4  3.881043e-05
24137.5  3.788952e-05
24153.5  3.698329e-05
24169.6  3.610171e-05
24185.7  3.539502e-05
24201.8  3.514377e-05
24217.9  3.493194e-05
24233.9  3.473935e-05
24250.0  3.459085e-05
24266.1  3.444463e-05
24282.2  3.477402e-05
24298.3  3.540825e-05
24314.4  3.606840e-05
24330.4  3.612717e-05
24346.5  3.603559e-05
24362.6  3.595851e-05
24378.7  3.585956e-05
24394.8  3.578812e-05
24410.8  3.566055e-05
24426.9  3.476084e-05
24443.0  3.393369e-05
24459.1  3.308015e-05
24475.2  3.195121e-05
24491.2  3.086934e-05
24507.3  3.027293e-05
24523.4  3.058803e-05
24539.5  3.097452e-05
24555.6  3.154982e-05
24571.6  3.228895e-05
24587.7  3.304657e-05
24603.8  3.390006e-05
24619.9  3.483572e-05
24636.0  3.580444e-05
24652.0  3.552793e-05
24668.1  3.463997e-05
24684.2  3.378980e-05
24700.3  3.204696e-05
24716.4  3.011892e-05
24732.5  2.832104e-05
24748.5  2.636090e-05
24764.6  2.446152e-05
24780.7  2.270822e-05
24796.8  2.042630e-05
24812.9  1.832456e-05
24828.9  1.648886e-05
24845.0  1.442500e-05
24861.1  1.263262e-05
24877.2  1.110824e-05
24893.3  9.182084e-06
24909.3  7.664257e-06
24925.4  6.476106e-06
24941.5  6.181629e-06
24957.6  6.018608e-06
24973.7  5.978562e-06
24989.7  6.371490e-06
24997.8  3.478740e-05
25011.3  3.672233e-05
25024.8  3.086742e-05
25038.3  2.325800e-05
25051.8  2.614712e-05
25065.3  1.832676e-05
25078.9  8.730883e-06
25092.4  1.974241e-05
25105.9  1.898873e-05
25119.4  8.407451e-06
25132.9  7.514884e-06
25146.4  8.511727e-06
25159.9  7.494663e-06
25173.4  1.211536e-05
25187.0  7.025606e-06
25200.5  3.607294e-06
25214.0  3.249001e-08
25227.5  4.713447e-09
25241.0  1.345587e-06
25254.5  1.944114e-07
25268.0  2.508110e-06
25281.5  1.102178e-06
25295.1  1.567665e-06
25308.6  1.078421e-05
25322.1  7.740407e-06
25335.6  4.683303e-06
25349.1  2.497399e-06
25362.6  3.801190e-07
25376.1  4.725597e-09
25389.6  1.523240e-06
25403.2  3.593736e-06
25416.7  2.626688e-06
25430.2  1.908633e-06
25443.7  1.374221e-07
25457.2  6.574562e-06
25470.7  4.657242e-06
25484.2  4.540613e-06
25497.7  8.550583e-06
25511.2  4.755018e-06
25524.8  3.362592e-06
25538.3  1.159582e-06
25551.8  2.800584e-06
25565.3  3.808371e-06
25578.8  1.889561e-06
25592.3  6.575675e-06
25605.8  6.002787e-06
25619.3  7.233944e-06
25632.9  5.133064e-06
25646.4  6.621296e-06
25659.9  1.066432e-05
25673.4  6.360900e-06
25686.9  2.395556e-06
25700.4  1.636986e-06
25713.9  5.975732e-08
25727.4  4.092937e-06
25741.0  4.387727e-06
25754.5  3.513347e-06
25768.0  6.111952e-06
25781.5  5.944938e-06
25795.0  2.619916e-06
25808.5  1.757880e-06
25822.0  4.489417e-06
25835.5  7.131174e-06
25849.1  4.321957e-06
25862.6  9.451826e-06
25876.1  7.108179e-06
25889.6  3.078373e-06
25903.1  8.875334e-06
25916.6  6.502998e-06
25930.1  6.190870e-06
25943.6  1.117759e-05
25957.2  1.026566e-05
25970.7  7.607985e-06
25984.2  9.306898e-06
25997.7  3.431866e-06
26011.2  1.808375e-06
26024.7  1.221401e-06
26038.2  5.784469e-07
26051.7  1.517747e-06
26065.3  1.423992e-06
26078.8  5.488489e-06
26092.3  3.195797e-06
26105.8  5.311370e-06
26119.3  3.065777e-06
26132.8  4.575702e-06
26146.3  7.155701e-07
26159.8  3.129885e-06
26173.4  7.540996e-07
26186.9  2.361237e-06
26200.4  5.196410e-07
26213.9  1.487055e-06
26227.4  3.967139e-06
26240.9  3.317319e-07
26254.4  1.349085e-06
26267.9  5.936867e-07
26281.5  2.075834e-06
26295.0  9.614793e-06
26308.5  6.633968e-06
26322.0  2.214633e-06
26335.5  4.835609e-06
26349.0  1.790171e-06
26362.5  2.274036e-06
26376.0  3.875328e-06
26389.5  5.429222e-06
26403.1  3.434500e-06
26416.6  6.272206e-06
26430.1  5.798097e-06
26443.6  6.825057e-06
26457.1  1.001935e-06
26470.6  6.657696e-06
26484.1  1.658688e-06
26497.6  4.593400e-06
26511.2  2.746412e-06
26524.7  2.340540e-06
26538.2  6.628402e-06
26551.7  4.193598e-06
26565.2  7.411994e-07
26578.7  1.541138e-06
26592.2  1.580085e-06
26605.7  1.605432e-08
26619.3  4.727943e-09
26632.8  2.895675e-06
26646.3  3.727960e-08
26659.8  3.979792e-07
26673.3  6.798773e-09
26686.8  7.064312e-07
26700.3  1.096691e-06
26713.8  3.406924e-06
26727.4  2.944035e-06
26740.9  5.002087e-08
26754.4  2.629761e-06
26767.9  2.346050e-06
26781.4  4.110569e-06
26794.9  2.648038e-06
26808.4  3.156457e-06
26821.9  1.766691e-06
26835.5  4.691303e-09
26849.0  4.690960e-09
26862.5  7.888588e-07
26876.0  7.228110e-07
26889.5  2.000707e-06
26903.0  4.561336e-06
26916.5  1.729835e-08
26930.0  4.691840e-09
26943.6  1.746697e-08
26957.1  4.692898e-09
26970.6  4.693643e-09
26984.1  4.694533e-09
26997.6  7.215053e-07
27011.1  5.622480e-07
27024.6  1.151512e-06
27038.1  1.764155e-08
27051.7  7.945312e-07
27065.2  1.148021e-06
27078.7  8.444058e-09
27092.2  4.724000e-09
27105.7  5.591153e-08
27119.2  7.393768e-09
27132.7  1.729539e-08
27146.2  4.729580e-09
27159.8  5.090920e-07
27173.3  1.336108e-07
27186.8  4.737890e-09
27200.3  6.094706e-09
27213.8  1.860924e-07
27227.3  1.491420e-08
27240.8  4.747241e-09
27254.3  4.749482e-09
27267.9  1.277873e-06
27281.4  7.509347e-09
27294.9  1.116068e-06
27308.4  5.246106e-07
27321.9  7.017462e-08
27335.4  1.014343e-08
27348.9  1.224805e-07
27362.4  2.109928e-06
27375.9  4.053664e-06
27389.5  2.980132e-06
27403.0  2.073734e-07
27416.5  5.160666e-09
27430.0  9.731518e-08
27443.5  2.316832e-07
27457.0  2.138634e-06
27470.5  4.782001e-09
27484.0  4.784329e-09
27497.6  6.179115e-09
27511.1  1.400014e-06
27524.6  1.703790e-06
27538.1  4.762292e-09
27551.6  5.946821e-08
27565.1  3.152202e-06
27578.6  3.551293e-07
27592.1  4.903749e-09
27605.7  1.197871e-06
27619.2  6.671380e-07
27632.7  6.511433e-08
27646.2  1.579771e-06
27659.7  2.271831e-06
27673.2  1.730676e-06
27686.7  2.034821e-06
27700.2  1.240343e-07
27713.8  5.157178e-06
27727.3  1.759063e-06
27740.8  1.283703e-06
27754.3  2.851369e-06
27767.8  1.537290e-06
27781.3  1.689870e-08
27794.8  4.137086e-08
27808.3  2.450743e-06
27821.9  1.049241e-06
27835.4  2.287857e-06
27848.9  2.192801e-07
27862.4  2.434378e-06
27875.9  1.647358e-07
27889.4  4.726978e-09
27902.9  4.728154e-09
27916.4  2.828253e-07
27930.0  4.749491e-06
27943.5  2.965975e-06
27957.0  1.253771e-06
27970.5  1.573855e-06
27984.0  5.196551e-07
27997.5  4.741560e-09
28011.0  4.742386e-09
28024.5  5.765645e-07
28038.1  2.238622e-06
28051.6  4.742264e-09
28065.1  1.514365e-08
28078.6  5.728225e-06
28092.1  7.635605e-06
28105.6  4.246756e-06
28119.1  3.012123e-06
28132.6  2.536028e-06
28146.2  1.255363e-06
28159.7  1.312597e-06
28173.2  4.715504e-08
28186.7  1.041765e-08
28200.2  4.228990e-06
28213.7  5.736449e-06
28227.2  1.480704e-06
28240.7  9.079176e-07
28254.2  1.266836e-06
28267.8  1.049860e-06
28281.3  1.918064e-08
28294.8  3.413530e-08
28308.3  4.785434e-06
28321.8  1.026814e-06
28335.3  2.899502e-06
28348.8  6.037584e-06
28362.3  2.595487e-06
28375.9  4.705236e-09
28389.4  3.157662e-07
28402.9  3.006489e-06
28416.4  1.888705e-06
28429.9  1.163987e-06
28443.4  2.017506e-06
28456.9  1.792950e-06
28470.4  2.277955e-06
28484.0  8.638639e-07
28497.5  1.205209e-06
28511.0  2.454492e-06
28524.5  9.345305e-09
28538.0  6.561291e-08
28551.5  3.221622e-06
28565.0  3.008190e-06
28578.5  9.774978e-07
28592.1  3.122577e-08
28605.6  7.434956e-09
28619.1  1.905267e-06
28632.6  8.644079e-07
28646.1  4.628840e-09
28659.6  5.536274e-07
28673.1  9.985260e-07
28686.6  1.320733e-08
28700.2  2.312889e-06
28713.7  7.933756e-07
28727.2  2.187771e-08
28740.7  1.851441e-07
28754.2  6.215326e-09
28767.7  4.609281e-09
28781.2  6.775130e-09
28794.7  4.616396e-07
28808.3  2.577345e-06
28821.8  3.674056e-06
28835.3  4.141431e-06
28848.8  3.496464e-06
28862.3  3.999239e-06
28875.8  4.599968e-06
28889.3  2.142900e-06
28902.8  5.554806e-08
28916.4  5.444722e-09
28929.9  4.316496e-08
28943.4  3.566743e-06
28956.9  4.722180e-06
28970.4  9.619948e-07
28983.9  3.901014e-08
28997.4  4.581740e-09
29010.9  4.866297e-08
29024.5  6.114441e-08
29038.0  4.572300e-09
29051.5  4.568724e-09
29065.0  4.564960e-09
29078.5  3.076811e-07
29092.0  3.961533e-07
29105.5  1.120367e-07
29119.0  1.245397e-06
29132.5  1.053147e-06
29146.1  5.638281e-08
29159.6  1.426188e-06
29173.1  4.112441e-07
29186.6  5.833500e-07
29200.1  3.330638e-07
29213.6  4.511168e-09
29227.1  6.925787e-09
29240.6  5.146820e-07
29254.2  3.203691e-06
29267.7  5.317226e-06
29281.2  2.901593e-06
29294.7  4.037483e-06
29308.2  2.941612e-06
29321.7  1.534524e-08
29335.2  1.932357e-06
29348.7  2.264660e-06
29362.3  4.701135e-06
29375.8  2.441860e-06
29389.3  2.652945e-07
29402.8  7.272969e-07
29416.3  3.467578e-06
29429.8  8.402264e-07
29443.3  4.388224e-09
29456.8  2.279149e-06
29470.4  3.557413e-06
29483.9  9.268689e-07
29497.4  2.786395e-06
29510.9  3.971078e-06
29524.4  2.722632e-06
29537.9  1.439758e-06
29551.4  2.588458e-06
29564.9  9.046138e-07
29578.5  8.953328e-08
29592.0  9.449163e-07
29605.5  2.747428e-06
29619.0  3.855945e-06
29632.5  6.608448e-06
29646.0  2.832267e-06
29659.5  3.722822e-07
29673.0  8.184699e-07
29686.6  4.342012e-06
29700.1  5.698963e-06
29713.6  1.540187e-06
29727.1  5.376069e-09
29740.6  1.536200e-06
29754.1  6.613557e-07
29767.6  2.351521e-08
29781.1  3.440988e-06
29794.7  7.848536e-06
29808.2  5.853949e-06
29821.7  3.699509e-06
29835.2  6.451883e-07
29848.7  4.767076e-07
29862.2  4.030863e-06
29875.7  5.069344e-06
29889.2  5.475707e-06
29902.8  5.359453e-06
29916.3  4.378662e-06
29929.8  2.465414e-06
29943.3  2.276834e-06
29956.8  1.093270e-06
29970.3  3.004861e-06
29983.8  7.666946e-06
29997.3  5.373378e-06
30010.9  3.041657e-06
30024.4  7.014601e-08
30037.9  1.080920e-06
30051.4  2.336765e-06
30064.9  1.929229e-06
30078.4  1.074164e-07
30091.9  3.306925e-06
30105.4  3.269931e-06
30118.9  2.411271e-06
30132.5  3.719002e-06
30146.0  1.897532e-06
30159.5  1.586996e-06
30173.0  1.525715e-06
30186.5  3.888831e-07
30200.0  1.044533e-06
30213.5  8.280857e-07
30227.0  2.141158e-08
30240.6  1.692688e-06
30254.1  1.296187e-07
30267.6  1.338219e-06
30281.1  3.121418e-07
30294.6  3.169083e-06
30308.1  4.995601e-06
30321.6  3.839718e-06
30335.1  2.642850e-06
30348.7  2.305168e-06
30362.2  5.987960e-09
30375.7  1.868080e-08
30389.2  1.415561e-06
30402.7  2.090293e-06
30416.2  9.246323e-07
30429.7  2.114480e-06
30443.2  6.250156e-06
30456.8  6.262961e-06
30470.3  3.177622e-06
30483.8  6.213646e-06
30497.3  7.363800e-06
30510.8  4.287464e-06
30524.3  9.656838e-06
30537.8  4.645770e-06
30551.3  1.744903e-06
30564.9  5.252228e-08
30578.4  1.699955e-06
30591.9  2.098662e-06
30605.4  3.791748e-06
30618.9  9.075674e-08
30632.4  3.948238e-09
30645.9  3.948581e-09
30659.4  3.953448e-09
30673.0  1.595886e-08
30686.5  6.393048e-07
30700.0  5.153919e-07
30713.5  3.352273e-06
30727.0  2.035206e-08
30740.5  3.954558e-09
30754.0  2.043534e-06
30767.5  2.985434e-06
30781.1  1.896514e-06
30794.6  3.423131e-06
30808.1  3.121807e-06
30821.6  2.833560e-06
30835.1  1.099588e-07
30848.6  1.081740e-06
30862.1  3.626620e-06
30875.6  2.858185e-06
30889.2  6.160296e-08
30902.7  9.210178e-07
30916.2  2.198299e-07
30929.7  3.929821e-08
30943.2  1.374055e-06
30956.7  2.816620e-06
30970.2  3.879310e-06
30983.7  9.303923e-07
30997.2  1.071712e-06
31010.8  2.718036e-06
31024.3  5.699302e-06
31037.8  1.524452e-06
31051.3  1.028361e-07
31064.8  6.623856e-08
31078.3  1.035770e-06
31091.8  8.811894e-07
31105.3  3.397768e-06
31118.9  1.308918e-06
31132.4  2.025210e-06
31145.9  1.926446e-06
31159.4  4.071658e-06
31172.9  5.266311e-06
31186.4  5.543744e-06
31199.9  7.338491e-07
31213.4  4.095311e-09
31227.0  4.103773e-09
31240.5  1.245837e-06
31254.0  5.647237e-06
31267.5  6.307399e-06
31281.0  3.280114e-06
31294.5  2.783471e-06
31308.0  4.152756e-09
31321.5  5.062613e-08
31335.1  3.626231e-06
31348.6  3.856517e-06
31362.1  1.898036e-06
31375.6  1.786075e-06
31389.1  2.206897e-06
31402.6  2.980063e-06
31416.1  5.243330e-06
31429.6  2.029359e-06
31443.2  1.068410e-06
31456.7  4.031797e-06
31470.2  6.503225e-06
31483.7  7.120054e-06
31497.2  2.970287e-06
31510.7  9.442736e-07
31524.2  1.221461e-06
31537.7  3.065196e-06
31551.3  2.234373e-06
31564.8  2.026553e-06
31578.3  4.275006e-06
31591.8  4.841920e-06
31605.3  2.696478e-06
31618.8  8.862028e-07
31632.3  5.018357e-06
31645.8  5.684739e-06
31659.4  3.892570e-06
31672.9  2.908925e-06
31686.4  2.469237e-06
31699.9  2.356104e-06
31713.4  3.835063e-06
31726.9  3.387893e-06
31740.4  1.408941e-06
31753.9  1.257120e-06
31767.5  1.859577e-07
31781.0  1.967497e-06
31794.5  5.058506e-06
31808.0  6.060202e-06
31821.5  5.605609e-06
31835.0  3.437922e-06
31848.5  6.671657e-08
31862.0  2.924492e-07
31875.5  2.833343e-06
31889.1  4.255615e-06
31902.6  2.558919e-06
31916.1  1.845629e-06
31929.6  1.915173e-06
31943.1  1.136902e-06
31956.6  1.678576e-06
31970.1  2.464328e-06
31983.6  6.408324e-06
31997.2  6.257514e-06
32010.7  3.981327e-06
32024.2  7.607282e-06
32037.7  5.977374e-06
32051.2  5.199269e-06
32064.7  4.537359e-07
32078.2  1.854204e-07
32091.7  6.949829e-07
32105.3  1.507441e-06
32118.8  1.614293e-06
32132.3  1.909878e-06
32145.8  9.411018e-07
32159.3  4.309134e-06
32172.8  3.555538e-06
32186.3  3.581168e-08
32199.8  4.623431e-09
32213.4  6.428695e-09
32226.9  1.399409e-06
32240.4  3.041867e-06
32253.9  3.187701e-06
32267.4  5.862028e-08
32280.9  4.673875e-09
32294.4  7.688682e-09
32307.9  1.205804e-06
32321.5  5.460296e-06
32335.0  2.491093e-06
32348.5  1.661420e-06
32362.0  6.018875e-09
32375.5  4.710100e-09
32389.0  4.714593e-09
32402.5  1.054698e-06
32416.0  6.254742e-06
32429.6  4.976581e-06
32443.1  4.264755e-06
32456.6  2.823512e-06
32470.1  3.132449e-08
32483.6  4.746196e-09
32497.1  9.595901e-07
32510.6  3.452018e-06
32524.1  6.597815e-07
32537.7  4.283634e-06
32551.2  2.159267e-06
32564.7  2.332870e-06
32578.2  3.657976e-06
32591.7  1.158785e-06
32605.2  1.517815e-06
32618.7  2.233143e-06
32632.2  3.042103e-06
32645.8  3.704499e-06
32659.3  4.633285e-06
32672.8  3.470044e-06
32686.3  1.679129e-08
32699.8  4.605315e-07
32713.3  2.653473e-06
32726.8  2.639120e-06
32740.3  3.582262e-06
32753.9  3.825280e-06
32767.4  3.612540e-06
32780.9  5.094389e-06
32794.4  1.983529e-06
32807.9  1.006320e-06
32821.4  1.136384e-06
32834.9  2.662394e-06
32848.4  3.266943e-06
32861.9  4.617824e-06
32875.5  5.085467e-06
32889.0  1.637120e-06
32902.5  1.065543e-06
32916.0  4.170885e-07
32929.5  2.140844e-06
32943.0  8.066483e-06
32956.5  9.528771e-06
32970.0  4.381007e-06
32983.6  3.192836e-06
32997.1  3.850432e-06
33010.6  3.761434e-06
33024.1  1.857276e-06
33037.6  1.954677e-06
33051.1  3.367925e-06
33064.6  4.177232e-06
33078.1  2.766657e-06
33091.7  7.657834e-07
33105.2  1.498398e-06
33118.7  2.312581e-06
33132.2  3.196183e-06
33145.7  4.894992e-06
33159.2  2.064328e-06
33172.7  3.079086e-07
33186.2  4.949545e-09
33199.8  3.118503e-07
33213.3  5.392054e-06
33226.8  6.050319e-06
33240.3  5.160453e-06
33253.8  6.728644e-06
33267.3  2.824872e-06
33280.8  1.208798e-07
33294.3  7.511555e-08
33307.9  5.794599e-08
33321.4  7.707729e-07
33334.9  3.325312e-06
33348.4  1.753169e-06
33361.9  3.790927e-07
33375.4  4.263121e-07
33388.9  2.928606e-08
33402.4  4.956069e-09
33416.0  3.296964e-07
33429.5  2.271448e-06
33443.0  3.538576e-06
33456.5  1.758411e-06
33470.0  7.639540e-07
33483.5  2.393195e-06
33497.0  7.532281e-08
33510.5  5.929031e-07
33524.1  8.130678e-08
33537.6  1.916479e-06
33551.1  1.133845e-07
33564.6  4.615137e-09
33578.1  5.415620e-07
33591.6  6.321431e-09
33605.1  3.096755e-07
33618.6  1.769824e-06
33632.2  3.173214e-06
33645.7  3.893051e-06
33659.2  1.100261e-07
33672.7  5.731965e-08
33686.2  3.181791e-06
33699.7  2.639218e-06
33713.2  2.814405e-08
33726.7  2.911189e-07
33740.2  7.251297e-09
33753.8  1.203778e-06
33767.3  4.070452e-07
33780.8  3.071179e-06
33794.3  4.544108e-06
33807.8  4.347121e-06
33821.3  3.263681e-06
33834.8  3.434645e-06
33848.3  5.061866e-06
33861.9  2.681188e-06
33875.4  1.025718e-06
33888.9  2.165432e-06
33902.4  5.910107e-08
33915.9  5.007783e-09
33929.4  8.313586e-07
33942.9  3.569144e-06
33956.4  3.566767e-06
33970.0  2.729106e-06
33983.5  5.625754e-06
33997.0  4.815734e-06
34010.5  2.922615e-06
34024.0  6.481292e-06
34037.5  8.275260e-06
34051.0  6.315650e-06
34064.5  4.378538e-06
34078.1  4.647517e-06
34091.6  3.718983e-06
34105.1  4.498014e-06
34118.6  6.695429e-06
34132.1  1.374428e-06
34145.6  3.797779e-06
34159.1  4.052241e-06
34172.6  3.401629e-06
34186.2  2.470267e-06
34199.7  1.487578e-07
34213.2  1.909417e-06
34226.7  3.469412e-06
34240.2  8.930303e-06
34253.7  7.892052e-06
34267.2  7.427267e-06
34280.7  4.311682e-06
34294.3  2.021043e-06
34307.8  3.608228e-06
34321.3  7.955559e-06
34334.8  8.262502e-06
34348.3  5.288192e-06
34361.8  3.620123e-06
34375.3  6.833002e-06
34388.8  7.815374e-06
34402.4  5.519919e-06
34415.9  2.894422e-06
34429.4  2.977100e-06
34442.9  6.483243e-06
34456.4  4.540409e-06
34469.9  2.730464e-06
34483.4  5.516392e-06
34496.9  6.821444e-06
34510.5  5.399501e-06
34524.0  2.861342e-06
34537.5  2.216445e-06
34551.0  1.017315e-06
34564.5  2.507787e-06
34578.0  3.594965e-06
34591.5  6.316759e-06
34605.0  6.113239e-06
34618.5  3.242361e-06
34632.1  1.530699e-06
34645.6  1.036178e-06
34659.1  5.363921e-08
34672.6  1.193414e-08
34686.1  2.006176e-07
34699.6  7.486717e-07
34713.1  6.793591e-07
34726.6  9.127071e-07
34740.2  3.664911e-06
34753.7  4.471019e-06
34767.2  3.836368e-06
34780.7  3.420403e-06
34794.2  6.697497e-07
34807.7  4.178680e-06
34821.2  6.252967e-06
34834.7  5.042083e-06
34848.3  1.234688e-06
34861.8  7.818550e-07
34875.3  1.306044e-06
34888.8  1.724238e-06
34902.3  1.120739e-06
34915.8  9.354563e-08
34929.3  3.511068e-08
34942.8  3.003313e-06
34956.4  2.700501e-06
34969.9  8.235159e-09
34983.4  4.145731e-07
34996.9  6.138990e-09
35010.4  8.937459e-08
35023.9  2.707160e-07
35037.4  3.725942e-08
35050.9  5.088488e-09
35064.5  5.093578e-09
35078.0  5.103391e-09
35091.5  2.492646e-06
35105.0  3.647600e-07
35118.5  5.126318e-09
35132.0  5.131976e-09
35145.5  1.742187e-07
35159.0  1.200758e-06
35172.6  2.762497e-06
35186.1  3.229751e-06
35199.6  7.437419e-07
35213.1  1.619351e-07
35226.6  3.856404e-08
35240.1  5.173729e-09
35253.6  5.178314e-09
35267.1  5.182870e-09
35280.7  1.036743e-06
35294.2  1.473332e-06
35307.7  3.043454e-06
35321.2  5.022490e-06
35334.7  2.544163e-06
35348.2  3.209404e-07
35361.7  3.187115e-07
35375.2  1.078164e-06
35388.8  1.870483e-06
35402.3  5.093843e-06
35415.8  2.547688e-06
35429.3  4.060246e-07
35442.8  2.420556e-08
35456.3  5.241452e-09
35469.8  5.243401e-09
35483.3  5.245340e-09
35496.8  5.247271e-09
35510.4  5.248998e-09
35523.9  5.256275e-09
35537.4  5.257647e-09
35550.9  1.229414e-08
35564.4  3.740639e-08
35577.9  5.261735e-09
35591.4  5.263088e-09
35604.9  5.264707e-09
35618.5  1.543646e-07
35632.0  5.126910e-07
35645.5  5.878696e-09
35659.0  5.491069e-07
35672.5  2.248187e-06
35686.0  1.452125e-07
35699.5  5.285575e-09
35713.0  5.287014e-09
35726.6  6.713797e-08
35740.1  1.103805e-06
35753.6  8.422927e-09
35767.1  5.292812e-09
35780.6  5.648598e-09
35794.1  1.812244e-07
35807.6  7.562716e-08
35821.1  1.475492e-08
35834.7  7.068138e-08
35848.2  2.938193e-07
35861.7  1.724610e-08
35875.2  5.313574e-09
35888.7  5.314534e-09
35902.2  5.315392e-09
35915.7  5.315653e-09
35929.2  5.315930e-09
35942.8  8.295437e-09
35956.3  2.750232e-07
35969.8  5.316863e-09
35983.3  1.476960e-08
35996.8  3.348689e-08
36010.3  5.317947e-09
36023.8  1.035582e-08
36037.3  1.826279e-07
36050.9  1.042468e-08
36064.4  1.572705e-07
36077.9  1.777870e-06
36091.4  5.408210e-09
36104.9  3.570514e-08
36118.4  7.659618e-09
36131.9  1.775426e-07
36145.4  5.326443e-09
36159.0  5.326286e-09
36172.5  1.330164e-08
36186.0  1.607799e-08
36199.5  5.331478e-09
36213.0  1.351496e-08
36226.5  1.382333e-07
36240.0  8.971447e-09
36253.5  5.330767e-09
36267.1  6.840022e-07
36280.6  2.667477e-06
36294.1  2.067692e-06
36307.6  9.420069e-07
36321.1  2.499812e-06
36334.6  3.407669e-07
36348.1  5.331547e-09
36361.6  5.332003e-09
36375.2  5.332449e-09
36388.7  5.332885e-09
36402.2  5.333423e-09
36415.7  5.334542e-09
36429.2  5.335648e-09
36442.7  5.336741e-09
36456.2  5.337822e-09
36469.7  5.338889e-09
36483.2  5.339941e-09
36496.8  5.345174e-09
36510.3  5.348789e-09
36523.8  5.432485e-09
36537.3  2.158631e-06
36550.8  5.301590e-07
36564.3  5.355792e-09
36577.8  5.357506e-09
36591.3  5.359204e-09
36604.9  1.729417e-08
36618.4  1.810649e-06
36631.9  6.396258e-07
36645.4  7.516409e-07
36658.9  3.741070e-08
36672.4  5.365072e-09
36685.9  5.365921e-09
36699.4  5.372408e-09
36713.0  5.374283e-09
36726.5  5.375845e-09
36740.0  5.377396e-09
36753.5  5.378934e-09
36767.0  5.380463e-09
36780.5  5.381982e-09
36794.0  3.139876e-07
36807.5  1.246590e-06
36821.1  2.652202e-07
36834.6  2.865192e-06
36848.1  2.796985e-06
36861.6  2.549225e-06
36875.1  3.583373e-06
36888.6  3.654605e-07
36902.1  7.458206e-09
36915.6  5.839571e-07
36929.2  5.394705e-09
36942.7  5.400919e-09
36956.2  5.400873e-09
36969.7  5.400828e-09
36983.2  1.384181e-08
36996.7  8.974265e-07
37010.2  9.906516e-08
37023.7  5.400719e-09
37037.3  1.793190e-08
37050.8  6.275547e-08
37064.3  5.400726e-09
37077.8  5.400736e-09
37091.3  5.400751e-09
37104.8  5.401022e-09
37118.3  5.401747e-09
37131.8  5.402479e-09
37145.4  5.666521e-08
37158.9  4.449662e-08
37172.4  5.404720e-09
37185.9  5.405483e-09
37199.4  1.518163e-08
37212.9  5.141417e-07
37226.4  1.967443e-06
37239.9  3.994324e-08
37253.5  5.409478e-09
37267.0  5.410305e-09
37280.5  1.111416e-07
37294.0  1.262786e-06
37307.5  2.231087e-08
37321.0  5.413771e-09
37334.5  5.414688e-09
37348.0  5.415611e-09
37361.5  5.422818e-09
37375.1  1.039168e-07
37388.6  5.443098e-07
37402.1  1.769509e-06
37415.6  3.340248e-07
37429.1  3.841763e-07
37442.6  1.737921e-06
37456.1  3.064062e-06
37469.6  2.421613e-08
37483.2  5.432746e-09
37496.7  5.432950e-09
37510.2  5.433140e-09
37523.7  5.433325e-09
37537.2  5.433508e-09
37550.7  5.433690e-09
37564.2  5.433869e-09
37577.7  5.434045e-09
37591.3  5.434215e-09
37604.8  5.434387e-09
37618.3  5.434563e-09
37631.8  4.718035e-08
37645.3  7.327539e-07
37658.8  2.159311e-06
37672.3  4.311847e-08
37685.8  5.435318e-09
37699.4  5.435437e-09
37712.9  1.324384e-08
37726.4  6.089930e-08
37739.9  1.558861e-08
37753.4  3.071046e-08
37766.9  4.503623e-08
37780.4  5.441685e-09
37793.9  5.441619e-09
37807.5  5.441997e-09
37821.0  5.442732e-09
37834.5  5.443446e-09
37848.0  5.444139e-09
37861.5  5.444811e-09
37875.0  5.445459e-09
37888.5  5.446086e-09
37902.0  5.446462e-09
37915.6  1.288178e-08
37929.1  3.409719e-06
37942.6  3.853604e-06
37956.1  2.655099e-06
37969.6  3.353109e-06
37983.1  8.215484e-06
37996.6  8.703802e-06
38010.1  6.100303e-06
38023.7  7.558927e-07
38037.2  5.920902e-09
38050.7  5.440711e-09
38064.2  5.441037e-09
38077.7  5.441336e-09
38091.2  5.441609e-09
38104.7  5.441567e-09
38118.2  5.113403e-08
38131.8  9.601636e-09
38145.3  5.439691e-09
38158.8  5.439014e-09
38172.3  3.366294e-08
38185.8  7.758140e-07
38199.3  1.900029e-06
38212.8  6.046975e-08
38226.3  5.441698e-09
38239.8  3.824851e-08
38253.4  1.252977e-06
38266.9  8.091099e-08
38280.4  5.898682e-07
38293.9  2.694746e-06
38307.4  4.646033e-07
38320.9  5.436040e-09
38334.4  7.112807e-09
38347.9  1.267253e-06
38361.5  1.878758e-06
38375.0  3.652843e-07
38388.5  7.290638e-07
38402.0  6.368855e-07
38415.5  9.111246e-09
38429.0  1.403783e-07
38442.5  1.878686e-06
38456.0  2.188593e-06
38469.6  8.221272e-07
38483.1  1.498699e-06
38496.6  3.948684e-06
38510.1  3.031615e-06
38523.6  1.513622e-06
38537.1  1.274135e-07
38550.6  5.424500e-09
38564.1  5.423358e-09
38577.7  5.427012e-09
38591.2  6.536570e-09
38604.7  2.943118e-07
38618.2  1.367863e-06
38631.7  6.809734e-09
38645.2  5.423065e-09
38658.7  3.773199e-07
38672.2  2.094837e-06
38685.8  1.506296e-06
38699.3  1.148216e-06
38712.8  9.249164e-07
38726.3  9.631282e-07
38739.8  1.043926e-06
38753.3  1.091056e-07
38766.8  1.545660e-08
38780.3  2.086367e-06
38793.9  2.643636e-06
38807.4  2.228516e-06
38820.9  4.135671e-06
38834.4  4.932264e-06
38847.9  2.608556e-06
38861.4  3.298123e-06
38874.9  4.538941e-06
38888.4  5.486902e-06
38902.0  5.723284e-06
38915.5  2.637159e-06
38929.0  3.792489e-07
38942.5  4.288291e-07
38956.0  4.828882e-06
38969.5  7.538730e-06
38983.0  9.414290e-06
38996.5  1.274011e-05
39010.1  1.167825e-05
39023.6  7.967348e-06
39037.1  4.024975e-06
39050.6  2.031245e-06
39064.1  2.407280e-06
39077.6  3.034246e-06
39091.1  3.455824e-06
39104.6  3.781843e-06
39118.2  6.238978e-06
39131.7  8.912092e-06
39145.2  8.178508e-06
39158.7  1.004650e-05
39172.2  1.081022e-05
39185.7  8.284113e-06
39199.2  8.484567e-06
39212.7  8.742921e-06
39226.2  7.983300e-06
39239.8  8.620135e-06
39253.3  9.594791e-06
39266.8  4.440571e-06
39280.3  2.079248e-06
39293.8  2.402805e-06
39307.3  5.240602e-06
39320.8  6.069149e-06
39334.3  7.148284e-06
39347.9  8.391461e-06
39361.4  8.037534e-06
39374.9  6.861477e-06
39388.4  2.750950e-06
39401.9  1.696251e-06
39415.4  5.470853e-06
39428.9  8.457895e-06
39442.4  1.030525e-05
39456.0  1.361718e-05
39469.5  1.124636e-05
39483.0  6.659473e-06
39496.5  7.846438e-06
39510.0  1.136338e-05
39523.5  1.145085e-05
39537.0  9.533939e-06
39550.5  8.284687e-06
39564.1  6.814805e-06
39577.6  3.312988e-06
39591.1  2.387019e-06
39604.6  2.579087e-06
39618.1  3.880189e-06
39631.6  8.909308e-06
39645.1  1.379444e-05
39658.6  1.323223e-05
39672.2  9.348564e-06
39685.7  5.188592e-06
39699.2  2.462072e-06
39712.7  3.085890e-06
39726.2  5.972199e-06
39739.7  5.145637e-06
39753.2  3.472175e-06
39766.7  2.988199e-06
39780.3  3.797045e-06
39793.8  4.197561e-06
39807.3  6.056023e-06
39820.8  5.321020e-06
39834.3  2.286311e-06
39847.8  3.806066e-06
39861.3  5.477231e-06
39874.8  5.180203e-06
39888.4  3.926679e-06
39901.9  2.439051e-06
39915.4  2.403550e-06
39928.9  1.284137e-06
39942.4  1.350754e-06
39955.9  2.910295e-06
39969.4  2.281663e-06
39982.9  5.306501e-06
39996.5  5.635368e-06
40010.0  2.558986e-06
40023.5  1.321525e-06
40037.0  4.390377e-06
40050.5  7.212249e-06
40064.0  7.550528e-06
40077.5  6.578827e-06
40091.0  4.857607e-06
40104.5  4.659271e-06
40118.1  6.077175e-06
40131.6  6.195785e-06
40145.1  5.215912e-06
40158.6  7.901175e-06
40172.1  9.430933e-06
40185.6  7.450431e-06
40199.1  7.921774e-06
40212.6  9.362642e-06
40226.2  1.045164e-05
40239.7  9.503931e-06
40253.2  1.087289e-05
40266.7  8.679739e-06
40280.2  4.728701e-06
40293.7  4.186361e-06
40307.2  5.368418e-06
40320.7  7.076206e-06
40334.3  6.212725e-06
40347.8  8.855662e-06
40361.3  9.724851e-06
40374.8  9.670671e-06
40388.3  1.076871e-05
40401.8  8.818331e-06
40415.3  5.565085e-06
40428.8  3.406209e-06
40442.4  4.001817e-06
40455.9  3.205548e-06
40469.4  2.555281e-06
40482.9  2.728265e-06
40496.4  1.322050e-06
40509.9  7.536400e-07
40523.4  1.817245e-06
40536.9  4.176058e-06
40550.5  3.619361e-06
40564.0  3.981234e-06
40577.5  4.432846e-06
40591.0  5.119925e-06
40604.5  4.697722e-06
40618.0  3.457606e-06
40631.5  1.464102e-06
40645.0  8.010193e-09
40658.6  5.413112e-09
40672.1  5.412823e-09
40685.6  5.412549e-09
40699.1  2.189196e-08
40712.6  2.743366e-06
40726.1  3.154267e-06
40739.6  4.144604e-06
40753.1  5.845672e-06
40766.7  6.460609e-06
40780.2  9.945389e-06
40793.7  1.155077e-05
40807.2  1.244004e-05
40820.7  7.398809e-06
40834.2  5.669187e-06
40847.7  5.707965e-06
40861.2  8.796308e-06
40874.8  9.101064e-06
40888.3  1.112481e-05
40901.8  1.212119e-05
40915.3  6.115230e-06
40928.8  2.946878e-06
40942.3  5.732593e-06
40955.8  8.805355e-06
40969.3  8.520584e-06
40982.8  8.127520e-06
40996.4  5.902567e-06
41009.9  2.392903e-06
41023.4  2.828389e-06
41036.9  6.393686e-06
41050.4  9.524770e-06
41063.9  9.846892e-06
41077.4  1.091141e-05
41090.9  1.053095e-05
41104.5  9.551027e-06
41118.0  1.016338e-05
41131.5  1.280079e-05
41145.0  9.546942e-06
41158.5  6.550413e-06
41172.0  6.389421e-06
41185.5  7.038608e-06
41199.0  8.939767e-06
41212.6  1.217070e-05
41226.1  1.391822e-05
41239.6  8.577162e-06
41253.1  8.149602e-06
41266.6  1.002507e-05
41280.1  1.531981e-05
41293.6  1.437967e-05
41307.1  1.429420e-05
41320.7  1.509716e-05
41334.2  1.404996e-05
41347.7  1.180023e-05
41361.2  1.234428e-05
41374.7  1.107396e-05
41388.2  5.114805e-06
41401.7  5.903041e-06
41415.2  1.078890e-05
41428.8  1.566607e-05
41442.3  1.473233e-05
41455.8  1.302783e-05
41469.3  7.949545e-06
41482.8  2.969691e-06
41496.3  3.445340e-06
41509.8  8.338581e-06
41523.3  9.981746e-06
41536.9  6.943945e-06
41550.4  6.151206e-06
41563.9  3.681481e-06
41577.4  1.496564e-06
41590.9  1.623261e-07
41604.4  1.096762e-06
41617.9  3.305572e-06
41631.4  5.314596e-06
41645.0  6.588057e-06
41658.5  7.638031e-06
41672.0  5.191314e-06
41685.5  5.950656e-06
41699.0  6.879172e-06
41712.5  7.952750e-06
41726.0  8.460394e-06
41739.5  9.617790e-06
41753.1  8.682583e-06
41766.6  6.072870e-06
41780.1  4.268472e-06
41793.6  7.193238e-06
41807.1  6.281180e-06
41820.6  1.987230e-06
41834.1  1.191254e-07
41847.6  2.655801e-06
41861.1  5.314468e-06
41874.7  5.331545e-06
41888.2  6.333114e-06
41901.7  6.051982e-06
41915.2  2.299881e-06
41928.7  1.363902e-06
41942.2  1.853235e-06
41955.7  1.325744e-06
41969.2  9.723854e-07
41982.8  4.332840e-06
41996.3  9.187177e-06
42009.8  7.437426e-06
42023.3  6.276673e-06
42036.8  7.034108e-06
42050.3  1.035665e-05
42063.8  1.098849e-05
42077.3  1.347261e-05
42090.9  1.555796e-05
42104.4  1.459255e-05
42117.9  1.024874e-05
42131.4  9.026175e-06
42144.9  9.798005e-06
42158.4  8.713888e-06
42171.9  8.149902e-06
42185.4  1.001630e-05
42199.0  1.223180e-05
42212.5  1.584558e-05
42226.0  2.117718e-05
42239.5  2.827171e-05
42253.0  2.740465e-05
42266.5  2.031569e-05
42280.0  2.078736e-05
42293.5  2.300540e-05
42307.1  2.115136e-05
42320.6  1.560923e-05
42334.1  1.806021e-05
42347.6  2.043306e-05
42361.1  2.130299e-05
42374.6  2.286323e-05
42388.1  2.764317e-05
42401.6  2.568423e-05
42415.2  2.272497e-05
42428.7  2.321989e-05
42442.2  3.024290e-05
42455.7  2.780775e-05
42469.2  2.273179e-05
42482.7  1.991500e-05
42496.2  1.892662e-05
42509.7  1.167040e-05
42523.3  1.093166e-05
42536.8  1.461471e-05
42550.3  1.387532e-05
42563.8  7.827357e-06
42577.3  9.550283e-06
42590.8  1.192128e-05
42604.3  1.380974e-05
42617.8  1.360029e-05
42631.4  1.928962e-05
42644.9  2.266152e-05
42658.4  1.981998e-05
42671.9  1.332058e-05
42685.4  1.320564e-05
42698.9  1.433729e-05
42712.4  1.274068e-05
42725.9  9.851883e-06
42739.5  1.191906e-05
42753.0  1.145490e-05
42766.5  1.105308e-05
42780.0  1.099424e-05
42793.5  1.359027e-05
42807.0  1.291898e-05
42820.5  1.259651e-05
42834.0  1.341396e-05
42847.5  1.640604e-05
42861.1  1.409064e-05
42874.6  1.472057e-05
42888.1  1.696835e-05
42901.6  2.171029e-05
42915.1  1.635046e-05
42928.6  1.372487e-05
42942.1  1.346962e-05
42955.6  1.394573e-05
42969.2  9.778399e-06
42982.7  1.017235e-05
42996.2  1.620342e-05
43009.7  1.849366e-05
43023.2  1.266157e-05
43036.7  1.172593e-05
43050.2  1.087962e-05
43063.7  1.205154e-05
43077.3  1.016924e-05
43090.8  8.678811e-06
43104.3  7.903930e-06
43117.8  7.549642e-06
43131.3  7.142810e-06
43144.8  8.562658e-06
43158.3  8.981219e-06
43171.8  8.035194e-06
43185.4  6.324436e-06
43198.9  7.708181e-06
43212.4  8.741055e-06
43225.9  7.843762e-06
43239.4  6.376329e-06
43252.9  7.119570e-06
43266.4  8.749776e-06
43279.9  1.097253e-05
43293.5  1.153647e-05
43307.0  1.315129e-05
43320.5  7.719021e-06
43334.0  7.695504e-06
43347.5  7.032272e-06
43361.0  7.319182e-06
43374.5  6.558593e-06
43388.0  5.807744e-06
43401.6  8.961499e-06
43415.1  1.188591e-05
43428.6  9.345012e-06
43442.1  5.503800e-06
43455.6  6.817414e-06
43469.1  1.011231e-05
43482.6  9.274971e-06
43496.1  5.792347e-06
43509.7  5.293693e-06
43523.2  7.329724e-06
43536.7  1.160182e-05
43550.2  1.226556e-05
43563.7  1.448113e-05
43577.2  1.195707e-05
43590.7  6.579826e-06
43604.2  2.727461e-06
43617.8  3.882808e-06
43631.3  6.929848e-06
43644.8  7.797507e-06
43658.3  9.905997e-06
43671.8  1.365660e-05
43685.3  1.470256e-05
43698.8  1.274468e-05
43712.3  9.482751e-06
43725.8  9.433916e-06
43739.4  1.120788e-05
43752.9  8.976297e-06
43766.4  8.142295e-06
43779.9  9.554332e-06
43793.4  1.040124e-05
43806.9  8.640890e-06
43820.4  7.557167e-06
43833.9  9.124646e-06
43847.5  1.016963e-05
43861.0  7.417870e-06
43874.5  5.228402e-06
43888.0  6.446764e-06
43901.5  5.973143e-06
43915.0  2.873114e-06
43928.5  2.890200e-06
43942.0  3.592696e-06
43955.6  7.871287e-06
43969.1  4.378371e-06
43982.6  4.553643e-06
43996.1  4.568132e-06
44009.6  3.068354e-06
44023.1  7.776720e-07
44036.6  8.942960e-07
44050.1  4.997906e-06
44063.7  6.130415e-06
44077.2  6.086988e-06
44090.7  6.569452e-06
44104.2  9.941751e-06
44117.7  8.884866e-06
44131.2  3.180153e-06
44144.7  3.672934e-07
44158.2  8.115616e-09
44171.8  5.175492e-09
44185.3  5.173367e-09
44198.8  5.171232e-09
44212.3  4.997384e-07
44225.8  6.102265e-06
44239.3  7.470878e-06
44252.8  7.020311e-06
44266.3  6.871591e-06
44279.9  5.085096e-06
44293.4  2.232105e-06
44306.9  2.463587e-06
44320.4  3.535537e-06
44333.9  4.430851e-06
44347.4  1.553248e-06
44360.9  3.361615e-08
44374.4  1.578989e-08
44388.0  1.995229e-06
44401.5  2.725831e-06
44415.0  4.017908e-06
44428.5  6.116044e-06
44442.0  6.117590e-06
44455.5  4.988275e-06
44469.0  4.888825e-06
44482.5  7.632302e-06
44496.1  6.518266e-06
44509.6  3.093382e-06
44523.1  1.160844e-06
44536.6  3.633721e-06
44550.1  5.473882e-06
44563.6  4.805719e-06
44577.1  2.397818e-06
44590.6  3.074355e-06
44604.1  4.453599e-06
44617.7  2.975357e-06
44631.2  1.779804e-06
44644.7  2.944700e-06
44658.2  6.924603e-06
44671.7  4.484919e-06
44685.2  3.586473e-06
44698.7  3.656016e-06
44712.2  8.116590e-06
44725.8  6.715458e-06
44739.3  4.413284e-06
44752.8  3.805227e-06
44766.3  5.755485e-06
44779.8  3.118118e-06
44793.3  1.214437e-06
44806.8  1.558334e-06
44820.3  2.855418e-06
44833.9  8.132424e-07
44847.4  6.615134e-09
44860.9  2.090601e-07
44874.4  4.891432e-06
44887.9  1.766956e-05
44901.4  1.550879e-05
44914.9  1.448716e-05
44928.4  1.265067e-05
44942.0  1.034195e-05
44955.5  7.383439e-06
44969.0  5.657276e-06
44982.5  8.442363e-06
44996.0  1.254251e-05
45009.5  1.469214e-05
45023.0  1.003716e-05
45036.5  1.344555e-05
45050.1  1.684917e-05
45063.6  1.767990e-05
45077.1  1.678233e-05
45090.6  2.094642e-05
45104.1  3.104220e-05
45117.6  3.067758e-05
45131.1  2.882481e-05
45144.6  3.038145e-05
45158.2  4.502644e-05
45171.7  5.079431e-05
45185.2  5.181450e-05
45198.7  5.426920e-05
45212.2  7.025273e-05
45225.7  8.796545e-05
45239.2  9.638206e-05
45252.7  1.088495e-04
45266.3  1.273414e-04
45279.8  1.540290e-04
45293.3  1.654031e-04
45306.8  1.837125e-04
45320.3  2.105963e-04
45333.8  2.472668e-04
45347.3  2.763828e-04
45360.8  3.004934e-04
45374.4  3.379052e-04
45387.9  3.826183e-04
45401.4  4.310926e-04
45414.9  4.687640e-04
45428.4  5.181096e-04
45441.9  5.752652e-04
45455.4  6.353491e-04
45468.9  6.894691e-04
45482.5  7.488963e-04
45496.0  8.251280e-04
45509.5  9.002119e-04
45523.0  9.757621e-04
45536.5  1.048874e-03
45550.0  1.144520e-03
45563.5  1.246078e-03
45577.0  1.346643e-03
45590.5  1.445629e-03
45604.1  1.558674e-03
45617.6  1.693927e-03
45631.1  1.820897e-03
45644.6  1.952578e-03
45658.1  2.090040e-03
45671.6  2.255518e-03
45685.1  2.423287e-03
45698.6  2.589616e-03
45712.2  2.767610e-03
45725.7  2.970671e-03
45739.2  3.198006e-03
45752.7  3.418284e-03
45766.2  3.655006e-03
45779.7  3.909667e-03
45793.2  4.199526e-03
45806.7  4.498299e-03
45820.3  4.805676e-03
45833.8  5.144596e-03
45847.3  5.513771e-03
45860.8  5.915447e-03
45874.3  6.319330e-03
45887.8  6.759707e-03
45901.3  7.239881e-03
45914.8  7.765034e-03
45928.4  8.314780e-03
45941.9  8.889323e-03
45955.4  9.526312e-03
45968.9  1.021203e-02
45982.4  1.095054e-02
45995.9  1.171917e-02
46009.4  1.255429e-02
46022.9  1.346430e-02
46036.5  1.444202e-02
46050.0  1.548142e-02
46063.5  1.658355e-02
46077.0  1.779410e-02
46090.5  1.909212e-02
46104.0  2.048150e-02
46117.5  2.195701e-02
46131.0  2.354898e-02
46144.6  2.527731e-02
46158.1  2.712200e-02
46171.6  2.909480e-02
46185.1  3.120231e-02
46198.6  3.349082e-02
46212.1  3.594050e-02
46225.6  3.855037e-02
46239.1  4.133623e-02
46252.7  4.432341e-02
46266.2  4.754213e-02
46279.7  5.095942e-02
46293.2  5.460147e-02
46306.7  5.847961e-02
46320.2  6.263405e-02
46333.7  6.707150e-02
46347.2  7.174539e-02
46360.8  7.670389e-02
46374.3  8.197191e-02
46387.8  8.755511e-02
46401.3  9.344006e-02
46414.8  9.964728e-02
46428.3  1.061307e-01
46441.8  1.129631e-01
46455.3  1.201451e-01
46468.8  1.275361e-01
46482.4  1.352616e-01
46495.9  1.432892e-01
46509.4  1.515327e-01
46522.9  1.602387e-01
46536.4  1.689275e-01
46549.9  1.777518e-01
46563.4  1.868136e-01
46576.9  1.959132e-01
46590.5  2.050283e-01
46604.0  2.142616e-01
46617.5  2.233194e-01
46631.0  2.323631e-01
46644.5  2.414353e-01
46658.0  2.500186e-01
46671.5  2.585459e-01
46685.0  2.669030e-01
46698.6  2.747581e-01
46712.1  2.824355e-01
46725.6  2.896923e-01
46739.1  2.964645e-01
46752.6  3.030072e-01
46766.1  3.090034e-01
46779.6  3.145381e-01
46793.1  3.197899e-01
46806.7  3.244221e-01
46820.2  3.287202e-01
46833.7  3.327190e-01
46847.2  3.360745e-01
46860.7  3.392057e-01
46874.2  3.420157e-01
46887.7  3.444018e-01
46901.2  3.465821e-01
46914.8  3.484100e-01
46928.3  3.499732e-01
46941.8  3.513768e-01
46955.3  3.524655e-01
46968.8  3.533895e-01
46982.3  3.545780e-01
46995.8  3.551434e-01
47009.3  3.556207e-01
47022.9  3.559716e-01
47036.4  3.561817e-01
47049.9  3.563364e-01
47063.4  3.564128e-01
47076.9  3.564262e-01
47090.4  3.564017e-01
47103.9  3.563275e-01
47117.4  3.562735e-01
47131.0  3.562066e-01
47144.5  3.561052e-01
47158.0  3.559925e-01
47171.5  3.558617e-01
47185.0  3.557262e-01
47198.5  3.555838e-01
47212.0  3.553712e-01
47225.5  3.551369e-01
47239.1  3.548899e-01
47252.6  3.546306e-01
47266.1  3.543628e-01
47279.6  3.540816e-01
47293.1  3.537892e-01
47306.6  3.534914e-01
47320.1  3.531857e-01
47333.6  3.528663e-01
47347.1  3.528132e-01
47360.7  3.525746e-01
47374.2  3.522178e-01
47387.7  3.518472e-01
47401.2  3.514436e-01
47414.7  3.510261e-01
47428.2  3.505725e-01
47441.7  3.500960e-01
47455.2  3.496029e-01
47468.8  3.490635e-01
47482.3  3.485123e-01
47495.8  3.479402e-01
47509.3  3.473518e-01
47522.8  3.467546e-01
47536.3  3.461337e-01
47549.8  3.455051e-01
47563.3  3.448702e-01
47576.9  3.442330e-01
47590.4  3.435954e-01
47603.9  3.429550e-01
47617.4  3.423213e-01
47630.9  3.416776e-01
47644.4  3.410473e-01
47657.9  3.404334e-01
47671.4  3.398399e-01
47685.0  3.392547e-01
47698.5  3.386766e-01
47712.0  3.381175e-01
47725.5  3.375745e-01
47739.0  3.370435e-01
47752.5  3.365525e-01
47766.0  3.360806e-01
47779.5  3.356435e-01
47793.1  3.352352e-01
47806.6  3.348398e-01
47820.1  3.344885e-01
47833.6  3.341607e-01
47847.1  3.338633e-01
47860.6  3.335948e-01
47874.1  3.333410e-01
47887.6  3.331249e-01
47901.2  3.329275e-01
47914.7  3.327494e-01
47928.2  3.325774e-01
47941.7  3.324109e-01
47955.2  3.322574e-01
47968.7  3.321119e-01
47982.2  3.319718e-01
47995.7  3.318233e-01
48009.3  3.316805e-01
48022.8  3.315462e-01
48036.3  3.314186e-01
48049.8  3.312928e-01
48063.3  3.311479e-01
48076.8  3.309986e-01
48090.3  3.312032e-01
48103.8  3.310267e-01
48117.4  3.308346e-01
48130.9  3.306009e-01
48144.4  3.303556e-01
48157.9  3.300943e-01
48171.4  3.297995e-01
48184.9  3.294878e-01
48198.4  3.291241e-01
48211.9  3.287543e-01
48225.5  3.283701e-01
48239.0  3.279590e-01
48252.5  3.275349e-01
48266.0  3.270750e-01
48279.5  3.266105e-01
48293.0  3.261414e-01
48306.5  3.256554e-01
48320.0  3.251598e-01
48333.5  3.246430e-01
48347.1  3.241229e-01
48360.6  3.235993e-01
48374.1  3.230740e-01
48387.6  3.225455e-01
48401.1  3.220004e-01
48414.6  3.214537e-01
48428.1  3.209065e-01
48441.6  3.203331e-01
48455.2  3.197494e-01
48468.7  3.191449e-01
48482.2  3.185400e-01
48495.7  3.179352e-01
48509.2  3.173156e-01
48522.7  3.166913e-01
48536.2  3.160546e-01
48549.7  3.154145e-01
48563.3  3.147697e-01
48576.8  3.140959e-01
48590.3  3.134096e-01
48603.8  3.126984e-01
48617.3  3.119720e-01
48630.8  3.112200e-01
48644.3  3.104181e-01
48657.8  3.095911e-01
48671.4  3.087246e-01
48684.9  3.078464e-01
48698.4  3.069391e-01
48711.9  3.059932e-01
48725.4  3.050233e-01
48738.9  3.040409e-01
48752.4  3.030543e-01
48765.9  3.022498e-01
48779.5  3.013686e-01
48793.0  3.002190e-01
48806.5  2.990860e-01
48820.0  2.979632e-01
48833.5  2.968579e-01
48847.0  2.957624e-01
48860.5  2.946810e-01
48874.0  2.936483e-01
48887.6  2.926381e-01
48901.1  2.916787e-01
48914.6  2.907380e-01
48928.1  2.898467e-01
48941.6  2.890238e-01
48955.1  2.882512e-01
48968.6  2.875528e-01
48982.1  2.868804e-01
48995.7  2.862909e-01
49009.2  2.857543e-01
49022.7  2.852853e-01
49036.2  2.848518e-01
49049.7  2.844304e-01
49063.2  2.840391e-01
49076.7  2.836453e-01
49090.2  2.832482e-01
49103.8  2.827770e-01
49117.3  2.822503e-01
49130.8  2.815536e-01
49144.3  2.807867e-01
49157.8  2.797517e-01
49171.3  2.785132e-01
49184.8  2.769777e-01
49198.3  2.750502e-01
49211.8  2.729439e-01
49225.4  2.701769e-01
49238.9  2.671994e-01
49252.4  2.635464e-01
49265.9  2.594712e-01
49279.4  2.549746e-01
49292.9  2.497751e-01
49306.4  2.444100e-01
49319.9  2.380521e-01
49333.5  2.315513e-01
49347.0  2.244815e-01
49360.5  2.170644e-01
49374.0  2.094459e-01
49387.5  2.012804e-01
49401.0  1.931932e-01
49414.5  1.847670e-01
49428.0  1.764966e-01
49441.6  1.680407e-01
49455.1  1.596279e-01
49468.6  1.513903e-01
49482.1  1.432352e-01
49495.6  1.354310e-01
49509.1  1.277876e-01
49522.6  1.204917e-01
49536.1  1.134558e-01
49549.7  1.067735e-01
49563.2  1.004476e-01
49576.7  9.445776e-02
49590.2  8.881562e-02
49603.7  8.346934e-02
49617.2  7.846123e-02
49630.7  7.378373e-02
49644.2  6.941336e-02
49657.8  6.532246e-02
49671.3  6.149154e-02
49684.8  5.789437e-02
49698.3  5.458194e-02
49711.8  5.147635e-02
49725.3  4.858524e-02
49738.8  4.586762e-02
49752.3  4.331195e-02
49765.9  4.094182e-02
49779.4  3.871519e-02
49792.9  3.662779e-02
49806.4  3.465186e-02
49819.9  3.277661e-02
49833.4  3.101302e-02
49846.9  2.935612e-02
49860.4  2.777141e-02
49874.0  2.626505e-02
49887.5  2.480481e-02
49901.0  2.342102e-02
49914.5  2.210546e-02
49928.0  2.084699e-02
49941.5  1.962967e-02
49955.0  1.845296e-02
49968.5  1.732484e-02
49982.1  1.624520e-02
49995.6  1.522777e-02
50009.1  1.421942e-02
50022.6  1.326825e-02
50036.1  1.234509e-02
50049.6  1.147719e-02
50063.1  1.065913e-02
50076.6  9.868209e-03
50090.1  9.129866e-03
50103.7  8.412244e-03
50117.2  7.746706e-03
50130.7  7.127680e-03
50144.2  6.549392e-03
50157.7  5.995508e-03
50171.2  5.482871e-03
50184.7  5.008283e-03
50198.2  4.577544e-03
50211.8  4.185158e-03
50225.3  3.810750e-03
50238.8  3.468165e-03
50252.3  3.159483e-03
50265.8  2.880263e-03
50279.3  2.630408e-03
50292.8  2.394262e-03
50306.3  2.171086e-03
50319.9  1.974681e-03
50333.4  1.798855e-03
50346.9  1.645598e-03
50360.4  1.505805e-03
50373.9  1.364146e-03
50387.4  1.238180e-03
50400.9  1.130765e-03
50414.4  1.035653e-03
50428.0  9.522914e-04
50441.5  8.701568e-04
50455.0  7.918938e-04
50468.5  7.298840e-04
50482.0  6.750202e-04
50495.5  6.238708e-04
50509.0  5.748636e-04
50522.5  5.209153e-04
50536.1  4.765421e-04
50549.6  4.443698e-04
50563.1  4.138017e-04
50576.6  3.848306e-04
50590.1  3.516804e-04
50603.6  3.187987e-04
50617.1  2.991432e-04
50630.6  2.822656e-04
50644.2  2.639112e-04
50657.7  2.456671e-04
50671.2  2.245973e-04
50684.7  2.091252e-04
50698.2  2.010363e-04
50711.7  1.892633e-04
50725.2  1.749362e-04
50738.7  1.594061e-04
50752.3  1.443588e-04
50765.8  1.401191e-04
50779.3  1.376131e-04
50792.8  1.276714e-04
50806.3  1.182496e-04
50819.8  1.085946e-04
50833.3  1.028675e-04
50846.8  1.035699e-04
50860.4  1.001318e-04
50873.9  9.276560e-05
50887.4  8.663047e-05
50900.9  8.127606e-05
50914.4  8.146505e-05
50927.9  8.307907e-05
50941.4  7.535394e-05
50954.9  6.810294e-05
50968.4  6.315447e-05
50982.0  5.968924e-05
50995.5  5.981866e-05
