# from http://www.stsci.edu/jwst/instruments/nircam/instrumentdesign/filters
# Retrieved Jan 18, 2017, dated Feb 5, 2016 (pre-flight)
# Uses modA or modB  filters+DBS+QE+OTE (nrc_plus_ote)
# Units of transmission are PCE (photon to electron conversion efficiency)
# 
20004.7  1.844296e-10
20026.1  1.618843e-10
20047.5  1.410180e-10
20069.0  1.243043e-10
20090.4  1.111023e-10
20111.9  1.021395e-10
20133.3  9.587788e-11
20154.8  9.118505e-11
20176.2  8.706408e-11
20197.6  8.275692e-11
20219.1  7.803132e-11
20240.5  7.209386e-11
20262.0  6.788777e-11
20283.4  6.430832e-11
20304.8  6.150068e-11
20326.3  5.977528e-11
20347.7  5.776446e-11
20369.2  5.672736e-11
20390.6  5.624853e-11
20412.0  5.680884e-11
20433.5  5.717955e-11
20454.9  5.738923e-11
20476.4  5.770224e-11
20497.8  5.930370e-11
20519.3  6.099746e-11
20540.7  6.389324e-11
20562.1  6.743312e-11
20583.6  7.204047e-11
20605.0  7.770580e-11
20626.5  8.435326e-11
20647.9  9.201504e-11
20669.3  1.009805e-10
20690.8  1.115794e-10
20712.2  1.240987e-10
20733.7  1.397801e-10
20755.1  1.582346e-10
20776.5  1.799438e-10
20798.0  2.085656e-10
20819.4  2.422366e-10
20840.9  2.876845e-10
20862.3  3.464870e-10
20883.8  4.158571e-10
20905.2  4.804231e-10
20926.6  5.592916e-10
20948.1  6.190713e-10
20969.5  6.804886e-10
20991.0  7.274697e-10
21012.4  7.633658e-10
21033.8  7.825530e-10
21055.3  7.441484e-10
21076.7  6.960247e-10
21098.2  6.069903e-10
21119.6  5.113074e-10
21141.0  3.986689e-10
21162.5  2.941530e-10
21183.9  2.165200e-10
21205.4  1.773474e-10
21226.8  1.474045e-10
21248.3  1.233028e-10
21269.7  1.063577e-10
21291.1  9.788575e-11
21312.6  9.727496e-11
21334.0  9.967550e-11
21355.5  9.365731e-11
21376.9  9.189872e-11
21398.3  5.746362e-11
21419.8  3.251419e-11
21441.2  1.036270e-11
21462.7  9.884823e-13
21484.1  1.310446e-13
21505.5  8.419058e-13
21527.0  9.902006e-12
21548.4  3.789072e-11
21569.9  5.199538e-11
21591.3  8.579363e-11
21612.8  8.090291e-11
21634.2  7.691910e-11
21655.6  5.954993e-11
21677.1  6.228692e-11
21698.5  6.614466e-11
21720.0  5.104487e-11
21741.4  4.077169e-11
21762.8  4.595769e-11
21784.3  5.675948e-11
21805.7  4.524573e-11
21827.2  4.413318e-11
21848.6  6.321852e-11
21870.1  4.675578e-11
21891.5  3.210834e-11
21912.9  1.000857e-11
21934.4  1.218155e-12
21955.8  3.075452e-13
21977.3  3.256540e-13
21998.7  3.609405e-13
22020.1  5.734349e-13
22041.6  2.273995e-12
22063.0  1.321096e-11
22084.5  4.118446e-12
22105.9  7.673446e-12
22127.3  9.586575e-12
22148.8  2.648586e-12
22170.2  1.268298e-12
22191.7  3.622719e-12
22213.1  1.882130e-11
22234.6  2.934114e-11
22256.0  1.251776e-11
22277.4  2.224727e-11
22298.9  7.004773e-11
22320.3  2.263180e-10
22341.8  2.079059e-10
22363.2  2.429653e-11
22384.6  5.385353e-12
22406.1  5.176593e-12
22427.5  5.945216e-12
22449.0  6.948415e-12
22470.4  8.217000e-12
22491.8  9.807700e-12
22513.3  3.013579e-11
22534.7  3.280784e-10
22556.2  3.345155e-09
22577.6  4.190203e-09
22599.1  6.671084e-09
22620.5  6.749737e-09
22641.9  4.100593e-09
22663.4  2.947566e-09
22684.8  4.440909e-10
22706.3  8.141471e-11
22727.7  9.835747e-11
22749.1  1.156491e-09
22770.6  1.442806e-08
22792.0  3.338365e-08
22813.5  4.412033e-08
22834.9  5.389305e-08
22856.3  2.898352e-08
22877.8  2.049316e-08
22899.2  5.969607e-09
22920.7  8.361786e-10
22942.1  8.395633e-10
22963.6  2.243946e-09
22985.0  6.075525e-09
23006.4  1.496636e-08
23027.9  1.926921e-08
23049.3  2.613811e-08
23070.8  1.130572e-08
23092.2  4.515260e-09
23113.6  3.732855e-08
23135.1  3.756132e-08
23156.5  2.613287e-08
23178.0  1.790328e-08
23199.4  2.413213e-08
23220.8  1.175568e-07
23242.3  3.239191e-07
23263.7  4.099796e-07
23285.2  5.216526e-07
23306.6  6.096604e-07
23328.1  7.002354e-07
23349.5  7.542497e-07
23370.9  5.659666e-07
23392.4  5.708583e-07
23413.8  6.603282e-07
23435.3  7.740994e-07
23456.7  1.003238e-06
23478.1  2.590527e-07
23499.6  2.664790e-08
23521.0  3.599529e-09
23542.5  4.666605e-09
23563.9  9.361174e-09
23585.3  2.272227e-08
23606.8  7.316721e-08
23628.2  3.851900e-07
23649.7  1.225390e-06
23671.1  1.083194e-06
23692.6  1.006691e-06
23714.0  1.128556e-06
23735.4  1.401023e-06
23756.9  1.709005e-06
23778.3  2.542650e-07
23799.8  2.719334e-08
23821.2  4.722782e-09
23842.6  1.344883e-08
23864.1  4.588947e-08
23885.5  1.559936e-07
23907.0  4.412228e-07
23928.4  1.260389e-06
23949.8  2.104655e-06
23971.3  1.782309e-06
23992.7  1.521364e-06
24014.2  8.840780e-07
24035.6  6.313491e-07
24057.1  1.016500e-06
24078.5  1.183523e-06
24099.9  1.322357e-06
24121.4  1.564454e-06
24142.8  1.685583e-06
24164.3  1.898575e-06
24185.7  2.651659e-06
24207.1  1.644869e-06
24228.6  1.047411e-06
24250.0  6.007145e-07
24271.5  3.711333e-07
24292.9  4.811851e-07
24314.4  8.629713e-07
24335.8  6.519133e-07
24357.2  5.526328e-07
24378.7  4.823738e-07
24400.1  4.243695e-07
24421.6  3.734595e-07
24443.0  4.059487e-07
24464.4  5.164260e-07
24485.9  6.562417e-07
24507.3  1.786161e-07
24528.8  2.476300e-08
24550.2  5.815744e-09
24571.6  1.808728e-08
24593.1  1.659219e-07
24614.5  1.755558e-06
24636.0  2.684714e-06
24657.4  2.704415e-06
24678.9  2.818739e-06
24700.3  2.348727e-06
24721.7  2.007890e-06
24743.2  2.121178e-06
24764.6  1.649074e-06
24786.1  1.546877e-06
24807.5  1.517607e-06
24828.9  1.249172e-06
24850.4  1.059324e-06
24871.8  1.059203e-06
24893.3  7.229499e-07
24914.7  1.142383e-06
24936.1  2.048874e-06
24957.6  1.842765e-06
24979.0  1.165743e-06
25000.5  1.941151e-07
25021.9  1.574841e-06
25038.3  4.561946e-06
25051.8  6.980941e-06
25065.3  3.297075e-06
25078.9  1.099939e-06
25092.4  2.752243e-06
25105.9  1.286111e-06
25119.4  5.544330e-09
25132.9  1.835718e-06
25146.4  3.829601e-06
25159.9  3.153214e-07
25173.4  5.234844e-06
25187.0  3.687037e-06
25200.5  2.493418e-06
25214.0  1.646451e-08
25227.5  1.189768e-06
25241.0  2.874940e-06
25254.5  1.742478e-06
25268.0  8.685644e-07
25281.5  8.061599e-07
25295.1  1.513614e-06
25308.6  2.307042e-06
25322.1  1.978019e-06
25335.6  3.159973e-06
25349.1  2.566415e-06
25362.6  4.476674e-06
25376.1  2.262789e-06
25389.6  7.567820e-07
25403.2  1.154482e-06
25416.7  6.979171e-08
25430.2  6.903855e-07
25443.7  3.924337e-06
25457.2  3.606580e-06
25470.7  3.137098e-06
25484.2  4.731095e-08
25497.7  2.956677e-07
25511.2  1.367293e-06
25524.8  1.493081e-06
25538.3  1.156145e-06
25551.8  2.129518e-06
25565.3  3.328247e-06
25578.8  3.925419e-06
25592.3  2.405303e-06
25605.8  7.012465e-07
25619.3  4.249598e-06
25632.9  1.600929e-06
25646.4  2.986190e-06
25659.9  6.352024e-06
25673.4  2.651644e-06
25686.9  2.472586e-06
25700.4  5.100327e-06
25713.9  1.247781e-06
25727.4  1.325245e-06
25741.0  3.632603e-06
25754.5  5.279190e-06
25768.0  3.580427e-06
25781.5  6.297218e-06
25795.0  5.228250e-06
25808.5  1.420497e-06
25822.0  2.595059e-06
25835.5  1.936696e-06
25849.1  2.325191e-06
25862.6  3.017499e-06
25876.1  4.123477e-06
25889.6  6.441791e-09
25903.1  3.369300e-06
25916.6  3.580237e-06
25930.1  2.899188e-06
25943.6  2.106829e-06
25957.2  1.642153e-06
25970.7  7.189430e-08
25984.2  2.521333e-06
25997.7  2.619246e-06
26011.2  1.314259e-06
26024.7  1.734850e-06
26038.2  5.083137e-06
26051.7  3.833493e-06
26065.3  2.519318e-06
26078.8  2.968083e-06
26092.3  2.293028e-06
26105.8  6.483389e-07
26119.3  1.355685e-06
26132.8  3.037254e-06
26146.3  3.044712e-06
26159.8  2.860385e-06
26173.4  5.739107e-07
26186.9  1.925917e-06
26200.4  1.476332e-06
26213.9  3.770337e-06
26227.4  4.392000e-06
26240.9  1.752454e-06
26254.4  2.841531e-06
26267.9  2.504334e-08
26281.5  2.060516e-06
26295.0  3.683425e-06
26308.5  1.939868e-06
26322.0  1.768656e-06
26335.5  2.831863e-06
26349.0  4.382353e-07
26362.5  4.140718e-06
26376.0  4.354313e-06
26389.5  5.288715e-06
26403.1  4.332406e-06
26416.6  6.915754e-06
26430.1  6.270194e-06
26443.6  3.362643e-06
26457.1  2.803111e-06
26470.6  3.324155e-06
26484.1  1.567680e-08
26497.6  2.675038e-08
26511.2  3.234895e-07
26524.7  1.868763e-06
26538.2  3.370295e-06
26551.7  5.451631e-06
26565.2  4.401534e-06
26578.7  2.734218e-06
26592.2  3.252839e-06
26605.7  5.027649e-06
26619.3  4.870900e-06
26632.8  2.288096e-06
26646.3  1.500311e-06
26659.8  3.219585e-06
26673.3  1.969091e-06
26686.8  4.059529e-06
26700.3  2.864906e-06
26713.8  9.469253e-07
26727.4  2.264059e-06
26740.9  3.207737e-06
26754.4  2.838035e-06
26767.9  4.701677e-09
26781.4  1.517136e-06
26794.9  1.855525e-06
26808.4  1.559238e-06
26821.9  2.256485e-06
26835.5  3.851473e-07
26849.0  2.368712e-06
26862.5  1.016158e-07
26876.0  7.307045e-07
26889.5  7.537190e-07
26903.0  2.095944e-06
26916.5  4.311052e-06
26930.0  1.697957e-06
26943.6  5.504548e-08
26957.1  6.871770e-08
26970.6  1.759953e-06
26984.1  2.581906e-07
26997.6  8.311914e-07
27011.1  3.072308e-06
27024.6  1.014516e-06
27038.1  3.810345e-06
27051.7  2.651146e-06
27065.2  5.461644e-07
27078.7  3.021155e-06
27092.2  4.881945e-07
27105.7  2.563424e-06
27119.2  1.606239e-06
27132.7  2.211511e-06
27146.2  1.238067e-06
27159.8  8.198522e-09
27173.3  2.575736e-06
27186.8  4.524205e-07
27200.3  1.855856e-06
27213.8  1.721263e-06
27227.3  3.464800e-06
27240.8  4.586385e-06
27254.3  4.351901e-06
27267.9  1.156591e-06
27281.4  2.532564e-06
27294.9  4.844194e-06
27308.4  5.432107e-09
27321.9  8.903992e-07
27335.4  7.546781e-08
27348.9  1.851723e-06
27362.4  2.421809e-06
27375.9  3.333698e-06
27389.5  7.557438e-07
27403.0  4.220085e-07
27416.5  8.063921e-08
27430.0  1.039117e-06
27443.5  4.035881e-07
27457.0  9.702793e-09
27470.5  5.539193e-07
27484.0  1.349561e-06
27497.6  1.189774e-06
27511.1  3.714213e-07
27524.6  1.121124e-06
27538.1  1.677802e-08
27551.6  1.961939e-06
27565.1  7.563397e-08
27578.6  4.826109e-07
27592.1  3.091228e-06
27605.7  1.142222e-06
27619.2  1.002424e-06
27632.7  1.515999e-06
27646.2  9.509487e-07
27659.7  2.913725e-08
27673.2  4.817283e-09
27686.7  5.335546e-09
27700.2  1.486290e-06
27713.8  1.085553e-06
27727.3  2.197363e-06
27740.8  1.706452e-06
27754.3  2.154403e-06
27767.8  9.544420e-09
27781.3  9.392736e-09
27794.8  1.623598e-07
27808.3  2.968501e-07
27821.9  5.265012e-09
27835.4  1.137025e-06
27848.9  4.724718e-09
27862.4  4.721691e-09
27875.9  4.006823e-07
27889.4  1.583951e-06
27902.9  9.842523e-07
27916.4  1.600753e-06
27930.0  2.618999e-07
27943.5  3.282404e-07
27957.0  4.731293e-09
27970.5  6.076689e-08
27984.0  4.739589e-09
27997.5  4.741560e-09
28011.0  4.742386e-09
28024.5  4.744344e-09
28038.1  4.746186e-09
28051.6  1.877937e-08
28065.1  4.535006e-08
28078.6  6.549658e-07
28092.1  1.592463e-07
28105.6  6.536490e-08
28119.1  3.737094e-07
28132.6  4.743669e-09
28146.2  4.740802e-09
28159.7  4.677174e-08
28173.2  1.650938e-06
28186.7  1.658109e-07
28200.2  5.170104e-09
28213.7  1.240979e-06
28227.2  3.346088e-06
28240.7  6.061716e-08
28254.2  4.733533e-09
28267.8  5.390902e-08
28281.3  1.593227e-06
28294.8  1.487789e-08
28308.3  9.628592e-07
28321.8  1.695686e-07
28335.3  7.460648e-08
28348.8  1.392202e-07
28362.3  5.894756e-09
28375.9  4.719434e-07
28389.4  9.350741e-07
28402.9  1.471738e-08
28416.4  1.488476e-06
28429.9  4.698414e-09
28443.4  2.625113e-08
28456.9  1.572680e-07
28470.4  4.689708e-09
28484.0  1.516866e-06
28497.5  2.274104e-06
28511.0  4.678972e-09
28524.5  2.029550e-07
28538.0  1.707994e-06
28551.5  1.482027e-06
28565.0  1.077740e-06
28578.5  4.651021e-09
28592.1  4.115131e-08
28605.6  6.093188e-09
28619.1  4.032239e-07
28632.6  4.628906e-09
28646.1  4.628840e-09
28659.6  4.627729e-09
28673.1  7.813377e-08
28686.6  2.890830e-08
28700.2  2.672705e-08
28713.7  1.129118e-07
28727.2  3.444327e-08
28740.7  1.274350e-06
28754.2  1.482721e-06
28767.7  2.379236e-06
28781.2  2.840040e-07
28794.7  4.605731e-09
28808.3  4.603937e-09
28821.8  4.602113e-09
28835.3  4.600269e-09
28848.8  5.540106e-09
28862.3  6.356648e-07
28875.8  2.678172e-06
28889.3  2.959603e-06
28902.8  1.011522e-06
28916.4  1.249456e-06
28929.9  8.665576e-09
28943.4  4.587434e-09
28956.9  1.490719e-07
28970.4  8.869624e-09
28983.9  1.201696e-06
28997.4  5.220746e-07
29010.9  4.578927e-09
29024.5  3.130628e-08
29038.0  8.739687e-07
29051.5  1.998742e-06
29065.0  3.392218e-06
29078.5  3.649938e-06
29092.0  3.067120e-07
29105.5  4.549894e-09
29119.0  1.031484e-07
29132.5  1.190154e-06
29146.1  3.645679e-08
29159.6  1.831741e-06
29173.1  1.529148e-06
29186.6  2.441417e-06
29200.1  1.787734e-06
29213.6  2.596696e-08
29227.1  9.636151e-07
29240.6  3.040621e-07
29254.2  1.018630e-06
29267.7  9.755342e-07
29281.2  8.286413e-09
29294.7  4.474451e-09
29308.2  4.466573e-09
29321.7  4.458195e-09
29335.2  4.449842e-09
29348.7  4.441527e-09
29362.3  7.322483e-07
29375.8  1.540983e-06
29389.3  8.296853e-07
29402.8  4.403868e-09
29416.3  6.671145e-07
29429.8  1.139926e-07
29443.3  4.388224e-09
29456.8  4.381534e-09
29470.4  4.374995e-09
29483.9  1.232470e-07
29497.4  1.437094e-07
29510.9  1.168099e-06
29524.4  1.587426e-06
29537.9  6.028870e-08
29551.4  1.027872e-07
29564.9  1.796531e-07
29578.5  8.026461e-07
29592.0  9.787739e-07
29605.5  2.622707e-07
29619.0  9.759330e-07
29632.5  1.232831e-06
29646.0  4.348957e-07
29659.5  5.939816e-07
29673.0  8.595725e-07
29686.6  2.656794e-07
29700.1  8.151352e-09
29713.6  4.993363e-08
29727.1  3.443867e-07
29740.6  3.693704e-08
29754.1  3.761114e-07
29767.6  2.930436e-07
29781.1  4.257021e-09
29794.7  4.253466e-09
29808.2  7.574351e-09
29821.7  4.367169e-09
29835.2  4.237070e-09
29848.7  3.004822e-07
29862.2  9.197339e-09
29875.7  1.135654e-08
29889.2  1.552051e-06
29902.8  5.384982e-07
29916.3  4.525733e-09
29929.8  4.206981e-09
29943.3  4.203402e-09
29956.8  8.475086e-08
29970.3  4.854392e-07
29983.8  1.114772e-06
29997.3  2.043686e-06
30010.9  1.871034e-06
30024.4  1.813765e-06
30037.9  2.689318e-06
30051.4  1.489246e-06
30064.9  9.723170e-07
30078.4  5.504124e-07
30091.9  1.935573e-07
30105.4  2.273611e-07
30118.9  2.881050e-06
30132.5  9.525667e-09
30146.0  1.712476e-08
30159.5  5.301573e-07
30173.0  2.399730e-07
30186.5  1.611706e-06
30200.0  7.704251e-07
30213.5  5.853423e-07
30227.0  2.733505e-06
30240.6  2.828847e-06
30254.1  1.674945e-06
30267.6  8.561842e-07
30281.1  2.306410e-07
30294.6  1.252863e-07
30308.1  3.629951e-06
30321.6  3.165961e-06
30335.1  2.439379e-06
30348.7  3.039364e-06
30362.2  4.785584e-06
30375.7  3.931850e-06
30389.2  4.070915e-06
30402.7  4.355636e-06
30416.2  2.060303e-06
30429.7  1.002508e-06
30443.2  4.370049e-06
30456.8  1.500212e-06
30470.3  1.552695e-06
30483.8  1.386040e-06
30497.3  4.338284e-06
30510.8  2.920530e-06
30524.3  3.371355e-06
30537.8  2.080582e-06
30551.3  1.041089e-06
30564.9  9.796323e-07
30578.4  2.329667e-06
30591.9  1.005388e-06
30605.4  3.312884e-06
30618.9  3.565382e-06
30632.4  2.957821e-06
30645.9  6.021147e-07
30659.4  5.850537e-07
30673.0  1.642152e-06
30686.5  2.090316e-06
30700.0  1.624952e-06
30713.5  4.109748e-06
30727.0  5.800087e-06
30740.5  3.194773e-06
30754.0  2.762809e-06
30767.5  3.274159e-06
30781.1  3.348085e-06
30794.6  4.675678e-06
30808.1  5.868661e-06
30821.6  4.642097e-06
30835.1  1.987596e-06
30848.6  4.199375e-06
30862.1  6.051396e-06
30875.6  8.024228e-06
30889.2  6.350033e-06
30902.7  8.056008e-06
30916.2  1.051288e-05
30929.7  1.146097e-05
30943.2  1.149465e-05
30956.7  1.134477e-05
30970.2  1.352930e-05
30983.7  1.495061e-05
30997.2  1.386277e-05
31010.8  1.541222e-05
31024.3  1.942624e-05
31037.8  2.166942e-05
31051.3  2.196275e-05
31064.8  2.300159e-05
31078.3  2.662056e-05
31091.8  2.906483e-05
31105.3  2.861417e-05
31118.9  2.999522e-05
31132.4  3.046182e-05
31145.9  2.957542e-05
31159.4  3.253936e-05
31172.9  3.484601e-05
31186.4  3.495113e-05
31199.9  3.511679e-05
31213.4  3.268161e-05
31227.0  3.441483e-05
31240.5  3.895992e-05
31254.0  3.696604e-05
31267.5  3.402552e-05
31281.0  3.561099e-05
31294.5  3.694239e-05
31308.0  3.329536e-05
31321.5  2.621885e-05
31335.1  2.456758e-05
31348.6  2.715853e-05
31362.1  2.603526e-05
31375.6  2.469890e-05
31389.1  2.477280e-05
31402.6  2.267562e-05
31416.1  2.043450e-05
31429.6  2.169801e-05
31443.2  2.252225e-05
31456.7  1.999422e-05
31470.2  1.656964e-05
31483.7  1.682400e-05
31497.2  1.611038e-05
31510.7  1.296299e-05
31524.2  9.895599e-06
31537.7  1.043095e-05
31551.3  1.146716e-05
31564.8  1.360846e-05
31578.3  1.129158e-05
31591.8  9.375698e-06
31605.3  1.003372e-05
31618.8  7.970488e-06
31632.3  7.023281e-06
31645.8  7.562106e-06
31659.4  8.209662e-06
31672.9  6.963180e-06
31686.4  6.921688e-06
31699.9  7.264383e-06
31713.4  4.044055e-06
31726.9  3.208393e-06
31740.4  6.495732e-06
31753.9  8.130702e-06
31767.5  5.635322e-06
31781.0  4.077759e-06
31794.5  8.881569e-07
31808.0  6.150081e-06
31821.5  6.283092e-06
31835.0  1.955762e-06
31848.5  2.105149e-06
31862.0  3.546451e-06
31875.5  3.478680e-06
31889.1  3.065603e-06
31902.6  5.158048e-06
31916.1  5.578617e-06
31929.6  5.216593e-06
31943.1  4.176725e-06
31956.6  1.404584e-06
31970.1  7.761791e-07
31983.6  2.216482e-06
31997.2  2.407325e-06
32010.7  1.513286e-06
32024.2  3.024202e-07
32037.7  7.163318e-07
32051.2  1.852288e-06
32064.7  1.423562e-06
32078.2  1.544582e-06
32091.7  1.626401e-06
32105.3  4.773769e-06
32118.8  3.699908e-06
32132.3  2.155260e-06
32145.8  2.701885e-06
32159.3  1.841576e-06
32172.8  1.073025e-06
32186.3  5.471555e-07
32199.8  1.193372e-06
32213.4  3.872696e-06
32226.9  4.316533e-06
32240.4  4.030386e-06
32253.9  3.224311e-06
32267.4  3.511787e-06
32280.9  2.054488e-06
32294.4  1.297481e-06
32307.9  3.390934e-06
32321.5  5.752789e-06
32335.0  2.446254e-06
32348.5  1.827652e-06
32362.0  3.926208e-06
32375.5  4.566998e-06
32389.0  1.969042e-06
32402.5  5.681956e-07
32416.0  4.722610e-09
32429.6  9.134845e-08
32443.1  2.752139e-06
32456.6  1.850569e-06
32470.1  9.887979e-07
32483.6  2.096522e-06
32497.1  3.921224e-06
32510.6  3.386809e-06
32524.1  4.661856e-06
32537.7  6.864389e-06
32551.2  6.182973e-06
32564.7  8.087738e-06
32578.2  1.166607e-05
32591.7  1.065862e-05
32605.2  1.068141e-05
32618.7  1.008467e-05
32632.2  9.604232e-06
32645.8  1.063894e-05
32659.3  8.610289e-06
32672.8  7.098079e-06
32686.3  7.419455e-06
32699.8  6.700645e-06
32713.3  4.982688e-06
32726.8  2.765309e-06
32740.3  2.003474e-06
32753.9  2.256746e-07
32767.4  4.072271e-08
32780.9  9.440392e-07
32794.4  1.857950e-06
32807.9  3.405680e-06
32821.4  1.641866e-06
32834.9  5.436514e-09
32848.4  5.923856e-07
32861.9  1.383511e-06
32875.5  3.012463e-06
32889.0  4.038871e-06
32902.5  3.557573e-06
32916.0  4.733200e-06
32929.5  7.654540e-06
32943.0  6.442993e-06
32956.5  4.286307e-06
32970.0  3.664812e-06
32983.6  6.856693e-06
32997.1  6.483569e-06
33010.6  4.030491e-06
33024.1  4.345846e-06
33037.6  6.775677e-06
33051.1  5.218001e-06
33064.6  5.112362e-06
33078.1  5.837953e-06
33091.7  5.590041e-06
33105.2  3.797586e-06
33118.7  4.872712e-06
33132.2  4.884432e-06
33145.7  4.334550e-06
33159.2  3.829201e-06
33172.7  1.319851e-06
33186.2  6.079623e-08
33199.8  1.655986e-06
33213.3  2.665571e-06
33226.8  3.879735e-06
33240.3  4.286560e-06
33253.8  2.702362e-06
33267.3  3.020914e-07
33280.8  3.198447e-08
33294.3  1.509044e-06
33307.9  5.165262e-06
33321.4  5.986077e-06
33334.9  4.109123e-06
33348.4  3.217519e-06
33361.9  4.103542e-06
33375.4  4.645684e-06
33388.9  3.512457e-06
33402.4  1.893053e-06
33416.0  6.559776e-08
33429.5  6.880866e-07
33443.0  2.194684e-06
33456.5  4.229935e-06
33470.0  4.960119e-06
33483.5  4.827395e-06
33497.0  3.112755e-06
33510.5  2.392082e-06
33524.1  4.041212e-06
33537.6  6.755841e-06
33551.1  5.193417e-06
33564.6  3.442835e-06
33578.1  5.266185e-06
33591.6  5.727880e-06
33605.1  3.872688e-06
33618.6  5.200816e-07
33632.2  5.377432e-09
33645.7  1.080342e-06
33659.2  1.841998e-06
33672.7  2.068533e-06
33686.2  7.452317e-07
33699.7  4.588527e-09
33713.2  4.630878e-09
33726.7  1.195972e-07
33740.2  2.363333e-06
33753.8  2.808635e-06
33767.3  1.791106e-07
33780.8  6.390438e-08
33794.3  2.622015e-06
33807.8  5.441059e-06
33821.3  5.666166e-06
33834.8  6.321446e-06
33848.3  7.781567e-06
33861.9  8.587406e-06
33875.4  8.952638e-06
33888.9  8.800403e-06
33902.4  8.613145e-06
33915.9  7.912557e-06
33929.4  9.007840e-06
33942.9  9.723827e-06
33956.4  8.647133e-06
33970.0  9.047081e-06
33983.5  5.705424e-06
33997.0  2.798773e-06
34010.5  3.599048e-06
34024.0  6.120802e-06
34037.5  9.453378e-06
34051.0  8.165995e-06
34064.5  8.593142e-06
34078.1  6.759702e-06
34091.6  3.139160e-06
34105.1  4.549147e-06
34118.6  6.678446e-06
34132.1  5.896591e-06
34145.6  6.038823e-06
34159.1  6.929259e-06
34172.6  6.408236e-06
34186.2  4.478681e-06
34199.7  4.227977e-06
34213.2  3.865081e-06
34226.7  2.857136e-06
34240.2  2.438916e-06
34253.7  2.884464e-06
34267.2  7.072773e-06
34280.7  3.679939e-06
34294.3  2.147305e-06
34307.8  4.090667e-06
34321.3  7.872790e-06
34334.8  1.148586e-05
34348.3  1.288171e-05
34361.8  9.742130e-06
34375.3  4.718423e-06
34388.8  3.347034e-06
34402.4  4.432427e-06
34415.9  2.443120e-06
34429.4  2.411411e-06
34442.9  2.298373e-06
34456.4  1.027312e-06
34469.9  1.160845e-06
34483.4  5.209868e-09
34496.9  1.036922e-06
34510.5  4.773125e-06
34524.0  4.203694e-06
34537.5  1.614265e-06
34551.0  6.375370e-09
34564.5  6.036296e-09
34578.0  1.409444e-06
34591.5  1.944274e-06
34605.0  3.555620e-07
34618.5  1.919258e-07
34632.1  2.353233e-07
34645.6  4.215786e-07
34659.1  1.165595e-06
34672.6  1.322349e-06
34686.1  8.439967e-07
34699.6  1.227776e-06
34713.1  6.425503e-07
34726.6  4.970637e-09
34740.2  4.971904e-09
34753.7  4.973173e-09
34767.2  4.978628e-09
34780.7  4.981537e-09
34794.2  4.985154e-09
34807.7  4.991645e-09
34821.2  9.589211e-09
34834.7  1.604897e-06
34848.3  1.194847e-06
34861.8  1.650966e-08
34875.3  1.128323e-07
34888.8  5.373463e-09
34902.3  8.882380e-07
34915.8  1.484362e-06
34929.3  1.891386e-06
34942.8  2.182221e-06
34956.4  2.687002e-06
34969.9  3.086932e-06
34983.4  2.438395e-06
34996.9  1.733685e-07
35010.4  5.073031e-09
35023.9  5.078211e-09
35037.4  5.083364e-09
35050.9  5.088488e-09
35064.5  5.287369e-07
35078.0  4.081989e-06
35091.5  2.680234e-06
35105.0  1.674301e-06
35118.5  2.134716e-06
35132.0  1.668115e-06
35145.5  2.103260e-07
35159.0  2.834274e-06
35172.6  3.681839e-06
35186.1  2.471321e-06
35199.6  2.579002e-06
35213.1  4.813105e-06
35226.6  4.583177e-06
35240.1  3.168287e-06
35253.6  6.429815e-07
35267.1  8.861776e-09
35280.7  2.276454e-06
35294.2  4.271283e-06
35307.7  4.680923e-06
35321.2  6.113792e-06
35334.7  5.701028e-06
35348.2  7.351165e-06
35361.7  8.628340e-06
35375.2  4.410645e-06
35388.8  2.560162e-06
35402.3  2.995947e-06
35415.8  3.156521e-06
35429.3  2.507103e-07
35442.8  5.239491e-09
35456.3  3.838762e-08
35469.8  1.647534e-06
35483.3  4.360395e-06
35496.8  5.505142e-06
35510.4  5.665570e-06
35523.9  2.611080e-06
35537.4  3.629497e-07
35550.9  1.509382e-06
35564.4  1.189830e-07
35577.9  1.587294e-06
35591.4  2.422146e-06
35604.9  2.668114e-06
35618.5  4.270589e-06
35632.0  4.428411e-06
35645.5  3.087502e-06
35659.0  3.470574e-06
35672.5  4.694362e-06
35686.0  3.399703e-06
35699.5  3.708513e-06
35713.0  3.362122e-06
35726.6  4.425298e-06
35740.1  6.865755e-06
35753.6  3.964653e-06
35767.1  3.572261e-06
35780.6  4.486220e-06
35794.1  5.187140e-06
35807.6  3.677309e-06
35821.1  4.596692e-06
35834.7  6.903314e-06
35848.2  7.409895e-06
35861.7  7.634395e-06
35875.2  8.296140e-06
35888.7  6.823602e-06
35902.2  3.563532e-06
35915.7  2.418315e-06
35929.2  2.752211e-06
35942.8  6.047169e-06
35956.3  1.018926e-05
35969.8  1.085909e-05
35983.3  9.050077e-06
35996.8  6.487383e-06
36010.3  5.944339e-06
36023.8  3.736649e-06
36037.3  1.104319e-06
36050.9  1.358983e-06
36064.4  3.743463e-06
36077.9  5.408306e-06
36091.4  5.478084e-06
36104.9  5.434437e-06
36118.4  4.595741e-06
36131.9  4.824318e-06
36145.4  6.460425e-06
36159.0  7.457387e-06
36172.5  6.706459e-06
36186.0  5.157741e-06
36199.5  4.680305e-06
36213.0  5.456495e-06
36226.5  4.341500e-06
36240.0  3.100049e-06
36253.5  2.734571e-06
36267.1  2.105852e-06
36280.6  2.233420e-06
36294.1  3.898046e-06
36307.6  4.638529e-06
36321.1  3.637735e-06
36334.6  3.167741e-06
36348.1  5.100359e-06
36361.6  8.251849e-06
36375.2  9.285126e-06
36388.7  7.340952e-06
36402.2  4.054878e-06
36415.7  2.430341e-06
36429.2  3.300993e-06
36442.7  4.043342e-06
36456.2  4.939317e-06
36469.7  4.657845e-06
36483.2  2.903261e-06
36496.8  3.390408e-06
36510.3  5.888703e-06
36523.8  6.639102e-06
36537.3  8.282116e-06
36550.8  9.653108e-06
36564.3  8.691620e-06
36577.8  5.615599e-06
36591.3  5.089461e-06
36604.9  4.165524e-06
36618.4  3.032166e-06
36631.9  2.464675e-06
36645.4  2.450983e-06
36658.9  2.917330e-06
36672.4  3.243772e-06
36685.9  3.918708e-06
36699.4  5.437764e-06
36713.0  6.074858e-06
36726.5  4.877348e-06
36740.0  2.373761e-06
36753.5  2.134304e-06
36767.0  3.366201e-06
36780.5  6.969274e-06
36794.0  8.974911e-06
36807.5  7.116806e-06
36821.1  4.041295e-06
36834.6  4.076147e-06
36848.1  3.599100e-06
36861.6  1.757414e-06
36875.1  2.498726e-06
36888.6  4.868241e-06
36902.1  5.147848e-06
36915.6  3.397885e-06
36929.2  6.306028e-07
36942.7  5.400919e-09
36956.2  5.400873e-09
36969.7  5.400828e-09
36983.2  1.321852e-08
36996.7  7.304470e-07
37010.2  2.743189e-06
37023.7  2.890778e-06
37037.3  2.297520e-06
37050.8  2.164475e-06
37064.3  2.579489e-06
37077.8  2.717795e-06
37091.3  1.598836e-06
37104.8  5.326788e-08
37118.3  5.401747e-09
37131.8  3.357994e-08
37145.4  6.409218e-07
37158.9  1.027846e-06
37172.4  1.680184e-06
37185.9  2.225390e-06
37199.4  2.197814e-06
37212.9  2.068095e-06
37226.4  1.420539e-06
37239.9  1.603225e-07
37253.5  2.829495e-06
37267.0  2.828879e-06
37280.5  2.366717e-06
37294.0  1.960072e-06
37307.5  2.037046e-06
37321.0  2.909308e-06
37334.5  3.493833e-06
37348.0  3.216037e-06
37361.5  2.603366e-06
37375.1  2.384509e-06
37388.6  2.322652e-06
37402.1  9.925417e-07
37415.6  1.595123e-08
37429.1  5.431950e-09
37442.6  1.984120e-07
37456.1  3.253967e-06
37469.6  5.140094e-06
37483.2  4.077473e-06
37496.7  2.287392e-06
37510.2  1.685699e-07
37523.7  1.040022e-06
37537.2  6.811898e-08
37550.7  1.770944e-06
37564.2  5.951403e-06
37577.7  5.510849e-06
37591.3  3.368201e-06
37604.8  4.622668e-06
37618.3  6.933237e-06
37631.8  5.735514e-06
37645.3  6.225086e-06
37658.8  7.422578e-06
37672.3  8.164416e-06
37685.8  8.779427e-06
37699.4  7.568794e-06
37712.9  7.348170e-06
37726.4  8.792988e-06
37739.9  1.013288e-05
37753.4  1.052046e-05
37766.9  1.226883e-05
37780.4  1.244383e-05
37793.9  9.711400e-06
37807.5  8.060000e-06
37821.0  9.682277e-06
37834.5  1.223668e-05
37848.0  1.340946e-05
37861.5  1.240344e-05
37875.0  9.813571e-06
37888.5  8.301490e-06
37902.0  9.205951e-06
37915.6  1.154703e-05
37929.1  1.293293e-05
37942.6  1.299904e-05
37956.1  1.103872e-05
37969.6  8.744773e-06
37983.1  8.043840e-06
37996.6  6.513505e-06
38010.1  3.547032e-06
38023.7  3.098262e-06
38037.2  5.324461e-06
38050.7  9.202248e-06
38064.2  1.281818e-05
38077.7  1.481228e-05
38091.2  1.577132e-05
38104.7  1.641742e-05
38118.2  1.554593e-05
38131.8  1.348318e-05
38145.3  1.225414e-05
38158.8  1.240355e-05
38172.3  1.341785e-05
38185.8  1.473635e-05
38199.3  1.574018e-05
38212.8  1.656643e-05
38226.3  1.742538e-05
38239.8  1.757519e-05
38253.4  1.730579e-05
38266.9  1.832356e-05
38280.4  2.052349e-05
38293.9  2.212848e-05
38307.4  2.284156e-05
38320.9  2.303632e-05
38334.4  2.259473e-05
38347.9  2.471124e-05
38361.5  2.569615e-05
38375.0  2.485945e-05
38388.5  2.545801e-05
38402.0  2.861060e-05
38415.5  2.978097e-05
38429.0  2.644131e-05
38442.5  2.218976e-05
38456.0  2.205291e-05
38469.6  2.385518e-05
38483.1  2.503288e-05
38496.6  2.400955e-05
38510.1  2.205635e-05
38523.6  2.095145e-05
38537.1  2.084261e-05
38550.6  2.176984e-05
38564.1  2.450277e-05
38577.7  2.853340e-05
38591.2  3.203416e-05
38604.7  3.170275e-05
38618.2  2.914513e-05
38631.7  2.790996e-05
38645.2  2.865813e-05
38658.7  2.967953e-05
38672.2  3.079754e-05
38685.8  3.314437e-05
38699.3  3.560024e-05
38712.8  3.624282e-05
38726.3  3.580388e-05
38739.8  3.560300e-05
38753.3  3.493912e-05
38766.8  3.312086e-05
38780.3  3.054366e-05
38793.9  2.826611e-05
38807.4  2.698934e-05
38820.9  2.773316e-05
38834.4  2.916194e-05
38847.9  2.890576e-05
38861.4  2.806725e-05
38874.9  2.740994e-05
38888.4  2.645275e-05
38902.0  2.585102e-05
38915.5  2.685699e-05
38929.0  3.007959e-05
38942.5  3.405550e-05
38956.0  3.589272e-05
38969.5  3.449975e-05
38983.0  3.325942e-05
38996.5  3.668617e-05
39010.1  4.112852e-05
39023.6  4.150999e-05
39037.1  4.193705e-05
39050.6  4.408182e-05
39064.1  4.440944e-05
39077.6  4.232782e-05
39091.1  4.091688e-05
39104.6  4.202132e-05
39118.2  4.395013e-05
39131.7  4.539107e-05
39145.2  4.529094e-05
39158.7  4.297327e-05
39172.2  4.022202e-05
39185.7  3.921724e-05
39199.2  3.879916e-05
39212.7  3.778711e-05
39226.2  3.735949e-05
39239.8  3.789019e-05
39253.3  3.886242e-05
39266.8  3.950153e-05
39280.3  3.944987e-05
39293.8  3.899231e-05
39307.3  3.864434e-05
39320.8  3.871517e-05
39334.3  4.009123e-05
39347.9  4.223960e-05
39361.4  4.349805e-05
39374.9  4.401327e-05
39388.4  4.461009e-05
39401.9  4.469519e-05
39415.4  4.322906e-05
39428.9  4.107099e-05
39442.4  4.044229e-05
39456.0  4.177753e-05
39469.5  4.345797e-05
39483.0  4.302255e-05
39496.5  3.989600e-05
39510.0  3.716868e-05
39523.5  3.722013e-05
39537.0  3.907613e-05
39550.5  3.989391e-05
39564.1  3.914639e-05
39577.6  3.824264e-05
39591.1  3.537755e-05
39604.6  2.916774e-05
39618.1  2.461117e-05
39631.6  2.311474e-05
39645.1  2.383345e-05
39658.6  2.383399e-05
39672.2  2.161277e-05
39685.7  1.763019e-05
39699.2  1.582725e-05
39712.7  1.206892e-05
39726.2  6.142680e-06
39739.7  5.094877e-06
39753.2  5.229834e-06
39766.7  5.859279e-06
39780.3  5.972137e-06
39793.8  4.871082e-06
39807.3  3.374381e-06
39820.8  2.795360e-06
39834.3  3.683723e-06
39847.8  4.112061e-06
39861.3  3.935998e-06
39874.8  4.337252e-06
39888.4  6.022522e-06
39901.9  9.187641e-06
39915.4  1.245287e-05
39928.9  1.342126e-05
39942.4  1.241365e-05
39955.9  1.312202e-05
39969.4  1.572656e-05
39982.9  2.036563e-05
39996.5  2.273884e-05
40010.0  2.435609e-05
40023.5  2.557603e-05
40037.0  2.472227e-05
40050.5  2.289692e-05
40064.0  2.224040e-05
40077.5  2.199910e-05
40091.0  2.187728e-05
40104.5  2.239217e-05
40118.1  2.329216e-05
40131.6  2.415809e-05
40145.1  2.304160e-05
40158.6  2.110712e-05
40172.1  1.909242e-05
40185.6  1.722935e-05
40199.1  1.724411e-05
40212.6  1.933671e-05
40226.2  2.205094e-05
40239.7  2.441847e-05
40253.2  2.617555e-05
40266.7  2.658639e-05
40280.2  2.555707e-05
40293.7  2.355216e-05
40307.2  2.314747e-05
40320.7  2.483114e-05
40334.3  2.903931e-05
40347.8  3.159815e-05
40361.3  2.891424e-05
40374.8  2.674286e-05
40388.3  2.867036e-05
40401.8  3.279215e-05
40415.3  3.673058e-05
40428.8  3.922909e-05
40442.4  4.105054e-05
40455.9  4.351342e-05
40469.4  4.853896e-05
40482.9  5.332095e-05
40496.4  5.517059e-05
40509.9  5.572985e-05
40523.4  5.894607e-05
40536.9  6.767312e-05
40550.5  7.786176e-05
40564.0  8.710921e-05
40577.5  9.629410e-05
40591.0  1.047045e-04
40604.5  1.122041e-04
40618.0  1.194065e-04
40631.5  1.280709e-04
40645.0  1.390278e-04
40658.6  1.507400e-04
40672.1  1.618559e-04
40685.6  1.723142e-04
40699.1  1.829174e-04
40712.6  1.946859e-04
40726.1  2.074331e-04
40739.6  2.224808e-04
40753.1  2.412108e-04
40766.7  2.621951e-04
40780.2  2.840930e-04
40793.7  3.066956e-04
40807.2  3.314964e-04
40820.7  3.582470e-04
40834.2  3.878643e-04
40847.7  4.214002e-04
40861.2  4.580812e-04
40874.8  4.970169e-04
40888.3  5.391693e-04
40901.8  5.889260e-04
40915.3  6.443231e-04
40928.8  7.039658e-04
40942.3  7.683741e-04
40955.8  8.383659e-04
40969.3  9.143494e-04
40982.8  9.981624e-04
40996.4  1.092249e-03
41009.9  1.195449e-03
41023.4  1.308756e-03
41036.9  1.435677e-03
41050.4  1.577841e-03
41063.9  1.734408e-03
41077.4  1.904555e-03
41090.9  2.091746e-03
41104.5  2.299051e-03
41118.0  2.529669e-03
41131.5  2.786778e-03
41145.0  3.076205e-03
41158.5  3.398374e-03
41172.0  3.753912e-03
41185.5  4.149550e-03
41199.0  4.589424e-03
41212.6  5.080174e-03
41226.1  5.630075e-03
41239.6  6.243397e-03
41253.1  6.929292e-03
41266.6  7.696598e-03
41280.1  8.553935e-03
41293.6  9.510389e-03
41307.1  1.058066e-02
41320.7  1.177733e-02
41334.2  1.311593e-02
41347.7  1.461463e-02
41361.2  1.629569e-02
41374.7  1.818198e-02
41388.2  2.029274e-02
41401.7  2.265890e-02
41415.2  2.531721e-02
41428.8  2.829701e-02
41442.3  3.163387e-02
41455.8  3.537454e-02
41469.3  3.956047e-02
41482.8  4.429133e-02
41496.3  4.952712e-02
41509.8  5.537125e-02
41523.3  6.186973e-02
41536.9  6.908336e-02
41550.4  7.708517e-02
41563.9  8.594137e-02
41577.4  9.571234e-02
41590.9  1.064256e-01
41604.4  1.181907e-01
41617.9  1.310242e-01
41631.4  1.448474e-01
41645.0  1.597445e-01
41658.5  1.756534e-01
41672.0  1.924137e-01
41685.5  2.100433e-01
41699.0  2.284459e-01
41712.5  2.474879e-01
41726.0  2.669055e-01
41739.5  2.862434e-01
41753.1  3.055585e-01
41766.6  3.246139e-01
41780.1  3.431790e-01
41793.6  3.609952e-01
41807.1  3.774002e-01
41820.6  3.926936e-01
41834.1  4.067817e-01
41847.6  4.195907e-01
41861.1  4.310121e-01
41874.7  4.406057e-01
41888.2  4.489754e-01
41901.7  4.561588e-01
41915.2  4.622075e-01
41928.7  4.671564e-01
41942.2  4.715247e-01
41955.7  4.746029e-01
41969.2  4.770054e-01
41982.8  4.788261e-01
41996.3  4.801555e-01
42009.8  4.809837e-01
42023.3  4.815098e-01
42036.8  4.821720e-01
42050.3  4.824712e-01
42063.8  4.824164e-01
42077.3  4.822503e-01
42090.9  4.820538e-01
42104.4  4.818310e-01
42117.9  4.815869e-01
42131.4  4.813609e-01
42144.9  4.811960e-01
42158.4  4.810619e-01
42171.9  4.809693e-01
42185.4  4.809427e-01
42199.0  4.809994e-01
42212.5  4.810675e-01
42226.0  4.811902e-01
42239.5  4.813762e-01
42253.0  4.816130e-01
42266.5  4.818491e-01
42280.0  4.821252e-01
42293.5  4.824298e-01
42307.1  4.827464e-01
42320.6  4.830446e-01
42334.1  4.833717e-01
42347.6  4.836907e-01
42361.1  4.839850e-01
42374.6  4.842459e-01
42388.1  4.845225e-01
42401.6  4.847670e-01
42415.2  4.849717e-01
42428.7  4.856290e-01
42442.2  4.858714e-01
42455.7  4.859534e-01
42469.2  4.859731e-01
42482.7  4.864785e-01
42496.2  4.864146e-01
42509.7  4.862286e-01
42523.3  4.859835e-01
42536.8  4.856897e-01
42550.3  4.853419e-01
42563.8  4.848734e-01
42577.3  4.843267e-01
42590.8  4.837101e-01
42604.3  4.827152e-01
42617.8  4.809732e-01
42631.4  4.790932e-01
42644.9  4.770786e-01
42658.4  4.748863e-01
42671.9  4.724820e-01
42685.4  4.697834e-01
42698.9  4.667994e-01
42712.4  4.631815e-01
42725.9  4.594033e-01
42739.5  4.557962e-01
42753.0  4.530213e-01
42766.5  4.513148e-01
42780.0  4.507405e-01
42793.5  4.513341e-01
42807.0  4.539893e-01
42820.5  4.577971e-01
42834.0  4.609437e-01
42847.5  4.633562e-01
42861.1  4.650795e-01
42874.6  4.666299e-01
42888.1  4.680993e-01
42901.6  4.693111e-01
42915.1  4.686544e-01
42928.6  4.680158e-01
42942.1  4.680386e-01
42955.6  4.678845e-01
42969.2  4.673106e-01
42982.7  4.667719e-01
42996.2  4.662698e-01
43009.7  4.657472e-01
43023.2  4.652136e-01
43036.7  4.647486e-01
43050.2  4.643351e-01
43063.7  4.639639e-01
43077.3  4.636163e-01
43090.8  4.633600e-01
43104.3  4.631629e-01
43117.8  4.630089e-01
43131.3  4.628872e-01
43144.8  4.628622e-01
43158.3  4.628851e-01
43171.8  4.629454e-01
43185.4  4.630337e-01
43198.9  4.632093e-01
43212.4  4.634314e-01
43225.9  4.636788e-01
43239.4  4.639455e-01
43252.9  4.642722e-01
43266.4  4.645962e-01
43279.9  4.649096e-01
43293.5  4.652113e-01
43307.0  4.655287e-01
43320.5  4.658086e-01
43334.0  4.660469e-01
43347.5  4.662396e-01
43361.0  4.663876e-01
43374.5  4.664557e-01
43388.0  4.664396e-01
43401.6  4.663352e-01
43415.1  4.661324e-01
43428.6  4.658154e-01
43442.1  4.653820e-01
43455.6  4.651195e-01
43469.1  4.646832e-01
43482.6  4.639059e-01
43496.1  4.630017e-01
43509.7  4.619828e-01
43523.2  4.613799e-01
43536.7  4.601497e-01
43550.2  4.588195e-01
43563.7  4.574174e-01
43577.2  4.559529e-01
43590.7  4.544288e-01
43604.2  4.528463e-01
43617.8  4.512498e-01
43631.3  4.496155e-01
43644.8  4.479386e-01
43658.3  4.462098e-01
43671.8  4.444358e-01
43685.3  4.425744e-01
43698.8  4.406069e-01
43712.3  4.384711e-01
43725.8  4.361119e-01
43739.4  4.334863e-01
43752.9  4.305469e-01
43766.4  4.270482e-01
43779.9  4.229670e-01
43793.4  4.182964e-01
43806.9  4.129841e-01
43820.4  4.064381e-01
43833.9  3.990135e-01
43847.5  3.906840e-01
43861.0  3.811989e-01
43874.5  3.701725e-01
43888.0  3.581205e-01
43901.5  3.450922e-01
43915.0  3.305338e-01
43928.5  3.147366e-01
43942.0  2.981866e-01
43955.6  2.810397e-01
43969.1  2.625349e-01
43982.6  2.438342e-01
43996.1  2.251696e-01
44009.6  2.064771e-01
44023.1  1.878087e-01
44036.6  1.699095e-01
44050.1  1.529185e-01
44063.7  1.367952e-01
44077.2  1.216353e-01
44090.7  1.077512e-01
44104.2  9.510518e-02
44117.7  8.360673e-02
44131.2  7.336914e-02
44144.7  6.433692e-02
44158.2  5.627945e-02
44171.8  4.919541e-02
44185.3  4.299358e-02
44198.8  3.757262e-02
44212.3  3.286230e-02
44225.8  2.876208e-02
44239.3  2.519283e-02
44252.8  2.209402e-02
44266.3  1.940860e-02
44279.9  1.707034e-02
44293.4  1.503158e-02
44306.9  1.326587e-02
44320.4  1.172596e-02
44333.9  1.037999e-02
44347.4  9.203611e-03
44360.9  8.174966e-03
44374.4  7.271650e-03
44388.0  6.477912e-03
44401.5  5.781113e-03
44415.0  5.166590e-03
44428.5  4.623894e-03
44442.0  4.146089e-03
44455.5  3.721358e-03
44469.0  3.344341e-03
44482.5  3.010720e-03
44496.1  2.716027e-03
44509.6  2.450830e-03
44523.1  2.212403e-03
44536.6  2.001681e-03
44550.1  1.815021e-03
44563.6  1.647427e-03
44577.1  1.495417e-03
44590.6  1.358644e-03
44604.1  1.235474e-03
44617.7  1.124567e-03
44631.2  1.025544e-03
44644.7  9.382536e-04
44658.2  8.603192e-04
44671.7  7.891145e-04
44685.2  7.207313e-04
44698.7  6.573575e-04
44712.2  5.995549e-04
44725.8  5.482660e-04
44739.3  5.019211e-04
44752.8  4.599211e-04
44766.3  4.221744e-04
44779.8  3.867509e-04
44793.3  3.540767e-04
44806.8  3.253902e-04
44820.3  3.007727e-04
44833.9  2.776268e-04
44847.4  2.546063e-04
44860.9  2.329676e-04
44874.4  2.149932e-04
44887.9  2.006692e-04
44901.4  1.866855e-04
44914.9  1.716021e-04
44928.4  1.563158e-04
44942.0  1.420883e-04
44955.5  1.309234e-04
44969.0  1.222260e-04
44982.5  1.164968e-04
44996.0  1.102712e-04
45009.5  1.029474e-04
45023.0  9.401229e-05
45036.5  8.624030e-05
45050.1  7.894252e-05
45063.6  7.235007e-05
45077.1  6.354110e-05
45090.6  5.693479e-05
45104.1  5.234362e-05
45117.6  4.922613e-05
45131.1  4.474828e-05
45144.6  4.016901e-05
45158.2  3.694778e-05
45171.7  3.569733e-05
45185.2  3.474978e-05
45198.7  3.321345e-05
45212.2  3.140342e-05
45225.7  2.995747e-05
45239.2  2.902893e-05
45252.7  2.841168e-05
45266.3  2.789663e-05
45279.8  2.746530e-05
45293.3  2.687356e-05
45306.8  2.668049e-05
45320.3  2.682343e-05
45333.8  2.689085e-05
45347.3  2.539701e-05
45360.8  2.305538e-05
45374.4  2.100309e-05
45387.9  2.103262e-05
45401.4  2.192880e-05
45414.9  2.212750e-05
45428.4  2.068728e-05
45441.9  1.891279e-05
45455.4  1.764156e-05
45468.9  1.729541e-05
45482.5  1.758598e-05
45496.0  1.816487e-05
45509.5  1.826044e-05
45523.0  1.789308e-05
45536.5  1.673241e-05
45550.0  1.564033e-05
45563.5  1.482081e-05
45577.0  1.422466e-05
45590.5  1.364659e-05
45604.1  1.310900e-05
45617.6  1.298530e-05
45631.1  1.174975e-05
45644.6  1.023881e-05
45658.1  8.893236e-06
45671.6  9.467702e-06
45685.1  1.026930e-05
45698.6  1.115383e-05
45712.2  1.018991e-05
45725.7  9.690815e-06
45739.2  8.866694e-06
45752.7  7.199696e-06
45766.2  7.116049e-06
45779.7  7.272052e-06
45793.2  6.838282e-06
45806.7  6.119047e-06
45820.3  5.229838e-06
45833.8  4.874893e-06
45847.3  4.692830e-06
45860.8  4.649501e-06
45874.3  4.181886e-06
45887.8  3.899652e-06
45901.3  3.762180e-06
45914.8  3.547685e-06
45928.4  2.843026e-06
45941.9  1.943896e-06
45955.4  1.695330e-06
45968.9  1.849309e-06
45982.4  2.539163e-06
45995.9  2.401431e-06
46009.4  2.050124e-06
46022.9  1.573188e-06
46036.5  1.639469e-06
46050.0  1.822501e-06
46063.5  2.160913e-06
46077.0  2.119471e-06
46090.5  1.400925e-06
46104.0  5.502196e-07
46117.5  1.951873e-08
46131.0  4.833022e-09
46144.6  4.829971e-09
46158.1  8.028110e-08
46171.6  1.591548e-06
46185.1  2.273687e-06
46198.6  2.227456e-06
46212.1  5.022458e-07
46225.6  7.745910e-09
46239.1  4.805543e-09
46252.7  4.801490e-09
46266.2  4.797406e-09
46279.7  4.793293e-09
46293.2  4.789148e-09
46306.7  4.784990e-09
46320.2  4.780820e-09
46333.7  4.776619e-09
46347.2  4.772390e-09
46360.8  4.768133e-09
46374.3  4.763846e-09
46387.8  4.759533e-09
46401.3  4.755194e-09
46414.8  4.750852e-09
46428.3  4.746485e-09
46441.8  4.742091e-09
46455.3  4.737671e-09
46468.8  4.733228e-09
46482.4  4.728760e-09
46495.9  4.724268e-09
46509.4  3.606871e-08
46522.9  5.844456e-07
46536.4  1.550141e-06
46549.9  2.906472e-06
46563.4  4.535537e-06
46576.9  5.455081e-06
46590.5  4.564035e-06
46604.0  2.176608e-06
46617.5  4.256048e-08
46631.0  7.041671e-09
46644.5  4.680765e-09
46658.0  4.673458e-09
46671.5  4.668716e-09
46685.0  4.663959e-09
46698.6  4.659189e-09
46712.1  4.654422e-09
46725.6  4.649644e-09
46739.1  4.644855e-09
46752.6  4.640055e-09
46766.1  4.635245e-09
46779.6  4.630426e-09
46793.1  4.625599e-09
46806.7  4.620713e-09
46820.2  4.615770e-09
46833.7  4.610821e-09
46847.2  4.605867e-09
46860.7  4.600907e-09
46874.2  4.595944e-09
46887.7  4.590976e-09
46901.2  4.586011e-09
46914.8  4.581091e-09
46928.3  4.576168e-09
46941.8  4.571245e-09
46955.3  4.566322e-09
46968.8  4.561399e-09
46982.3  4.561649e-09
46995.8  4.556723e-09
47009.3  4.551827e-09
47022.9  4.546947e-09
47036.4  4.542070e-09
47049.9  4.537195e-09
47063.4  4.532327e-09
47076.9  4.527463e-09
47090.4  4.522604e-09
47103.9  4.517926e-09
47117.4  4.513675e-09
47131.0  4.509431e-09
47144.5  4.505193e-09
47158.0  4.500961e-09
47171.5  4.496736e-09
47185.0  4.492520e-09
47198.5  4.488309e-09
47212.0  4.483561e-09
47225.5  4.478754e-09
47239.1  4.473956e-09
47252.6  4.469171e-09
47266.1  4.464395e-09
47279.6  4.459629e-09
47293.1  4.454876e-09
47306.6  4.450139e-09
47320.1  4.445416e-09
47333.6  4.440708e-09
47347.1  4.439480e-09
47360.7  4.436172e-09
47374.2  4.431495e-09
47387.7  4.426829e-09
47401.2  4.422178e-09
47414.7  4.417576e-09
47428.2  4.412986e-09
47441.7  4.408408e-09
47455.2  4.403844e-09
47468.8  4.399291e-09
47482.3  4.394751e-09
47495.8  4.390225e-09
47509.3  4.385709e-09
47522.8  4.381207e-09
47536.3  4.376716e-09
47549.8  4.372236e-09
47563.3  4.367772e-09
47576.9  4.363317e-09
47590.4  4.358874e-09
47603.9  4.354458e-09
47617.4  4.350086e-09
47630.9  4.345557e-09
47644.4  4.341001e-09
47657.9  4.336454e-09
47671.4  4.331919e-09
47685.0  4.327395e-09
47698.5  4.322880e-09
47712.0  4.318358e-09
47725.5  4.313843e-09
47739.0  4.309336e-09
47752.5  4.304839e-09
47766.0  4.300351e-09
47779.5  4.295869e-09
47793.1  4.291398e-09
47806.6  4.286893e-09
47820.1  4.282353e-09
47833.6  4.277821e-09
47847.1  4.273295e-09
47860.6  4.268774e-09
47874.1  4.264260e-09
47887.6  4.259750e-09
47901.2  4.255246e-09
47914.7  4.250770e-09
47928.2  4.246297e-09
47941.7  4.241827e-09
47955.2  4.237360e-09
47968.7  4.232894e-09
47982.2  4.228430e-09
47995.7  4.223967e-09
48009.3  4.219535e-09
48022.8  4.215117e-09
48036.3  4.210699e-09
48049.8  4.206279e-09
48063.3  4.201857e-09
48076.8  4.197433e-09
48090.3  4.197588e-09
48103.8  4.193127e-09
48117.4  4.188596e-09
48130.9  4.184061e-09
48144.4  4.179521e-09
48157.9  4.174975e-09
48171.4  4.170423e-09
48184.9  4.165865e-09
48198.4  4.161298e-09
48211.9  4.156799e-09
48225.5  4.152300e-09
48239.0  4.147792e-09
48252.5  4.143275e-09
48266.0  4.138747e-09
48279.5  4.134208e-09
48293.0  4.129658e-09
48306.5  4.125074e-09
48320.0  4.120455e-09
48333.5  4.115824e-09
48347.1  4.111179e-09
48360.6  4.106520e-09
48374.1  4.101846e-09
48387.6  4.097158e-09
48401.1  4.092453e-09
48414.6  4.087719e-09
48428.1  4.082970e-09
48441.6  4.078203e-09
48455.2  4.073419e-09
48468.7  4.068617e-09
48482.2  1.196941e-08
48495.7  7.635195e-07
48509.2  2.521658e-06
48522.7  2.579841e-06
48536.2  4.635226e-07
48549.7  5.529435e-08
48563.3  5.726224e-09
48576.8  2.582445e-08
48590.3  1.110917e-06
48603.8  1.390120e-06
48617.3  1.405075e-06
48630.8  9.457947e-07
48644.3  5.991413e-07
48657.8  3.680312e-07
48671.4  1.724250e-08
48684.9  3.990239e-09
48698.4  3.985150e-09
48711.9  1.573166e-08
48725.4  6.552742e-07
48738.9  1.226227e-06
48752.4  1.494456e-06
48765.9  1.619151e-06
48779.5  1.509302e-06
48793.0  1.208876e-06
48806.5  5.011143e-08
48820.0  3.937195e-09
48833.5  3.930194e-09
48847.0  3.923172e-09
48860.5  3.916129e-09
48874.0  3.909063e-09
48887.6  3.901976e-09
48901.1  3.894866e-09
48914.6  3.887717e-09
48928.1  3.880546e-09
48941.6  3.873353e-09
48955.1  3.866138e-09
48968.6  3.858902e-09
48982.1  3.851644e-09
48995.7  3.844364e-09
49009.2  3.837057e-09
49022.7  3.829725e-09
49036.2  3.822371e-09
49049.7  3.814997e-09
49063.2  3.807600e-09
49076.7  3.800181e-09
49090.2  3.792743e-09
49103.8  3.785287e-09
49117.3  3.777823e-09
49130.8  3.770339e-09
49144.3  3.762833e-09
49157.8  3.755307e-09
49171.3  3.747760e-09
49184.8  3.740192e-09
49198.3  3.732605e-09
49211.8  3.724965e-09
49225.4  3.717299e-09
49238.9  3.709615e-09
49252.4  3.701910e-09
49265.9  3.694187e-09
49279.4  3.686445e-09
49292.9  3.678684e-09
49306.4  3.786253e-09
49319.9  7.760396e-08
49333.5  1.261588e-06
49347.0  1.044138e-06
49360.5  1.188321e-07
49374.0  4.933174e-09
49387.5  3.623792e-09
49401.0  3.615883e-09
49414.5  3.609766e-09
49428.0  3.603991e-09
49441.6  3.596049e-09
49455.1  1.377685e-08
49468.6  5.477312e-07
49482.1  1.068654e-06
49495.6  3.359070e-06
49509.1  4.191444e-06
49522.6  4.892435e-06
49536.1  4.777291e-06
49549.7  4.191275e-06
49563.2  3.588896e-06
49576.7  3.363544e-06
49590.2  3.288080e-06
49603.7  3.276096e-06
49617.2  3.622862e-06
49630.7  4.182578e-06
49644.2  5.448272e-06
49657.8  7.525874e-06
49671.3  8.529451e-06
49684.8  9.161471e-06
49698.3  8.250364e-06
49711.8  7.496620e-06
49725.3  6.918832e-06
49738.8  6.342835e-06
49752.3  5.900194e-06
49765.9  4.974563e-06
49779.4  5.110306e-06
49792.9  4.587357e-06
49806.4  3.879490e-06
49819.9  2.625373e-06
49833.4  1.697456e-06
49846.9  9.551539e-07
49860.4  8.330068e-07
49874.0  8.807987e-07
49887.5  8.227586e-07
49901.0  7.694884e-07
49914.5  8.848834e-07
49928.0  2.314196e-06
49941.5  3.651406e-06
49955.0  4.894158e-06
49968.5  5.899566e-06
49982.1  6.247491e-06
49995.6  7.044625e-06
50009.1  5.170504e-06
50022.6  4.422752e-06
50036.1  2.481104e-06
50049.6  1.355704e-06
50063.1  7.153454e-07
50076.6  8.377601e-07
50090.1  2.605079e-06
50103.7  4.454488e-06
50117.2  5.563515e-06
50130.7  5.585207e-06
50144.2  5.624904e-06
50157.7  4.890275e-06
50171.2  4.106467e-06
50184.7  3.306738e-06
50198.2  2.582167e-06
50211.8  3.542261e-06
50225.3  3.954742e-06
50238.8  4.060955e-06
50252.3  2.489216e-06
50265.8  1.499070e-06
50279.3  6.738771e-07
50292.8  5.973573e-07
50306.3  1.562668e-06
50319.9  2.367415e-06
50333.4  2.612446e-06
50346.9  1.990267e-06
50360.4  1.377547e-06
50373.9  4.748220e-07
50387.4  1.779895e-07
50400.9  8.685104e-08
50414.4  1.041762e-07
50428.0  4.338390e-07
50441.5  9.400894e-07
50455.0  1.532910e-06
50468.5  2.518843e-06
50482.0  3.932885e-06
50495.5  4.391753e-06
50509.0  4.497108e-06
50522.5  2.975914e-06
50536.1  1.434715e-06
50549.6  9.214374e-07
50563.1  9.294306e-07
50576.6  1.184220e-06
50590.1  1.265756e-06
50603.6  1.291487e-06
50617.1  1.189214e-06
50630.6  1.124564e-06
50644.2  1.209902e-06
50657.7  1.238067e-06
50671.2  1.032824e-06
50684.7  7.555165e-07
50698.2  4.398043e-07
50711.7  2.801480e-07
50725.2  1.932456e-07
50738.7  2.928960e-07
50752.3  6.288602e-07
50765.8  1.040584e-06
50779.3  1.993443e-06
50792.8  1.495645e-06
50806.3  1.228263e-06
50819.8  5.868975e-07
50833.3  2.068459e-07
50846.8  4.523322e-07
50860.4  9.159497e-07
50873.9  7.204583e-07
50887.4  7.380416e-07
50900.9  8.760611e-07
50914.4  1.453620e-06
50927.9  3.659990e-06
50941.4  4.650868e-06
50954.9  5.803809e-06
50968.4  5.151178e-06
50982.0  4.521360e-06
50995.5  3.622171e-06
