# from http://www.stsci.edu/jwst/instruments/nircam/instrumentdesign/filters
# Retrieved Jan 18, 2017, dated Feb 5, 2016 (pre-flight)
# Uses modA or modB  filters+DBS+QE+OTE (nrc_plus_ote)
# Units of transmission are PCE (photon to electron conversion efficiency)
# 
20004.7  7.718118e-15
20020.7  1.539613e-13
20036.8  2.012176e-12
20052.9  2.642324e-12
20069.0  3.275008e-12
20085.1  2.768654e-12
20101.1  1.370019e-12
20117.2  3.727822e-13
20133.3  6.026357e-14
20149.4  5.524060e-15
20165.5  7.949817e-15
20181.6  1.207388e-13
20197.6  2.153692e-13
20213.7  1.149921e-13
20229.8  1.304831e-13
20245.9  2.482518e-13
20262.0  1.034259e-13
20278.0  3.150825e-14
20294.1  5.157049e-14
20310.2  1.823097e-13
20326.3  3.708892e-14
20342.4  2.857917e-15
20358.4  1.826435e-15
20374.5  1.818350e-15
20390.6  5.377156e-15
20406.7  6.932054e-14
20422.8  2.437996e-14
20438.8  2.723484e-15
20454.9  7.319918e-15
20471.0  1.576013e-13
20487.1  5.018931e-13
20503.2  6.362239e-13
20519.3  8.129203e-13
20535.3  1.192225e-12
20551.4  8.476625e-13
20567.5  1.035744e-12
20583.6  1.709518e-12
20599.7  2.013272e-12
20615.7  2.148253e-12
20631.8  2.137900e-12
20647.9  1.604558e-12
20664.0  1.005795e-12
20680.1  6.512216e-13
20696.1  6.097703e-13
20712.2  2.360626e-13
20728.3  1.894678e-14
20744.4  1.344443e-14
20760.5  2.510565e-13
20776.5  7.992979e-13
20792.6  4.886755e-14
20808.7  1.025283e-14
20824.8  4.430976e-14
20840.9  2.857276e-13
20857.0  1.249184e-12
20873.0  8.383055e-12
20889.1  1.137994e-11
20905.2  1.600540e-11
20921.3  2.130998e-11
20937.4  2.916814e-11
20953.4  2.210417e-11
20969.5  2.007485e-11
20985.6  2.724076e-11
21001.7  4.461452e-11
21017.8  5.190523e-11
21033.8  5.093129e-11
21049.9  3.616949e-11
21066.0  2.914471e-11
21082.1  2.339827e-11
21098.2  1.668053e-11
21114.2  1.442363e-11
21130.3  2.164475e-11
21146.4  4.183693e-11
21162.5  5.815856e-11
21178.6  1.057094e-10
21194.7  3.050888e-11
21210.7  1.114875e-11
21226.8  9.117256e-12
21242.9  3.526300e-11
21259.0  4.904415e-11
21275.1  3.719010e-11
21291.1  2.914022e-11
21307.2  2.653415e-11
21323.3  2.729019e-11
21339.4  1.823204e-11
21355.5  1.653223e-11
21371.5  1.740763e-11
21387.6  2.770731e-11
21403.7  3.340534e-11
21419.8  4.844801e-11
21435.9  5.142142e-11
21451.9  4.995716e-11
21468.0  4.367642e-11
21484.1  4.237770e-11
21500.2  7.730075e-11
21516.3  7.331897e-11
21532.4  7.799716e-11
21548.4  7.033451e-11
21564.5  6.410684e-11
21580.6  6.275109e-11
21596.7  6.425486e-11
21612.8  7.148972e-11
21628.8  8.521647e-11
21644.9  9.091564e-11
21661.0  7.931254e-11
21677.1  8.566400e-11
21693.2  7.260050e-11
21709.2  6.502238e-11
21725.3  6.687585e-11
21741.4  8.176449e-11
21757.5  6.064425e-11
21773.6  3.277380e-11
21789.6  1.852023e-11
21805.7  2.498143e-11
21821.8  4.240038e-11
21837.9  4.340823e-11
21854.0  4.462283e-11
21870.1  4.930005e-11
21886.1  5.858472e-11
21902.2  7.888593e-11
21918.3  1.064784e-10
21934.4  1.673416e-10
21950.5  1.491396e-10
21966.5  1.448438e-10
21982.6  1.116301e-10
21998.7  1.107871e-10
22014.8  1.006290e-10
22030.9  8.287012e-11
22046.9  7.649073e-11
22063.0  1.038263e-10
22079.1  2.085694e-10
22095.2  6.571693e-11
22111.3  2.704927e-11
22127.3  3.904362e-11
22143.4  1.573706e-10
22159.5  7.178933e-10
22175.6  9.494943e-10
22191.7  1.264655e-09
22207.7  1.047879e-09
22223.8  9.011523e-10
22239.9  7.265908e-10
22256.0  5.392522e-10
22272.1  5.166618e-10
22288.2  5.256138e-10
22304.2  5.359706e-10
22320.3  8.639787e-10
22336.4  1.958372e-09
22352.5  4.378989e-09
22368.6  4.877308e-09
22384.6  5.695193e-09
22400.7  8.520820e-09
22416.8  1.318090e-08
22432.9  1.861043e-08
22449.0  2.420078e-08
22465.0  3.187723e-08
22481.1  4.383030e-08
22497.2  6.054350e-08
22513.3  8.471970e-08
22529.4  1.189861e-07
22545.4  1.641460e-07
22561.5  2.135542e-07
22577.6  2.766253e-07
22593.7  3.441189e-07
22609.8  4.218620e-07
22625.9  5.005462e-07
22641.9  5.642157e-07
22658.0  6.301779e-07
22674.1  6.864473e-07
22690.2  7.399165e-07
22706.3  7.801415e-07
22722.3  8.011778e-07
22738.4  8.194207e-07
22754.5  8.511970e-07
22770.6  8.837202e-07
22786.7  9.177696e-07
22802.7  9.553445e-07
22818.8  9.973002e-07
22834.9  1.022438e-06
22851.0  1.050726e-06
22867.1  1.096445e-06
22883.1  1.162095e-06
22899.2  1.238941e-06
22915.3  1.321797e-06
22931.4  1.417155e-06
22947.5  1.533011e-06
22963.6  1.675265e-06
22979.6  1.841137e-06
22995.7  1.992192e-06
23011.8  2.159872e-06
23027.9  2.369594e-06
23044.0  2.635908e-06
23060.0  2.953711e-06
23076.1  3.335089e-06
23092.2  3.791567e-06
23108.3  4.375098e-06
23124.4  5.172507e-06
23140.4  6.151656e-06
23156.5  7.413173e-06
23172.6  8.993653e-06
23188.7  1.086123e-05
23204.8  1.258988e-05
23220.8  1.449864e-05
23236.9  1.668856e-05
23253.0  1.906398e-05
23269.1  2.151419e-05
23285.2  2.399393e-05
23301.3  2.648144e-05
23317.3  2.922662e-05
23333.4  3.242783e-05
23349.5  3.566885e-05
23365.6  3.790576e-05
23381.7  3.952026e-05
23397.7  4.061389e-05
23413.8  4.128887e-05
23429.9  4.156945e-05
23446.0  4.175910e-05
23462.1  4.205725e-05
23478.1  4.227370e-05
23494.2  4.216507e-05
23510.3  4.207966e-05
23526.4  4.224185e-05
23542.5  4.319815e-05
23558.5  4.434489e-05
23574.6  4.505661e-05
23590.7  4.525535e-05
23606.8  4.571765e-05
23622.9  4.818126e-05
23639.0  5.120238e-05
23655.0  5.407604e-05
23671.1  5.578346e-05
23687.2  5.740093e-05
23703.3  5.809221e-05
23719.4  5.778991e-05
23735.4  5.722596e-05
23751.5  5.438317e-05
23767.6  5.114405e-05
23783.7  4.780891e-05
23799.8  4.189740e-05
23815.8  3.677752e-05
23831.9  3.255197e-05
23848.0  2.926067e-05
23864.1  2.630175e-05
23880.2  2.234756e-05
23896.2  1.838136e-05
23912.3  1.514433e-05
23928.4  1.288074e-05
23944.5  1.113025e-05
23960.6  8.998721e-06
23976.7  6.027683e-06
23992.7  4.562131e-06
24008.8  2.927965e-06
24024.9  1.556244e-06
24041.0  9.199725e-07
24057.1  3.023595e-07
24073.1  6.836924e-08
24089.2  1.641257e-08
24105.3  2.919276e-08
24121.4  8.223114e-08
24137.5  2.341000e-07
24153.5  3.736042e-07
24169.6  7.644579e-07
24185.7  1.669528e-06
24201.8  8.821352e-07
24217.9  5.651354e-07
24233.9  5.439334e-07
24250.0  8.520161e-07
24266.1  1.471894e-06
24282.2  1.862068e-06
24298.3  1.751509e-06
24314.4  1.654351e-06
24330.4  1.886403e-06
24346.5  2.317986e-06
24362.6  2.933680e-06
24378.7  3.108464e-06
24394.8  3.285296e-06
24410.8  3.484807e-06
24426.9  2.862496e-06
24443.0  2.533658e-06
24459.1  2.597881e-06
24475.2  3.123523e-06
24491.2  3.761930e-06
24507.3  3.944759e-06
24523.4  3.353085e-06
24539.5  3.036547e-06
24555.6  3.025952e-06
24571.6  3.274636e-06
24587.7  3.709918e-06
24603.8  2.087124e-06
24619.9  1.128180e-06
24636.0  7.641847e-07
24652.0  5.167391e-07
24668.1  3.685772e-07
24684.2  3.901711e-07
24700.3  4.960771e-07
24716.4  9.256959e-07
24732.5  1.926013e-06
24748.5  2.118506e-06
24764.6  2.201759e-06
24780.7  3.207616e-06
24796.8  2.119194e-06
24812.9  1.636659e-06
24828.9  1.433108e-06
24845.0  2.696213e-07
24861.1  5.900796e-08
24877.2  1.693812e-08
24893.3  6.057994e-08
24909.3  2.636137e-07
24925.4  1.182766e-06
24941.5  1.109926e-06
24957.6  1.017759e-06
24973.7  9.340906e-07
24989.7  9.932850e-07
24997.8  2.047195e-06
25011.3  3.468749e-06
25024.8  1.663228e-06
25038.3  1.475004e-06
25051.8  3.959367e-06
25065.3  6.860140e-06
25078.9  9.442229e-06
25092.4  6.434767e-06
25105.9  3.811425e-06
25119.4  5.581256e-06
25132.9  3.010396e-06
25146.4  5.874787e-07
25159.9  4.076552e-06
25173.4  4.812429e-06
25187.0  4.571576e-06
25200.5  4.416465e-06
25214.0  2.803079e-06
25227.5  5.582365e-06
25241.0  3.748638e-06
25254.5  5.319378e-06
25268.0  7.411892e-06
25281.5  4.483139e-06
25295.1  2.764247e-06
25308.6  5.473306e-09
25322.1  6.545967e-09
25335.6  1.371515e-06
25349.1  4.184816e-06
25362.6  2.685932e-06
25376.1  5.511918e-06
25389.6  3.685289e-06
25403.2  8.516723e-09
25416.7  1.074270e-06
25430.2  2.878331e-06
25443.7  1.000857e-06
25457.2  2.050785e-06
25470.7  2.704657e-07
25484.2  2.856033e-07
25497.7  2.123572e-06
25511.2  2.390685e-06
25524.8  4.419889e-07
25538.3  1.135943e-06
25551.8  1.052587e-06
25565.3  4.258389e-06
25578.8  5.917168e-06
25592.3  4.585740e-06
25605.8  1.969534e-06
25619.3  4.350238e-06
25632.9  1.557440e-07
25646.4  1.205090e-06
25659.9  1.636267e-06
25673.4  1.674850e-07
25686.9  1.378194e-06
25700.4  3.223598e-06
25713.9  2.852477e-06
25727.4  2.672744e-06
25741.0  1.927841e-06
25754.5  5.820704e-06
25768.0  1.764127e-06
25781.5  2.166669e-06
25795.0  1.342875e-06
25808.5  4.770541e-09
25822.0  4.772182e-09
25835.5  6.888504e-08
25849.1  4.132920e-06
25862.6  3.854980e-06
25876.1  1.934739e-06
25889.6  4.783281e-09
25903.1  2.253821e-06
25916.6  3.643750e-06
25930.1  2.096461e-06
25943.6  6.320502e-06
25957.2  4.216307e-06
25970.7  1.848979e-06
25984.2  6.383292e-08
25997.7  2.137036e-06
26011.2  3.961275e-06
26024.7  2.004773e-06
26038.2  3.280006e-07
26051.7  3.027046e-06
26065.3  2.844526e-06
26078.8  3.985712e-06
26092.3  3.381785e-06
26105.8  4.781368e-06
26119.3  2.911775e-06
26132.8  8.024621e-09
26146.3  3.323477e-06
26159.8  1.952480e-06
26173.4  7.280736e-07
26186.9  7.194690e-07
26200.4  1.654248e-06
26213.9  4.152804e-06
26227.4  1.590067e-06
26240.9  1.704897e-06
26254.4  1.913955e-06
26267.9  1.386983e-06
26281.5  9.490415e-09
26295.0  4.744155e-09
26308.5  4.744817e-09
26322.0  2.441575e-06
26335.5  5.374549e-06
26349.0  3.211352e-06
26362.5  1.490042e-06
26376.0  3.307354e-06
26389.5  5.106400e-06
26403.1  1.989473e-06
26416.6  4.755243e-09
26430.1  4.755907e-09
26443.6  7.766899e-07
26457.1  2.275882e-07
26470.6  3.444747e-07
26484.1  1.809681e-06
26497.6  3.481703e-06
26511.2  8.746057e-07
26524.7  9.059886e-09
26538.2  5.721902e-07
26551.7  2.193277e-06
26565.2  5.022402e-06
26578.7  6.233128e-06
26592.2  5.889627e-06
26605.7  3.624355e-06
26619.3  2.445475e-06
26632.8  1.352822e-06
26646.3  3.670734e-06
26659.8  1.001445e-06
26673.3  1.119199e-07
26686.8  5.465182e-06
26700.3  3.792604e-06
26713.8  3.246418e-06
26727.4  1.481141e-06
26740.9  4.902240e-08
26754.4  2.380742e-08
26767.9  1.497754e-06
26781.4  1.730222e-06
26794.9  1.058127e-06
26808.4  3.031225e-06
26821.9  7.025695e-06
26835.5  5.445164e-06
26849.0  1.713209e-06
26862.5  6.737616e-06
26876.0  4.411366e-06
26889.5  1.590690e-06
26903.0  4.696951e-09
26916.5  2.353151e-06
26930.0  3.523287e-06
26943.6  5.410134e-06
26957.1  3.696678e-06
26970.6  4.358047e-06
26984.1  2.617797e-07
26997.6  4.702724e-09
27011.1  4.707456e-09
27024.6  2.190714e-06
27038.1  4.295071e-06
27051.7  4.111280e-06
27065.2  3.088374e-06
27078.7  2.099302e-06
27092.2  1.580904e-08
27105.7  2.166405e-08
27119.2  2.339116e-06
27132.7  5.056815e-06
27146.2  5.999029e-06
27159.8  3.940668e-06
27173.3  6.725469e-07
27186.8  1.838880e-06
27200.3  3.849684e-06
27213.8  3.803697e-07
27227.3  3.198097e-07
27240.8  6.181162e-08
27254.3  7.990860e-07
27267.9  1.485617e-06
27281.4  5.515916e-08
27294.9  5.018432e-07
27308.4  3.556211e-06
27321.9  5.454814e-06
27335.4  2.040411e-06
27348.9  2.986509e-06
27362.4  2.278836e-06
27375.9  2.141542e-06
27389.5  3.641919e-06
27403.0  3.138336e-06
27416.5  5.051707e-06
27430.0  2.356432e-06
27443.5  1.491698e-06
27457.0  5.073691e-06
27470.5  3.686037e-06
27484.0  1.896828e-06
27497.6  1.528371e-06
27511.1  3.347872e-07
27524.6  4.772122e-09
27538.1  1.140808e-07
27551.6  1.069858e-06
27565.1  4.363227e-06
27578.6  5.586100e-06
27592.1  7.787213e-07
27605.7  4.728265e-09
27619.2  3.975629e-06
27632.7  3.377221e-06
27646.2  6.075884e-07
27659.7  1.437508e-06
27673.2  2.592427e-06
27686.7  1.356429e-06
27700.2  3.586415e-07
27713.8  2.107652e-06
27727.3  4.560703e-06
27740.8  1.663554e-06
27754.3  2.553410e-06
27767.8  2.230682e-06
27781.3  2.391825e-06
27794.8  1.860333e-06
27808.3  1.406887e-07
27821.9  5.217787e-09
27835.4  1.723004e-06
27848.9  1.760526e-06
27862.4  1.589127e-06
27875.9  4.625005e-06
27889.4  1.101144e-05
27902.9  1.817726e-05
27916.4  1.887329e-05
27930.0  1.043182e-05
27943.5  6.537522e-06
27957.0  4.876436e-06
27970.5  9.862479e-07
27984.0  1.671073e-08
27997.5  4.500183e-08
28011.0  8.622556e-07
28024.5  1.694487e-06
28038.1  9.601610e-07
28051.6  2.119116e-06
28065.1  2.952778e-06
28078.6  2.075200e-06
28092.1  7.187132e-09
28105.6  4.741885e-09
28119.1  9.504082e-07
28132.6  3.883482e-07
28146.2  4.740802e-09
28159.7  4.739047e-09
28173.2  4.388324e-08
28186.7  1.981612e-07
28200.2  3.484891e-06
28213.7  3.477869e-06
28227.2  1.448848e-06
28240.7  2.767934e-06
28254.2  3.249120e-06
28267.8  5.064591e-06
28281.3  7.737236e-07
28294.8  4.727953e-09
28308.3  5.324681e-09
28321.8  2.780023e-07
28335.3  7.623988e-07
28348.8  2.559887e-06
28362.3  6.192919e-06
28375.9  3.255779e-06
28389.4  2.708705e-06
28402.9  2.309305e-06
28416.4  1.031358e-06
28429.9  3.369989e-06
28443.4  9.523471e-07
28456.9  1.344226e-06
28470.4  1.445388e-06
28484.0  7.640656e-07
28497.5  7.090511e-07
28511.0  1.624691e-06
28524.5  6.747255e-09
28538.0  3.473718e-07
28551.5  4.524026e-07
28565.0  4.656360e-09
28578.5  4.651021e-09
28592.1  2.340901e-08
28605.6  2.430362e-06
28619.1  9.260462e-07
28632.6  4.628906e-09
28646.1  1.292589e-08
28659.6  1.912365e-06
28673.1  2.996539e-07
28686.6  1.006199e-06
28700.2  1.244339e-06
28713.7  1.743443e-06
28727.2  2.562272e-06
28740.7  1.550818e-06
28754.2  5.100456e-07
28767.7  1.063614e-06
28781.2  6.091922e-06
28794.7  3.762060e-06
28808.3  2.524991e-07
28821.8  1.477833e-06
28835.3  4.713378e-06
28848.8  5.513970e-06
28862.3  2.925106e-06
28875.8  1.831007e-06
28889.3  1.990529e-06
28902.8  5.444317e-08
28916.4  6.901671e-09
28929.9  1.319808e-06
28943.4  2.041002e-06
28956.9  2.711657e-06
28970.4  3.217649e-06
28983.9  3.111938e-07
28997.4  1.079575e-06
29010.9  1.966166e-06
29024.5  2.597777e-06
29038.0  4.427547e-06
29051.5  4.271963e-06
29065.0  6.782025e-06
29078.5  3.004469e-06
29092.0  9.125490e-08
29105.5  4.549894e-09
29119.0  1.737986e-07
29132.5  1.320951e-06
29146.1  1.694674e-06
29159.6  1.407707e-06
29173.1  1.068979e-07
29186.6  2.546941e-06
29200.1  1.073553e-06
29213.6  2.792760e-06
29227.1  1.401526e-06
29240.6  2.086394e-06
29254.2  5.024115e-06
29267.7  8.043557e-07
29281.2  3.921648e-07
29294.7  3.467070e-06
29308.2  2.634760e-06
29321.7  4.857670e-06
29335.2  3.059763e-06
29348.7  1.179575e-06
29362.3  1.631850e-06
29375.8  4.598891e-06
29389.3  5.180641e-06
29402.8  9.257924e-07
29416.3  1.095005e-06
29429.8  8.767812e-08
29443.3  8.942397e-09
29456.8  4.622149e-07
29470.4  1.312699e-06
29483.9  9.942688e-06
29497.4  8.340433e-06
29510.9  4.825854e-06
29524.4  3.502041e-06
29537.9  1.581597e-06
29551.4  1.673048e-06
29564.9  6.629159e-06
29578.5  8.403336e-06
29592.0  4.408002e-06
29605.5  1.874539e-06
29619.0  5.811181e-09
29632.5  2.986196e-07
29646.0  1.539807e-06
29659.5  3.868905e-06
29673.0  1.323173e-06
29686.6  1.451698e-07
29700.1  1.230682e-06
29713.6  1.293233e-06
29727.1  3.121695e-07
29740.6  1.146006e-06
29754.1  1.621453e-07
29767.6  4.260704e-09
29781.1  1.270197e-08
29794.7  2.122495e-06
29808.2  7.382200e-06
29821.7  9.240993e-06
29835.2  4.623382e-06
29848.7  3.511207e-06
29862.2  3.420609e-06
29875.7  3.433560e-06
29889.2  2.816536e-06
29902.8  2.208132e-06
29916.3  4.064958e-06
29929.8  2.859441e-06
29943.3  1.214711e-06
29956.8  9.694177e-07
29970.3  2.630482e-06
29983.8  3.699277e-06
29997.3  3.043932e-06
30010.9  1.354547e-06
30024.4  2.216310e-07
30037.9  4.191596e-09
30051.4  1.493223e-07
30064.9  4.602396e-06
30078.4  1.458164e-06
30091.9  1.905936e-06
30105.4  2.275982e-06
30118.9  5.069159e-06
30132.5  4.872688e-06
30146.0  3.330750e-06
30159.5  1.531999e-06
30173.0  1.659944e-06
30186.5  3.701608e-06
30200.0  2.170574e-06
30213.5  3.604740e-06
30227.0  1.830980e-06
30240.6  2.349978e-06
30254.1  3.093812e-06
30267.6  2.357333e-06
30281.1  4.188050e-06
30294.6  3.209980e-06
30308.1  2.215982e-06
30321.6  1.663795e-06
30335.1  2.066224e-06
30348.7  4.237706e-06
30362.2  5.223417e-06
30375.7  4.848610e-06
30389.2  5.122963e-06
30402.7  2.539940e-06
30416.2  4.932947e-06
30429.7  3.325859e-06
30443.2  7.854930e-07
30456.8  4.514056e-07
30470.3  1.330837e-06
30483.8  3.065044e-06
30497.3  3.844960e-06
30510.8  4.392386e-06
30524.3  3.359623e-06
30537.8  2.375585e-06
30551.3  1.404938e-06
30564.9  8.686580e-09
30578.4  9.418602e-07
30591.9  4.044016e-06
30605.4  5.701661e-06
30618.9  4.004162e-06
30632.4  2.561404e-06
30645.9  1.979171e-06
30659.4  6.052809e-07
30673.0  1.623585e-06
30686.5  1.381469e-06
30700.0  1.682176e-06
30713.5  2.362669e-06
30727.0  7.877816e-07
30740.5  1.727709e-06
30754.0  3.237267e-06
30767.5  2.263962e-06
30781.1  2.279140e-06
30794.6  2.579001e-06
30808.1  6.267116e-06
30821.6  8.877670e-06
30835.1  1.173178e-05
30848.6  5.791812e-06
30862.1  3.425638e-06
30875.6  7.427065e-06
30889.2  8.673833e-06
30902.7  1.158959e-05
30916.2  1.316438e-05
30929.7  1.367286e-05
30943.2  1.812602e-05
30956.7  2.051517e-05
30970.2  2.535571e-05
30983.7  3.142269e-05
30997.2  4.054255e-05
31010.8  4.580854e-05
31024.3  5.501789e-05
31037.8  6.523338e-05
31051.3  7.019785e-05
31064.8  6.821914e-05
31078.3  6.126995e-05
31091.8  5.979249e-05
31105.3  6.986963e-05
31118.9  8.852990e-05
31132.4  9.776706e-05
31145.9  9.675077e-05
31159.4  9.087716e-05
31172.9  8.213325e-05
31186.4  7.325736e-05
31199.9  7.192735e-05
31213.4  7.773798e-05
31227.0  8.216752e-05
31240.5  7.726013e-05
31254.0  6.721586e-05
31267.5  6.141606e-05
31281.0  6.663238e-05
31294.5  8.049377e-05
31308.0  8.559225e-05
31321.5  8.228226e-05
31335.1  8.256548e-05
31348.6  8.438841e-05
31362.1  8.896581e-05
31375.6  9.759018e-05
31389.1  1.065078e-04
31402.6  1.065076e-04
31416.1  9.584072e-05
31429.6  8.348737e-05
31443.2  7.808639e-05
31456.7  8.041407e-05
31470.2  8.423201e-05
31483.7  8.683961e-05
31497.2  8.151559e-05
31510.7  6.566000e-05
31524.2  5.185683e-05
31537.7  4.166866e-05
31551.3  3.554130e-05
31564.8  3.288758e-05
31578.3  2.783830e-05
31591.8  2.348662e-05
31605.3  2.252767e-05
31618.8  1.777970e-05
31632.3  1.211818e-05
31645.8  8.802960e-06
31659.4  6.948380e-06
31672.9  5.735251e-06
31686.4  6.398116e-06
31699.9  6.965699e-06
31713.4  5.275153e-06
31726.9  5.910790e-06
31740.4  6.175408e-06
31753.9  2.147679e-06
31767.5  1.591186e-06
31781.0  8.647476e-08
31794.5  2.575103e-06
31808.0  4.235092e-06
31821.5  4.823551e-06
31835.0  5.106486e-06
31848.5  5.944008e-06
31862.0  6.352455e-06
31875.5  6.716959e-06
31889.1  6.286957e-06
31902.6  4.981963e-06
31916.1  3.952259e-06
31929.6  3.857762e-06
31943.1  3.537917e-06
31956.6  3.052362e-06
31970.1  5.320698e-06
31983.6  6.543351e-06
31997.2  1.781693e-06
32010.7  1.530854e-06
32024.2  5.469546e-06
32037.7  7.323680e-06
32051.2  4.678450e-06
32064.7  3.535718e-06
32078.2  2.443193e-06
32091.7  3.188574e-06
32105.3  4.153787e-06
32118.8  3.304886e-06
32132.3  1.321806e-06
32145.8  6.472240e-07
32159.3  1.042800e-06
32172.8  1.694810e-07
32186.3  3.578629e-08
32199.8  3.097352e-06
32213.4  1.900214e-06
32226.9  5.717022e-08
32240.4  5.800883e-07
32253.9  1.988397e-06
32267.4  3.215619e-06
32280.9  5.082609e-06
32294.4  6.638749e-06
32307.9  7.818314e-06
32321.5  7.824291e-06
32335.0  8.469670e-06
32348.5  6.642528e-06
32362.0  7.171787e-06
32375.5  7.116757e-06
32389.0  6.353267e-06
32402.5  4.960494e-06
32416.0  4.185298e-06
32429.6  4.699638e-06
32443.1  7.193287e-09
32456.6  8.397302e-09
32470.1  4.776063e-08
32483.6  3.877012e-07
32497.1  3.898399e-06
32510.6  3.125778e-06
32524.1  3.554213e-06
32537.7  7.962553e-06
32551.2  1.016708e-05
32564.7  6.227205e-06
32578.2  4.488637e-06
32591.7  4.794371e-06
32605.2  4.330646e-06
32618.7  5.555227e-06
32632.2  4.357095e-06
32645.8  3.635368e-06
32659.3  5.323361e-06
32672.8  7.932265e-06
32686.3  6.392116e-06
32699.8  2.187348e-06
32713.3  6.614115e-08
32726.8  4.826265e-09
32740.3  4.829083e-09
32753.9  3.096924e-07
32767.4  4.195275e-06
32780.9  7.044151e-06
32794.4  6.073263e-06
32807.9  2.686555e-06
32821.4  5.301446e-08
32834.9  3.242031e-07
32848.4  7.688144e-07
32861.9  1.621721e-08
32875.5  4.860356e-09
32889.0  4.863858e-09
32902.5  1.207829e-07
32916.0  5.514457e-06
32929.5  3.663973e-06
32943.0  1.403349e-06
32956.5  1.085057e-06
32970.0  1.470474e-06
32983.6  4.557478e-06
32997.1  8.653511e-06
33010.6  9.474159e-06
33024.1  6.670559e-06
33037.6  3.537964e-06
33051.1  2.233165e-08
33064.6  4.915862e-09
33078.1  5.976858e-08
33091.7  7.826445e-08
33105.2  4.236769e-06
33118.7  8.709177e-06
33132.2  7.112729e-06
33145.7  2.930145e-06
33159.2  4.665616e-07
33172.7  1.888957e-06
33186.2  6.511781e-06
33199.8  8.271642e-06
33213.3  8.286524e-06
33226.8  6.459090e-06
33240.3  3.916794e-06
33253.8  2.446339e-06
33267.3  1.365698e-06
33280.8  2.273396e-07
33294.3  8.921031e-07
33307.9  5.161574e-07
33321.4  4.970519e-09
33334.9  4.896978e-08
33348.4  3.757613e-06
33361.9  4.412437e-06
33375.4  7.217680e-07
33388.9  1.661506e-06
33402.4  2.080020e-06
33416.0  1.070836e-06
33429.5  2.765658e-06
33443.0  3.625615e-06
33456.5  5.735027e-06
33470.0  9.752903e-06
33483.5  6.909202e-06
33497.0  6.126778e-06
33510.5  6.641454e-06
33524.1  4.506893e-06
33537.6  1.428685e-06
33551.1  6.088985e-08
33564.6  2.072482e-07
33578.1  2.444881e-06
33591.6  6.188079e-06
33605.1  9.550120e-06
33618.6  1.057934e-05
33632.2  8.802825e-06
33645.7  4.844985e-06
33659.2  2.037887e-06
33672.7  1.124575e-06
33686.2  2.004398e-07
33699.7  2.075260e-06
33713.2  4.433874e-06
33726.7  5.807587e-06
33740.2  6.033708e-06
33753.8  5.888154e-06
33767.3  4.203945e-07
33780.8  2.046724e-07
33794.3  1.160427e-06
33807.8  1.982780e-06
33821.3  3.767084e-06
33834.8  6.323207e-06
33848.3  6.528524e-06
33861.9  2.634688e-06
33875.4  1.336311e-06
33888.9  2.756534e-06
33902.4  7.299711e-08
33915.9  5.007783e-09
33929.4  5.003910e-09
33942.9  4.999983e-09
33956.4  4.996010e-09
33970.0  9.450553e-08
33983.5  1.970650e-06
33997.0  1.616967e-06
34010.5  3.157265e-07
34024.0  4.974327e-09
34037.5  4.969450e-09
34051.0  4.964543e-09
34064.5  4.959605e-09
34078.1  4.954642e-09
34091.6  3.713479e-08
34105.1  2.032779e-06
34118.6  1.705516e-06
34132.1  6.504068e-08
34145.6  1.491060e-06
34159.1  1.916201e-06
34172.6  6.256887e-07
34186.2  1.957611e-06
34199.7  2.349809e-06
34213.2  7.492898e-07
34226.7  1.200136e-06
34240.2  1.389321e-06
34253.7  7.330391e-09
34267.2  1.853084e-06
34280.7  2.089023e-06
34294.3  1.884937e-06
34307.8  4.757700e-06
34321.3  3.441064e-06
34334.8  4.795277e-06
34348.3  2.497048e-06
34361.8  8.886104e-07
34375.3  8.156198e-07
34388.8  1.089104e-06
34402.4  6.715067e-07
34415.9  6.678822e-09
34429.4  9.521832e-07
34442.9  2.692608e-06
34456.4  2.465277e-06
34469.9  1.826358e-06
34483.4  7.556740e-07
34496.9  1.915631e-06
34510.5  2.967451e-06
34524.0  1.840085e-06
34537.5  3.761481e-07
34551.0  1.568105e-07
34564.5  2.452896e-06
34578.0  7.043339e-06
34591.5  1.264376e-05
34605.0  9.907988e-06
34618.5  5.028360e-06
34632.1  4.442623e-06
34645.6  5.328027e-06
34659.1  4.535683e-06
34672.6  2.699016e-06
34686.1  3.665857e-06
34699.6  4.126151e-06
34713.1  1.357993e-06
34726.6  6.542035e-09
34740.2  5.064774e-07
34753.7  3.488139e-06
34767.2  4.256942e-06
34780.7  2.764688e-06
34794.2  1.004656e-06
34807.7  7.353790e-07
34821.2  1.099232e-06
34834.7  1.649628e-06
34848.3  4.391804e-06
34861.8  6.347425e-06
34875.3  7.160151e-06
34888.8  8.597152e-06
34902.3  9.240179e-06
34915.8  1.275666e-05
34929.3  1.870269e-05
34942.8  2.439325e-05
34956.4  3.016970e-05
34969.9  3.436370e-05
34983.4  3.804383e-05
34996.9  4.364087e-05
35010.4  4.967943e-05
35023.9  5.406057e-05
35037.4  5.349800e-05
35050.9  4.986082e-05
35064.5  4.758569e-05
35078.0  4.724578e-05
35091.5  5.150423e-05
35105.0  5.793591e-05
35118.5  6.213545e-05
35132.0  6.132783e-05
35145.5  5.326114e-05
35159.0  4.646736e-05
35172.6  4.613483e-05
35186.1  4.414828e-05
35199.6  3.882413e-05
35213.1  3.228023e-05
35226.6  2.473846e-05
35240.1  1.824081e-05
35253.6  1.416489e-05
35267.1  1.470312e-05
35280.7  1.561219e-05
35294.2  1.496886e-05
35307.7  1.687546e-05
35321.2  1.775021e-05
35334.7  1.420821e-05
35348.2  6.283692e-06
35361.7  1.667117e-06
35375.2  7.845832e-07
35388.8  3.482514e-06
35402.3  7.944386e-06
35415.8  1.347101e-05
35429.3  1.654234e-05
35442.8  1.575465e-05
35456.3  1.247746e-05
35469.8  9.386673e-06
35483.3  7.296361e-06
35496.8  3.532862e-06
35510.4  3.686273e-06
35523.9  5.029727e-06
35537.4  5.235316e-06
35550.9  8.173846e-06
35564.4  1.253738e-05
35577.9  9.763003e-06
35591.4  6.156987e-06
35604.9  5.293090e-06
35618.5  7.223009e-06
35632.0  1.017005e-05
35645.5  8.694370e-06
35659.0  6.470288e-06
35672.5  5.732721e-06
35686.0  5.945499e-06
35699.5  5.345990e-06
35713.0  7.526067e-06
35726.6  8.473070e-06
35740.1  1.068650e-05
35753.6  9.788192e-06
35767.1  6.124849e-06
35780.6  3.098614e-06
35794.1  2.101291e-06
35807.6  1.385107e-06
35821.1  2.778743e-06
35834.7  3.336239e-06
35848.2  4.233084e-06
35861.7  6.201895e-06
35875.2  8.974169e-06
35888.7  6.913364e-06
35902.2  5.291423e-06
35915.7  4.598595e-06
35929.2  3.198036e-06
35942.8  4.500429e-06
35956.3  5.939337e-06
35969.8  3.766341e-06
35983.3  1.638873e-06
35996.8  2.336162e-06
36010.3  3.462831e-06
36023.8  5.206164e-06
36037.3  7.894275e-06
36050.9  1.097984e-05
36064.4  1.344634e-05
36077.9  1.118197e-05
36091.4  8.227347e-06
36104.9  9.880005e-06
36118.4  1.268902e-05
36131.9  1.053693e-05
36145.4  5.445309e-06
36159.0  4.328785e-06
36172.5  7.782106e-06
36186.0  5.080887e-06
36199.5  3.636690e-06
36213.0  3.204256e-06
36226.5  3.761429e-06
36240.0  6.952061e-06
36253.5  9.862105e-06
36267.1  1.307246e-05
36280.6  1.602975e-05
36294.1  1.551881e-05
36307.6  1.279532e-05
36321.1  1.208681e-05
36334.6  1.262853e-05
36348.1  1.232213e-05
36361.6  1.048717e-05
36375.2  9.025135e-06
36388.7  8.093856e-06
36402.2  6.673578e-06
36415.7  5.595165e-06
36429.2  5.804074e-06
36442.7  7.457329e-06
36456.2  9.482336e-06
36469.7  1.120382e-05
36483.2  1.180077e-05
36496.8  1.091758e-05
36510.3  9.207504e-06
36523.8  5.454300e-06
36537.3  7.138496e-06
36550.8  1.283995e-05
36564.3  1.498014e-05
36577.8  1.521872e-05
36591.3  1.632432e-05
36604.9  1.727385e-05
36618.4  1.833202e-05
36631.9  1.930998e-05
36645.4  1.995292e-05
36658.9  2.086169e-05
36672.4  2.140729e-05
36685.9  2.257719e-05
36699.4  2.434287e-05
36713.0  2.449704e-05
36726.5  2.583647e-05
36740.0  2.980197e-05
36753.5  3.292526e-05
36767.0  3.468411e-05
36780.5  3.711587e-05
36794.0  3.872873e-05
36807.5  3.862868e-05
36821.1  3.834862e-05
36834.6  3.860444e-05
36848.1  3.930360e-05
36861.6  3.915729e-05
36875.1  3.760218e-05
36888.6  3.780953e-05
36902.1  4.219159e-05
36915.6  4.684667e-05
36929.2  4.626824e-05
36942.7  4.201234e-05
36956.2  3.954068e-05
36969.7  4.090521e-05
36983.2  4.445095e-05
36996.7  4.760431e-05
37010.2  4.834441e-05
37023.7  4.755391e-05
37037.3  4.680590e-05
37050.8  4.564470e-05
37064.3  4.466375e-05
37077.8  4.455714e-05
37091.3  4.398414e-05
37104.8  4.259092e-05
37118.3  4.097823e-05
37131.8  3.973782e-05
37145.4  4.051980e-05
37158.9  4.351789e-05
37172.4  4.588512e-05
37185.9  4.570849e-05
37199.4  4.269530e-05
37212.9  3.806659e-05
37226.4  3.502658e-05
37239.9  3.452698e-05
37253.5  3.505935e-05
37267.0  3.468700e-05
37280.5  3.194140e-05
37294.0  2.827614e-05
37307.5  2.631161e-05
37321.0  2.518656e-05
37334.5  2.408912e-05
37348.0  2.374817e-05
37361.5  2.286798e-05
37375.1  2.138008e-05
37388.6  2.107893e-05
37402.1  2.012443e-05
37415.6  1.749280e-05
37429.1  1.569573e-05
37442.6  1.529304e-05
37456.1  1.493896e-05
37469.6  1.366155e-05
37483.2  1.218772e-05
37496.7  1.228564e-05
37510.2  1.396260e-05
37523.7  1.387038e-05
37537.2  1.189353e-05
37550.7  1.051698e-05
37564.2  9.961626e-06
37577.7  1.050578e-05
37591.3  1.157477e-05
37604.8  1.199416e-05
37618.3  1.127220e-05
37631.8  1.045611e-05
37645.3  1.078338e-05
37658.8  1.176520e-05
37672.3  1.120331e-05
37685.8  8.709092e-06
37699.4  7.544850e-06
37712.9  7.941195e-06
37726.4  9.294591e-06
37739.9  1.079909e-05
37753.4  1.150811e-05
37766.9  7.678467e-06
37780.4  5.134753e-06
37793.9  4.810871e-06
37807.5  8.331976e-06
37821.0  1.033662e-05
37834.5  1.171552e-05
37848.0  1.099642e-05
37861.5  5.266545e-06
37875.0  2.161494e-06
37888.5  4.224026e-07
37902.0  1.465176e-07
37915.6  1.918861e-06
37929.1  6.098076e-06
37942.6  9.992994e-06
37956.1  1.018270e-05
37969.6  9.555506e-06
37983.1  8.829410e-06
37996.6  9.626367e-06
38010.1  1.021477e-05
38023.7  9.125535e-06
38037.2  7.518408e-06
38050.7  5.715896e-06
38064.2  5.179607e-06
38077.7  6.551432e-06
38091.2  1.096534e-05
38104.7  1.625560e-05
38118.2  1.719707e-05
38131.8  1.442112e-05
38145.3  9.609217e-06
38158.8  5.053312e-06
38172.3  2.432753e-06
38185.8  2.207796e-06
38199.3  2.928250e-06
38212.8  3.823642e-06
38226.3  5.478746e-06
38239.8  7.284110e-06
38253.4  7.185926e-06
38266.9  8.072003e-06
38280.4  8.635224e-06
38293.9  9.917969e-06
38307.4  1.054763e-05
38320.9  1.130512e-05
38334.4  1.234014e-05
38347.9  1.297614e-05
38361.5  1.159123e-05
38375.0  1.108650e-05
38388.5  1.262051e-05
38402.0  1.169086e-05
38415.5  9.070389e-06
38429.0  8.832430e-06
38442.5  1.017557e-05
38456.0  9.589689e-06
38469.6  8.092102e-06
38483.1  7.806518e-06
38496.6  8.269318e-06
38510.1  9.057012e-06
38523.6  9.396990e-06
38537.1  8.833907e-06
38550.6  8.547550e-06
38564.1  9.014656e-06
38577.7  9.175164e-06
38591.2  1.011546e-05
38604.7  1.239768e-05
38618.2  1.353739e-05
38631.7  1.420487e-05
38645.2  1.501694e-05
38658.7  1.277599e-05
38672.2  9.071993e-06
38685.8  8.196482e-06
38699.3  8.326763e-06
38712.8  7.476483e-06
38726.3  7.604426e-06
38739.8  9.629466e-06
38753.3  1.105947e-05
38766.8  1.112317e-05
38780.3  1.214423e-05
38793.9  1.440004e-05
38807.4  1.354606e-05
38820.9  9.678553e-06
38834.4  4.866280e-06
38847.9  3.355546e-06
38861.4  3.787239e-06
38874.9  7.454857e-06
38888.4  9.106238e-06
38902.0  8.811838e-06
38915.5  7.210209e-06
38929.0  4.773715e-06
38942.5  3.811844e-06
38956.0  4.475517e-06
38969.5  5.581715e-06
38983.0  6.529110e-06
38996.5  1.022091e-05
39010.1  1.445914e-05
39023.6  1.530154e-05
39037.1  1.456973e-05
39050.6  1.468586e-05
39064.1  1.494027e-05
39077.6  1.252739e-05
39091.1  1.063921e-05
39104.6  1.104285e-05
39118.2  1.368203e-05
39131.7  1.373154e-05
39145.2  1.160773e-05
39158.7  7.781748e-06
39172.2  5.693565e-06
39185.7  7.806491e-06
39199.2  1.141965e-05
39212.7  1.328497e-05
39226.2  1.320057e-05
39239.8  1.176370e-05
39253.3  9.123783e-06
39266.8  7.262228e-06
39280.3  6.777313e-06
39293.8  5.493708e-06
39307.3  2.727791e-06
39320.8  1.877816e-06
39334.3  2.215535e-06
39347.9  3.465485e-06
39361.4  3.649820e-06
39374.9  4.492255e-06
39388.4  6.088037e-06
39401.9  7.317863e-06
39415.4  8.024298e-06
39428.9  6.234864e-06
39442.4  4.673070e-06
39456.0  4.055133e-06
39469.5  4.923113e-06
39483.0  5.712419e-06
39496.5  6.125671e-06
39510.0  7.695762e-06
39523.5  8.774842e-06
39537.0  5.942462e-06
39550.5  3.355918e-06
39564.1  2.856322e-06
39577.6  4.825960e-06
39591.1  5.153168e-06
39604.6  3.786537e-06
39618.1  3.309136e-06
39631.6  3.762955e-06
39645.1  3.007334e-06
39658.6  4.297772e-06
39672.2  5.640669e-06
39685.7  7.191673e-06
39699.2  1.039688e-05
39712.7  1.034694e-05
39726.2  7.036423e-06
39739.7  8.437668e-06
39753.2  1.522086e-05
39766.7  2.292125e-05
39780.3  2.783279e-05
39793.8  3.063780e-05
39807.3  3.216855e-05
39820.8  3.145883e-05
39834.3  2.880334e-05
39847.8  2.418573e-05
39861.3  1.903714e-05
39874.8  1.568828e-05
39888.4  1.330724e-05
39901.9  1.136394e-05
39915.4  1.070230e-05
39928.9  1.034850e-05
39942.4  1.102357e-05
39955.9  8.506845e-06
39969.4  6.050500e-06
39982.9  3.299980e-06
39996.5  3.841181e-06
40010.0  5.154007e-06
40023.5  6.147806e-06
40037.0  8.501285e-06
40050.5  8.257323e-06
40064.0  5.079939e-06
40077.5  4.233141e-06
40091.0  5.939019e-06
40104.5  6.521338e-06
40118.1  6.524975e-06
40131.6  7.154624e-06
40145.1  8.017468e-06
40158.6  6.827852e-06
40172.1  4.641976e-06
40185.6  4.289269e-06
40199.1  4.883275e-06
40212.6  5.363131e-06
40226.2  5.159219e-06
40239.7  4.864336e-06
40253.2  5.213248e-06
40266.7  6.383134e-06
40280.2  7.208846e-06
40293.7  6.845791e-06
40307.2  5.636384e-06
40320.7  3.936592e-06
40334.3  5.735346e-07
40347.8  1.148860e-07
40361.3  6.026502e-09
40374.8  1.739162e-07
40388.3  5.260528e-07
40401.8  3.901515e-06
40415.3  4.381397e-06
40428.8  4.695405e-06
40442.4  5.194637e-06
40455.9  4.864134e-06
40469.4  4.436634e-06
40482.9  4.182290e-06
40496.4  3.307529e-06
40509.9  1.887772e-06
40523.4  2.751808e-06
40536.9  3.927473e-06
40550.5  2.960767e-06
40564.0  1.611328e-06
40577.5  2.043956e-06
40591.0  3.498271e-06
40604.5  5.054914e-06
40618.0  5.546341e-06
40631.5  5.400509e-06
40645.0  5.264073e-06
40658.6  5.429108e-06
40672.1  5.820308e-06
40685.6  6.211850e-06
40699.1  6.574701e-06
40712.6  7.200980e-06
40726.1  8.359763e-06
40739.6  8.966116e-06
40753.1  9.079099e-06
40766.7  9.376459e-06
40780.2  9.907986e-06
40793.7  1.018880e-05
40807.2  9.680292e-06
40820.7  9.210029e-06
40834.2  9.247384e-06
40847.7  9.331108e-06
40861.2  9.229067e-06
40874.8  8.896103e-06
40888.3  8.462764e-06
40901.8  8.446343e-06
40915.3  9.318940e-06
40928.8  1.036729e-05
40942.3  1.107725e-05
40955.8  1.102989e-05
40969.3  1.028225e-05
40982.8  9.116063e-06
40996.4  8.292861e-06
41009.9  7.729763e-06
41023.4  6.808115e-06
41036.9  5.585158e-06
41050.4  4.744117e-06
41063.9  6.084632e-06
41077.4  7.873552e-06
41090.9  8.449425e-06
41104.5  7.792797e-06
41118.0  6.967404e-06
41131.5  6.948967e-06
41145.0  7.688968e-06
41158.5  8.328152e-06
41172.0  8.816114e-06
41185.5  9.077717e-06
41199.0  8.835335e-06
41212.6  7.616210e-06
41226.1  5.436243e-06
41239.6  4.509339e-06
41253.1  4.579914e-06
41266.6  4.771081e-06
41280.1  3.945673e-06
41293.6  2.261770e-06
41307.1  1.110167e-06
41320.7  1.177005e-06
41334.2  2.199487e-06
41347.7  4.680812e-06
41361.2  6.935387e-06
41374.7  6.662716e-06
41388.2  5.711704e-06
41401.7  5.516954e-06
41415.2  5.783378e-06
41428.8  5.925199e-06
41442.3  5.894849e-06
41455.8  6.493949e-06
41469.3  6.359680e-06
41482.8  5.618622e-06
41496.3  5.150248e-06
41509.8  6.256369e-06
41523.3  7.588660e-06
41536.9  7.529807e-06
41550.4  6.852450e-06
41563.9  5.976718e-06
41577.4  4.964470e-06
41590.9  3.539346e-06
41604.4  3.162877e-06
41617.9  3.458575e-06
41631.4  3.902696e-06
41645.0  3.992858e-06
41658.5  4.233472e-06
41672.0  4.937533e-06
41685.5  5.364346e-06
41699.0  5.435094e-06
41712.5  5.375050e-06
41726.0  5.694616e-06
41739.5  6.939821e-06
41753.1  8.828315e-06
41766.6  1.075623e-05
41780.1  1.183683e-05
41793.6  1.149865e-05
41807.1  1.109214e-05
41820.6  1.189162e-05
41834.1  1.358840e-05
41847.6  1.553234e-05
41861.1  1.627657e-05
41874.7  1.460534e-05
41888.2  1.277241e-05
41901.7  1.171337e-05
41915.2  1.139768e-05
41928.7  1.099038e-05
41942.2  9.857157e-06
41955.7  9.208692e-06
41969.2  8.660441e-06
41982.8  7.798235e-06
41996.3  6.220207e-06
42009.8  6.093531e-06
42023.3  7.461308e-06
42036.8  9.499261e-06
42050.3  1.083760e-05
42063.8  1.075797e-05
42077.3  1.085462e-05
42090.9  1.115519e-05
42104.4  1.113592e-05
42117.9  1.039059e-05
42131.4  9.570661e-06
42144.9  1.046739e-05
42158.4  1.171442e-05
42171.9  1.197438e-05
42185.4  1.007963e-05
42199.0  7.977159e-06
42212.5  8.981341e-06
42226.0  1.166090e-05
42239.5  1.496680e-05
42253.0  1.635119e-05
42266.5  1.599867e-05
42280.0  1.498270e-05
42293.5  1.358076e-05
42307.1  1.213707e-05
42320.6  1.152611e-05
42334.1  1.196284e-05
42347.6  1.275899e-05
42361.1  1.357278e-05
42374.6  1.405155e-05
42388.1  1.389417e-05
42401.6  1.381643e-05
42415.2  1.381247e-05
42428.7  1.362978e-05
42442.2  1.210928e-05
42455.7  9.876165e-06
42469.2  9.170675e-06
42482.7  1.007073e-05
42496.2  1.284175e-05
42509.7  1.462370e-05
42523.3  1.465093e-05
42536.8  1.314849e-05
42550.3  1.097248e-05
42563.8  9.614010e-06
42577.3  1.005284e-05
42590.8  1.057838e-05
42604.3  1.040697e-05
42617.8  8.979349e-06
42631.4  8.548545e-06
42644.9  9.463359e-06
42658.4  1.115414e-05
42671.9  1.271011e-05
42685.4  1.265899e-05
42698.9  1.111235e-05
42712.4  9.122858e-06
42725.9  7.625410e-06
42739.5  8.322521e-06
42753.0  1.050882e-05
42766.5  1.322569e-05
42780.0  1.648832e-05
42793.5  1.561218e-05
42807.0  1.359109e-05
42820.5  1.292683e-05
42834.0  1.286460e-05
42847.5  1.297712e-05
42861.1  1.275048e-05
42874.6  1.253839e-05
42888.1  1.275498e-05
42901.6  1.366733e-05
42915.1  1.441057e-05
42928.6  1.407538e-05
42942.1  1.339385e-05
42955.6  1.276610e-05
42969.2  1.266385e-05
42982.7  1.265674e-05
42996.2  1.286471e-05
43009.7  1.323275e-05
43023.2  1.363911e-05
43036.7  1.305950e-05
43050.2  1.201676e-05
43063.7  1.121947e-05
43077.3  1.020003e-05
43090.8  8.390276e-06
43104.3  8.807476e-06
43117.8  8.166997e-06
43131.3  6.831289e-06
43144.8  4.018237e-06
43158.3  2.549733e-06
43171.8  1.184713e-06
43185.4  3.307874e-07
43198.9  1.931060e-07
43212.4  3.859818e-07
43225.9  1.328743e-06
43239.4  1.871162e-06
43252.9  2.195657e-06
43266.4  2.988437e-06
43279.9  4.335570e-06
43293.5  5.313703e-06
43307.0  4.622743e-06
43320.5  3.746745e-06
43334.0  3.214890e-06
43347.5  4.552512e-06
43361.0  8.002983e-06
43374.5  1.113806e-05
43388.0  1.282293e-05
43401.6  1.209169e-05
43415.1  1.081414e-05
43428.6  1.106673e-05
43442.1  1.304558e-05
43455.6  1.549375e-05
43469.1  1.653963e-05
43482.6  1.742274e-05
43496.1  1.868259e-05
43509.7  1.957371e-05
43523.2  1.994033e-05
43536.7  2.082999e-05
43550.2  2.298999e-05
43563.7  2.512851e-05
43577.2  2.639462e-05
43590.7  2.779578e-05
43604.2  2.992826e-05
43617.8  3.043863e-05
43631.3  2.992556e-05
43644.8  3.112633e-05
43658.3  3.316320e-05
43671.8  3.575469e-05
43685.3  3.799913e-05
43698.8  4.022113e-05
43712.3  4.426589e-05
43725.8  4.871347e-05
43739.4  5.217225e-05
43752.9  5.405137e-05
43766.4  5.519749e-05
43779.9  5.794732e-05
43793.4  6.260513e-05
43806.9  6.972390e-05
43820.4  7.681786e-05
43833.9  8.181127e-05
43847.5  8.543956e-05
43861.0  8.911957e-05
43874.5  9.598083e-05
43888.0  1.031702e-04
43901.5  1.099658e-04
43915.0  1.147295e-04
43928.5  1.205804e-04
43942.0  1.276041e-04
43955.6  1.361640e-04
43969.1  1.442875e-04
43982.6  1.524589e-04
43996.1  1.611707e-04
44009.6  1.715893e-04
44023.1  1.828954e-04
44036.6  1.940114e-04
44050.1  2.047885e-04
44063.7  2.168847e-04
44077.2  2.299856e-04
44090.7  2.432204e-04
44104.2  2.552527e-04
44117.7  2.674473e-04
44131.2  2.817137e-04
44144.7  2.984548e-04
44158.2  3.169651e-04
44171.8  3.385387e-04
44185.3  3.627577e-04
44198.8  3.896996e-04
44212.3  4.152268e-04
44225.8  4.411238e-04
44239.3  4.676849e-04
44252.8  4.955349e-04
44266.3  5.240161e-04
44279.9  5.549185e-04
44293.4  5.893346e-04
44306.9  6.295388e-04
44320.4  6.720002e-04
44333.9  7.169905e-04
44347.4  7.650474e-04
44360.9  8.171222e-04
44374.4  8.731750e-04
44388.0  9.334272e-04
44401.5  1.001393e-03
44415.0  1.074834e-03
44428.5  1.153279e-03
44442.0  1.233550e-03
44455.5  1.318463e-03
44469.0  1.410180e-03
44482.5  1.510824e-03
44496.1  1.623296e-03
44509.6  1.745719e-03
44523.1  1.878377e-03
44536.6  2.019242e-03
44550.1  2.171448e-03
44563.6  2.337106e-03
44577.1  2.519957e-03
44590.6  2.719385e-03
44604.1  2.936586e-03
44617.7  3.173467e-03
44631.2  3.436585e-03
44644.7  3.722620e-03
44658.2  4.033896e-03
44671.7  4.374515e-03
44685.2  4.751202e-03
44698.7  5.164505e-03
44712.2  5.617380e-03
44725.8  6.116755e-03
44739.3  6.668273e-03
44752.8  7.278389e-03
44766.3  7.960397e-03
44779.8  8.709546e-03
44793.3  9.532093e-03
44806.8  1.044655e-02
44820.3  1.146153e-02
44833.9  1.258571e-02
44847.4  1.384618e-02
44860.9  1.524848e-02
44874.4  1.680165e-02
44887.9  1.852751e-02
44901.4  2.045964e-02
44914.9  2.261331e-02
44928.4  2.501472e-02
44942.0  2.770273e-02
44955.5  3.070460e-02
44969.0  3.405486e-02
44982.5  3.780712e-02
44996.0  4.200537e-02
45009.5  4.669026e-02
45023.0  5.192128e-02
45036.5  5.776373e-02
45050.1  6.426250e-02
45063.6  7.148725e-02
45077.1  7.948732e-02
45090.6  8.833240e-02
45104.1  9.809777e-02
45117.6  1.087675e-01
45131.1  1.203964e-01
45144.6  1.330609e-01
45158.2  1.466691e-01
45171.7  1.611199e-01
45185.2  1.765094e-01
45198.7  1.926312e-01
45212.2  2.091115e-01
45225.7  2.261308e-01
45239.2  2.434157e-01
45252.7  2.601193e-01
45266.3  2.767343e-01
45279.8  2.930875e-01
45293.3  3.077884e-01
45306.8  3.218238e-01
45320.3  3.350554e-01
45333.8  3.463892e-01
45347.3  3.566245e-01
45360.8  3.658657e-01
45374.4  3.734468e-01
45387.9  3.799369e-01
45401.4  3.855875e-01
45414.9  3.900186e-01
45428.4  3.936051e-01
45441.9  3.966282e-01
45455.4  3.989238e-01
45468.9  4.006319e-01
45482.5  4.020183e-01
45496.0  4.030488e-01
45509.5  4.037593e-01
45523.0  4.043092e-01
45536.5  4.046821e-01
45550.0  4.049598e-01
45563.5  4.051833e-01
45577.0  4.053447e-01
45590.5  4.054624e-01
45604.1  4.055871e-01
45617.6  4.060644e-01
45631.1  4.063025e-01
45644.6  4.064416e-01
45658.1  4.065940e-01
45671.6  4.068000e-01
45685.1  4.069984e-01
45698.6  4.071863e-01
45712.2  4.074834e-01
45725.7  4.080523e-01
45739.2  4.082685e-01
45752.7  4.084311e-01
45766.2  4.085870e-01
45779.7  4.087364e-01
45793.2  4.088764e-01
45806.7  4.089775e-01
45820.3  4.090422e-01
45833.8  4.090794e-01
45847.3  4.090944e-01
45860.8  4.090871e-01
45874.3  4.089970e-01
45887.8  4.088923e-01
45901.3  4.087728e-01
45914.8  4.085896e-01
45928.4  4.083646e-01
45941.9  4.080997e-01
45955.4  4.078268e-01
45968.9  4.075297e-01
45982.4  4.072068e-01
45995.9  4.068285e-01
46009.4  4.064545e-01
46022.9  4.060857e-01
46036.5  4.056880e-01
46050.0  4.052775e-01
46063.5  4.048529e-01
46077.0  4.044556e-01
46090.5  4.040469e-01
46104.0  4.036391e-01
46117.5  4.032727e-01
46131.0  4.029234e-01
46144.6  4.026008e-01
46158.1  4.022675e-01
46171.6  4.019380e-01
46185.1  4.016199e-01
46198.6  4.013337e-01
46212.1  4.009916e-01
46225.6  4.006281e-01
46239.1  4.002887e-01
46252.7  3.999646e-01
46266.2  3.996689e-01
46279.7  3.993585e-01
46293.2  3.990483e-01
46306.7  3.987686e-01
46320.2  3.985040e-01
46333.7  3.982409e-01
46347.2  3.979509e-01
46360.8  3.976783e-01
46374.3  3.974178e-01
46387.8  3.971619e-01
46401.3  3.968848e-01
46414.8  3.965900e-01
46428.3  3.963139e-01
46441.8  3.960294e-01
46455.3  3.957353e-01
46468.8  3.954121e-01
46482.4  3.950940e-01
46495.9  3.947914e-01
46509.4  3.944593e-01
46522.9  3.945388e-01
46536.4  3.941565e-01
46549.9  3.937867e-01
46563.4  3.934126e-01
46576.9  3.930079e-01
46590.5  3.925873e-01
46604.0  3.921606e-01
46617.5  3.917531e-01
46631.0  3.913208e-01
46644.5  3.908674e-01
46658.0  3.903978e-01
46671.5  3.899338e-01
46685.0  3.894770e-01
46698.6  3.889825e-01
46712.1  3.884858e-01
46725.6  3.879938e-01
46739.1  3.875187e-01
46752.6  3.870395e-01
46766.1  3.865285e-01
46779.6  3.860232e-01
46793.1  3.855222e-01
46806.7  3.850287e-01
46820.2  3.845121e-01
46833.7  3.839784e-01
46847.2  3.834648e-01
46860.7  3.829560e-01
46874.2  3.824531e-01
46887.7  3.819289e-01
46901.2  3.814087e-01
46914.8  3.809126e-01
46928.3  3.804110e-01
46941.8  3.799035e-01
46955.3  3.793686e-01
46968.8  3.788496e-01
46982.3  3.787738e-01
46995.8  3.782475e-01
47009.3  3.777057e-01
47022.9  3.771380e-01
47036.4  3.765678e-01
47049.9  3.759822e-01
47063.4  3.753485e-01
47076.9  3.746683e-01
47090.4  3.739610e-01
47103.9  3.732219e-01
47117.4  3.724537e-01
47131.0  3.716202e-01
47144.5  3.706563e-01
47158.0  3.696303e-01
47171.5  3.684990e-01
47185.0  3.671748e-01
47198.5  3.657426e-01
47212.0  3.640235e-01
47225.5  3.621095e-01
47239.1  3.600483e-01
47252.6  3.575183e-01
47266.1  3.547872e-01
47279.6  3.517378e-01
47293.1  3.482176e-01
47306.6  3.444459e-01
47320.1  3.400551e-01
47333.6  3.352092e-01
47347.1  3.303275e-01
47360.7  3.243762e-01
47374.2  3.179752e-01
47387.7  3.109997e-01
47401.2  3.032507e-01
47414.7  2.952140e-01
47428.2  2.863447e-01
47441.7  2.769753e-01
47455.2  2.673562e-01
47468.8  2.568452e-01
47482.3  2.462481e-01
47495.8  2.352955e-01
47509.3  2.239272e-01
47522.8  2.126689e-01
47536.3  2.010618e-01
47549.8  1.895735e-01
47563.3  1.782997e-01
47576.9  1.669485e-01
47590.4  1.560499e-01
47603.9  1.454077e-01
47617.4  1.351115e-01
47630.9  1.253464e-01
47644.4  1.158888e-01
47657.9  1.070077e-01
47671.4  9.864390e-02
47685.0  9.074083e-02
47698.5  8.340036e-02
47712.0  7.652780e-02
47725.5  7.016003e-02
47739.0  6.428012e-02
47752.5  5.881948e-02
47766.0  5.380818e-02
47779.5  4.920036e-02
47793.1  4.497629e-02
47806.6  4.111028e-02
47820.1  3.756531e-02
47833.6  3.432972e-02
47847.1  3.137669e-02
47860.6  2.868647e-02
47874.1  2.623150e-02
47887.6  2.399486e-02
47901.2  2.195870e-02
47914.7  2.010373e-02
47928.2  1.841806e-02
47941.7  1.687903e-02
47955.2  1.547814e-02
47968.7  1.420360e-02
47982.2  1.304035e-02
47995.7  1.198079e-02
48009.3  1.101089e-02
48022.8  1.012531e-02
48036.3  9.320005e-03
48049.8  8.583216e-03
48063.3  7.910659e-03
48076.8  7.293077e-03
48090.3  6.734380e-03
48103.8  6.219183e-03
48117.4  5.746547e-03
48130.9  5.315305e-03
48144.4  4.918665e-03
48157.9  4.554449e-03
48171.4  4.221733e-03
48184.9  3.914892e-03
48198.4  3.631856e-03
48211.9  3.371144e-03
48225.5  3.131160e-03
48239.0  2.913195e-03
48252.5  2.712054e-03
48266.0  2.527150e-03
48279.5  2.356243e-03
48293.0  2.198353e-03
48306.5  2.052688e-03
48320.0  1.917018e-03
48333.5  1.789949e-03
48347.1  1.672055e-03
48360.6  1.562704e-03
48374.1  1.461069e-03
48387.6  1.366233e-03
48401.1  1.277710e-03
48414.6  1.196981e-03
48428.1  1.123621e-03
48441.6  1.056691e-03
48455.2  9.942342e-04
48468.7  9.352825e-04
48482.2  8.809036e-04
48495.7  8.309979e-04
48509.2  7.838910e-04
48522.7  7.392713e-04
48536.2  6.950780e-04
48549.7  6.535961e-04
48563.3  6.146786e-04
48576.8  5.770100e-04
48590.3  5.412363e-04
48603.8  5.070115e-04
48617.3  4.766406e-04
48630.8  4.511115e-04
48644.3  4.290560e-04
48657.8  4.091293e-04
48671.4  3.888473e-04
48684.9  3.689489e-04
48698.4  3.486117e-04
48711.9  3.288424e-04
48725.4  3.098410e-04
48738.9  2.940708e-04
48752.4  2.798187e-04
48765.9  2.682267e-04
48779.5  2.562002e-04
48793.0  2.436851e-04
48806.5  2.311667e-04
48820.0  2.193028e-04
48833.5  2.091915e-04
48847.0  1.997825e-04
48860.5  1.911260e-04
48874.0  1.830060e-04
48887.6  1.753012e-04
48901.1  1.666528e-04
48914.6  1.583382e-04
48928.1  1.502029e-04
48941.6  1.439703e-04
48955.1  1.390745e-04
48968.6  1.337528e-04
48982.1  1.283728e-04
48995.7  1.221417e-04
49009.2  1.176679e-04
49022.7  1.151699e-04
49036.2  1.123060e-04
49049.7  1.093143e-04
49063.2  1.020540e-04
49076.7  9.543027e-05
49090.2  8.951665e-05
49103.8  8.491325e-05
49117.3  8.123022e-05
49130.8  7.772475e-05
49144.3  7.453084e-05
49157.8  7.246786e-05
49171.3  7.025205e-05
49184.8  6.774470e-05
49198.3  6.453657e-05
49211.8  6.116372e-05
49225.4  5.945002e-05
49238.9  5.802579e-05
49252.4  5.719494e-05
49265.9  5.604409e-05
49279.4  5.454638e-05
49292.9  5.283099e-05
49306.4  5.110532e-05
49319.9  4.907761e-05
49333.5  4.739559e-05
49347.0  4.638842e-05
49360.5  4.567896e-05
49374.0  4.507052e-05
49387.5  4.359729e-05
49401.0  4.207964e-05
49414.5  4.169042e-05
49428.0  4.170297e-05
49441.6  4.236732e-05
49455.1  4.210262e-05
49468.6  4.119606e-05
49482.1  3.986366e-05
49495.6  3.848363e-05
49509.1  3.715636e-05
49522.6  3.592656e-05
49536.1  3.478552e-05
49549.7  3.464589e-05
49563.2  3.514190e-05
49576.7  3.496397e-05
49590.2  3.444458e-05
49603.7  3.150424e-05
49617.2  2.830612e-05
49630.7  2.606729e-05
49644.2  2.545442e-05
49657.8  2.579636e-05
49671.3  2.613887e-05
49684.8  2.650217e-05
49698.3  2.657304e-05
49711.8  2.639835e-05
49725.3  2.556662e-05
49738.8  2.473756e-05
49752.3  2.390749e-05
49765.9  2.306197e-05
49779.4  2.240661e-05
49792.9  1.994799e-05
49806.4  1.826281e-05
49819.9  1.648641e-05
49833.4  1.550890e-05
49846.9  1.554450e-05
49860.4  1.625007e-05
49874.0  1.707312e-05
49887.5  1.876183e-05
49901.0  2.075933e-05
49914.5  2.275271e-05
49928.0  2.409101e-05
49941.5  2.384943e-05
49955.0  2.318175e-05
49968.5  2.222401e-05
49982.1  2.212924e-05
49995.6  2.239408e-05
50009.1  2.270416e-05
50022.6  2.331849e-05
50036.1  2.354444e-05
50049.6  2.357813e-05
50063.1  2.328490e-05
50076.6  2.308768e-05
50090.1  2.301615e-05
50103.7  2.397018e-05
50117.2  2.525852e-05
50130.7  2.627460e-05
50144.2  2.713096e-05
50157.7  2.741261e-05
50171.2  2.788761e-05
50184.7  2.889638e-05
50198.2  2.975394e-05
50211.8  3.056464e-05
50225.3  3.044538e-05
50238.8  3.015937e-05
50252.3  2.967373e-05
50265.8  2.908282e-05
50279.3  2.812843e-05
50292.8  2.736540e-05
50306.3  2.684606e-05
50319.9  2.707160e-05
50333.4  2.769312e-05
50346.9  2.763481e-05
50360.4  2.744323e-05
50373.9  2.672621e-05
50387.4  2.627700e-05
50400.9  2.666113e-05
50414.4  2.706014e-05
50428.0  2.744522e-05
50441.5  2.725648e-05
50455.0  2.671252e-05
50468.5  2.596153e-05
50482.0  2.521211e-05
50495.5  2.522622e-05
50509.0  2.541390e-05
50522.5  2.649795e-05
50536.1  2.727095e-05
50549.6  2.728611e-05
50563.1  2.632773e-05
50576.6  2.450894e-05
50590.1  2.315223e-05
50603.6  2.203938e-05
50617.1  2.167690e-05
50630.6  2.141947e-05
50644.2  2.074153e-05
50657.7  2.032618e-05
50671.2  2.011155e-05
50684.7  2.000841e-05
50698.2  2.000997e-05
50711.7  1.999173e-05
50725.2  1.993727e-05
50738.7  2.009089e-05
50752.3  2.033553e-05
50765.8  1.957515e-05
50779.3  1.872536e-05
50792.8  1.691779e-05
50806.3  1.557661e-05
50819.8  1.515106e-05
50833.3  1.484624e-05
50846.8  1.476122e-05
50860.4  1.456122e-05
50873.9  1.420601e-05
50887.4  1.445026e-05
50900.9  1.506365e-05
50914.4  1.590649e-05
50927.9  1.691722e-05
50941.4  1.766502e-05
50954.9  1.844718e-05
50968.4  1.911908e-05
50982.0  1.957656e-05
50995.5  1.916807e-05
