# from http://www.stsci.edu/jwst/instruments/nircam/instrumentdesign/filters
# Retrieved Jan 18, 2017, dated Feb 5, 2016 (pre-flight)
# Uses modA or modB  filters+DBS+QE+OTE (nrc_plus_ote)
# Units of transmission are PCE (photon to electron conversion efficiency)
# 
20004.7  2.342392e-10
20020.7  2.117777e-10
20036.8  1.925264e-10
20052.9  1.758217e-10
20069.0  1.612911e-10
20085.1  1.496362e-10
20101.1  1.392676e-10
20117.2  1.294529e-10
20133.3  1.219615e-10
20149.4  1.160612e-10
20165.5  1.094977e-10
20181.6  1.049730e-10
20197.6  9.978978e-11
20213.7  9.620120e-11
20229.8  9.251473e-11
20245.9  8.767482e-11
20262.0  8.416850e-11
20278.0  8.089972e-11
20294.1  7.849049e-11
20310.2  7.670519e-11
20326.3  7.570759e-11
20342.4  7.427854e-11
20358.4  7.406061e-11
20374.5  7.413997e-11
20390.6  7.410172e-11
20406.7  7.482616e-11
20422.8  7.463790e-11
20438.8  7.458798e-11
20454.9  7.489276e-11
20471.0  7.550165e-11
20487.1  7.720444e-11
20503.2  7.907293e-11
20519.3  8.065376e-11
20535.3  8.328369e-11
20551.4  8.533818e-11
20567.5  8.836605e-11
20583.6  9.246512e-11
20599.7  9.843052e-11
20615.7  1.044929e-10
20631.8  1.108117e-10
20647.9  1.176280e-10
20664.0  1.250464e-10
20680.1  1.339932e-10
20696.1  1.444499e-10
20712.2  1.561825e-10
20728.3  1.708069e-10
20744.4  1.855283e-10
20760.5  2.028999e-10
20776.5  2.216081e-10
20792.6  2.449138e-10
20808.7  2.725458e-10
20824.8  3.053489e-10
20840.9  3.453802e-10
20857.0  3.907641e-10
20873.0  4.438623e-10
20889.1  5.049829e-10
20905.2  5.777529e-10
20921.3  6.641146e-10
20937.4  7.679967e-10
20953.4  8.990356e-10
20969.5  1.049008e-09
20985.6  1.231258e-09
21001.7  1.454388e-09
21017.8  1.688616e-09
21033.8  1.956094e-09
21049.9  2.261472e-09
21066.0  2.586910e-09
21082.1  2.948493e-09
21098.2  3.322233e-09
21114.2  3.682727e-09
21130.3  3.995483e-09
21146.4  4.234258e-09
21162.5  4.450273e-09
21178.6  4.559290e-09
21194.7  4.580168e-09
21210.7  4.539823e-09
21226.8  4.438057e-09
21242.9  4.286345e-09
21259.0  4.147531e-09
21275.1  4.012649e-09
21291.1  3.886116e-09
21307.2  3.787555e-09
21323.3  3.695489e-09
21339.4  3.620277e-09
21355.5  3.553575e-09
21371.5  3.491917e-09
21387.6  3.432102e-09
21403.7  3.360839e-09
21419.8  3.286876e-09
21435.9  3.217030e-09
21451.9  3.150498e-09
21468.0  3.064224e-09
21484.1  2.965960e-09
21500.2  2.865475e-09
21516.3  2.752772e-09
21532.4  2.648123e-09
21548.4  2.520280e-09
21564.5  2.408810e-09
21580.6  2.232653e-09
21596.7  2.072463e-09
21612.8  1.906693e-09
21628.8  1.741133e-09
21644.9  1.608475e-09
21661.0  1.504212e-09
21677.1  1.416722e-09
21693.2  1.370183e-09
21709.2  1.324779e-09
21725.3  1.273567e-09
21741.4  1.224476e-09
21757.5  1.147286e-09
21773.6  1.060259e-09
21789.6  9.731987e-10
21805.7  8.853708e-10
21821.8  8.121860e-10
21837.9  7.517636e-10
21854.0  6.991143e-10
21870.1  6.787488e-10
21886.1  6.688920e-10
21902.2  6.475948e-10
21918.3  6.315657e-10
21934.4  6.131009e-10
21950.5  6.156395e-10
21966.5  6.617663e-10
21982.6  7.270205e-10
21998.7  8.028434e-10
22014.8  8.554749e-10
22030.9  9.067193e-10
22046.9  1.096177e-09
22063.0  1.183552e-09
22079.1  1.294275e-09
22095.2  1.353893e-09
22111.3  1.445901e-09
22127.3  1.495372e-09
22143.4  1.508581e-09
22159.5  1.493676e-09
22175.6  1.409627e-09
22191.7  1.494127e-09
22207.7  1.968159e-09
22223.8  2.698933e-09
22239.9  3.599897e-09
22256.0  4.593826e-09
22272.1  5.649147e-09
22288.2  5.708128e-09
22304.2  5.734805e-09
22320.3  4.644051e-09
22336.4  4.234622e-09
22352.5  3.667480e-09
22368.6  2.763218e-09
22384.6  2.182533e-09
22400.7  2.552729e-09
22416.8  3.207748e-09
22432.9  4.018380e-09
22449.0  5.179820e-09
22465.0  7.290473e-09
22481.1  7.825161e-09
22497.2  8.527569e-09
22513.3  7.980946e-09
22529.4  7.791285e-09
22545.4  8.859703e-09
22561.5  1.271257e-08
22577.6  1.815488e-08
22593.7  2.188669e-08
22609.8  2.596013e-08
22625.9  2.683648e-08
22641.9  2.339133e-08
22658.0  2.297777e-08
22674.1  1.661481e-08
22690.2  1.813002e-08
22706.3  2.622242e-08
22722.3  3.137438e-08
22738.4  3.906335e-08
22754.5  3.592826e-08
22770.6  3.547595e-08
22786.7  4.580120e-08
22802.7  4.708501e-08
22818.8  4.867109e-08
22834.9  5.646585e-08
22851.0  6.626026e-08
22867.1  7.305798e-08
22883.1  7.468064e-08
22899.2  7.688929e-08
22915.3  6.974009e-08
22931.4  6.356813e-08
22947.5  4.121598e-08
22963.6  3.143694e-08
22979.6  3.144585e-08
22995.7  3.212322e-08
23011.8  3.310329e-08
23027.9  3.694634e-08
23044.0  4.798835e-08
23060.0  8.191253e-08
23076.1  8.092662e-08
23092.2  7.270508e-08
23108.3  6.727835e-08
23124.4  5.983109e-08
23140.4  5.890638e-08
23156.5  6.883949e-08
23172.6  9.614499e-08
23188.7  2.091182e-07
23204.8  1.618669e-07
23220.8  1.775583e-07
23236.9  5.378682e-08
23253.0  5.874206e-09
23269.1  1.350028e-09
23285.2  1.459636e-09
23301.3  1.633437e-09
23317.3  2.329661e-09
23333.4  8.685938e-09
23349.5  4.920419e-08
23365.6  9.961575e-08
23381.7  1.333105e-07
23397.7  1.374083e-07
23413.8  2.756247e-08
23429.9  6.055092e-08
23446.0  6.766898e-08
23462.1  6.028843e-08
23478.1  5.325093e-07
23494.2  9.609375e-07
23510.3  1.246837e-06
23526.4  1.411691e-06
23542.5  1.170205e-06
23558.5  1.130696e-06
23574.6  1.102385e-06
23590.7  1.064712e-06
23606.8  1.034142e-06
23622.9  1.066547e-06
23639.0  1.112317e-06
23655.0  1.164122e-06
23671.1  1.242946e-06
23687.2  1.323634e-06
23703.3  1.286018e-06
23719.4  1.137364e-06
23735.4  1.001492e-06
23751.5  9.735946e-07
23767.6  9.674507e-07
23783.7  9.760363e-07
23799.8  1.194532e-06
23815.8  1.460505e-06
23831.9  1.500200e-06
23848.0  1.167103e-06
23864.1  1.100577e-06
23880.2  6.411697e-07
23896.2  4.180107e-07
23912.3  3.488163e-07
23928.4  2.574280e-07
23944.5  1.941208e-07
23960.6  1.685214e-07
23976.7  2.579347e-07
23992.7  7.062337e-07
24008.8  1.647857e-06
24024.9  2.008505e-06
24041.0  2.526263e-06
24057.1  1.700898e-06
24073.1  9.585464e-07
24089.2  6.219699e-07
24105.3  2.051591e-07
24121.4  2.479597e-07
24137.5  4.667044e-07
24153.5  5.586915e-07
24169.6  6.753694e-07
24185.7  7.504433e-07
24201.8  6.413092e-07
24217.9  7.212308e-07
24233.9  1.094181e-06
24250.0  9.837725e-07
24266.1  8.940543e-07
24282.2  9.444632e-07
24298.3  1.088872e-06
24314.4  1.256184e-06
24330.4  1.464243e-06
24346.5  1.735138e-06
24362.6  2.085447e-06
24378.7  1.627467e-06
24394.8  1.521039e-06
24410.8  1.474822e-06
24426.9  1.471134e-06
24443.0  1.467649e-06
24459.1  1.310793e-06
24475.2  8.084613e-07
24491.2  4.994571e-07
24507.3  1.867471e-07
24523.4  2.987863e-08
24539.5  6.855608e-09
24555.6  9.766061e-09
24571.6  8.093680e-08
24587.7  7.583683e-07
24603.8  2.001353e-06
24619.9  2.057771e-06
24636.0  2.141816e-06
24652.0  2.127899e-06
24668.1  2.070559e-06
24684.2  2.035353e-06
24700.3  1.732748e-06
24716.4  1.471671e-06
24732.5  1.309817e-06
24748.5  1.270462e-06
24764.6  1.428325e-06
24780.7  1.655037e-06
24796.8  1.687194e-06
24812.9  1.687315e-06
24828.9  1.686464e-06
24845.0  1.556878e-06
24861.1  1.427800e-06
24877.2  1.309497e-06
24893.3  1.143223e-06
24909.3  9.960734e-07
24925.4  8.679621e-07
24941.5  1.078024e-07
24957.6  1.527798e-08
24973.7  4.373019e-09
24989.7  3.177664e-08
24997.8  2.334521e-06
25011.3  1.134201e-06
25024.8  2.949656e-06
25038.3  4.756538e-06
25051.8  3.991429e-06
25065.3  8.438425e-07
25078.9  3.109951e-06
25092.4  1.280030e-07
25105.9  3.870741e-07
25119.4  4.415075e-06
25132.9  6.000102e-06
25146.4  1.828004e-06
25159.9  4.329735e-09
25173.4  5.188084e-09
25187.0  3.194749e-06
25200.5  2.564027e-06
25214.0  4.360006e-06
25227.5  7.476469e-07
25241.0  1.181415e-06
25254.5  3.178485e-06
25268.0  4.667843e-06
25281.5  1.188269e-06
25295.1  3.462251e-06
25308.6  5.152127e-09
25322.1  5.489240e-06
25335.6  4.620344e-06
25349.1  3.344539e-06
25362.6  2.228616e-06
25376.1  5.142649e-06
25389.6  1.026296e-06
25403.2  3.254491e-06
25416.7  2.688141e-06
25430.2  4.898034e-06
25443.7  7.668949e-06
25457.2  3.595688e-06
25470.7  6.088057e-06
25484.2  2.298660e-06
25497.7  6.341276e-06
25511.2  4.868531e-06
25524.8  4.171358e-06
25538.3  3.930128e-06
25551.8  1.701310e-06
25565.3  5.251880e-06
25578.8  3.978219e-07
25592.3  1.252725e-06
25605.8  1.308209e-06
25619.3  2.882711e-06
25632.9  2.828838e-07
25646.4  4.261039e-09
25659.9  5.089057e-07
25673.4  2.242889e-06
25686.9  4.234710e-06
25700.4  4.258117e-06
25713.9  8.949672e-06
25727.4  2.484067e-06
25741.0  1.070798e-08
25754.5  5.220618e-09
25768.0  4.163275e-06
25781.5  5.869441e-06
25795.0  4.976751e-06
25808.5  1.539504e-07
25822.0  2.482760e-06
25835.5  6.224359e-06
25849.1  3.962799e-06
25862.6  3.113012e-06
25876.1  1.832541e-07
25889.6  6.001203e-09
25903.1  6.486005e-07
25916.6  1.665497e-06
25930.1  2.902196e-07
25943.6  5.780250e-07
25957.2  4.289538e-09
25970.7  2.230844e-06
25984.2  1.208810e-06
25997.7  8.944435e-07
26011.2  1.567072e-06
26024.7  4.561363e-07
26038.2  3.966768e-08
26051.7  3.126051e-07
26065.3  3.511946e-06
26078.8  1.974493e-06
26092.3  2.280486e-06
26105.8  1.273293e-07
26119.3  2.156747e-07
26132.8  2.397958e-07
26146.3  8.606704e-09
26159.8  1.663149e-06
26173.4  6.328308e-06
26186.9  6.901910e-07
26200.4  1.140526e-06
26213.9  1.596738e-07
26227.4  2.497577e-06
26240.9  1.516343e-06
26254.4  6.482273e-07
26267.9  2.660043e-06
26281.5  5.666291e-06
26295.0  5.282507e-06
26308.5  3.245577e-06
26322.0  2.259536e-06
26335.5  5.315562e-06
26349.0  3.648716e-06
26362.5  1.877621e-06
26376.0  3.406463e-06
26389.5  8.022725e-06
26403.1  7.989992e-06
26416.6  1.905486e-06
26430.1  4.094264e-06
26443.6  1.342566e-06
26457.1  2.204123e-06
26470.6  1.880216e-06
26484.1  3.660954e-07
26497.6  6.702689e-07
26511.2  1.686320e-06
26524.7  1.363328e-06
26538.2  1.713590e-06
26551.7  1.782506e-06
26565.2  4.315609e-06
26578.7  2.593867e-06
26592.2  1.730253e-06
26605.7  1.142301e-07
26619.3  5.170283e-06
26632.8  3.414747e-06
26646.3  1.102564e-06
26659.8  1.606319e-08
26673.3  9.432224e-09
26686.8  2.472141e-06
26700.3  5.011059e-08
26713.8  3.016179e-08
26727.4  4.719897e-08
26740.9  5.952472e-08
26754.4  1.086280e-06
26767.9  3.026413e-06
26781.4  4.126641e-06
26794.9  4.765097e-06
26808.4  2.843665e-06
26821.9  4.309042e-09
26835.5  2.458262e-06
26849.0  2.796780e-06
26862.5  4.268217e-06
26876.0  7.082274e-06
26889.5  6.867885e-06
26903.0  5.043500e-07
26916.5  2.348725e-06
26930.0  1.228781e-06
26943.6  9.708545e-07
26957.1  2.630663e-06
26970.6  9.405847e-08
26984.1  1.051039e-06
26997.6  3.521793e-06
27011.1  2.548760e-06
27024.6  1.882425e-06
27038.1  3.346252e-06
27051.7  5.586107e-06
27065.2  9.737984e-09
27078.7  1.288222e-07
27092.2  2.365993e-06
27105.7  3.647492e-06
27119.2  2.754287e-06
27132.7  1.752617e-08
27146.2  4.325337e-07
27159.8  8.997855e-07
27173.3  7.647798e-07
27186.8  1.905868e-06
27200.3  3.434422e-06
27213.8  1.861163e-06
27227.3  1.912803e-06
27240.8  3.533625e-06
27254.3  3.438079e-06
27267.9  3.679775e-06
27281.4  2.845653e-06
27294.9  2.622678e-06
27308.4  3.299932e-06
27321.9  1.317867e-06
27335.4  1.942630e-06
27348.9  2.120003e-07
27362.4  2.306563e-06
27375.9  3.312146e-07
27389.5  4.348507e-09
27403.0  6.117270e-09
27416.5  2.384622e-06
27430.0  1.407468e-06
27443.5  2.082507e-06
27457.0  4.895599e-08
27470.5  2.553365e-08
27484.0  1.540707e-06
27497.6  5.104788e-06
27511.1  4.527761e-06
27524.6  6.354524e-07
27538.1  3.007839e-06
27551.6  3.769299e-08
27565.1  6.598158e-07
27578.6  1.867899e-06
27592.1  2.748098e-06
27605.7  6.142555e-07
27619.2  5.845147e-07
27632.7  7.583598e-07
27646.2  7.983367e-07
27659.7  2.019464e-06
27673.2  9.784508e-07
27686.7  1.957701e-06
27700.2  2.894688e-06
27713.8  6.547602e-06
27727.3  6.199099e-06
27740.8  4.797679e-06
27754.3  5.216162e-06
27767.8  4.246047e-06
27781.3  3.043684e-06
27794.8  3.616475e-06
27808.3  3.679698e-06
27821.9  4.247221e-06
27835.4  4.308408e-06
27848.9  2.397599e-06
27862.4  4.078471e-06
27875.9  5.261699e-06
27889.4  1.937088e-06
27902.9  2.817960e-06
27916.4  2.955741e-06
27930.0  9.551929e-07
27943.5  6.615817e-06
27957.0  5.036466e-06
27970.5  2.350660e-06
27984.0  1.159885e-06
27997.5  5.298971e-08
28011.0  4.357567e-09
28024.5  3.009386e-06
28038.1  4.308169e-06
28051.6  4.201920e-06
28065.1  6.708367e-07
28078.6  4.361099e-09
28092.1  1.170542e-06
28105.6  1.634719e-06
28119.1  2.659463e-06
28132.6  1.790891e-06
28146.2  2.772282e-06
28159.7  5.430072e-06
28173.2  2.798017e-06
28186.7  3.345322e-06
28200.2  6.149514e-06
28213.7  3.079613e-06
28227.2  5.351386e-06
28240.7  4.525348e-06
28254.2  5.166972e-06
28267.8  4.388168e-06
28281.3  2.774173e-06
28294.8  1.060237e-06
28308.3  1.970826e-06
28321.8  4.961597e-06
28335.3  2.892597e-06
28348.8  2.451893e-06
28362.3  3.991293e-06
28375.9  1.214815e-05
28389.4  1.062126e-05
28402.9  5.816344e-06
28416.4  6.980286e-07
28429.9  2.607743e-06
28443.4  5.174004e-06
28456.9  9.768848e-06
28470.4  6.004161e-06
28484.0  2.247302e-06
28497.5  5.695152e-06
28511.0  8.929575e-06
28524.5  5.485429e-06
28538.0  1.071317e-06
28551.5  1.127604e-06
28565.0  1.250676e-06
28578.5  1.606181e-07
28592.1  3.776446e-06
28605.6  1.168586e-06
28619.1  1.293774e-06
28632.6  2.290123e-06
28646.1  4.798657e-06
28659.6  1.194299e-06
28673.1  1.456414e-06
28686.6  9.589346e-07
28700.2  3.518562e-07
28713.7  7.041370e-09
28727.2  4.296839e-07
28740.7  2.478038e-06
28754.2  4.521753e-06
28767.7  4.122028e-06
28781.2  5.179289e-07
28794.7  4.109251e-06
28808.3  5.946469e-06
28821.8  6.049624e-06
28835.3  7.485623e-06
28848.8  7.842287e-06
28862.3  3.823711e-06
28875.8  6.182629e-06
28889.3  4.247720e-06
28902.8  9.627042e-07
28916.4  2.640442e-07
28929.9  8.894722e-08
28943.4  1.003490e-06
28956.9  3.586229e-06
28970.4  3.403910e-06
28983.9  5.288163e-06
28997.4  2.845268e-06
29010.9  2.733736e-06
29024.5  1.761049e-06
29038.0  2.971151e-06
29051.5  2.909043e-06
29065.0  3.601746e-06
29078.5  7.655619e-06
29092.0  5.227177e-06
29105.5  2.468908e-06
29119.0  1.247729e-06
29132.5  1.053031e-06
29146.1  4.465299e-06
29159.6  5.833064e-06
29173.1  2.576715e-06
29186.6  2.241442e-06
29200.1  7.897608e-07
29213.6  6.146743e-07
29227.1  3.305369e-07
29240.6  2.559179e-06
29254.2  5.826610e-06
29267.7  1.449047e-06
29281.2  1.677706e-06
29294.7  1.304274e-06
29308.2  3.752302e-06
29321.7  2.539913e-06
29335.2  2.693502e-06
29348.7  2.726711e-07
29362.3  2.516854e-06
29375.8  5.424816e-06
29389.3  3.760505e-06
29402.8  4.203125e-06
29416.3  5.167105e-06
29429.8  9.573977e-06
29443.3  5.361116e-06
29456.8  3.183985e-06
29470.4  1.851561e-06
29483.9  6.910580e-07
29497.4  5.896045e-06
29510.9  4.390749e-06
29524.4  2.706004e-06
29537.9  2.036406e-06
29551.4  1.722396e-07
29564.9  5.626302e-07
29578.5  2.939982e-06
29592.0  6.678076e-06
29605.5  9.280947e-06
29619.0  3.218299e-06
29632.5  2.511541e-06
29646.0  2.796980e-06
29659.5  4.180993e-06
29673.0  6.871521e-06
29686.6  7.494146e-06
29700.1  2.064561e-06
29713.6  2.673492e-06
29727.1  4.785499e-06
29740.6  6.584395e-06
29754.1  5.671390e-06
29767.6  5.903797e-06
29781.1  7.242615e-06
29794.7  5.514326e-06
29808.2  2.114673e-06
29821.7  1.572401e-07
29835.2  8.629109e-07
29848.7  4.647232e-06
29862.2  3.883140e-06
29875.7  3.988188e-06
29889.2  2.374324e-06
29902.8  4.052532e-07
29916.3  3.573072e-06
29929.8  4.913659e-06
29943.3  3.160365e-06
29956.8  2.176284e-06
29970.3  5.685448e-06
29983.8  3.742536e-06
29997.3  1.994486e-06
30010.9  1.822393e-06
30024.4  5.551774e-06
30037.9  8.559404e-06
30051.4  2.156534e-06
30064.9  3.075746e-06
30078.4  2.700968e-08
30091.9  3.856842e-09
30105.4  5.713028e-07
30118.9  2.200120e-06
30132.5  7.422871e-07
30146.0  3.838318e-09
30159.5  4.299214e-07
30173.0  7.702788e-08
30186.5  9.281977e-07
30200.0  1.267989e-06
30213.5  9.151117e-07
30227.0  6.974541e-09
30240.6  7.750347e-07
30254.1  1.885833e-06
30267.6  2.458421e-06
30281.1  7.058004e-07
30294.6  2.877012e-06
30308.1  1.673019e-06
30321.6  9.229043e-07
30335.1  2.311689e-06
30348.7  2.752907e-06
30362.2  3.458108e-06
30375.7  2.264982e-06
30389.2  2.624544e-07
30402.7  2.692631e-06
30416.2  2.861235e-06
30429.7  2.348926e-06
30443.2  6.492694e-07
30456.8  5.597973e-07
30470.3  1.632612e-06
30483.8  7.507432e-07
30497.3  3.805586e-06
30510.8  4.204222e-06
30524.3  5.039282e-06
30537.8  7.734462e-08
30551.3  3.702083e-09
30564.9  1.953878e-08
30578.4  3.801087e-09
30591.9  9.853695e-07
30605.4  7.576863e-06
30618.9  4.104804e-06
30632.4  2.846199e-06
30645.9  1.942022e-06
30659.4  4.742698e-06
30673.0  4.751427e-06
30686.5  3.169830e-06
30700.0  2.893208e-06
30713.5  3.121222e-06
30727.0  2.869097e-06
30740.5  1.290142e-06
30754.0  8.637813e-07
30767.5  2.407667e-06
30781.1  1.355059e-06
30794.6  1.751707e-06
30808.1  1.900453e-06
30821.6  8.266441e-09
30835.1  9.037161e-09
30848.6  6.533513e-07
30862.1  8.582085e-07
30875.6  2.490473e-06
30889.2  1.862258e-06
30902.7  1.974821e-07
30916.2  4.330424e-09
30929.7  2.266417e-08
30943.2  1.444767e-07
30956.7  4.327824e-08
30970.2  3.754384e-09
30983.7  3.760022e-09
30997.2  2.300925e-07
31010.8  1.718627e-08
31024.3  2.722980e-06
31037.8  2.454501e-06
31051.3  1.806919e-06
31064.8  6.442000e-07
31078.3  9.085069e-07
31091.8  2.549629e-06
31105.3  1.031795e-06
31118.9  1.324874e-06
31132.4  5.096033e-06
31145.9  3.170002e-06
31159.4  1.787156e-06
31172.9  1.315646e-06
31186.4  2.464672e-06
31199.9  5.249948e-06
31213.4  9.832825e-06
31227.0  9.429218e-06
31240.5  5.538527e-06
31254.0  1.354122e-06
31267.5  1.608282e-06
31281.0  1.877615e-06
31294.5  8.911988e-08
31308.0  1.027001e-06
31321.5  3.320213e-06
31335.1  1.888123e-06
31348.6  3.847801e-06
31362.1  4.199155e-06
31375.6  3.553187e-06
31389.1  1.530676e-07
31402.6  2.729591e-07
31416.1  1.310427e-06
31429.6  2.109027e-06
31443.2  1.128208e-06
31456.7  1.376381e-06
31470.2  5.478407e-06
31483.7  3.908331e-06
31497.2  9.580368e-07
31510.7  3.052926e-08
31524.2  3.518586e-07
31537.7  4.559434e-07
31551.3  8.399190e-08
31564.8  2.092794e-06
31578.3  1.082125e-06
31591.8  7.639617e-09
31605.3  1.350912e-06
31618.8  3.477757e-06
31632.3  2.229402e-06
31645.8  5.571463e-07
31659.4  3.981317e-08
31672.9  1.510986e-06
31686.4  4.123318e-06
31699.9  2.797323e-06
31713.4  1.430344e-06
31726.9  1.868943e-06
31740.4  1.500538e-07
31753.9  1.237765e-06
31767.5  3.842176e-06
31781.0  5.477721e-06
31794.5  2.108191e-06
31808.0  2.979797e-06
31821.5  2.073339e-06
31835.0  2.570860e-06
31848.5  2.579373e-06
31862.0  3.556476e-06
31875.5  1.787765e-06
31889.1  2.740780e-08
31902.6  1.699746e-06
31916.1  3.970345e-06
31929.6  6.787684e-06
31943.1  4.640232e-06
31956.6  3.272172e-06
31970.1  1.998704e-06
31983.6  1.184232e-06
31997.2  1.822682e-06
32010.7  2.095055e-06
32024.2  2.328553e-06
32037.7  3.081077e-06
32051.2  2.299486e-06
32064.7  1.655524e-07
32078.2  1.746612e-06
32091.7  1.059959e-06
32105.3  2.280070e-06
32118.8  4.631208e-06
32132.3  3.448086e-06
32145.8  3.227270e-06
32159.3  5.754986e-06
32172.8  6.859446e-06
32186.3  1.803573e-06
32199.8  1.436572e-06
32213.4  5.169381e-06
32226.9  2.731334e-06
32240.4  1.964340e-06
32253.9  2.716739e-06
32267.4  2.606877e-06
32280.9  7.362809e-07
32294.4  1.399071e-06
32307.9  2.340209e-06
32321.5  1.204039e-06
32335.0  8.413308e-07
32348.5  6.876206e-07
32362.0  5.440013e-09
32375.5  8.767911e-09
32389.0  6.473270e-07
32402.5  5.560815e-09
32416.0  4.964233e-09
32429.6  5.358304e-09
32443.1  3.568472e-07
32456.6  1.292469e-06
32470.1  2.130982e-07
32483.6  5.220019e-09
32497.1  4.525558e-09
32510.6  4.530586e-09
32524.1  4.535865e-09
32537.7  4.541129e-09
32551.2  4.546379e-09
32564.7  4.551618e-09
32578.2  4.556851e-09
32591.7  4.562079e-09
32605.2  4.567015e-09
32618.7  4.571486e-09
32632.2  4.575964e-09
32645.8  4.580454e-09
32659.3  4.584957e-09
32672.8  4.590985e-09
32686.3  1.205481e-07
32699.8  9.179563e-07
32713.3  4.607396e-09
32726.8  7.937204e-08
32740.3  3.671810e-07
32753.9  3.071912e-08
32767.4  4.621182e-09
32780.9  4.624742e-09
32794.4  4.628359e-09
32807.9  4.632042e-09
32821.4  4.635795e-09
32834.9  4.639614e-09
32848.4  4.643495e-09
32861.9  5.881562e-08
32875.5  7.570871e-07
32889.0  1.408150e-06
32902.5  3.125741e-08
32916.0  4.669505e-09
32929.5  4.294734e-07
32943.0  1.411199e-06
32956.5  2.281752e-06
32970.0  2.041487e-06
32983.6  9.472736e-08
32997.1  4.696828e-09
33010.6  6.793632e-07
33024.1  2.868456e-07
33037.6  3.187537e-08
33051.1  2.501124e-07
33064.6  4.737893e-09
33078.1  1.580677e-06
33091.7  3.621954e-08
33105.2  4.726804e-09
33118.7  6.402383e-09
33132.2  1.356507e-06
33145.7  2.216961e-08
33159.2  4.746767e-09
33172.7  4.750562e-09
33186.2  3.964652e-08
33199.8  2.495439e-06
33213.3  3.686768e-06
33226.8  3.534021e-06
33240.3  5.247880e-08
33253.8  4.772791e-09
33267.3  1.314415e-08
33280.8  4.780341e-09
33294.3  4.784192e-09
33307.9  4.784543e-09
33321.4  5.556637e-09
33334.9  1.222958e-07
33348.4  1.747295e-06
33361.9  3.851976e-08
33375.4  8.322262e-09
33388.9  6.744359e-07
33402.4  1.266016e-07
33416.0  1.114230e-06
33429.5  8.222869e-09
33443.0  4.938890e-07
33456.5  1.187568e-08
33470.0  4.699313e-09
33483.5  4.684460e-09
33497.0  2.130322e-08
33510.5  9.432911e-09
33524.1  4.601566e-09
33537.6  1.068070e-06
33551.1  3.989892e-06
33564.6  4.028311e-06
33578.1  1.582728e-06
33591.6  1.165389e-06
33605.1  8.961252e-08
33618.6  4.403147e-09
33632.2  4.408606e-09
33645.7  4.414028e-09
33659.2  4.419415e-09
33672.7  4.424759e-09
33686.2  4.430061e-09
33699.7  3.101263e-07
33713.2  4.477007e-09
33726.7  4.522914e-09
33740.2  4.572452e-09
33753.8  6.883187e-07
33767.3  4.657553e-09
33780.8  4.700089e-09
33794.3  4.742607e-09
33807.8  3.039843e-07
33821.3  2.754066e-06
33834.8  1.013054e-06
33848.3  7.103434e-08
33861.9  7.586524e-09
33875.4  4.833430e-09
33888.9  4.846357e-09
33902.4  4.856450e-09
33915.9  4.853559e-09
33929.4  4.850621e-09
33942.9  4.847629e-09
33956.4  4.844592e-09
33970.0  4.841513e-09
33983.5  5.549742e-07
33997.0  3.032250e-06
34010.5  1.631501e-06
34024.0  1.429117e-06
34037.5  1.167377e-06
34051.0  7.869809e-09
34064.5  4.815780e-09
34078.1  4.811774e-09
34091.6  4.808628e-09
34105.1  4.810090e-09
34118.6  4.808042e-09
34132.1  5.740671e-09
34145.6  7.077039e-07
34159.1  5.647738e-07
34172.6  1.377991e-08
34186.2  4.803007e-09
34199.7  5.954178e-09
34213.2  1.916796e-06
34226.7  1.408252e-06
34240.2  6.320287e-07
34253.7  6.737137e-09
34267.2  4.810435e-09
34280.7  4.812386e-09
34294.3  2.255077e-08
34307.8  1.642113e-08
34321.3  4.815393e-09
34334.8  4.815543e-09
34348.3  4.815708e-09
34361.8  1.809281e-08
34375.3  2.286223e-08
34388.8  2.679809e-08
34402.4  1.417133e-06
34415.9  8.461428e-07
34429.4  1.491372e-06
34442.9  2.436074e-06
34456.4  5.435494e-07
34469.9  1.431719e-06
34483.4  2.632805e-06
34496.9  1.873027e-06
34510.5  1.642764e-06
34524.0  3.623431e-06
34537.5  3.105149e-06
34551.0  6.460605e-09
34564.5  4.819745e-09
34578.0  1.208190e-08
34591.5  2.458322e-06
34605.0  4.331128e-06
34618.5  3.189951e-06
34632.1  5.396660e-06
34645.6  5.189899e-06
34659.1  3.133466e-06
34672.6  3.420819e-06
34686.1  3.423261e-06
34699.6  8.889360e-06
34713.1  7.263669e-06
34726.6  8.752549e-06
34740.2  1.232278e-05
34753.7  1.043724e-05
34767.2  1.030579e-05
34780.7  9.305280e-06
34794.2  7.551338e-06
34807.7  7.151521e-06
34821.2  8.425512e-06
34834.7  1.156074e-05
34848.3  1.179316e-05
34861.8  1.442378e-05
34875.3  1.749438e-05
34888.8  1.659551e-05
34902.3  1.458832e-05
34915.8  8.842273e-06
34929.3  8.805462e-06
34942.8  1.185912e-05
34956.4  1.256114e-05
34969.9  1.599144e-05
34983.4  1.515636e-05
34996.9  1.442769e-05
35010.4  1.715235e-05
35023.9  1.894326e-05
35037.4  2.177428e-05
35050.9  1.988187e-05
35064.5  1.912515e-05
35078.0  1.719394e-05
35091.5  1.376252e-05
35105.0  2.021013e-05
35118.5  2.277235e-05
35132.0  2.489380e-05
35145.5  2.501732e-05
35159.0  2.083121e-05
35172.6  2.310516e-05
35186.1  1.999297e-05
35199.6  1.813619e-05
35213.1  2.012589e-05
35226.6  1.791129e-05
35240.1  2.096281e-05
35253.6  2.262144e-05
35267.1  2.235840e-05
35280.7  2.489791e-05
35294.2  1.830695e-05
35307.7  1.896396e-05
35321.2  2.307568e-05
35334.7  2.083915e-05
35348.2  2.048080e-05
35361.7  1.627016e-05
35375.2  2.016829e-05
35388.8  2.310179e-05
35402.3  1.924451e-05
35415.8  1.902438e-05
35429.3  1.605382e-05
35442.8  1.759583e-05
35456.3  2.143343e-05
35469.8  1.829269e-05
35483.3  2.137735e-05
35496.8  2.219160e-05
35510.4  2.135761e-05
35523.9  2.396735e-05
35537.4  2.104465e-05
35550.9  1.961654e-05
35564.4  2.003549e-05
35577.9  1.852292e-05
35591.4  2.008901e-05
35604.9  2.058400e-05
35618.5  2.118798e-05
35632.0  2.014682e-05
35645.5  1.602772e-05
35659.0  1.861067e-05
35672.5  1.900800e-05
35686.0  1.843216e-05
35699.5  1.814775e-05
35713.0  1.777620e-05
35726.6  2.117184e-05
35740.1  2.635391e-05
35753.6  2.506399e-05
35767.1  3.101229e-05
35780.6  3.217610e-05
35794.1  3.098333e-05
35807.6  3.279475e-05
35821.1  3.162410e-05
35834.7  3.468374e-05
35848.2  3.692237e-05
35861.7  3.562019e-05
35875.2  3.825364e-05
35888.7  3.534113e-05
35902.2  3.593628e-05
35915.7  4.246035e-05
35929.2  4.261838e-05
35942.8  4.710879e-05
35956.3  4.774744e-05
35969.8  4.104991e-05
35983.3  3.852178e-05
35996.8  3.764197e-05
36010.3  4.095613e-05
36023.8  4.328766e-05
36037.3  3.949441e-05
36050.9  4.489373e-05
36064.4  4.697914e-05
36077.9  4.282607e-05
36091.4  5.060205e-05
36104.9  5.354244e-05
36118.4  5.091499e-05
36131.9  4.890849e-05
36145.4  4.539404e-05
36159.0  4.981933e-05
36172.5  5.631994e-05
36186.0  5.864607e-05
36199.5  6.386316e-05
36213.0  6.373117e-05
36226.5  6.468063e-05
36240.0  6.908488e-05
36253.5  6.432948e-05
36267.1  6.372532e-05
36280.6  6.816390e-05
36294.1  6.841293e-05
36307.6  7.144043e-05
36321.1  6.703030e-05
36334.6  6.196429e-05
36348.1  6.355500e-05
36361.6  6.007019e-05
36375.2  6.087772e-05
36388.7  6.775028e-05
36402.2  7.029921e-05
36415.7  7.140465e-05
36429.2  6.818239e-05
36442.7  6.625429e-05
36456.2  7.155740e-05
36469.7  7.139841e-05
36483.2  7.287598e-05
36496.8  7.823935e-05
36510.3  7.420045e-05
36523.8  7.753490e-05
36537.3  8.380020e-05
36550.8  7.967962e-05
36564.3  8.203956e-05
36577.8  8.461684e-05
36591.3  8.260735e-05
36604.9  8.370258e-05
36618.4  8.264130e-05
36631.9  8.582938e-05
36645.4  9.189337e-05
36658.9  8.990177e-05
36672.4  9.240110e-05
36685.9  9.518359e-05
36699.4  9.036301e-05
36713.0  9.320270e-05
36726.5  9.640105e-05
36740.0  9.620224e-05
36753.5  1.033833e-04
36767.0  1.057470e-04
36780.5  1.052981e-04
36794.0  1.117479e-04
36807.5  1.146777e-04
36821.1  1.193425e-04
36834.6  1.224876e-04
36848.1  1.187552e-04
36861.6  1.283769e-04
36875.1  1.364156e-04
36888.6  1.346169e-04
36902.1  1.448749e-04
36915.6  1.549496e-04
36929.2  1.599931e-04
36942.7  1.686474e-04
36956.2  1.661416e-04
36969.7  1.657428e-04
36983.2  1.803457e-04
36996.7  1.887811e-04
37010.2  1.945877e-04
37023.7  2.035891e-04
37037.3  2.062810e-04
37050.8  2.133741e-04
37064.3  2.238578e-04
37077.8  2.293962e-04
37091.3  2.384229e-04
37104.8  2.448528e-04
37118.3  2.500726e-04
37131.8  2.644744e-04
37145.4  2.747756e-04
37158.9  2.827235e-04
37172.4  2.969317e-04
37185.9  3.041552e-04
37199.4  3.123643e-04
37212.9  3.309363e-04
37226.4  3.485564e-04
37239.9  3.682648e-04
37253.5  3.873625e-04
37267.0  4.014592e-04
37280.5  4.253954e-04
37294.0  4.487442e-04
37307.5  4.622326e-04
37321.0  4.845027e-04
37334.5  5.079714e-04
37348.0  5.281141e-04
37361.5  5.606384e-04
37375.1  5.898892e-04
37388.6  6.136468e-04
37402.1  6.489189e-04
37415.6  6.851511e-04
37429.1  7.206729e-04
37442.6  7.625193e-04
37456.1  7.970282e-04
37469.6  8.321145e-04
37483.2  8.755463e-04
37496.7  9.171686e-04
37510.2  9.687210e-04
37523.7  1.028026e-03
37537.2  1.077942e-03
37550.7  1.133569e-03
37564.2  1.196794e-03
37577.7  1.255049e-03
37591.3  1.323180e-03
37604.8  1.399684e-03
37618.3  1.472901e-03
37631.8  1.554709e-03
37645.3  1.640719e-03
37658.8  1.727064e-03
37672.3  1.830279e-03
37685.8  1.939099e-03
37699.4  2.042721e-03
37712.9  2.158599e-03
37726.4  2.282256e-03
37739.9  2.407751e-03
37753.4  2.550608e-03
37766.9  2.704431e-03
37780.4  2.857428e-03
37793.9  3.024470e-03
37807.5  3.200952e-03
37821.0  3.384354e-03
37834.5  3.591000e-03
37848.0  3.809363e-03
37861.5  4.035376e-03
37875.0  4.286421e-03
37888.5  4.544646e-03
37902.0  4.808378e-03
37915.6  5.106103e-03
37929.1  5.421855e-03
37942.6  5.750764e-03
37956.1  6.117702e-03
37969.6  6.497909e-03
37983.1  6.893345e-03
37996.6  7.334380e-03
38010.1  7.791894e-03
38023.7  8.277434e-03
38037.2  8.825988e-03
38050.7  9.396607e-03
38064.2  1.000065e-02
38077.7  1.066153e-02
38091.2  1.134874e-02
38104.7  1.208063e-02
38118.2  1.287874e-02
38131.8  1.372355e-02
38145.3  1.463045e-02
38158.8  1.561040e-02
38172.3  1.664897e-02
38185.8  1.777084e-02
38199.3  1.896749e-02
38212.8  2.023957e-02
38226.3  2.159834e-02
38239.8  2.306689e-02
38253.4  2.463153e-02
38266.9  2.629580e-02
38280.4  2.808726e-02
38293.9  2.999339e-02
38307.4  3.202383e-02
38320.9  3.421767e-02
38334.4  3.654915e-02
38347.9  3.902446e-02
38361.5  4.168910e-02
38375.0  4.450351e-02
38388.5  4.753642e-02
38402.0  5.075658e-02
38415.5  5.415288e-02
38429.0  5.775740e-02
38442.5  6.160755e-02
38456.0  6.567669e-02
38469.6  6.998189e-02
38483.1  7.455890e-02
38496.6  7.939197e-02
38510.1  8.447949e-02
38523.6  8.986062e-02
38537.1  9.553326e-02
38550.6  1.014802e-01
38564.1  1.077394e-01
38577.7  1.144082e-01
38591.2  1.212939e-01
38604.7  1.284847e-01
38618.2  1.360007e-01
38631.7  1.438003e-01
38645.2  1.519366e-01
38658.7  1.603741e-01
38672.2  1.690821e-01
38685.8  1.780944e-01
38699.3  1.873849e-01
38712.8  1.969122e-01
38726.3  2.066939e-01
38739.8  2.167192e-01
38753.3  2.269364e-01
38766.8  2.373368e-01
38780.3  2.479207e-01
38793.9  2.586176e-01
38807.4  2.694088e-01
38820.9  2.802930e-01
38834.4  2.911362e-01
38847.9  3.019511e-01
38861.4  3.127243e-01
38874.9  3.233702e-01
38888.4  3.338682e-01
38902.0  3.442159e-01
38915.5  3.543553e-01
38929.0  3.642412e-01
38942.5  3.738566e-01
38956.0  3.831653e-01
38969.5  3.921159e-01
38983.0  4.011639e-01
38996.5  4.093672e-01
39010.1  4.170825e-01
39023.6  4.243439e-01
39037.1  4.311597e-01
39050.6  4.375193e-01
39064.1  4.434459e-01
39077.6  4.489475e-01
39091.1  4.540210e-01
39104.6  4.586839e-01
39118.2  4.629550e-01
39131.7  4.668268e-01
39145.2  4.705770e-01
39158.7  4.739448e-01
39172.2  4.766867e-01
39185.7  4.790903e-01
39199.2  4.811929e-01
39212.7  4.830172e-01
39226.2  4.845992e-01
39239.8  4.859733e-01
39253.3  4.871612e-01
39266.8  4.881800e-01
39280.3  4.890458e-01
39293.8  4.897688e-01
39307.3  4.903528e-01
39320.8  4.908136e-01
39334.3  4.911702e-01
39347.9  4.914427e-01
39361.4  4.916428e-01
39374.9  4.920692e-01
39388.4  4.924820e-01
39401.9  4.926003e-01
39415.4  4.927670e-01
39428.9  4.929335e-01
39442.4  4.931167e-01
39456.0  4.933014e-01
39469.5  4.934785e-01
39483.0  4.936631e-01
39496.5  4.938449e-01
39510.0  4.939650e-01
39523.5  4.940762e-01
39537.0  4.942036e-01
39550.5  4.943474e-01
39564.1  4.945210e-01
39577.6  4.947333e-01
39591.1  4.949667e-01
39604.6  4.952350e-01
39618.1  4.955305e-01
39631.6  4.958212e-01
39645.1  4.961110e-01
39658.6  4.964023e-01
39672.2  4.966838e-01
39685.7  4.969440e-01
39699.2  4.977084e-01
39712.7  4.980273e-01
39726.2  4.983010e-01
39739.7  4.986037e-01
39753.2  4.989200e-01
39766.7  4.992282e-01
39780.3  5.001058e-01
39793.8  5.004018e-01
39807.3  5.006636e-01
39820.8  5.008838e-01
39834.3  5.010911e-01
39847.8  5.012661e-01
39861.3  5.014154e-01
39874.8  5.015610e-01
39888.4  5.016946e-01
39901.9  5.018175e-01
39915.4  5.019446e-01
39928.9  5.020895e-01
39942.4  5.022175e-01
39955.9  5.023291e-01
39969.4  5.024339e-01
39982.9  5.025049e-01
39996.5  5.025522e-01
40010.0  5.025843e-01
40023.5  5.026046e-01
40037.0  5.026028e-01
40050.5  5.026102e-01
40064.0  5.026411e-01
40077.5  5.026671e-01
40091.0  5.027089e-01
40104.5  5.027856e-01
40118.1  5.029026e-01
40131.6  5.030087e-01
40145.1  5.031185e-01
40158.6  5.032146e-01
40172.1  5.032837e-01
40185.6  5.036943e-01
40199.1  5.040372e-01
40212.6  5.046235e-01
40226.2  5.046579e-01
40239.7  5.047203e-01
40253.2  5.047935e-01
40266.7  5.048762e-01
40280.2  5.049776e-01
40293.7  5.050578e-01
40307.2  5.051222e-01
40320.7  5.051884e-01
40334.3  5.052572e-01
40347.8  5.052974e-01
40361.3  5.053294e-01
40374.8  5.053800e-01
40388.3  5.054228e-01
40401.8  5.054843e-01
40415.3  5.056245e-01
40428.8  5.057703e-01
40442.4  5.059008e-01
40455.9  5.060440e-01
40469.4  5.061854e-01
40482.9  5.062891e-01
40496.4  5.063835e-01
40509.9  5.064297e-01
40523.4  5.064460e-01
40536.9  5.064326e-01
40550.5  5.064204e-01
40564.0  5.064072e-01
40577.5  5.063948e-01
40591.0  5.064062e-01
40604.5  5.066934e-01
40618.0  5.070272e-01
40631.5  5.070265e-01
40645.0  5.070428e-01
40658.6  5.070283e-01
40672.1  5.069942e-01
40685.6  5.069646e-01
40699.1  5.069397e-01
40712.6  5.069634e-01
40726.1  5.073313e-01
40739.6  5.076047e-01
40753.1  5.076572e-01
40766.7  5.077203e-01
40780.2  5.078048e-01
40793.7  5.079047e-01
40807.2  5.079525e-01
40820.7  5.079804e-01
40834.2  5.080181e-01
40847.7  5.080356e-01
40861.2  5.080465e-01
40874.8  5.080693e-01
40888.3  5.081020e-01
40901.8  5.081255e-01
40915.3  5.081911e-01
40928.8  5.082833e-01
40942.3  5.083833e-01
40955.8  5.084916e-01
40969.3  5.086282e-01
40982.8  5.087690e-01
40996.4  5.089034e-01
41009.9  5.090079e-01
41023.4  5.090978e-01
41036.9  5.095756e-01
41050.4  5.098169e-01
41063.9  5.098996e-01
41077.4  5.099794e-01
41090.9  5.100715e-01
41104.5  5.102099e-01
41118.0  5.104114e-01
41131.5  5.106066e-01
41145.0  5.108123e-01
41158.5  5.110304e-01
41172.0  5.112216e-01
41185.5  5.117059e-01
41199.0  5.121268e-01
41212.6  5.123017e-01
41226.1  5.124355e-01
41239.6  5.125801e-01
41253.1  5.127366e-01
41266.6  5.128919e-01
41280.1  5.130373e-01
41293.6  5.132057e-01
41307.1  5.133374e-01
41320.7  5.134156e-01
41334.2  5.134941e-01
41347.7  5.135762e-01
41361.2  5.136392e-01
41374.7  5.136609e-01
41388.2  5.136872e-01
41401.7  5.137125e-01
41415.2  5.138331e-01
41428.8  5.139499e-01
41442.3  5.141024e-01
41455.8  5.142475e-01
41469.3  5.143945e-01
41482.8  5.151440e-01
41496.3  5.153063e-01
41509.8  5.153880e-01
41523.3  5.154489e-01
41536.9  5.155335e-01
41550.4  5.155966e-01
41563.9  5.156348e-01
41577.4  5.156709e-01
41590.9  5.157325e-01
41604.4  5.160301e-01
41617.9  5.164119e-01
41631.4  5.164944e-01
41645.0  5.165896e-01
41658.5  5.166678e-01
41672.0  5.167823e-01
41685.5  5.169046e-01
41699.0  5.170106e-01
41712.5  5.170958e-01
41726.0  5.171904e-01
41739.5  5.172739e-01
41753.1  5.173341e-01
41766.6  5.174026e-01
41780.1  5.174894e-01
41793.6  5.175715e-01
41807.1  5.176300e-01
41820.6  5.177173e-01
41834.1  5.178115e-01
41847.6  5.178966e-01
41861.1  5.179659e-01
41874.7  5.180489e-01
41888.2  5.180896e-01
41901.7  5.180961e-01
41915.2  5.180810e-01
41928.7  5.180736e-01
41942.2  5.186042e-01
41955.7  5.185286e-01
41969.2  5.184589e-01
41982.8  5.183922e-01
41996.3  5.182868e-01
42009.8  5.181758e-01
42023.3  5.180664e-01
42036.8  5.183192e-01
42050.3  5.183244e-01
42063.8  5.181426e-01
42077.3  5.179536e-01
42090.9  5.177134e-01
42104.4  5.174443e-01
42117.9  5.171777e-01
42131.4  5.168987e-01
42144.9  5.165830e-01
42158.4  5.162777e-01
42171.9  5.159846e-01
42185.4  5.156853e-01
42199.0  5.153450e-01
42212.5  5.150216e-01
42226.0  5.146971e-01
42239.5  5.143537e-01
42253.0  5.139749e-01
42266.5  5.136191e-01
42280.0  5.132316e-01
42293.5  5.128118e-01
42307.1  5.123744e-01
42320.6  5.119792e-01
42334.1  5.115622e-01
42347.6  5.111293e-01
42361.1  5.107015e-01
42374.6  5.103093e-01
42388.1  5.098893e-01
42401.6  5.094625e-01
42415.2  5.090344e-01
42428.7  5.091088e-01
42442.2  5.086857e-01
42455.7  5.081301e-01
42469.2  5.075343e-01
42482.7  5.074348e-01
42496.2  5.066776e-01
42509.7  5.058334e-01
42523.3  5.049172e-01
42536.8  5.038857e-01
42550.3  5.027169e-01
42563.8  5.014259e-01
42577.3  4.999939e-01
42590.8  4.983763e-01
42604.3  4.962664e-01
42617.8  4.933379e-01
42631.4  4.901120e-01
42644.9  4.866005e-01
42658.4  4.828216e-01
42671.9  4.787932e-01
42685.4  4.743782e-01
42698.9  4.696005e-01
42712.4  4.641100e-01
42725.9  4.582947e-01
42739.5  4.520814e-01
42753.0  4.454380e-01
42766.5  4.384945e-01
42780.0  4.312451e-01
42793.5  4.236174e-01
42807.0  4.171451e-01
42820.5  4.118600e-01
42834.0  4.061887e-01
42847.5  4.001178e-01
42861.1  3.934336e-01
42874.6  3.864261e-01
42888.1  3.790999e-01
42901.6  3.712672e-01
42915.1  3.615821e-01
42928.6  3.517425e-01
42942.1  3.422502e-01
42955.6  3.324856e-01
42969.2  3.222472e-01
42982.7  3.119629e-01
42996.2  3.016901e-01
43009.7  2.914150e-01
43023.2  2.811328e-01
43036.7  2.709328e-01
43050.2  2.608701e-01
43063.7  2.509622e-01
43077.3  2.412054e-01
43090.8  2.316428e-01
43104.3  2.223030e-01
43117.8  2.131969e-01
43131.3  2.043307e-01
43144.8  1.957241e-01
43158.3  1.873708e-01
43171.8  1.792743e-01
43185.4  1.714374e-01
43198.9  1.638782e-01
43212.4  1.565839e-01
43225.9  1.495504e-01
43239.4  1.427807e-01
43252.9  1.362835e-01
43266.4  1.300348e-01
43279.9  1.240350e-01
43293.5  1.182895e-01
43307.0  1.127959e-01
43320.5  1.075226e-01
43334.0  1.024695e-01
43347.5  9.764416e-02
43361.0  9.303566e-02
43374.5  8.861430e-02
43388.0  8.437822e-02
43401.6  8.033757e-02
43415.1  7.647352e-02
43428.6  7.276700e-02
43442.1  6.921799e-02
43455.6  6.588712e-02
43469.1  6.269906e-02
43482.6  5.961373e-02
43496.1  5.665751e-02
43509.7  5.385054e-02
43523.2  5.122748e-02
43536.7  4.865816e-02
43550.2  4.619904e-02
43563.7  4.387098e-02
43577.2  4.164218e-02
43590.7  3.950832e-02
43604.2  3.746487e-02
43617.8  3.553725e-02
43631.3  3.369011e-02
43644.8  3.192274e-02
43658.3  3.023255e-02
43671.8  2.864899e-02
43685.3  2.713521e-02
43698.8  2.568705e-02
43712.3  2.430154e-02
43725.8  2.300175e-02
43739.4  2.176186e-02
43752.9  2.057627e-02
43766.4  1.945272e-02
43779.9  1.840239e-02
43793.4  1.740145e-02
43806.9  1.643735e-02
43820.4  1.552406e-02
43833.9  1.466957e-02
43847.5  1.385967e-02
43861.0  1.307662e-02
43874.5  1.234454e-02
43888.0  1.166042e-02
43901.5  1.101658e-02
43915.0  1.039082e-02
43928.5  9.812062e-03
43942.0  9.271162e-03
43955.6  8.763256e-03
43969.1  8.262377e-03
43982.6  7.802414e-03
43996.1  7.375614e-03
44009.6  6.974626e-03
44023.1  6.579872e-03
44036.6  6.214840e-03
44050.1  5.879036e-03
44063.7  5.561488e-03
44077.2  5.242896e-03
44090.7  4.946986e-03
44104.2  4.685176e-03
44117.7  4.435985e-03
44131.2  4.193429e-03
44144.7  3.965324e-03
44158.2  3.761423e-03
44171.8  3.560284e-03
44185.3  3.365169e-03
44198.8  3.176759e-03
44212.3  3.019900e-03
44225.8  2.864658e-03
44239.3  2.712434e-03
44252.8  2.565324e-03
44266.3  2.438319e-03
44279.9  2.314944e-03
44293.4  2.189835e-03
44306.9  2.074538e-03
44320.4  1.973274e-03
44333.9  1.879192e-03
44347.4  1.778364e-03
44360.9  1.689621e-03
44374.4  1.609738e-03
44388.0  1.537801e-03
44401.5  1.450606e-03
44415.0  1.375247e-03
44428.5  1.309931e-03
44442.0  1.252913e-03
44455.5  1.184350e-03
44469.0  1.120373e-03
44482.5  1.068741e-03
44496.1  1.025325e-03
44509.6  9.770670e-04
44523.1  9.263537e-04
44536.6  8.881155e-04
44550.1  8.488598e-04
44563.6  8.075561e-04
44577.1  7.615285e-04
44590.6  7.306685e-04
44604.1  6.995421e-04
44617.7  6.654206e-04
44631.2  6.282619e-04
44644.7  6.043210e-04
44658.2  5.864094e-04
44671.7  5.591747e-04
44685.2  5.265488e-04
44698.7  4.975075e-04
44712.2  4.773554e-04
44725.8  4.479058e-04
44739.3  4.227012e-04
44752.8  4.033625e-04
44766.3  4.031397e-04
44779.8  3.917616e-04
44793.3  3.733505e-04
44806.8  3.534299e-04
44820.3  3.416724e-04
44833.9  3.280867e-04
44847.4  3.060863e-04
44860.9  2.898685e-04
44874.4  2.784268e-04
44887.9  2.714585e-04
44901.4  2.510244e-04
44914.9  2.355740e-04
44928.4  2.239092e-04
44942.0  2.150933e-04
44955.5  2.007389e-04
44969.0  1.882886e-04
44982.5  1.865339e-04
44996.0  1.822878e-04
45009.5  1.734991e-04
45023.0  1.585306e-04
45036.5  1.588638e-04
45050.1  1.583573e-04
45063.6  1.550403e-04
45077.1  1.397341e-04
45090.6  1.324192e-04
45104.1  1.297055e-04
45117.6  1.223622e-04
45131.1  1.127129e-04
45144.6  1.054366e-04
45158.2  1.063696e-04
45171.7  9.611046e-05
45185.2  8.027637e-05
45198.7  7.098758e-05
45212.2  7.316738e-05
45225.7  7.394637e-05
45239.2  6.928981e-05
45252.7  6.457410e-05
45266.3  6.376788e-05
45279.8  6.747864e-05
45293.3  6.327648e-05
45306.8  6.116754e-05
45320.3  6.101686e-05
45333.8  6.490823e-05
45347.3  6.127539e-05
45360.8  5.384580e-05
45374.4  4.976076e-05
45387.9  4.995417e-05
45401.4  5.064777e-05
45414.9  4.518064e-05
45428.4  4.240543e-05
45441.9  4.054483e-05
45455.4  3.865073e-05
45468.9  3.282302e-05
45482.5  2.955339e-05
45496.0  3.256923e-05
45509.5  3.283939e-05
45523.0  2.920314e-05
45536.5  2.302301e-05
45550.0  2.503131e-05
45563.5  2.900746e-05
45577.0  2.971237e-05
45590.5  2.269293e-05
45604.1  2.135666e-05
45617.6  2.533182e-05
45631.1  2.669613e-05
45644.6  2.544844e-05
45658.1  2.204314e-05
45671.6  2.343028e-05
45685.1  2.279074e-05
45698.6  2.105438e-05
45712.2  1.821831e-05
45725.7  1.724519e-05
45739.2  1.791660e-05
45752.7  1.463046e-05
45766.2  1.260889e-05
45779.7  1.149563e-05
45793.2  1.427093e-05
45806.7  1.389836e-05
45820.3  1.073358e-05
45833.8  7.463410e-06
45847.3  7.065756e-06
45860.8  8.895065e-06
45874.3  8.170047e-06
45887.8  8.255234e-06
45901.3  9.138629e-06
45914.8  1.117663e-05
45928.4  1.094506e-05
45941.9  8.633590e-06
45955.4  8.373115e-06
45968.9  8.850789e-06
45982.4  1.022165e-05
45995.9  9.296227e-06
46009.4  9.035370e-06
46022.9  9.490532e-06
46036.5  7.716570e-06
46050.0  5.205677e-06
46063.5  2.832384e-06
46077.0  4.613148e-06
46090.5  6.145316e-06
46104.0  5.785664e-06
46117.5  1.740686e-06
46131.0  1.946586e-06
46144.6  7.382283e-06
46158.1  1.018720e-05
46171.6  1.010739e-05
46185.1  9.173450e-06
46198.6  8.438621e-06
46212.1  6.831187e-06
46225.6  4.181022e-06
46239.1  3.769771e-06
46252.7  4.339301e-06
46266.2  7.428396e-06
46279.7  7.402843e-06
46293.2  6.052791e-06
46306.7  5.094240e-06
46320.2  5.962256e-06
46333.7  7.560023e-06
46347.2  5.564407e-06
46360.8  3.888269e-06
46374.3  2.745189e-06
46387.8  3.564773e-06
46401.3  3.980397e-06
46414.8  3.892903e-06
46428.3  6.564262e-06
46441.8  9.535996e-06
46455.3  1.157349e-05
46468.8  7.960480e-06
46482.4  5.789773e-06
46495.9  5.024290e-06
46509.4  5.687772e-06
46522.9  5.668585e-06
46536.4  3.623362e-06
46549.9  2.802027e-06
46563.4  2.431681e-06
46576.9  2.583482e-06
46590.5  2.994759e-06
46604.0  3.803735e-06
46617.5  7.181564e-06
46631.0  1.040244e-05
46644.5  1.213473e-05
46658.0  1.141744e-05
46671.5  1.115314e-05
46685.0  1.142262e-05
46698.6  9.402064e-06
46712.1  7.785044e-06
46725.6  6.885234e-06
46739.1  8.538444e-06
46752.6  1.088054e-05
46766.1  1.074172e-05
46779.6  1.029516e-05
46793.1  9.852038e-06
46806.7  1.079041e-05
46820.2  1.039544e-05
46833.7  8.941113e-06
46847.2  8.711556e-06
46860.7  8.919587e-06
46874.2  9.773933e-06
46887.7  8.336324e-06
46901.2  7.372673e-06
46914.8  8.317949e-06
46928.3  9.887050e-06
46941.8  1.153208e-05
46955.3  9.895331e-06
46968.8  9.252003e-06
46982.3  9.297594e-06
46995.8  1.053099e-05
47009.3  1.156620e-05
47022.9  1.205811e-05
47036.4  1.376380e-05
47049.9  1.529022e-05
47063.4  1.462442e-05
47076.9  1.202365e-05
47090.4  9.318654e-06
47103.9  9.072118e-06
47117.4  8.862723e-06
47131.0  8.688082e-06
47144.5  9.519949e-06
47158.0  1.103259e-05
47171.5  1.404797e-05
47185.0  1.321678e-05
47198.5  1.102270e-05
47212.0  8.586806e-06
47225.5  9.252424e-06
47239.1  1.292097e-05
47252.6  1.310729e-05
47266.1  1.178988e-05
47279.6  8.823049e-06
47293.1  8.331440e-06
47306.6  8.386787e-06
47320.1  8.309805e-06
47333.6  8.523645e-06
47347.1  8.970890e-06
47360.7  1.034442e-05
47374.2  1.081297e-05
47387.7  9.616112e-06
47401.2  9.230448e-06
47414.7  9.293244e-06
47428.2  1.057571e-05
47441.7  1.022076e-05
47455.2  8.733068e-06
47468.8  6.680041e-06
47482.3  4.942351e-06
47495.8  3.468425e-06
47509.3  1.435843e-06
47522.8  6.193882e-07
47536.3  1.085854e-06
47549.8  1.340148e-06
47563.3  1.199166e-06
47576.9  4.059942e-07
47590.4  2.873123e-07
47603.9  1.515889e-06
47617.4  1.971502e-06
47630.9  1.057688e-06
47644.4  2.093554e-08
47657.9  1.472247e-08
47671.4  8.022388e-07
47685.0  1.920208e-06
47698.5  1.954643e-06
47712.0  1.343328e-06
47725.5  1.528658e-06
47739.0  2.549372e-06
47752.5  4.111057e-08
47766.0  5.195419e-09
47779.5  5.192600e-09
47793.1  2.234293e-08
47806.6  4.174150e-07
47820.1  1.623542e-08
47833.6  5.181244e-09
47847.1  5.178405e-09
47860.6  5.832577e-08
47874.1  2.278612e-06
47887.6  2.857121e-06
47901.2  3.391468e-06
47914.7  3.826913e-06
47928.2  4.089981e-06
47941.7  3.586305e-06
47955.2  1.733593e-06
47968.7  1.604808e-06
47982.2  2.284312e-06
47995.7  4.056254e-06
48009.3  6.375869e-06
48022.8  7.528452e-06
48036.3  9.033607e-06
48049.8  1.086284e-05
48063.3  1.013644e-05
48076.8  8.583023e-06
48090.3  6.182993e-06
48103.8  5.933010e-06
48117.4  6.199858e-06
48130.9  4.717757e-06
48144.4  5.667383e-07
48157.9  8.578121e-09
48171.4  6.412875e-08
48184.9  4.176841e-06
48198.4  7.411499e-06
48211.9  1.053737e-05
48225.5  1.142859e-05
48239.0  1.143547e-05
48252.5  1.237066e-05
48266.0  1.156537e-05
48279.5  1.084043e-05
48293.0  9.945632e-06
48306.5  9.976746e-06
48320.0  9.861199e-06
48333.5  8.151914e-06
48347.1  7.961188e-06
48360.6  8.958319e-06
48374.1  1.048567e-05
48387.6  1.190798e-05
48401.1  1.033087e-05
48414.6  9.985053e-06
48428.1  1.151082e-05
48441.6  1.568564e-05
48455.2  2.181572e-05
48468.7  1.952650e-05
48482.2  1.786133e-05
48495.7  1.691382e-05
48509.2  1.713226e-05
48522.7  1.751040e-05
48536.2  1.416540e-05
48549.7  1.324530e-05
48563.3  1.470313e-05
48576.8  1.604020e-05
48590.3  1.737750e-05
48603.8  1.378145e-05
48617.3  1.222570e-05
48630.8  1.335171e-05
48644.3  1.395063e-05
48657.8  1.421000e-05
48671.4  1.005834e-05
48684.9  9.427241e-06
48698.4  1.142285e-05
48711.9  1.287705e-05
48725.4  1.379143e-05
48738.9  1.249125e-05
48752.4  1.360200e-05
48765.9  1.627494e-05
48779.5  1.735338e-05
48793.0  1.566851e-05
48806.5  1.303696e-05
48820.0  1.195843e-05
48833.5  1.499214e-05
48847.0  1.733295e-05
48860.5  1.663313e-05
48874.0  1.633235e-05
48887.6  1.617118e-05
48901.1  2.111304e-05
48914.6  2.580285e-05
48928.1  2.637428e-05
48941.6  2.607434e-05
48955.1  2.514367e-05
48968.6  2.565349e-05
48982.1  2.543136e-05
48995.7  2.044707e-05
49009.2  1.666903e-05
49022.7  1.369177e-05
49036.2  1.362918e-05
49049.7  1.452988e-05
49063.2  1.304787e-05
49076.7  1.348348e-05
49090.2  1.448167e-05
49103.8  1.545630e-05
49117.3  1.826707e-05
49130.8  1.915000e-05
49144.3  1.829993e-05
49157.8  1.979588e-05
49171.3  2.153239e-05
49184.8  2.352015e-05
49198.3  2.294954e-05
49211.8  2.120982e-05
49225.4  2.128775e-05
49238.9  2.171148e-05
49252.4  2.002361e-05
49265.9  1.882743e-05
49279.4  1.759669e-05
49292.9  2.013700e-05
49306.4  2.449213e-05
49319.9  2.531280e-05
49333.5  2.549212e-05
49347.0  2.351644e-05
49360.5  2.374663e-05
49374.0  2.729331e-05
49387.5  2.719037e-05
49401.0  2.716633e-05
49414.5  2.527704e-05
49428.0  2.426762e-05
49441.6  2.488105e-05
49455.1  2.383448e-05
49468.6  2.171151e-05
49482.1  2.004783e-05
49495.6  1.899936e-05
49509.1  2.093776e-05
49522.6  2.365467e-05
49536.1  2.121663e-05
49549.7  2.018256e-05
49563.2  2.039152e-05
49576.7  2.383258e-05
49590.2  2.815796e-05
49603.7  2.741211e-05
49617.2  2.753900e-05
49630.7  2.726758e-05
49644.2  2.614685e-05
49657.8  2.560137e-05
49671.3  2.022195e-05
49684.8  1.480560e-05
49698.3  1.495956e-05
49711.8  1.657729e-05
49725.3  2.035630e-05
49738.8  2.080020e-05
49752.3  1.858993e-05
49765.9  2.012356e-05
49779.4  2.309343e-05
49792.9  2.691467e-05
49806.4  3.021451e-05
49819.9  2.752545e-05
49833.4  2.598895e-05
49846.9  2.541301e-05
49860.4  2.495768e-05
49874.0  2.467660e-05
49887.5  2.230395e-05
49901.0  2.046318e-05
49914.5  2.147346e-05
49928.0  2.213810e-05
49941.5  2.164662e-05
49955.0  2.145114e-05
49968.5  2.151509e-05
49982.1  2.446657e-05
49995.6  2.883640e-05
50009.1  2.718898e-05
50022.6  2.525974e-05
50036.1  2.263386e-05
50049.6  2.263755e-05
50063.1  2.555273e-05
50076.6  2.632924e-05
50090.1  2.593189e-05
50103.7  2.525505e-05
50117.2  2.486945e-05
50130.7  2.665781e-05
50144.2  2.813006e-05
50157.7  2.690851e-05
50171.2  2.667662e-05
50184.7  2.769623e-05
50198.2  2.861098e-05
50211.8  2.937240e-05
50225.3  2.389104e-05
50238.8  2.037583e-05
50252.3  2.080973e-05
50265.8  2.238753e-05
50279.3  2.609284e-05
50292.8  2.985783e-05
50306.3  2.892985e-05
50319.9  2.750935e-05
50333.4  2.606491e-05
50346.9  2.410794e-05
50360.4  2.240320e-05
50373.9  2.169020e-05
50387.4  2.242090e-05
50400.9  2.805750e-05
50414.4  3.257361e-05
50428.0  3.400102e-05
50441.5  3.218944e-05
50455.0  2.874355e-05
50468.5  2.945371e-05
50482.0  3.132281e-05
50495.5  3.023253e-05
50509.0  2.873377e-05
50522.5  2.447543e-05
50536.1  2.263868e-05
50549.6  2.494700e-05
50563.1  2.728081e-05
50576.6  2.923929e-05
50590.1  3.018043e-05
50603.6  3.062413e-05
50617.1  3.209494e-05
50630.6  3.376218e-05
50644.2  3.033020e-05
50657.7  2.758378e-05
50671.2  2.584819e-05
50684.7  2.588169e-05
50698.2  2.915628e-05
50711.7  3.014505e-05
50725.2  2.914211e-05
50738.7  2.787282e-05
50752.3  2.671671e-05
50765.8  2.659269e-05
50779.3  2.672016e-05
50792.8  2.213500e-05
50806.3  1.904099e-05
50819.8  1.927920e-05
50833.3  2.090042e-05
50846.8  2.577373e-05
50860.4  2.866740e-05
50873.9  2.862113e-05
50887.4  2.835970e-05
50900.9  2.798129e-05
50914.4  2.858312e-05
50927.9  2.965531e-05
50941.4  2.930113e-05
50954.9  2.906723e-05
50968.4  3.081982e-05
50982.0  3.235313e-05
50995.5  3.258975e-05
