# from http://www.stsci.edu/jwst/instruments/nircam/instrumentdesign/filters
# Retrieved March, 2023, dated Nov, 2022 (post-flight)
# Uses modA or modB  filters+DBS+QE+OTE (nrc_plus_ote)
# Units of transmission are PCE (photon to electron conversion efficiency)
# 
5481.5  0.000000e+00
5491.5  0.000000e+00
5501.5  1.081399e-09
5511.5  1.596000e-09
5521.5  2.105128e-09
5531.5  2.762254e-09
5541.5  2.945238e-09
5551.5  3.311632e-09
5561.5  3.522025e-09
5571.5  3.830846e-09
5581.5  3.148807e-09
5591.5  1.880172e-09
5601.5  1.833404e-09
5611.5  2.197265e-09
5621.5  2.134136e-09
5631.5  2.226146e-09
5641.5  2.693316e-09
5651.5  3.670383e-09
5661.5  5.223024e-09
5671.5  6.113208e-09
5681.5  8.038244e-09
5691.5  7.967209e-09
5701.5  9.678437e-09
5711.5  9.867799e-09
5721.5  1.145585e-08
5731.5  1.009925e-08
5741.5  9.430334e-09
5751.5  8.906223e-09
5761.5  1.016951e-08
5771.5  1.117705e-08
5781.5  1.126066e-08
5791.5  1.169885e-08
5801.5  1.367690e-08
5811.5  1.689505e-08
5821.5  1.956524e-08
5831.5  2.221159e-08
5841.5  2.305559e-08
5851.5  2.391695e-08
5861.5  2.458376e-08
5871.5  3.159672e-08
5881.5  3.783061e-08
5891.5  4.277655e-08
5901.5  4.861966e-08
5911.5  5.325920e-08
5921.5  6.231570e-08
5931.5  6.757068e-08
5941.5  8.483615e-08
5951.5  9.707191e-08
5961.5  1.151827e-07
5971.5  1.765988e-07
5981.5  4.052104e-07
5991.5  1.405540e-06
6001.5  4.854666e-06
6011.5  1.821458e-05
6021.5  8.832841e-05
6031.5  3.775512e-04
6041.5  1.504982e-03
6051.5  4.971048e-03
6061.5  1.251279e-02
6071.5  2.495539e-02
6081.5  4.132017e-02
6091.5  5.895911e-02
6101.5  7.508954e-02
6111.5  8.798185e-02
6121.5  9.753978e-02
6131.5  1.044582e-01
6141.5  1.099480e-01
6151.5  1.148396e-01
6161.5  1.197852e-01
6171.5  1.249563e-01
6181.5  1.301241e-01
6191.5  1.351672e-01
6201.5  1.400572e-01
6211.5  1.439953e-01
6221.5  1.470078e-01
6231.5  1.489374e-01
6241.5  1.512660e-01
6251.5  1.534609e-01
6261.5  1.549710e-01
6271.5  1.560740e-01
6281.5  1.568199e-01
6291.5  1.573144e-01
6301.5  1.574420e-01
6311.5  1.574713e-01
6321.5  1.579159e-01
6331.5  1.593208e-01
6341.5  1.617392e-01
6351.5  1.647985e-01
6361.5  1.679560e-01
6371.5  1.708289e-01
6381.5  1.731097e-01
6391.5  1.749753e-01
6401.5  1.766550e-01
6411.5  1.784867e-01
6421.5  1.803117e-01
6431.5  1.820360e-01
6441.5  1.834244e-01
6451.5  1.843890e-01
6461.5  1.850972e-01
6471.5  1.859328e-01
6481.5  1.872055e-01
6491.5  1.888517e-01
6501.5  1.905199e-01
6511.5  1.920521e-01
6521.5  1.932026e-01
6531.5  1.937281e-01
6541.5  1.938385e-01
6551.5  1.936760e-01
6561.5  1.933759e-01
6571.5  1.929346e-01
6581.5  1.926747e-01
6591.5  1.928812e-01
6601.5  1.935711e-01
6611.5  1.948575e-01
6621.5  1.968549e-01
6631.5  1.994860e-01
6641.5  2.023974e-01
6651.5  2.052457e-01
6661.5  2.074871e-01
6671.5  2.087308e-01
6681.5  2.090894e-01
6691.5  2.090883e-01
6701.5  2.089720e-01
6711.5  2.086699e-01
6721.5  2.082157e-01
6731.5  2.079287e-01
6741.5  2.078430e-01
6751.5  2.079650e-01
6761.5  2.083963e-01
6771.5  2.091740e-01
6781.5  2.105638e-01
6791.5  2.124882e-01
6801.5  2.148642e-01
6811.5  2.173222e-01
6821.5  2.193541e-01
6831.5  2.208591e-01
6841.5  2.221881e-01
6851.5  2.234191e-01
6861.5  2.246673e-01
6871.5  2.259237e-01
6881.5  2.274372e-01
6891.5  2.291741e-01
6901.5  2.306269e-01
6911.5  2.311099e-01
6921.5  2.303795e-01
6931.5  2.282088e-01
6941.5  2.249603e-01
6951.5  2.215920e-01
6961.5  2.189804e-01
6971.5  2.181021e-01
6981.5  2.191496e-01
6991.5  2.221215e-01
7001.5  2.263496e-01
7011.5  2.310856e-01
7021.5  2.352959e-01
7031.5  2.384966e-01
7041.5  2.404465e-01
7051.5  2.416132e-01
7061.5  2.424930e-01
7071.5  2.435968e-01
7081.5  2.450236e-01
7091.5  2.466443e-01
7101.5  2.474490e-01
7111.5  2.469213e-01
7121.5  2.449734e-01
7131.5  2.424169e-01
7141.5  2.407230e-01
7151.5  2.402743e-01
7161.5  2.410696e-01
7171.5  2.415844e-01
7181.5  2.408623e-01
7191.5  2.387361e-01
7201.5  2.360751e-01
7211.5  2.344886e-01
7221.5  2.354587e-01
7231.5  2.394628e-01
7241.5  2.456940e-01
7251.5  2.527938e-01
7261.5  2.597052e-01
7271.5  2.653366e-01
7281.5  2.694554e-01
7291.5  2.719998e-01
7301.5  2.734057e-01
7311.5  2.733689e-01
7321.5  2.721837e-01
7331.5  2.700856e-01
7341.5  2.672644e-01
7351.5  2.641001e-01
7361.5  2.614889e-01
7371.5  2.600327e-01
7381.5  2.599467e-01
7391.5  2.607483e-01
7401.5  2.618957e-01
7411.5  2.629838e-01
7421.5  2.641036e-01
7431.5  2.660149e-01
7441.5  2.691346e-01
7451.5  2.736221e-01
7461.5  2.785360e-01
7471.5  2.834096e-01
7481.5  2.871279e-01
7491.5  2.899280e-01
7501.5  2.915685e-01
7511.5  2.924988e-01
7521.5  2.924446e-01
7531.5  2.908601e-01
7541.5  2.875986e-01
7551.5  2.828619e-01
7561.5  2.778212e-01
7571.5  2.737848e-01
7581.5  2.715723e-01
7591.5  2.711221e-01
7601.5  2.717272e-01
7611.5  2.729235e-01
7621.5  2.745843e-01
7631.5  2.772695e-01
7641.5  2.814741e-01
7651.5  2.873460e-01
7661.5  2.934451e-01
7671.5  2.987236e-01
7681.5  3.014838e-01
7691.5  3.020055e-01
7701.5  3.002497e-01
7711.5  2.976044e-01
7721.5  2.941306e-01
7731.5  2.898819e-01
7741.5  2.845301e-01
7751.5  2.781633e-01
7761.5  2.705612e-01
7771.5  2.595432e-01
7781.5  2.432451e-01
7791.5  2.200000e-01
7801.5  1.911584e-01
7811.5  1.588228e-01
7821.5  1.263211e-01
7831.5  9.618197e-02
7841.5  7.035899e-02
7851.5  4.959630e-02
7861.5  3.384839e-02
7871.5  2.261015e-02
7881.5  1.502782e-02
7891.5  1.010776e-02
7901.5  6.980993e-03
7911.5  4.894641e-03
7921.5  3.515534e-03
7931.5  2.500861e-03
7941.5  1.795254e-03
7951.5  1.305542e-03
7961.5  9.581027e-04
7971.5  7.084499e-04
7981.5  5.260240e-04
7991.5  3.943810e-04
8001.5  2.987338e-04
8011.5  2.275631e-04
8021.5  1.739785e-04
8031.5  1.341526e-04
8041.5  1.046850e-04
8051.5  8.296192e-05
8061.5  6.658213e-05
8071.5  5.407560e-05
8081.5  4.431960e-05
8091.5  3.667467e-05
8101.5  3.066075e-05
8111.5  2.572473e-05
8121.5  2.191670e-05
8131.5  1.883292e-05
8141.5  1.649775e-05
8151.5  1.465891e-05
8161.5  1.333446e-05
8171.5  1.216400e-05
8181.5  1.116790e-05
8191.5  1.020691e-05
8201.5  9.497209e-06
8211.5  8.902511e-06
8221.5  8.476483e-06
8231.5  8.047350e-06
8241.5  7.704882e-06
8251.5  7.326167e-06
8261.5  7.070179e-06
8271.5  6.878111e-06
8281.5  6.786375e-06
8291.5  6.636330e-06
8301.5  6.370851e-06
8311.5  6.095021e-06
8321.5  5.951505e-06
8331.5  6.004599e-06
8341.5  6.070805e-06
8351.5  5.927840e-06
8361.5  5.509089e-06
8371.5  4.974180e-06
8381.5  4.480855e-06
8391.5  4.277622e-06
8401.5  4.383607e-06
8411.5  4.726648e-06
8421.5  5.041938e-06
8431.5  5.093676e-06
8441.5  4.992153e-06
8451.5  4.614513e-06
8461.5  4.249447e-06
8471.5  3.756731e-06
8481.5  3.390224e-06
8491.5  3.121093e-06
8501.5  0.000000e+00
8511.5  0.000000e+00
