# from http://www.stsci.edu/jwst/instruments/nircam/instrumentdesign/filters
# Retrieved March, 2023, dated Nov, 2022 (post-flight)
# Uses modA or modB  filters+DBS+QE+OTE (nrc_plus_ote)
# Units of transmission are PCE (photon to electron conversion efficiency)
# 
43469.1  0.000000e+00
43482.6  0.000000e+00
43496.1  2.010160e-05
43509.7  2.057944e-05
43523.2  2.098844e-05
43536.7  2.130632e-05
43550.2  2.196433e-05
43563.7  2.197031e-05
43577.2  2.222522e-05
43590.7  2.438416e-05
43604.2  2.655119e-05
43617.8  2.715019e-05
43631.3  2.810744e-05
43644.8  3.078134e-05
43658.3  3.415112e-05
43671.8  3.734870e-05
43685.3  3.956379e-05
43698.8  4.095888e-05
43712.3  4.280149e-05
43725.8  4.732257e-05
43739.4  5.283228e-05
43752.9  5.883077e-05
43766.4  6.254539e-05
43779.9  6.591038e-05
43793.4  6.971769e-05
43806.9  7.464437e-05
43820.4  7.939038e-05
43833.9  8.348240e-05
43847.5  8.737026e-05
43861.0  9.184571e-05
43874.5  9.840740e-05
43888.0  1.049475e-04
43901.5  1.107583e-04
43915.0  1.138789e-04
43928.5  1.185358e-04
43942.0  1.252235e-04
43955.6  1.347012e-04
43969.1  1.439596e-04
43982.6  1.541089e-04
43996.1  1.654739e-04
44009.6  1.788204e-04
44023.1  1.903311e-04
44036.6  2.010191e-04
44050.1  2.112638e-04
44063.7  2.234679e-04
44077.2  2.364972e-04
44090.7  2.504689e-04
44104.2  2.655456e-04
44117.7  2.823164e-04
44131.2  2.997334e-04
44144.7  3.180404e-04
44158.2  3.391126e-04
44171.8  3.643737e-04
44185.3  3.922898e-04
44198.8  4.221471e-04
44212.3  4.528161e-04
44225.8  4.847520e-04
44239.3  5.178856e-04
44252.8  5.515463e-04
44266.3  5.881538e-04
44279.9  6.280949e-04
44293.4  6.718384e-04
44306.9  7.186961e-04
44320.4  7.696713e-04
44333.9  8.250409e-04
44347.4  8.852822e-04
44360.9  9.501264e-04
44374.4  1.020430e-03
44388.0  1.097129e-03
44401.5  1.180300e-03
44415.0  1.269482e-03
44428.5  1.365363e-03
44442.0  1.469492e-03
44455.5  1.581858e-03
44469.0  1.703602e-03
44482.5  1.835984e-03
44496.1  1.982844e-03
44509.6  2.142714e-03
44523.1  2.316595e-03
44536.6  2.506012e-03
44550.1  2.714849e-03
44563.6  2.944355e-03
44577.1  3.197280e-03
44590.6  3.475159e-03
44604.1  3.780033e-03
44617.7  4.115030e-03
44631.2  4.486621e-03
44644.7  4.895369e-03
44658.2  5.345520e-03
44671.7  5.844538e-03
44685.2  6.400431e-03
44698.7  7.017511e-03
44712.2  7.704668e-03
44725.8  8.469138e-03
44739.3  9.318786e-03
44752.8  1.026497e-02
44766.3  1.133114e-02
44779.8  1.252190e-02
44793.3  1.385249e-02
44806.8  1.534512e-02
44820.3  1.702352e-02
44833.9  1.890460e-02
44847.4  2.102032e-02
44860.9  2.341683e-02
44874.4  2.611450e-02
44887.9  2.915544e-02
44901.4  3.260633e-02
44914.9  3.650021e-02
44928.4  4.089904e-02
44942.0  4.589620e-02
44955.5  5.154315e-02
44969.0  5.792096e-02
44982.5  6.513866e-02
44996.0  7.327370e-02
45009.5  8.242179e-02
45023.0  9.269907e-02
45036.5  1.041517e-01
45050.1  1.168969e-01
45063.6  1.310281e-01
45077.1  1.463747e-01
45090.6  1.631024e-01
45104.1  1.812327e-01
45117.6  2.002952e-01
45131.1  2.203058e-01
45144.6  2.412749e-01
45158.2  2.625030e-01
45171.7  2.836529e-01
45185.2  3.049467e-01
45198.7  3.256958e-01
45212.2  3.452062e-01
45225.7  3.641160e-01
45239.2  3.819901e-01
45252.7  3.977869e-01
45266.3  4.126115e-01
45279.8  4.263627e-01
45293.3  4.377211e-01
45306.8  4.480559e-01
45320.3  4.573801e-01
45333.8  4.647593e-01
45347.3  4.711296e-01
45360.8  4.766718e-01
45374.4  4.808805e-01
45387.9  4.843112e-01
45401.4  4.872074e-01
45414.9  4.892571e-01
45428.4  4.908235e-01
45441.9  4.921248e-01
45455.4  4.929911e-01
45468.9  4.935681e-01
45482.5  4.940553e-01
45496.0  4.943763e-01
45509.5  4.945959e-01
45523.0  4.948171e-01
45536.5  4.949561e-01
45550.0  4.951818e-01
45563.5  4.953747e-01
45577.0  4.955747e-01
45590.5  4.958402e-01
45604.1  4.960981e-01
45617.6  4.963987e-01
45631.1  4.967375e-01
45644.6  4.970469e-01
45658.1  4.973687e-01
45671.6  4.977700e-01
45685.1  4.981150e-01
45698.6  4.984357e-01
45712.2  4.987680e-01
45725.7  4.990575e-01
45739.2  4.993380e-01
45752.7  4.995545e-01
45766.2  4.997195e-01
45779.7  4.998627e-01
45793.2  4.999901e-01
45806.7  5.000359e-01
45820.3  5.000499e-01
45833.8  4.999945e-01
45847.3  4.999078e-01
45860.8  4.998067e-01
45874.3  4.995909e-01
45887.8  4.993614e-01
45901.3  4.991303e-01
45914.8  4.988300e-01
45928.4  4.984907e-01
45941.9  4.981204e-01
45955.4  4.977473e-01
45968.9  4.973546e-01
45982.4  4.969437e-01
45995.9  4.964867e-01
46009.4  4.960444e-01
46022.9  4.956156e-01
46036.5  4.951736e-01
46050.0  4.947261e-01
46063.5  4.942646e-01
46077.0  4.938529e-01
46090.5  4.934208e-01
46104.0  4.929866e-01
46117.5  4.925578e-01
46131.0  4.921326e-01
46144.6  4.917577e-01
46158.1  4.913760e-01
46171.6  4.909771e-01
46185.1  4.906153e-01
46198.6  4.902860e-01
46212.1  4.899252e-01
46225.6  4.895706e-01
46239.1  4.892344e-01
46252.7  4.888764e-01
46266.2  4.885743e-01
46279.7  4.882483e-01
46293.2  4.878780e-01
46306.7  4.875634e-01
46320.2  4.872068e-01
46333.7  4.868842e-01
46347.2  4.865176e-01
46360.8  4.861145e-01
46374.3  4.857638e-01
46387.8  4.854061e-01
46401.3  4.849682e-01
46414.8  4.845557e-01
46428.3  4.841518e-01
46441.8  4.836770e-01
46455.3  4.832388e-01
46468.8  4.827622e-01
46482.4  4.822297e-01
46495.9  4.817675e-01
46509.4  4.812674e-01
46522.9  4.806812e-01
46536.4  4.801212e-01
46549.9  4.795704e-01
46563.4  4.789458e-01
46576.9  4.783482e-01
46590.5  4.776628e-01
46604.0  4.770367e-01
46617.5  4.764288e-01
46631.0  4.757250e-01
46644.5  4.750697e-01
46658.0  4.743986e-01
46671.5  4.736606e-01
46685.0  4.730017e-01
46698.6  4.722978e-01
46712.1  4.715154e-01
46725.6  4.708076e-01
46739.1  4.701138e-01
46752.6  4.693395e-01
46766.1  4.686001e-01
46779.6  4.678613e-01
46793.1  4.670498e-01
46806.7  4.663123e-01
46820.2  4.654744e-01
46833.7  4.646854e-01
46847.2  4.639030e-01
46860.7  4.630440e-01
46874.2  4.622510e-01
46887.7  4.614122e-01
46901.2  4.604928e-01
46914.8  4.596420e-01
46928.3  4.587584e-01
46941.8  4.577833e-01
46955.3  4.568116e-01
46968.8  4.558274e-01
46982.3  4.547668e-01
46995.8  4.536825e-01
47009.3  4.525483e-01
47022.9  4.512771e-01
47036.4  4.499936e-01
47049.9  4.486523e-01
47063.4  4.471163e-01
47076.9  4.455090e-01
47090.4  4.437638e-01
47103.9  4.418881e-01
47117.4  4.398591e-01
47131.0  4.376212e-01
47144.5  4.351137e-01
47158.0  4.324565e-01
47171.5  4.294904e-01
47185.0  4.261869e-01
47198.5  4.226778e-01
47212.0  4.186333e-01
47225.5  4.142841e-01
47239.1  4.096773e-01
47252.6  4.042458e-01
47266.1  3.985600e-01
47279.6  3.923865e-01
47293.1  3.854894e-01
47306.6  3.783283e-01
47320.1  3.703292e-01
47333.6  3.618387e-01
47347.1  3.530702e-01
47360.7  3.432422e-01
47374.2  3.331949e-01
47387.7  3.226443e-01
47401.2  3.114015e-01
47414.7  3.000796e-01
47428.2  2.881050e-01
47441.7  2.758670e-01
47455.2  2.636470e-01
47468.8  2.508444e-01
47482.3  2.382367e-01
47495.8  2.255936e-01
47509.3  2.128773e-01
47522.8  2.005267e-01
47536.3  1.881704e-01
47549.8  1.761852e-01
47563.3  1.646279e-01
47576.9  1.532743e-01
47590.4  1.425120e-01
47603.9  1.321802e-01
47617.4  1.223310e-01
47630.9  1.130796e-01
47644.4  1.042548e-01
47657.9  9.603025e-02
47671.4  8.834689e-02
47685.0  8.115613e-02
47698.5  7.450633e-02
47712.0  6.832193e-02
47725.5  6.261719e-02
47739.0  5.736571e-02
47752.5  5.251830e-02
47766.0  4.807485e-02
47779.5  4.399822e-02
47793.1  4.026770e-02
47806.6  3.685396e-02
47820.1  3.373256e-02
47833.6  3.088155e-02
47847.1  2.827925e-02
47860.6  2.591088e-02
47874.1  2.374646e-02
47887.6  2.177366e-02
47901.2  1.997383e-02
47914.7  1.832911e-02
47928.2  1.683403e-02
47941.7  1.546771e-02
47955.2  1.422258e-02
47968.7  1.308639e-02
47982.2  1.204719e-02
47995.7  1.110084e-02
48009.3  1.023306e-02
48022.8  9.440729e-03
48036.3  8.715839e-03
48049.8  8.049984e-03
48063.3  7.440717e-03
48076.8  6.879196e-03
48090.3  6.363518e-03
48103.8  5.892849e-03
48117.4  5.460221e-03
48130.9  5.067835e-03
48144.4  4.705629e-03
48157.9  4.372238e-03
48171.4  4.065558e-03
48184.9  3.781249e-03
48198.4  3.518888e-03
48211.9  3.276542e-03
48225.5  3.052337e-03
48239.0  2.847314e-03
48252.5  2.657615e-03
48266.0  2.482230e-03
48279.5  2.319157e-03
48293.0  2.167748e-03
48306.5  2.029476e-03
48320.0  1.901322e-03
48333.5  1.782826e-03
48347.1  1.671493e-03
48360.6  1.566986e-03
48374.1  1.470411e-03
48387.6  1.380511e-03
48401.1  1.298213e-03
48414.6  1.221280e-03
48428.1  1.149495e-03
48441.6  1.083064e-03
48455.2  1.020753e-03
48468.7  9.625682e-04
48482.2  9.081738e-04
48495.7  8.572513e-04
48509.2  8.097015e-04
48522.7  7.649514e-04
48536.2  7.218001e-04
48549.7  6.815192e-04
48563.3  6.441498e-04
48576.8  6.096105e-04
48590.3  5.772704e-04
48603.8  5.445235e-04
48617.3  5.140718e-04
48630.8  4.860831e-04
48644.3  4.623215e-04
48657.8  4.411122e-04
48671.4  4.202461e-04
48684.9  3.999414e-04
48698.4  3.796307e-04
48711.9  3.612261e-04
48725.4  3.443164e-04
48738.9  3.284003e-04
48752.4  3.133513e-04
48765.9  2.992688e-04
48779.5  2.861485e-04
48793.0  2.738541e-04
48806.5  2.610352e-04
48820.0  2.486732e-04
48833.5  2.374746e-04
48847.0  2.276705e-04
48860.5  2.193915e-04
48874.0  2.105146e-04
48887.6  2.016008e-04
48901.1  1.915440e-04
48914.6  1.823254e-04
48928.1  1.742325e-04
48941.6  1.670020e-04
48955.1  1.605348e-04
48968.6  1.541929e-04
48982.1  1.479045e-04
48995.7  1.411212e-04
49009.2  1.345463e-04
49022.7  1.282053e-04
49036.2  1.226389e-04
49049.7  1.175124e-04
49063.2  1.113779e-04
49076.7  1.053096e-04
49090.2  9.887886e-05
49103.8  9.382365e-05
49117.3  8.968268e-05
49130.8  8.701114e-05
49144.3  8.478619e-05
49157.8  8.305908e-05
49171.3  8.128533e-05
49184.8  7.942472e-05
49198.3  7.715423e-05
49211.8  7.476445e-05
49225.4  7.369118e-05
49238.9  7.300643e-05
49252.4  7.329759e-05
49265.9  7.292607e-05
49279.4  7.181585e-05
49292.9  6.993927e-05
49306.4  6.791581e-05
49319.9  6.573654e-05
49333.5  6.331669e-05
49347.0  6.029253e-05
49360.5  5.738839e-05
49374.0  5.458475e-05
49387.5  5.214016e-05
49401.0  4.983150e-05
49414.5  4.750690e-05
49428.0  4.567363e-05
49441.6  4.448838e-05
49455.1  4.363056e-05
49468.6  4.299285e-05
49482.1  4.199200e-05
49495.6  4.098295e-05
49509.1  4.009113e-05
49522.6  3.920992e-05
49536.1  3.831212e-05
49549.7  3.779951e-05
49563.2  3.757585e-05
49576.7  3.754995e-05
49590.2  3.738339e-05
49603.7  3.491953e-05
49617.2  3.198614e-05
49630.7  2.894802e-05
49644.2  2.750021e-05
49657.8  2.702511e-05
49671.3  2.610684e-05
49684.8  2.523032e-05
49698.3  2.441730e-05
49711.8  2.419077e-05
49725.3  2.525537e-05
49738.8  2.572997e-05
49752.3  2.556429e-05
49765.9  2.405097e-05
49779.4  2.237753e-05
49792.9  2.079657e-05
49806.4  1.960357e-05
49819.9  1.809892e-05
49833.4  1.708555e-05
49846.9  1.676970e-05
49860.4  1.761302e-05
49874.0  1.894348e-05
49887.5  1.914004e-05
49901.0  1.964136e-05
49914.5  2.012872e-05
49928.0  2.114416e-05
49941.5  2.266078e-05
49955.0  2.305920e-05
49968.5  2.237980e-05
49982.1  2.035571e-05
49995.6  1.866514e-05
50009.1  1.659853e-05
50022.6  1.658172e-05
50036.1  1.650796e-05
50049.6  1.655645e-05
50063.1  1.675075e-05
50076.6  1.724071e-05
50090.1  1.799704e-05
50103.7  1.808652e-05
50117.2  1.819564e-05
50130.7  1.790187e-05
50144.2  1.809104e-05
50157.7  1.872218e-05
50171.2  1.950216e-05
50184.7  2.029527e-05
50198.2  2.098185e-05
50211.8  2.166311e-05
50225.3  2.116246e-05
50238.8  2.010161e-05
50252.3  1.798939e-05
50265.8  1.759695e-05
50279.3  1.701605e-05
50292.8  1.666656e-05
50306.3  1.589194e-05
50319.9  1.473324e-05
50333.4  1.523460e-05
50346.9  1.594135e-05
50360.4  1.654788e-05
50373.9  1.634672e-05
50387.4  1.633010e-05
50400.9  1.665971e-05
50414.4  1.705371e-05
50428.0  1.753918e-05
50441.5  1.736051e-05
50455.0  1.676936e-05
50468.5  1.606662e-05
50482.0  1.540524e-05
50495.5  1.487334e-05
50509.0  1.455857e-05
50522.5  1.446277e-05
50536.1  1.441610e-05
50549.6  1.429441e-05
50563.1  1.377716e-05
50576.6  1.281899e-05
50590.1  1.209896e-05
50603.6  1.151154e-05
50617.1  1.133773e-05
50630.6  1.213036e-05
50644.2  1.241540e-05
50657.7  1.284722e-05
50671.2  1.204644e-05
50684.7  1.070192e-05
50698.2  1.054037e-05
50711.7  1.132806e-05
50725.2  1.172890e-05
50738.7  1.094917e-05
50752.3  1.065330e-05
50765.8  1.015152e-05
50779.3  9.686236e-06
50792.8  8.743768e-06
50806.3  8.045584e-06
50819.8  7.820769e-06
50833.3  7.657206e-06
50846.8  7.608383e-06
50860.4  7.499084e-06
50873.9  7.311360e-06
50887.4  7.432081e-06
50900.9  7.740866e-06
50914.4  8.168357e-06
50927.9  8.681376e-06
50941.4  9.057117e-06
50954.9  9.451588e-06
50968.4  9.789054e-06
50982.0  1.001486e-05
50995.5  9.812179e-06
51009.0  0.000000e+00
51022.5  0.000000e+00
