# from http://www.stsci.edu/jwst/instruments/nircam/instrumentdesign/filters
# Retrieved Jan 18, 2017, dated Feb 5, 2016 (pre-flight)
# Uses modA or modB  filters+DBS+QE+OTE (nrc_plus_ote)
# Units of transmission are PCE (photon to electron conversion efficiency)
# 
5509.0  1.642935e-10
5519.0  5.410195e-13
5529.0  7.067850e-10
5539.0  1.066313e-10
5549.0  6.783942e-11
5559.0  8.664787e-10
5569.0  3.588959e-10
5579.0  6.995202e-10
5589.0  2.977964e-10
5599.0  7.804481e-10
5609.0  1.075571e-09
5619.0  1.101379e-09
5629.0  1.829928e-12
5639.0  1.950216e-12
5649.0  3.219331e-12
5659.0  3.186522e-10
5669.0  5.154230e-10
5679.0  2.201958e-12
5689.0  1.702748e-10
5699.0  6.353741e-10
5709.0  2.332218e-12
5719.0  5.920383e-10
5729.0  4.891509e-10
5739.0  3.059820e-10
5749.0  8.332704e-10
5759.0  4.571633e-10
5769.0  4.156659e-09
5779.0  2.880497e-10
5789.0  8.474176e-10
5799.0  4.356904e-12
5809.0  4.315272e-09
5819.0  1.779487e-09
5829.0  1.396091e-09
5839.0  3.624845e-09
5849.0  6.482272e-09
5859.0  1.166250e-09
5869.0  2.635939e-09
5879.0  6.352215e-09
5889.0  8.302349e-12
5899.0  2.024290e-10
5909.0  4.944653e-09
5919.0  6.370773e-10
5929.0  5.952949e-09
5939.0  9.285443e-12
5949.0  5.784386e-09
5959.0  3.772393e-09
5969.0  8.399590e-10
5979.0  1.393913e-08
5989.0  9.907360e-12
5999.0  4.496256e-09
6009.0  9.768406e-09
6019.0  6.885187e-09
6029.0  5.875516e-09
6039.0  1.552498e-08
6049.0  2.518371e-09
6059.0  2.565297e-09
6069.0  1.141873e-11
6079.0  3.581850e-09
6089.0  2.956244e-09
6099.0  7.410864e-09
6109.0  1.410682e-08
6119.0  1.230537e-11
6129.0  5.852682e-09
6139.0  1.281822e-09
6149.0  3.289183e-09
6159.0  1.294589e-08
6169.0  1.302117e-11
6179.0  7.468849e-09
6189.0  1.923109e-09
6199.0  7.599384e-10
6209.0  1.112828e-09
6219.0  3.126152e-09
6229.0  1.346992e-08
6239.0  4.632525e-09
6249.0  1.850782e-09
6259.0  3.137650e-09
6269.0  1.754504e-08
6279.0  3.260800e-09
6289.0  8.191957e-10
6299.0  1.512274e-11
6309.0  1.657293e-08
6319.0  3.942458e-09
6329.0  9.530246e-10
6339.0  1.568088e-11
6349.0  2.147155e-08
6359.0  8.507672e-09
6369.0  1.476354e-08
6379.0  1.938108e-08
6389.0  4.675929e-09
6399.0  4.387416e-11
6409.0  1.658088e-11
6419.0  6.980261e-09
6429.0  1.665829e-08
6439.0  4.150923e-09
6449.0  1.971551e-08
6459.0  2.202746e-08
6469.0  1.387791e-08
6479.0  2.307113e-08
6489.0  1.753413e-11
6499.0  2.807875e-09
6509.0  2.240654e-08
6519.0  1.783770e-11
6529.0  1.633368e-08
6539.0  1.803917e-11
6549.0  3.860832e-08
6559.0  2.843902e-09
6569.0  4.295576e-09
6579.0  7.521724e-09
6589.0  2.554563e-08
6599.0  1.869557e-11
6609.0  1.876820e-11
6619.0  3.074281e-08
6629.0  1.891142e-11
6639.0  1.201200e-08
6649.0  7.780208e-09
6659.0  2.842216e-09
6669.0  1.199069e-08
6679.0  2.840111e-10
6689.0  1.935390e-11
6699.0  7.160214e-10
6709.0  3.040479e-10
6719.0  3.853307e-10
6729.0  1.964338e-11
6739.0  1.240128e-08
6749.0  8.434678e-09
6759.0  2.055681e-08
6769.0  4.115717e-11
6779.0  1.995092e-11
6789.0  2.708461e-08
6799.0  4.963002e-09
6809.0  6.651452e-09
6819.0  2.023381e-11
6829.0  2.285683e-09
6839.0  2.931314e-08
6849.0  2.038546e-11
6859.0  2.127193e-08
6869.0  7.157083e-09
6879.0  9.076127e-09
6889.0  2.903964e-08
6899.0  1.575612e-08
6909.0  2.955815e-09
6919.0  5.040335e-09
6929.0  1.760173e-08
6939.0  1.584371e-08
6949.0  1.192598e-10
6959.0  1.955062e-08
6969.0  4.370810e-09
6979.0  1.448825e-08
6989.0  3.770396e-08
6999.0  1.484938e-08
7009.0  6.358851e-09
7019.0  4.522168e-08
7029.0  2.156397e-11
7039.0  2.166880e-11
7049.0  2.172179e-11
7059.0  3.331231e-09
7069.0  1.223468e-08
7079.0  6.521865e-09
7089.0  2.806528e-08
7099.0  3.119956e-08
7109.0  2.653228e-09
7119.0  4.456324e-09
7129.0  7.255050e-08
7139.0  2.247051e-11
7149.0  2.879140e-09
7159.0  3.597273e-08
7169.0  2.125296e-08
7179.0  8.014065e-09
7189.0  5.580280e-09
7199.0  1.112139e-08
7209.0  6.724043e-09
7219.0  5.104332e-09
7229.0  6.837046e-09
7239.0  2.329878e-11
7249.0  2.151729e-09
7259.0  2.350121e-11
7269.0  1.524756e-09
7279.0  2.367830e-11
7289.0  1.023665e-08
7299.0  9.904695e-09
7309.0  1.879558e-08
7319.0  2.402877e-11
7329.0  2.413144e-11
7339.0  2.420415e-11
7349.0  9.176997e-09
7359.0  1.460584e-08
7369.0  3.101422e-09
7379.0  1.147714e-08
7389.0  6.453568e-09
7399.0  3.576548e-09
7409.0  5.741228e-09
7419.0  6.937852e-10
7429.0  3.646825e-09
7439.0  2.943502e-09
7449.0  4.089735e-09
7459.0  2.521932e-11
7469.0  1.239272e-09
7479.0  5.175380e-09
7489.0  6.219438e-09
7499.0  2.055929e-09
7509.0  9.892364e-09
7519.0  3.205121e-09
7529.0  2.573439e-11
7539.0  4.345262e-09
7549.0  2.587973e-11
7559.0  2.593634e-11
7569.0  2.599304e-11
7579.0  2.608154e-11
7589.0  1.241729e-08
7599.0  8.020337e-09
7609.0  4.165073e-09
7619.0  2.625218e-11
7629.0  2.633788e-11
7639.0  6.375402e-09
7649.0  7.525919e-10
7659.0  2.651254e-11
7669.0  2.656898e-11
7679.0  2.593341e-08
7689.0  3.573528e-08
7699.0  2.670332e-11
7709.0  2.703485e-08
7719.0  9.643996e-09
7729.0  2.687846e-11
7739.0  1.094470e-08
7749.0  3.266419e-09
7759.0  2.700893e-11
7769.0  2.706869e-11
7779.0  2.709689e-11
7789.0  2.715242e-11
7799.0  1.157655e-08
7809.0  3.011735e-08
7819.0  9.866775e-09
7829.0  9.999687e-09
7839.0  6.712435e-09
7849.0  1.555267e-08
7859.0  3.034294e-09
7869.0  1.164631e-08
7879.0  1.381019e-08
7889.0  1.979037e-08
7899.0  2.091242e-08
7909.0  6.865684e-09
7919.0  4.405935e-09
7929.0  7.082607e-09
7939.0  2.154399e-08
7949.0  1.723445e-07
7959.0  2.301489e-07
7969.0  2.401161e-07
7979.0  2.473742e-07
7989.0  2.281369e-07
7999.0  2.794057e-07
8009.0  2.170944e-07
8019.0  3.095063e-07
8029.0  3.182523e-07
8039.0  3.370692e-07
8049.0  3.149393e-07
8059.0  2.820479e-07
8069.0  3.024067e-07
8079.0  3.582564e-07
8089.0  2.717725e-07
8099.0  2.395018e-07
8109.0  3.067442e-07
8119.0  1.412532e-07
8129.0  1.345547e-07
8139.0  1.314025e-07
8149.0  1.098516e-07
8159.0  9.369944e-08
8169.0  7.930641e-08
8179.0  8.811649e-08
8189.0  4.586125e-08
8199.0  8.970859e-08
8209.0  2.833968e-08
8219.0  8.219321e-08
8229.0  6.574517e-08
8239.0  5.049891e-08
8249.0  6.810181e-08
8259.0  8.040861e-08
8269.0  1.050528e-07
8279.0  6.182718e-08
8289.0  7.799618e-08
8299.0  3.140704e-08
8309.0  3.655337e-08
8319.0  4.754521e-08
8329.0  2.001526e-08
8339.0  4.395889e-08
8349.0  6.171181e-08
8359.0  6.699207e-08
8369.0  5.706780e-08
8379.0  7.071394e-08
8389.0  2.036667e-08
8399.0  4.849485e-08
8409.0  6.688337e-08
8419.0  1.029051e-07
8429.0  9.047362e-08
8439.0  5.684909e-08
8449.0  2.283569e-08
8459.0  1.596923e-07
8469.0  1.016867e-07
8479.0  9.036050e-08
8489.0  8.083243e-08
8499.0  1.395917e-07
8509.0  6.114379e-08
8519.0  2.004709e-08
8529.0  9.362901e-08
8539.0  3.244882e-08
8549.0  1.894568e-07
8559.0  7.674045e-08
8569.0  1.144867e-07
8579.0  1.433434e-07
8589.0  1.522829e-07
8599.0  9.360438e-08
8609.0  2.110887e-08
8619.0  1.908579e-07
8629.0  1.986519e-07
8639.0  6.417583e-08
8649.0  1.009202e-07
8659.0  3.240518e-08
8669.0  9.628422e-08
8679.0  1.182870e-08
8689.0  3.163735e-08
8699.0  1.072629e-07
8709.0  1.174429e-07
8719.0  6.401837e-08
8729.0  1.095160e-07
8739.0  1.817576e-08
8749.0  1.879410e-07
8759.0  3.080348e-11
8769.0  2.540151e-07
8779.0  2.013536e-07
8789.0  8.681304e-10
8799.0  1.947225e-07
8809.0  3.550083e-07
8819.0  5.584721e-08
8829.0  2.630242e-07
8839.0  1.112644e-06
8849.0  1.134795e-06
8859.0  6.903253e-07
8869.0  1.031178e-06
8879.0  3.110529e-11
8889.0  4.330813e-07
8899.0  1.749329e-06
8909.0  3.130794e-11
8919.0  1.421896e-06
8929.0  8.015485e-07
8939.0  1.612535e-06
8949.0  1.305531e-07
8959.0  2.522491e-07
8969.0  3.085496e-07
8979.0  2.312884e-07
8989.0  2.648821e-07
8999.0  2.830606e-07
9009.0  2.432862e-07
9019.0  3.246160e-07
9029.0  2.913742e-07
9039.0  2.485323e-07
9049.0  2.399984e-07
9059.0  2.075028e-07
9069.0  2.102366e-07
9079.0  2.184669e-07
9089.0  2.627748e-07
9099.0  9.393559e-08
9109.0  2.295202e-07
9119.0  2.502102e-07
9129.0  1.466813e-07
9139.0  2.614287e-07
9149.0  1.893771e-07
9159.0  2.028807e-07
9169.0  1.547951e-07
9179.0  1.421998e-07
9189.0  2.194977e-07
9199.0  2.931075e-07
9209.0  2.003524e-07
9219.0  2.461121e-07
9229.0  3.387325e-07
9239.0  3.126208e-07
9249.0  3.002195e-07
9259.0  3.230499e-07
9269.0  2.382072e-07
9279.0  2.954709e-07
9289.0  3.438736e-07
9299.0  3.690291e-07
9309.0  3.176156e-07
9319.0  3.944013e-07
9329.0  3.728080e-07
9339.0  4.348530e-07
9349.0  3.902339e-07
9359.0  4.331915e-07
9369.0  4.355587e-07
9379.0  3.932831e-07
9389.0  3.963718e-07
9399.0  4.296632e-07
9409.0  4.450354e-07
9419.0  3.870094e-07
9429.0  3.714391e-07
9439.0  3.314524e-07
9449.0  4.295498e-07
9459.0  4.943875e-07
9469.0  3.306257e-07
9479.0  3.298177e-07
9489.0  4.098575e-07
9499.0  3.684798e-07
9509.0  3.513511e-07
9519.0  4.690967e-07
9529.0  3.655844e-07
9539.0  4.000756e-07
9549.0  4.062351e-07
9559.0  3.335300e-07
9569.0  3.253146e-07
9579.0  3.631134e-07
9589.0  3.904521e-07
9599.0  2.147299e-07
9609.0  2.754411e-07
9619.0  3.336761e-07
9629.0  2.821943e-07
9639.0  3.124680e-07
9649.0  3.071291e-07
9659.0  2.995365e-07
9669.0  3.085295e-07
9679.0  2.737632e-07
9689.0  3.417228e-07
9699.0  2.925310e-07
9709.0  2.714383e-07
9719.0  3.208653e-07
9729.0  3.520200e-07
9739.0  3.192418e-07
9749.0  3.052946e-07
9759.0  3.864612e-07
9769.0  3.715975e-07
9779.0  3.642686e-07
9789.0  2.775135e-07
9799.0  3.438554e-07
9809.0  3.103072e-07
9819.0  3.962550e-07
9829.0  3.116702e-07
9839.0  3.340901e-07
9849.0  2.768775e-07
9859.0  2.681637e-07
9869.0  2.495949e-07
9879.0  3.464368e-07
9889.0  3.365544e-07
9899.0  3.256212e-07
9909.0  2.878249e-07
9919.0  2.886601e-07
9929.0  3.121405e-07
9939.0  2.615174e-07
9949.0  2.602284e-07
9959.0  2.781542e-06
9969.0  2.751321e-06
9979.0  2.445294e-06
9989.0  1.965519e-06
9999.0  2.414025e-06
10009.0  2.344951e-06
10019.0  2.441867e-06
10029.0  1.977965e-06
10039.0  2.184722e-06
10049.0  2.297556e-06
10059.0  1.965402e-06
10069.0  2.161327e-06
10079.0  2.122742e-06
10089.0  2.472618e-06
10099.0  1.628369e-06
10109.0  1.957536e-06
10119.0  2.330544e-06
10129.0  2.335804e-06
10139.0  2.027228e-06
10149.0  2.216717e-06
10159.0  2.108028e-06
10169.0  1.907618e-06
10179.0  2.176271e-06
10189.0  2.158227e-06
10199.0  2.284851e-06
10209.0  2.017008e-06
10219.0  1.868242e-06
10229.0  1.852050e-06
10239.0  1.900438e-06
10249.0  2.154061e-06
10259.0  1.812312e-06
10269.0  1.630460e-06
10279.0  1.784260e-06
10289.0  2.593501e-06
10299.0  1.976079e-06
10309.0  2.270470e-06
10319.0  1.869108e-06
10329.0  1.718685e-06
10339.0  1.890355e-06
10349.0  1.598206e-06
10359.0  1.873674e-06
10369.0  1.945691e-06
10379.0  2.070923e-06
10389.0  2.002976e-06
10399.0  1.863501e-06
10409.0  1.596530e-06
10419.0  1.727314e-06
10429.0  1.466020e-06
10439.0  1.801572e-06
10449.0  1.451370e-06
10459.0  1.691808e-06
10469.0  1.827119e-06
10479.0  1.992367e-06
10489.0  1.856856e-06
10499.0  1.579084e-06
10509.0  2.252796e-06
10519.0  1.601031e-06
10529.0  1.853179e-06
10539.0  1.620340e-06
10549.0  1.656323e-06
10559.0  1.421527e-06
10569.0  1.770916e-06
10579.0  1.488856e-06
10589.0  2.001374e-06
10599.0  1.747829e-06
10609.0  1.563091e-06
10619.0  1.668217e-06
10629.0  1.916523e-06
10639.0  1.351607e-06
10649.0  1.759848e-06
10659.0  1.586570e-06
10669.0  1.122026e-06
10679.0  1.610589e-06
10689.0  1.831059e-06
10699.0  1.442746e-06
10709.0  1.807047e-06
10719.0  1.506651e-06
10729.0  1.931179e-06
10739.0  1.698899e-06
10749.0  1.627327e-06
10759.0  1.939437e-06
10769.0  1.574123e-06
10779.0  1.485816e-06
10789.0  1.619338e-06
10799.0  1.087701e-06
10809.0  1.787932e-06
10819.0  1.615427e-06
10829.0  1.641212e-06
10839.0  1.656026e-06
10849.0  1.918310e-06
10859.0  1.449128e-06
10869.0  1.773885e-06
10879.0  1.553332e-06
10889.0  1.925118e-06
10899.0  1.542469e-06
10909.0  1.595777e-06
10919.0  1.754679e-06
10929.0  1.647238e-06
10939.0  1.656956e-06
10949.0  1.830842e-06
10959.0  1.292583e-06
10969.0  1.756322e-06
10979.0  1.318868e-06
10989.0  1.901090e-06
10999.0  1.657677e-06
11009.0  1.357366e-06
11019.0  1.459676e-06
11029.0  1.851353e-06
11039.0  1.626842e-06
11049.0  1.566824e-06
11059.0  1.591577e-06
11069.0  1.679319e-06
11079.0  1.490172e-06
11089.0  1.678161e-06
11099.0  1.989434e-06
11109.0  1.925313e-06
11119.0  1.339569e-06
11129.0  1.390664e-06
11139.0  1.556804e-06
11149.0  1.840620e-06
11159.0  1.891016e-06
11169.0  1.207241e-06
11179.0  1.561410e-06
11189.0  1.937558e-06
11199.0  1.324857e-06
11209.0  1.324751e-06
11219.0  1.350508e-06
11229.0  1.627968e-06
11239.0  1.502245e-06
11249.0  1.455361e-06
11259.0  1.679597e-06
11269.0  1.440385e-06
11279.0  1.449131e-06
11289.0  1.613152e-06
11299.0  1.770000e-06
11309.0  1.639047e-06
11319.0  1.629901e-06
11329.0  1.762109e-06
11339.0  1.508889e-06
11349.0  1.635826e-06
11359.0  1.491253e-06
11369.0  1.469535e-06
11379.0  1.873423e-06
11389.0  1.455188e-06
11399.0  1.341782e-06
11409.0  1.564424e-06
11419.0  1.326229e-06
11429.0  1.637495e-06
11439.0  1.774271e-06
11449.0  1.485022e-06
11459.0  1.667737e-06
11469.0  1.556664e-06
11479.0  1.787742e-06
11489.0  1.814035e-06
11499.0  1.942746e-06
11509.0  1.443877e-06
11519.0  1.368851e-06
11529.0  1.441771e-06
11539.0  1.914676e-06
11549.0  1.438274e-06
11559.0  1.913514e-06
11569.0  1.882561e-06
11579.0  1.689390e-06
11589.0  1.852601e-06
11599.0  1.289743e-06
11609.0  1.929563e-06
11619.0  1.867800e-06
11629.0  1.084288e-06
11639.0  1.676805e-06
11649.0  1.992423e-06
11659.0  1.805477e-06
11669.0  1.700982e-06
11679.0  1.675685e-06
11689.0  1.964488e-06
11699.0  1.505621e-06
11709.0  1.831243e-06
11719.0  1.577994e-06
11729.0  1.522114e-06
11739.0  1.814638e-06
11749.0  1.802080e-06
11759.0  1.644878e-06
11769.0  1.604848e-06
11779.0  1.630742e-06
11789.0  1.615068e-06
11799.0  1.837302e-06
11809.0  1.645341e-06
11819.0  1.815548e-06
11829.0  1.604707e-06
11839.0  1.376319e-06
11849.0  1.870869e-06
11859.0  1.279391e-06
11869.0  1.781371e-06
11879.0  1.662307e-06
11889.0  1.856994e-06
11899.0  1.728922e-06
11909.0  1.503570e-06
11919.0  1.878033e-06
11929.0  2.344714e-06
11939.0  1.686928e-06
11949.0  1.820542e-06
11959.0  1.673217e-06
11969.0  1.902241e-06
11979.0  1.930766e-06
11989.0  2.061440e-06
11999.0  1.796400e-06
12009.0  1.861346e-06
12019.0  1.439529e-06
12029.0  1.918744e-06
12039.0  2.137647e-06
12049.0  1.600475e-06
12059.0  1.387763e-06
12069.0  1.918540e-06
12079.0  1.615692e-06
12089.0  1.803556e-06
12099.0  1.707142e-06
12109.0  1.788948e-06
12119.0  1.896798e-06
12129.0  1.294086e-06
12139.0  1.713697e-06
12149.0  1.684554e-06
12159.0  1.342215e-06
12169.0  1.384583e-06
12179.0  2.114708e-06
12189.0  1.758413e-06
12199.0  1.719217e-06
12209.0  1.756784e-06
12219.0  1.683489e-06
12229.0  1.780216e-06
12239.0  1.492763e-06
12249.0  2.034744e-06
12259.0  2.031819e-06
12269.0  1.994285e-06
12279.0  1.670674e-06
12289.0  2.041543e-06
12299.0  1.770942e-06
12309.0  1.807560e-06
12319.0  1.778567e-06
12329.0  1.535388e-06
12339.0  1.859885e-06
12349.0  1.866924e-06
12359.0  2.010051e-06
12369.0  1.713601e-06
12379.0  1.829936e-06
12389.0  1.734071e-06
12399.0  1.943149e-06
12409.0  1.914640e-06
12419.0  1.772017e-06
12429.0  2.098747e-06
12439.0  1.729841e-06
12449.0  2.004115e-06
12459.0  1.599558e-06
12469.0  1.844698e-06
12479.0  2.227915e-06
12489.0  2.110289e-06
12499.0  2.052754e-06
12509.0  1.479692e-06
12519.0  2.170578e-06
12529.0  1.669924e-06
12539.0  1.965670e-06
12549.0  2.031974e-06
12559.0  1.908556e-06
12569.0  1.804959e-06
12579.0  1.719674e-06
12589.0  1.934473e-06
12599.0  1.896612e-06
12609.0  1.438465e-06
12619.0  1.809578e-06
12629.0  1.891999e-06
12639.0  2.396274e-06
12649.0  2.111825e-06
12659.0  1.684153e-06
12669.0  1.889104e-06
12679.0  1.993705e-06
12689.0  1.818682e-06
12699.0  1.997892e-06
12709.0  1.820758e-06
12719.0  2.114026e-06
12729.0  1.729050e-06
12739.0  2.306923e-06
12749.0  1.514244e-06
12759.0  1.388477e-06
12769.0  1.949764e-06
12779.0  1.971084e-06
12789.0  1.737312e-06
12799.0  1.741479e-06
12809.0  2.082763e-06
12819.0  1.974381e-06
12829.0  1.985462e-06
12839.0  1.724088e-06
12849.0  1.692579e-06
12859.0  2.027529e-06
12869.0  1.975571e-06
12879.0  2.007813e-06
12889.0  2.056433e-06
12899.0  2.200744e-06
12909.0  2.008204e-06
12919.0  2.334206e-06
12929.0  2.009805e-06
12939.0  2.137804e-06
12949.0  2.123511e-06
12959.0  1.691274e-06
12969.0  1.898240e-06
12979.0  2.128870e-06
12989.0  1.915714e-06
12999.0  1.786970e-06
13009.0  2.015838e-06
13019.0  1.952850e-06
13029.0  2.060942e-06
13039.0  2.145255e-06
13049.0  1.885363e-06
13059.0  1.956521e-06
13069.0  1.970682e-06
13079.0  1.720226e-06
13089.0  1.747598e-06
13099.0  1.794862e-06
13109.0  2.208744e-06
13119.0  2.024755e-06
13129.0  2.106686e-06
13139.0  2.539683e-06
13149.0  1.906698e-06
13159.0  2.016528e-06
13169.0  1.859053e-06
13179.0  1.934125e-06
13189.0  2.133631e-06
13199.0  1.731016e-06
13209.0  2.093951e-06
13219.0  1.975541e-06
13229.0  2.148046e-06
13239.0  1.984947e-06
13249.0  1.460607e-06
13259.0  1.722246e-06
13269.0  1.907072e-06
13279.0  1.819706e-06
13289.0  2.029077e-06
13299.0  2.159537e-06
13309.0  2.132021e-06
13319.0  2.086728e-06
13329.0  1.529486e-06
13339.0  2.032113e-06
13349.0  1.826504e-06
13359.0  1.777192e-06
13369.0  2.447684e-06
13379.0  1.726018e-06
13389.0  2.191535e-06
13399.0  1.804664e-06
13409.0  2.005455e-06
13419.0  1.851540e-06
13429.0  2.289661e-06
13439.0  2.564837e-06
13449.0  1.685245e-06
13459.0  1.980385e-06
13469.0  2.261426e-06
13479.0  2.129577e-06
13489.0  2.630039e-06
13499.0  2.615179e-06
13509.0  2.335015e-06
13519.0  1.814077e-06
13529.0  2.706624e-06
13539.0  2.583924e-06
13549.0  1.824724e-06
13559.0  2.375199e-06
13569.0  2.480823e-06
13579.0  1.772610e-06
13589.0  2.277435e-06
13599.0  3.052938e-06
13609.0  2.336225e-06
13619.0  1.721082e-06
13629.0  2.253640e-06
13639.0  2.050553e-06
13649.0  2.089432e-06
13659.0  2.619610e-06
13669.0  2.350624e-06
13679.0  2.094874e-06
13689.0  2.153834e-06
13699.0  2.337747e-06
13709.0  2.407085e-06
13719.0  2.170586e-06
13729.0  2.420835e-06
13739.0  2.602512e-06
13749.0  2.400747e-06
13759.0  2.295552e-06
13769.0  2.639242e-06
13779.0  2.551582e-06
13789.0  2.573420e-06
13799.0  2.597433e-06
13809.0  2.154269e-06
13819.0  2.548052e-06
13829.0  2.670618e-06
13839.0  2.338212e-06
13849.0  2.228870e-06
13859.0  2.445433e-06
13869.0  2.369787e-06
13879.0  2.271008e-06
13889.0  2.399009e-06
13899.0  2.365203e-06
13909.0  1.884332e-06
13919.0  2.268145e-06
13929.0  1.819368e-06
13939.0  2.227112e-06
13949.0  2.176978e-06
13959.0  2.016320e-06
13969.0  2.471431e-06
13979.0  2.189500e-06
13989.0  2.141865e-06
13999.0  1.986022e-06
14009.0  2.207075e-06
14019.0  2.443760e-06
14029.0  2.132045e-06
14039.0  2.504588e-06
14049.0  2.598529e-06
14059.0  1.720515e-06
14069.0  2.155706e-06
14079.0  1.993351e-06
14089.0  2.191022e-06
14099.0  2.542587e-06
14109.0  1.976238e-06
14119.0  1.882914e-06
14129.0  2.415198e-06
14139.0  2.404927e-06
14149.0  2.229416e-06
14159.0  2.407865e-06
14169.0  2.170859e-06
14179.0  2.772588e-06
14189.0  2.446674e-06
14199.0  2.531676e-06
14209.0  1.885297e-06
14219.0  1.946173e-06
14229.0  2.106372e-06
14239.0  2.553702e-06
14249.0  2.763020e-06
14259.0  2.068796e-06
14269.0  2.065676e-06
14279.0  2.299629e-06
14289.0  2.133349e-06
14299.0  2.196876e-06
14309.0  1.834444e-06
14319.0  2.131961e-06
14329.0  2.322761e-06
14339.0  2.699056e-06
14349.0  2.361231e-06
14359.0  1.928043e-06
14369.0  2.139373e-06
14379.0  2.751964e-06
14389.0  2.103392e-06
14399.0  2.082575e-06
14409.0  2.544519e-06
14419.0  1.772984e-06
14429.0  2.651579e-06
14439.0  2.213840e-06
14449.0  2.266077e-06
14459.0  2.499317e-06
14469.0  1.899211e-06
14479.0  1.945853e-06
14489.0  2.162476e-06
14499.0  2.415138e-06
14509.0  2.461060e-06
14519.0  2.638125e-06
14529.0  2.309914e-06
14539.0  2.244227e-06
14549.0  2.179668e-06
14559.0  2.247911e-06
14569.0  1.951834e-06
14579.0  2.283839e-06
14589.0  2.526051e-06
14599.0  2.282580e-06
14609.0  2.661703e-06
14619.0  2.316381e-06
14629.0  2.301055e-06
14639.0  2.056078e-06
14649.0  1.829917e-06
14659.0  2.222258e-06
14669.0  2.603247e-06
14679.0  2.686927e-06
14689.0  2.534642e-06
14699.0  3.015148e-06
14709.0  2.624432e-06
14719.0  2.982996e-06
14729.0  2.828277e-06
14739.0  2.900875e-06
14749.0  2.441007e-06
14759.0  2.890604e-06
14769.0  2.340080e-06
14779.0  2.492720e-06
14789.0  2.580551e-06
14799.0  2.530665e-06
14809.0  2.208723e-06
14819.0  2.051418e-06
14829.0  2.166925e-06
14839.0  2.546996e-06
14849.0  2.309448e-06
14859.0  2.993293e-06
14869.0  2.054087e-06
14879.0  2.103256e-06
14889.0  2.637356e-06
14899.0  2.762817e-06
14909.0  2.131992e-06
14919.0  2.201291e-06
14929.0  2.694862e-06
14939.0  2.549651e-06
14949.0  2.536936e-06
14959.0  2.822746e-06
14969.0  2.543890e-06
14979.0  2.789190e-06
14989.0  2.642219e-06
14999.0  2.845153e-06
15009.0  2.912375e-06
15019.0  2.757126e-06
15029.0  2.671602e-06
15039.0  2.270913e-06
15049.0  2.177371e-06
15059.0  2.817965e-06
15069.0  2.623645e-06
15079.0  2.539257e-06
15089.0  3.083240e-06
15099.0  2.308709e-06
15109.0  2.197382e-06
15119.0  2.640731e-06
15129.0  2.506787e-06
15139.0  3.292889e-06
15149.0  2.691295e-06
15159.0  3.080632e-06
15169.0  3.140833e-06
15179.0  2.685591e-06
15189.0  2.859043e-06
15199.0  2.485765e-06
15209.0  2.676504e-06
15219.0  2.732959e-06
15229.0  3.094200e-06
15239.0  3.155380e-06
15249.0  3.726104e-06
15259.0  2.856333e-06
15269.0  3.170358e-06
15279.0  2.943828e-06
15289.0  2.930880e-06
15299.0  2.072321e-06
15309.0  2.942507e-06
15319.0  2.773532e-06
15329.0  2.702694e-06
15339.0  2.763467e-06
15349.0  2.755941e-06
15359.0  2.101718e-06
15369.0  2.878640e-06
15379.0  2.673250e-06
15389.0  2.978161e-06
15399.0  2.916969e-06
15409.0  2.700580e-06
15419.0  3.021921e-06
15429.0  3.316310e-06
15439.0  3.078695e-06
15449.0  2.809896e-06
15459.0  2.033613e-06
15469.0  3.415029e-06
15479.0  3.464577e-06
15489.0  3.054130e-06
15499.0  2.849378e-06
15509.0  3.133745e-06
15519.0  2.810090e-06
15529.0  3.747572e-06
15539.0  3.104946e-06
15549.0  3.015113e-06
15559.0  3.321607e-06
15569.0  3.528102e-06
15579.0  3.509604e-06
15589.0  3.081405e-06
15599.0  3.371508e-06
15609.0  2.831890e-06
15619.0  3.123298e-06
15629.0  3.483762e-06
15639.0  2.174072e-06
15649.0  3.373036e-06
15659.0  2.562763e-06
15669.0  2.778556e-06
15679.0  2.739944e-06
15689.0  3.733998e-06
15699.0  3.178606e-06
15709.0  3.237984e-06
15719.0  2.722114e-06
15729.0  3.120018e-06
15739.0  3.175649e-06
15749.0  2.415284e-06
15759.0  3.590771e-06
15769.0  3.486844e-06
15779.0  3.347701e-06
15789.0  2.623382e-06
15799.0  2.857161e-06
15809.0  4.003315e-06
15819.0  3.553811e-06
15829.0  2.586393e-06
15839.0  3.528797e-06
15849.0  2.564074e-06
15859.0  3.508167e-06
15869.0  2.830343e-06
15879.0  3.431130e-06
15889.0  3.918019e-06
15899.0  3.081161e-06
15909.0  2.262667e-06
15919.0  3.997233e-06
15929.0  2.855896e-06
15939.0  3.358339e-06
15949.0  4.073780e-06
15959.0  3.635378e-06
15969.0  2.791824e-06
15979.0  2.811147e-06
15989.0  2.676678e-06
15999.0  3.134960e-06
16009.0  4.101543e-06
16019.0  3.436398e-06
16029.0  3.866569e-06
16039.0  3.198910e-06
16049.0  3.643532e-06
16059.0  3.220237e-06
16069.0  2.955004e-06
16079.0  3.548095e-06
16089.0  3.756462e-06
16099.0  3.803842e-06
16109.0  3.504333e-06
16119.0  3.493031e-06
16129.0  3.575442e-06
16139.0  3.396287e-06
16149.0  3.406720e-06
16159.0  4.236301e-06
16169.0  3.471251e-06
16179.0  4.358833e-06
16189.0  3.513205e-06
16199.0  4.115574e-06
16209.0  3.990237e-06
16219.0  3.577804e-06
16229.0  3.752670e-06
16239.0  3.332680e-06
16249.0  4.443117e-06
16259.0  4.027865e-06
16269.0  4.955053e-06
16279.0  3.398750e-06
16289.0  3.525048e-06
16299.0  3.578317e-06
16309.0  3.684950e-06
16319.0  4.198229e-06
16329.0  3.570750e-06
16339.0  3.539972e-06
16349.0  3.997733e-06
16359.0  4.014271e-06
16369.0  4.142634e-06
16379.0  4.732009e-06
16389.0  4.027274e-06
16399.0  5.064506e-06
16409.0  5.377581e-06
16419.0  5.329219e-06
16429.0  5.274504e-06
16439.0  4.983228e-06
16449.0  4.735059e-06
16459.0  4.448387e-06
16469.0  5.362681e-06
16479.0  6.510607e-06
16489.0  5.187073e-06
16499.0  6.350848e-06
16509.0  6.648994e-06
16519.0  6.902971e-06
16529.0  6.561657e-06
16539.0  6.016414e-06
16549.0  8.073487e-06
16559.0  7.731005e-06
16569.0  8.533604e-06
16579.0  8.173937e-06
16589.0  9.467831e-06
16599.0  1.010520e-05
16609.0  9.954305e-06
16619.0  1.138952e-05
16629.0  1.170365e-05
16639.0  1.310204e-05
16649.0  1.392792e-05
16659.0  1.486741e-05
16669.0  1.607830e-05
16679.0  1.615373e-05
16689.0  1.767050e-05
16699.0  1.966957e-05
16709.0  2.116347e-05
16719.0  2.370622e-05
16729.0  2.591195e-05
16739.0  2.662077e-05
16749.0  2.935245e-05
16759.0  3.221820e-05
16769.0  3.473798e-05
16779.0  3.684976e-05
16789.0  3.998793e-05
16799.0  4.300336e-05
16809.0  4.581845e-05
16819.0  4.927725e-05
16829.0  5.420165e-05
16839.0  5.747913e-05
16849.0  6.161794e-05
16859.0  6.719194e-05
16869.0  7.394287e-05
16879.0  7.837530e-05
16889.0  8.573899e-05
16899.0  9.348761e-05
16909.0  1.021922e-04
16919.0  1.117746e-04
16929.0  1.223193e-04
16939.0  1.344206e-04
16949.0  1.494735e-04
16959.0  1.633633e-04
16969.0  1.841281e-04
16979.0  2.053531e-04
16989.0  2.277443e-04
16999.0  2.586024e-04
17009.0  2.892031e-04
17019.0  3.249134e-04
17029.0  3.675270e-04
17039.0  4.165883e-04
17049.0  4.716396e-04
17059.0  5.332598e-04
17069.0  6.059496e-04
17079.0  6.894356e-04
17089.0  7.792907e-04
17099.0  8.886841e-04
17109.0  1.012295e-03
17119.0  1.143866e-03
17129.0  1.295497e-03
17139.0  1.476769e-03
17149.0  1.666470e-03
17159.0  1.898667e-03
17169.0  2.174444e-03
17179.0  2.462333e-03
17189.0  2.797993e-03
17199.0  3.193059e-03
17209.0  3.638043e-03
17219.0  4.169035e-03
17229.0  4.812416e-03
17239.0  5.541847e-03
17249.0  6.386061e-03
17259.0  7.377097e-03
17269.0  8.624379e-03
17279.0  1.001799e-02
17289.0  1.178130e-02
17299.0  1.390715e-02
17309.0  1.622857e-02
17319.0  1.905309e-02
17329.0  2.239258e-02
17339.0  2.611001e-02
17349.0  3.015684e-02
17359.0  3.481958e-02
17369.0  3.934744e-02
17379.0  4.421104e-02
17389.0  4.932542e-02
17399.0  5.438856e-02
17409.0  5.982619e-02
17419.0  6.625468e-02
17429.0  7.356425e-02
17439.0  8.178652e-02
17449.0  9.136398e-02
17459.0  1.025235e-01
17469.0  1.148993e-01
17479.0  1.298359e-01
17489.0  1.464192e-01
17499.0  1.633401e-01
17509.0  1.825917e-01
17519.0  2.022329e-01
17529.0  2.221086e-01
17539.0  2.426655e-01
17549.0  2.632075e-01
17559.0  2.813552e-01
17569.0  2.989350e-01
17579.0  3.152718e-01
17589.0  3.298012e-01
17599.0  3.430695e-01
17609.0  3.565000e-01
17619.0  3.675859e-01
17629.0  3.784858e-01
17639.0  3.883385e-01
17649.0  3.977412e-01
17659.0  4.076267e-01
17669.0  4.166102e-01
17679.0  4.250363e-01
17689.0  4.318246e-01
17699.0  4.376829e-01
17709.0  4.433742e-01
17719.0  4.478790e-01
17729.0  4.524063e-01
17739.0  4.538963e-01
17749.0  4.567794e-01
17759.0  4.571376e-01
17769.0  4.586990e-01
17779.0  4.595191e-01
17789.0  4.590704e-01
17799.0  4.599214e-01
17809.0  4.588927e-01
17819.0  4.585797e-01
17829.0  4.589265e-01
17839.0  4.589836e-01
17849.0  4.592341e-01
17859.0  4.598531e-01
17869.0  4.598744e-01
17879.0  4.596512e-01
17889.0  4.602154e-01
17899.0  4.600695e-01
17909.0  4.600028e-01
17919.0  4.606281e-01
17929.0  4.589335e-01
17939.0  4.585529e-01
17949.0  4.571250e-01
17959.0  4.556839e-01
17969.0  4.554752e-01
17979.0  4.539343e-01
17989.0  4.528351e-01
17999.0  4.507132e-01
18009.0  4.489049e-01
18019.0  4.475699e-01
18029.0  4.454855e-01
18039.0  4.443751e-01
18049.0  4.436229e-01
18059.0  4.425967e-01
18069.0  4.427649e-01
18079.0  4.430058e-01
18089.0  4.416097e-01
18099.0  4.420464e-01
18109.0  4.417850e-01
18119.0  4.423953e-01
18129.0  4.437826e-01
18139.0  4.437833e-01
18149.0  4.444645e-01
18159.0  4.459999e-01
18169.0  4.473366e-01
18179.0  4.478056e-01
18189.0  4.494192e-01
18199.0  4.506030e-01
18209.0  4.507185e-01
18219.0  4.538919e-01
18229.0  4.548264e-01
18239.0  4.555086e-01
18249.0  4.562159e-01
18259.0  4.568879e-01
18269.0  4.575968e-01
18279.0  4.596165e-01
18289.0  4.591850e-01
18299.0  4.606934e-01
18309.0  4.615441e-01
18319.0  4.617702e-01
18329.0  4.621119e-01
18339.0  4.637627e-01
18349.0  4.632752e-01
18359.0  4.635831e-01
18369.0  4.637735e-01
18379.0  4.640538e-01
18389.0  4.635396e-01
18399.0  4.644728e-01
18409.0  4.641166e-01
18419.0  4.637709e-01
18429.0  4.643230e-01
18439.0  4.634648e-01
18449.0  4.624793e-01
18459.0  4.631654e-01
18469.0  4.620531e-01
18479.0  4.606156e-01
18489.0  4.606171e-01
18499.0  4.604529e-01
18509.0  4.597618e-01
18519.0  4.577637e-01
18529.0  4.577829e-01
18539.0  4.565750e-01
18549.0  4.572506e-01
18559.0  4.561886e-01
18569.0  4.559023e-01
18579.0  4.553686e-01
18589.0  4.547285e-01
18599.0  4.540725e-01
18609.0  4.542348e-01
18619.0  4.526405e-01
18629.0  4.532891e-01
18639.0  4.535736e-01
18649.0  4.529937e-01
18659.0  4.527466e-01
18669.0  4.526668e-01
18679.0  4.529763e-01
18689.0  4.528202e-01
18699.0  4.531948e-01
18709.0  4.534787e-01
18719.0  4.540227e-01
18729.0  4.541112e-01
18739.0  4.557888e-01
18749.0  4.562661e-01
18759.0  4.564342e-01
18769.0  4.565620e-01
18779.0  4.577075e-01
18789.0  4.578451e-01
18799.0  4.587709e-01
18809.0  4.588250e-01
18819.0  4.603776e-01
18829.0  4.611157e-01
18839.0  4.623527e-01
18849.0  4.628496e-01
18859.0  4.624003e-01
18869.0  4.640011e-01
18879.0  4.643422e-01
18889.0  4.648321e-01
18899.0  4.647051e-01
18909.0  4.647936e-01
18919.0  4.660000e-01
18929.0  4.666572e-01
18939.0  4.669862e-01
18949.0  4.675894e-01
18959.0  4.678009e-01
18969.0  4.676893e-01
18979.0  4.676543e-01
18989.0  4.669713e-01
18999.0  4.685039e-01
19009.0  4.677242e-01
19019.0  4.679520e-01
19029.0  4.689875e-01
19039.0  4.698658e-01
19049.0  4.699518e-01
19059.0  4.704313e-01
19069.0  4.720603e-01
19079.0  4.734444e-01
19089.0  4.738632e-01
19099.0  4.736725e-01
19109.0  4.737864e-01
19119.0  4.760109e-01
19129.0  4.751149e-01
19139.0  4.750741e-01
19149.0  4.750759e-01
19159.0  4.751102e-01
19169.0  4.751183e-01
19179.0  4.749533e-01
19189.0  4.742732e-01
19199.0  4.756941e-01
19209.0  4.744088e-01
19219.0  4.741613e-01
19229.0  4.741457e-01
19239.0  4.738710e-01
19249.0  4.733367e-01
19259.0  4.718309e-01
19269.0  4.727583e-01
19279.0  4.732693e-01
19289.0  4.724887e-01
19299.0  4.719949e-01
19309.0  4.717946e-01
19319.0  4.703451e-01
19329.0  4.708777e-01
19339.0  4.701079e-01
19349.0  4.700216e-01
19359.0  4.696516e-01
19369.0  4.693273e-01
19379.0  4.689037e-01
19389.0  4.686998e-01
19399.0  4.687518e-01
19409.0  4.692626e-01
19419.0  4.697953e-01
19429.0  4.694640e-01
19439.0  4.695747e-01
19449.0  4.694655e-01
19459.0  4.705981e-01
19469.0  4.708748e-01
19479.0  4.715824e-01
19489.0  4.716076e-01
19499.0  4.710069e-01
19509.0  4.719436e-01
19519.0  4.717700e-01
19529.0  4.714737e-01
19539.0  4.718044e-01
19549.0  4.716966e-01
19559.0  4.713888e-01
19569.0  4.702734e-01
19579.0  4.691061e-01
19589.0  4.662179e-01
19599.0  4.622940e-01
19609.0  4.629810e-01
19619.0  4.666658e-01
19629.0  4.698916e-01
19639.0  4.715456e-01
19649.0  4.725874e-01
19659.0  4.727342e-01
19669.0  4.728161e-01
19679.0  4.721521e-01
19689.0  4.741976e-01
19699.0  4.741043e-01
19709.0  4.725906e-01
19719.0  4.731381e-01
19729.0  4.728293e-01
19739.0  4.723222e-01
19749.0  4.723509e-01
19759.0  4.723931e-01
19769.0  4.720352e-01
19779.0  4.722588e-01
19789.0  4.717912e-01
19799.0  4.720416e-01
19809.0  4.734298e-01
19819.0  4.737270e-01
19829.0  4.728245e-01
19839.0  4.738534e-01
19849.0  4.740632e-01
19859.0  4.745816e-01
19869.0  4.742288e-01
19879.0  4.752667e-01
19889.0  4.751462e-01
19899.0  4.749545e-01
19909.0  4.763093e-01
19919.0  4.760055e-01
19929.0  4.772795e-01
19939.0  4.775491e-01
19949.0  4.778480e-01
19959.0  4.776320e-01
19969.0  4.773781e-01
19979.0  4.781310e-01
19989.0  4.769188e-01
19999.0  4.778359e-01
20009.0  4.782299e-01
20019.0  4.779811e-01
20029.0  4.768786e-01
20039.0  4.774977e-01
20049.0  4.765957e-01
20059.0  4.764138e-01
20069.0  4.761348e-01
20079.0  4.758025e-01
20089.0  4.753505e-01
20099.0  4.765868e-01
20109.0  4.750090e-01
20119.0  4.748817e-01
20129.0  4.755212e-01
20139.0  4.755594e-01
20149.0  4.752427e-01
20159.0  4.757933e-01
20169.0  4.765047e-01
20179.0  4.768892e-01
20189.0  4.757988e-01
20199.0  4.770231e-01
20209.0  4.774236e-01
20219.0  4.773340e-01
20229.0  4.786557e-01
20239.0  4.799944e-01
20249.0  4.801009e-01
20259.0  4.819137e-01
20269.0  4.823146e-01
20279.0  4.831151e-01
20289.0  4.838858e-01
20299.0  4.842289e-01
20309.0  4.845664e-01
20319.0  4.847183e-01
20329.0  4.857688e-01
20339.0  4.854085e-01
20349.0  4.855471e-01
20359.0  4.854296e-01
20369.0  4.860450e-01
20379.0  4.861585e-01
20389.0  4.861867e-01
20399.0  4.872572e-01
20409.0  4.870165e-01
20419.0  4.855663e-01
20429.0  4.863110e-01
20439.0  4.839513e-01
20449.0  4.836171e-01
20459.0  4.832462e-01
20469.0  4.826678e-01
20479.0  4.821096e-01
20489.0  4.816176e-01
20499.0  4.805245e-01
20509.0  4.804657e-01
20519.0  4.805202e-01
20529.0  4.807514e-01
20539.0  4.796124e-01
20549.0  4.799239e-01
20559.0  4.800510e-01
20569.0  4.797006e-01
20579.0  4.793671e-01
20589.0  4.790349e-01
20599.0  4.793605e-01
20609.0  4.810383e-01
20619.0  4.808172e-01
20629.0  4.813345e-01
20639.0  4.820052e-01
20649.0  4.831563e-01
20659.0  4.837309e-01
20669.0  4.842496e-01
20679.0  4.852681e-01
20689.0  4.861189e-01
20699.0  4.859915e-01
20709.0  4.883351e-01
20719.0  4.888597e-01
20729.0  4.889047e-01
20739.0  4.898396e-01
20749.0  4.906085e-01
20759.0  4.909935e-01
20769.0  4.914274e-01
20779.0  4.909070e-01
20789.0  4.905842e-01
20799.0  4.920233e-01
20809.0  4.916501e-01
20819.0  4.921199e-01
20829.0  4.919142e-01
20839.0  4.923944e-01
20849.0  4.927177e-01
20859.0  4.920735e-01
20869.0  4.903865e-01
20879.0  4.903031e-01
20889.0  4.888014e-01
20899.0  4.888217e-01
20909.0  4.890756e-01
20919.0  4.878750e-01
20929.0  4.870382e-01
20939.0  4.869988e-01
20949.0  4.870921e-01
20959.0  4.867321e-01
20969.0  4.867335e-01
20979.0  4.837700e-01
20989.0  4.843867e-01
20999.0  4.828785e-01
21009.0  4.832592e-01
21019.0  4.823017e-01
21029.0  4.809746e-01
21039.0  4.803033e-01
21049.0  4.804238e-01
21059.0  4.797015e-01
21069.0  4.780273e-01
21079.0  4.787853e-01
21089.0  4.781138e-01
21099.0  4.770179e-01
21109.0  4.763347e-01
21119.0  4.765557e-01
21129.0  4.760027e-01
21139.0  4.755867e-01
21149.0  4.743635e-01
21159.0  4.747004e-01
21169.0  4.743021e-01
21179.0  4.745412e-01
21189.0  4.741479e-01
21199.0  4.736902e-01
21209.0  4.743733e-01
21219.0  4.746304e-01
21229.0  4.749370e-01
21239.0  4.746753e-01
21249.0  4.756876e-01
21259.0  4.745663e-01
21269.0  4.768997e-01
21279.0  4.753747e-01
21289.0  4.749036e-01
21299.0  4.758157e-01
21309.0  4.753429e-01
21319.0  4.765338e-01
21329.0  4.757939e-01
21339.0  4.775250e-01
21349.0  4.775784e-01
21359.0  4.779889e-01
21369.0  4.781461e-01
21379.0  4.792618e-01
21389.0  4.787520e-01
21399.0  4.816937e-01
21409.0  4.811999e-01
21419.0  4.816958e-01
21429.0  4.823509e-01
21439.0  4.823531e-01
21449.0  4.836496e-01
21459.0  4.844116e-01
21469.0  4.832193e-01
21479.0  4.848601e-01
21489.0  4.855551e-01
21499.0  4.869490e-01
21509.0  4.854967e-01
21519.0  4.865627e-01
21529.0  4.860961e-01
21539.0  4.867143e-01
21549.0  4.852327e-01
21559.0  4.855591e-01
21569.0  4.859425e-01
21579.0  4.848754e-01
21589.0  4.848277e-01
21599.0  4.833231e-01
21609.0  4.836375e-01
21619.0  4.823932e-01
21629.0  4.817148e-01
21639.0  4.818108e-01
21649.0  4.803236e-01
21659.0  4.805711e-01
21669.0  4.788176e-01
21679.0  4.787370e-01
21689.0  4.769010e-01
21699.0  4.779047e-01
21709.0  4.765119e-01
21719.0  4.759762e-01
21729.0  4.759295e-01
21739.0  4.748615e-01
21749.0  4.750318e-01
21759.0  4.732113e-01
21769.0  4.739142e-01
21779.0  4.751394e-01
21789.0  4.747900e-01
21799.0  4.743887e-01
21809.0  4.740439e-01
21819.0  4.738210e-01
21829.0  4.754305e-01
21839.0  4.759259e-01
21849.0  4.753004e-01
21859.0  4.772786e-01
21869.0  4.762220e-01
21879.0  4.768080e-01
21889.0  4.778673e-01
21899.0  4.780504e-01
21909.0  4.785490e-01
21919.0  4.794344e-01
21929.0  4.797310e-01
21939.0  4.801102e-01
21949.0  4.815151e-01
21959.0  4.821464e-01
21969.0  4.827696e-01
21979.0  4.849136e-01
21989.0  4.845417e-01
21999.0  4.853933e-01
22009.0  4.852777e-01
22019.0  4.863194e-01
22029.0  4.863866e-01
22039.0  4.860663e-01
22049.0  4.855118e-01
22059.0  4.847826e-01
22069.0  4.837096e-01
22079.0  4.834363e-01
22089.0  4.810895e-01
22099.0  4.786656e-01
22109.0  4.750803e-01
22119.0  4.685754e-01
22129.0  4.647552e-01
22139.0  4.548825e-01
22149.0  4.469019e-01
22159.0  4.360261e-01
22169.0  4.225958e-01
22179.0  4.081307e-01
22189.0  3.920771e-01
22199.0  3.746624e-01
22209.0  3.557281e-01
22219.0  3.355377e-01
22229.0  3.150102e-01
22239.0  2.944284e-01
22249.0  2.744598e-01
22259.0  2.543330e-01
22269.0  2.351299e-01
22279.0  2.173269e-01
22289.0  1.996721e-01
22299.0  1.838517e-01
22309.0  1.696285e-01
22319.0  1.562172e-01
22329.0  1.430602e-01
22339.0  1.310493e-01
22349.0  1.187257e-01
22359.0  1.071197e-01
22369.0  9.688330e-02
22379.0  8.690560e-02
22389.0  7.744791e-02
22399.0  6.896103e-02
22409.0  6.102685e-02
22419.0  5.347301e-02
22429.0  4.715870e-02
22439.0  4.150176e-02
22449.0  3.623151e-02
22459.0  3.168173e-02
22469.0  2.758658e-02
22479.0  2.389998e-02
22489.0  2.077020e-02
22499.0  1.818354e-02
22509.0  1.587494e-02
22519.0  1.379972e-02
22529.0  1.205667e-02
22539.0  1.046294e-02
22549.0  9.075543e-03
22559.0  7.958193e-03
22569.0  6.964741e-03
22579.0  6.082206e-03
22589.0  5.329125e-03
22599.0  4.644433e-03
22609.0  4.042972e-03
22619.0  3.556527e-03
22629.0  3.133544e-03
22639.0  2.749789e-03
22649.0  2.425280e-03
22659.0  2.138271e-03
22669.0  1.878206e-03
22679.0  1.663321e-03
22689.0  1.471443e-03
22699.0  1.305425e-03
22709.0  1.168212e-03
22719.0  1.037610e-03
22729.0  9.248212e-04
22739.0  8.260922e-04
22749.0  7.467394e-04
22759.0  6.730794e-04
22769.0  6.058302e-04
22779.0  5.562830e-04
22789.0  5.010982e-04
22799.0  4.523024e-04
22809.0  4.149657e-04
22819.0  3.822607e-04
22829.0  3.509154e-04
22839.0  3.206168e-04
22849.0  2.924681e-04
22859.0  2.742546e-04
22869.0  2.465956e-04
22879.0  2.307182e-04
22889.0  2.141589e-04
22899.0  1.963624e-04
22909.0  1.794855e-04
22919.0  1.670737e-04
22929.0  1.559613e-04
22939.0  1.410488e-04
22949.0  1.361301e-04
22959.0  1.223306e-04
22969.0  1.160250e-04
22979.0  1.076104e-04
22989.0  1.004299e-04
22999.0  9.242563e-05
23009.0  8.588689e-05
23019.0  8.271129e-05
23029.0  7.402422e-05
23039.0  6.822825e-05
23049.0  6.313988e-05
23059.0  6.070012e-05
23069.0  5.451300e-05
23079.0  5.251792e-05
23089.0  4.908050e-05
23099.0  4.454307e-05
23109.0  4.516161e-05
23119.0  4.041161e-05
23129.0  3.681642e-05
23139.0  3.394699e-05
23149.0  3.308920e-05
23159.0  3.091294e-05
23169.0  2.947645e-05
23179.0  2.680049e-05
23189.0  2.413030e-05
23199.0  2.373847e-05
23209.0  2.248801e-05
23219.0  2.101435e-05
23229.0  2.011993e-05
23239.0  1.718042e-05
23249.0  1.664822e-05
23259.0  1.505441e-05
23269.0  1.461651e-05
23279.0  1.253664e-05
23289.0  1.182993e-05
23299.0  1.179572e-05
23309.0  1.037314e-05
23319.0  9.795163e-06
23329.0  8.568757e-06
23339.0  8.209544e-06
23349.0  7.424719e-06
23359.0  7.195970e-06
23369.0  6.569081e-06
23379.0  6.538543e-06
23389.0  5.788752e-06
23399.0  5.029304e-06
23409.0  5.035860e-06
23419.0  4.787595e-06
23429.0  4.859609e-06
23439.0  4.364221e-06
23449.0  4.060065e-06
23459.0  4.459784e-06
23469.0  4.229519e-06
23479.0  3.755618e-06
23489.0  3.662290e-06
23499.0  4.355432e-06
23509.0  3.744586e-06
23519.0  4.049061e-06
23529.0  3.463489e-06
23539.0  3.452771e-06
23549.0  2.929955e-06
23559.0  3.149322e-06
23569.0  3.450196e-06
23579.0  2.762356e-06
23589.0  2.962473e-06
23599.0  2.507475e-06
23609.0  2.354358e-06
23619.0  2.233763e-06
23629.0  1.997677e-06
23639.0  2.255443e-06
23649.0  2.110822e-06
23659.0  1.472758e-06
23669.0  1.672679e-06
23679.0  1.563401e-06
23689.0  1.029429e-06
23699.0  8.698530e-07
23709.0  7.142882e-07
23719.0  7.156580e-07
23729.0  6.545228e-07
23739.0  4.504719e-07
23749.0  4.757632e-07
23759.0  4.262777e-07
23769.0  2.862973e-07
23779.0  2.441859e-07
23789.0  2.761443e-07
23799.0  3.382356e-07
23809.0  2.466533e-07
23819.0  2.104237e-07
23829.0  1.787880e-07
23839.0  1.974034e-07
23849.0  2.089717e-07
23859.0  2.131485e-07
23869.0  2.000920e-07
23879.0  1.821152e-07
23889.0  1.628074e-07
23899.0  1.661337e-07
23909.0  1.428628e-07
23919.0  1.642113e-07
23929.0  1.196381e-07
23939.0  1.438390e-07
23949.0  1.309372e-07
23959.0  1.234357e-07
23969.0  1.057416e-07
23979.0  9.511745e-08
23989.0  8.493281e-08
23999.0  7.658568e-08
24009.0  5.853289e-08
24019.0  7.277545e-08
24029.0  5.963611e-08
24039.0  5.229855e-08
24049.0  4.102792e-08
24059.0  3.346268e-08
24069.0  2.945603e-08
24079.0  3.092967e-08
24089.0  1.868056e-08
24099.0  2.616844e-08
24109.0  2.315748e-08
24119.0  1.683928e-08
24129.0  1.344491e-08
24139.0  1.323233e-08
24149.0  9.505100e-09
24159.0  1.091388e-08
24169.0  7.424391e-09
24179.0  5.848779e-09
24189.0  6.488111e-09
24199.0  5.029273e-09
24209.0  4.747785e-09
24219.0  3.116131e-09
24229.0  4.282688e-09
24239.0  3.700730e-09
24249.0  2.983947e-09
24259.0  2.549755e-09
24269.0  2.903312e-09
24279.0  2.074925e-09
24289.0  2.011260e-09
24299.0  1.793894e-09
24309.0  1.728558e-09
24319.0  2.035414e-09
24329.0  1.523394e-09
24339.0  1.679568e-09
24349.0  1.330147e-09
24359.0  1.523289e-09
24369.0  1.001300e-09
24379.0  9.784539e-10
24389.0  9.871119e-10
24399.0  8.288964e-10
24409.0  8.919124e-10
24419.0  6.501897e-10
24429.0  6.378241e-10
24439.0  5.569135e-10
24449.0  5.511433e-10
24459.0  5.033305e-10
24469.0  4.513736e-10
24479.0  4.103430e-10
24489.0  4.103661e-10
24499.0  3.172083e-10
24509.0  3.570942e-10
24519.0  2.467386e-10
24529.0  1.831966e-10
24539.0  3.023858e-10
24549.0  2.043730e-10
24559.0  1.770921e-10
24569.0  1.638693e-10
24579.0  1.478105e-10
24589.0  1.094604e-10
24599.0  7.846920e-11
24609.0  1.050127e-10
24619.0  6.991533e-11
24629.0  8.753085e-11
24639.0  7.662120e-11
24649.0  5.447640e-11
24659.0  5.115860e-11
24669.0  4.872622e-11
24679.0  3.612550e-11
24689.0  3.600223e-11
24699.0  2.904849e-11
24709.0  2.159894e-11
24719.0  2.430647e-11
24729.0  2.185098e-11
24739.0  2.086605e-11
24749.0  1.401585e-11
24759.0  1.312820e-11
24769.0  1.095759e-11
24779.0  9.012929e-12
24789.0  7.963842e-12
24799.0  8.292040e-12
24809.0  5.884428e-12
24819.0  6.657971e-12
24829.0  4.637916e-12
24839.0  3.897697e-12
24849.0  4.536179e-12
24859.0  2.559157e-12
24869.0  3.759973e-12
24879.0  3.349661e-12
24889.0  2.325086e-12
24899.0  2.861665e-12
24909.0  2.121246e-12
24919.0  2.154729e-12
24929.0  2.383865e-12
24939.0  1.770754e-12
24949.0  2.028409e-12
24959.0  1.573693e-12
24969.0  1.629492e-12
24979.0  1.429557e-12
24989.0  1.309494e-12
24999.0  1.360527e-12
25009.0  9.251287e-13
25019.0  9.046948e-13
25029.0  1.263483e-12
25039.0  8.633483e-13
25049.0  7.731988e-13
25059.0  1.078891e-12
25069.0  7.924345e-13
25079.0  6.553931e-13
25089.0  7.409048e-13
25099.0  7.413480e-13
25109.0  7.052625e-13
25119.0  7.327787e-13
25129.0  5.193794e-13
25139.0  4.840481e-13
25149.0  5.356799e-13
25159.0  4.997091e-13
25169.0  5.102757e-13
25179.0  4.409958e-13
25189.0  3.241499e-13
25199.0  3.392503e-13
25209.0  3.563367e-13
25219.0  3.706672e-13
25229.0  2.126985e-13
25239.0  3.211638e-13
25249.0  3.003624e-13
25259.0  2.910019e-13
25269.0  2.126604e-13
25279.0  2.341022e-13
25289.0  2.458361e-13
25299.0  2.026651e-13
25309.0  1.733391e-13
25319.0  1.819281e-13
25329.0  1.801024e-13
25339.0  1.582978e-13
25349.0  1.414896e-13
25359.0  1.172411e-13
25369.0  1.458576e-13
25379.0  1.044203e-13
25389.0  1.166069e-13
25399.0  1.104819e-13
25409.0  9.631200e-14
25419.0  7.407605e-14
25429.0  7.925663e-14
25439.0  6.895218e-14
25449.0  7.084047e-14
25459.0  7.260747e-14
25469.0  7.596572e-14
25479.0  4.759446e-14
25489.0  5.264023e-14
25499.0  4.482714e-14
25509.0  4.322221e-14
25519.0  4.195695e-14
25529.0  3.921902e-14
25539.0  3.846147e-14
25549.0  3.463496e-14
25559.0  2.548445e-14
25569.0  3.183622e-14
25579.0  2.963287e-14
25589.0  2.313843e-14
25599.0  2.188674e-14
25609.0  2.328475e-14
25619.0  1.922625e-14
25629.0  1.406300e-14
25639.0  1.721812e-14
25649.0  1.371842e-14
25659.0  1.608831e-14
25669.0  1.291552e-14
25679.0  8.678711e-15
25689.0  9.242708e-15
25699.0  8.853653e-15
25709.0  9.645389e-15
25719.0  6.283814e-15
25729.0  6.184653e-15
25739.0  6.717688e-15
25749.0  6.441279e-15
25759.0  4.663896e-15
25769.0  5.351585e-15
25779.0  4.840855e-15
25789.0  3.258044e-15
25799.0  3.294894e-15
25809.0  2.734219e-15
25819.0  3.055184e-15
25829.0  2.469265e-15
25839.0  2.713614e-15
25849.0  1.980184e-15
25859.0  2.088823e-15
25869.0  1.881083e-15
25879.0  1.405681e-15
25889.0  1.297357e-15
25899.0  1.308454e-15
25909.0  1.539994e-15
25919.0  9.893872e-16
25929.0  8.732094e-16
25939.0  9.281995e-16
25949.0  8.801321e-16
