# from http://www.stsci.edu/jwst/instruments/nircam/instrumentdesign/filters
# Retrieved Jan 18, 2017, dated Feb 5, 2016 (pre-flight)
# Uses modA or modB  filters+DBS+QE+OTE (nrc_plus_ote)
# Units of transmission are PCE (photon to electron conversion efficiency)
# 
5504.0  2.931787e-13
5514.0  5.455238e-13
5524.0  6.887437e-13
5534.0  6.985784e-13
5544.0  1.784062e-12
5554.0  8.094329e-13
5564.0  2.243123e-12
5574.0  8.159834e-13
5584.0  2.548652e-12
5594.0  1.498294e-12
5604.0  3.210781e-12
5614.0  2.564967e-12
5624.0  1.071436e-12
5634.0  7.311701e-13
5644.0  2.348907e-12
5654.0  1.503153e-12
5664.0  2.559338e-12
5674.0  2.299827e-12
5684.0  1.501829e-12
5694.0  7.265185e-13
5704.0  1.542178e-14
5714.0  6.699510e-16
5724.0  1.066040e-12
5734.0  1.338251e-12
5744.0  1.846934e-13
5754.0  1.605170e-12
5764.0  2.512158e-13
5774.0  2.289459e-15
5784.0  6.483454e-12
5794.0  3.438607e-15
5804.0  7.568009e-12
5814.0  7.376837e-12
5824.0  6.238914e-12
5834.0  3.376036e-12
5844.0  5.046187e-12
5854.0  3.311030e-11
5864.0  3.717717e-12
5874.0  2.883755e-12
5884.0  4.737882e-11
5894.0  9.205062e-12
5904.0  2.340591e-11
5914.0  8.314940e-12
5924.0  7.660342e-12
5934.0  2.769110e-12
5944.0  7.827572e-13
5954.0  4.814407e-13
5964.0  3.690316e-12
5974.0  3.152126e-12
5984.0  9.163339e-12
5994.0  4.034556e-13
6004.0  1.680667e-12
6014.0  5.721551e-12
6024.0  3.694284e-12
6034.0  1.197139e-11
6044.0  2.505561e-12
6054.0  5.605594e-12
6064.0  2.100806e-11
6074.0  9.813501e-12
6084.0  1.921657e-11
6094.0  1.711464e-11
6104.0  9.433475e-15
6114.0  6.971025e-12
6124.0  8.962945e-12
6134.0  8.762823e-12
6144.0  5.192473e-15
6154.0  1.171851e-12
6164.0  2.201082e-12
6174.0  1.891215e-12
6184.0  7.203957e-13
6194.0  8.968002e-13
6204.0  6.469835e-12
6214.0  1.005881e-11
6224.0  4.019502e-15
6234.0  9.256658e-14
6244.0  5.525624e-12
6254.0  7.928872e-13
6264.0  2.483065e-11
6274.0  1.041708e-14
6284.0  6.411772e-12
6294.0  1.137946e-11
6304.0  1.451446e-11
6314.0  7.336190e-12
6324.0  7.950091e-11
6334.0  5.598427e-11
6344.0  3.743056e-14
6354.0  2.909780e-14
6364.0  2.317268e-14
6374.0  2.520202e-11
6384.0  6.431232e-12
6394.0  2.033845e-11
6404.0  1.128098e-11
6414.0  1.678351e-11
6424.0  1.893715e-11
6434.0  1.623515e-11
6444.0  2.061346e-11
6454.0  2.675687e-11
6464.0  4.083536e-12
6474.0  5.388958e-11
6484.0  1.640066e-14
6494.0  6.004343e-12
6504.0  6.857354e-12
6514.0  2.076739e-11
6524.0  2.045619e-12
6534.0  1.115401e-11
6544.0  1.060858e-11
6554.0  3.898558e-12
6564.0  9.740952e-12
6574.0  6.058308e-12
6584.0  1.318466e-14
6594.0  3.467671e-11
6604.0  1.500448e-11
6614.0  2.662512e-11
6624.0  4.187035e-11
6634.0  3.440185e-11
6644.0  2.677562e-11
6654.0  4.447124e-12
6664.0  1.381690e-11
6674.0  2.869709e-11
6684.0  7.171680e-12
6694.0  1.792822e-11
6704.0  1.417951e-11
6714.0  1.151502e-11
6724.0  3.677437e-11
6734.0  1.376805e-11
6744.0  3.432207e-11
6754.0  1.454167e-11
6764.0  2.972240e-11
6774.0  1.275927e-11
6784.0  3.064248e-11
6794.0  6.907572e-12
6804.0  2.698458e-11
6814.0  4.077876e-11
6824.0  3.116550e-11
6834.0  2.438603e-11
6844.0  2.259256e-11
6854.0  3.238899e-11
6864.0  2.164527e-12
6874.0  4.521917e-11
6884.0  4.708282e-11
6894.0  3.593482e-11
6904.0  4.164212e-11
6914.0  5.402548e-11
6924.0  3.630477e-11
6934.0  4.180072e-11
6944.0  7.613176e-11
6954.0  3.929508e-11
6964.0  8.656890e-11
6974.0  8.141512e-11
6984.0  9.538801e-11
6994.0  8.481673e-11
7004.0  1.140968e-10
7014.0  1.161021e-10
7024.0  1.616727e-10
7034.0  1.837778e-10
7044.0  2.622007e-10
7054.0  3.793762e-10
7064.0  5.498676e-10
7074.0  8.098089e-10
7084.0  1.313789e-09
7094.0  2.077116e-09
7104.0  3.104549e-09
7114.0  4.138598e-09
7124.0  5.293263e-09
7134.0  6.285685e-09
7144.0  5.939735e-09
7154.0  6.592150e-09
7164.0  5.721456e-09
7174.0  4.453665e-09
7184.0  3.235345e-09
7194.0  2.276630e-09
7204.0  1.485597e-09
7214.0  1.110139e-09
7224.0  7.022475e-10
7234.0  3.680725e-10
7244.0  2.643043e-10
7254.0  1.741514e-10
7264.0  1.140617e-10
7274.0  9.546791e-11
7284.0  5.859575e-11
7294.0  2.040363e-11
7304.0  3.685520e-11
7314.0  1.878778e-11
7324.0  3.599566e-11
7334.0  2.570544e-11
7344.0  2.930014e-11
7354.0  3.157128e-11
7364.0  3.491711e-11
7374.0  3.256528e-11
7384.0  6.497604e-11
7394.0  8.482573e-11
7404.0  1.095997e-10
7414.0  1.617576e-10
7424.0  2.340501e-10
7434.0  3.525587e-10
7444.0  3.961183e-10
7454.0  4.456825e-10
7464.0  1.249957e-10
7474.0  4.027602e-10
7484.0  2.222781e-10
7494.0  2.946020e-10
7504.0  2.904084e-11
7514.0  2.249727e-10
7524.0  6.053825e-10
7534.0  4.532738e-10
7544.0  1.020116e-09
7554.0  1.640144e-09
7564.0  8.192466e-10
7574.0  2.001087e-10
7584.0  1.427697e-10
7594.0  1.066396e-10
7604.0  5.492538e-11
7614.0  2.103803e-11
7624.0  5.920238e-12
7634.0  2.037563e-11
7644.0  1.038742e-11
7654.0  7.986884e-12
7664.0  6.604175e-12
7674.0  3.219933e-12
7684.0  2.184250e-12
7694.0  3.398936e-12
7704.0  2.106428e-12
7714.0  2.619198e-12
7724.0  9.681744e-13
7734.0  1.280526e-12
7744.0  3.030241e-13
7754.0  5.280139e-13
7764.0  1.642398e-12
7774.0  2.035798e-12
7784.0  2.344806e-12
7794.0  2.623265e-12
7804.0  7.071440e-12
7814.0  4.347353e-12
7824.0  5.471307e-12
7834.0  2.898019e-12
7844.0  1.070671e-11
7854.0  3.306676e-12
7864.0  6.365599e-12
7874.0  1.248956e-11
7884.0  6.784555e-12
7894.0  1.031250e-11
7904.0  1.458283e-11
7914.0  2.065066e-11
7924.0  1.475967e-11
7934.0  1.733281e-11
7944.0  4.607516e-12
7954.0  2.346199e-11
7964.0  0.000000e+00
7974.0  3.273687e-11
7984.0  2.650631e-10
7994.0  1.237840e-13
8004.0  2.377700e-09
8014.0  2.213973e-09
8024.0  2.196426e-09
8034.0  2.503656e-09
8044.0  1.490056e-09
8054.0  2.090430e-10
8064.0  3.167737e-10
8074.0  1.286175e-09
8084.0  2.043425e-09
8094.0  1.392091e-09
8104.0  8.492956e-10
8114.0  1.147107e-09
8124.0  1.632174e-09
8134.0  2.116195e-09
8144.0  2.076374e-09
8154.0  1.562625e-09
8164.0  1.130598e-09
8174.0  1.173107e-09
8184.0  1.063957e-09
8194.0  1.266634e-09
8204.0  9.103034e-10
8214.0  9.412992e-10
8224.0  1.079770e-09
8234.0  1.653869e-10
8244.0  0.000000e+00
8254.0  4.326836e-10
8264.0  1.174484e-09
8274.0  8.956566e-10
8284.0  4.436646e-10
8294.0  2.137242e-10
8304.0  4.551858e-10
8314.0  1.327605e-09
8324.0  1.122025e-09
8334.0  4.386032e-10
8344.0  9.023746e-10
8354.0  9.768415e-10
8364.0  5.827871e-10
8374.0  1.021486e-09
8384.0  1.175493e-09
8394.0  4.973389e-10
8404.0  2.809310e-10
8414.0  1.806949e-10
8424.0  6.337459e-10
8434.0  8.848120e-10
8444.0  3.040937e-10
8454.0  3.293812e-10
8464.0  3.710632e-10
8474.0  6.047817e-10
8484.0  7.401812e-10
8494.0  4.635996e-10
8504.0  5.105929e-10
8514.0  6.258576e-10
8524.0  9.731657e-10
8534.0  1.009820e-09
8544.0  7.552446e-10
8554.0  5.880292e-10
8564.0  3.631841e-10
8574.0  3.093925e-10
8584.0  7.356487e-10
8594.0  5.684600e-10
8604.0  7.896497e-10
8614.0  5.432957e-10
8624.0  2.077704e-10
8634.0  4.942508e-10
8644.0  1.008223e-09
8654.0  7.120728e-10
8664.0  6.386475e-10
8674.0  5.722292e-10
8684.0  6.760609e-10
8694.0  1.013521e-09
8704.0  8.754795e-10
8714.0  9.057229e-10
8724.0  9.873549e-10
8734.0  1.031403e-09
8744.0  8.843756e-10
8754.0  9.049105e-10
8764.0  1.193039e-09
8774.0  1.111671e-09
8784.0  1.011915e-09
8794.0  1.156855e-09
8804.0  7.720991e-10
8814.0  6.919150e-10
8824.0  7.819602e-10
8834.0  9.011386e-10
8844.0  7.672539e-10
8854.0  5.428968e-10
8864.0  6.469105e-10
8874.0  7.469679e-10
8884.0  6.452071e-10
8894.0  6.955410e-10
8904.0  8.678483e-10
8914.0  8.064180e-10
8924.0  1.012077e-09
8934.0  8.742926e-10
8944.0  1.286300e-09
8954.0  9.707156e-10
8964.0  1.193939e-09
8974.0  1.355648e-09
8984.0  1.283871e-09
8994.0  1.073997e-09
9004.0  1.282537e-09
9014.0  1.436076e-09
9024.0  1.586357e-09
9034.0  1.379503e-09
9044.0  8.294396e-10
9054.0  1.190951e-09
9064.0  8.770639e-10
9074.0  8.141750e-10
9084.0  1.005499e-09
9094.0  1.164813e-09
9104.0  1.114702e-09
9114.0  8.095420e-10
9124.0  8.872245e-10
9134.0  1.122200e-09
9144.0  9.668989e-10
9154.0  6.644533e-10
9164.0  5.342295e-10
9174.0  3.026438e-10
9184.0  3.449270e-10
9194.0  4.893877e-10
9204.0  3.802995e-10
9214.0  2.576684e-10
9224.0  3.805004e-10
9234.0  4.552092e-10
9244.0  5.060772e-10
9254.0  5.279925e-10
9264.0  6.340250e-10
9274.0  6.379594e-10
9284.0  7.045099e-10
9294.0  1.311726e-09
9304.0  1.529664e-09
9314.0  2.059841e-09
9324.0  2.537728e-09
9334.0  2.656838e-09
9344.0  2.838214e-09
9354.0  2.830761e-09
9364.0  2.227779e-09
9374.0  1.979128e-09
9384.0  1.826315e-09
9394.0  1.862642e-09
9404.0  1.387384e-09
9414.0  7.056068e-10
9424.0  4.214364e-10
9434.0  4.864589e-10
9444.0  8.458873e-10
9454.0  9.383118e-10
9464.0  4.603647e-10
9474.0  9.485091e-10
9484.0  7.683288e-10
9494.0  4.271562e-10
9504.0  1.080135e-09
9514.0  1.014541e-09
9524.0  7.389016e-10
9534.0  6.794077e-10
9544.0  8.949859e-10
9554.0  1.031745e-09
9564.0  1.031873e-09
9574.0  1.028440e-09
9584.0  9.092926e-10
9594.0  8.583826e-10
9604.0  7.534574e-10
9614.0  9.869961e-10
9624.0  7.750234e-10
9634.0  7.720894e-10
9644.0  9.336048e-10
9654.0  9.898297e-10
9664.0  8.873231e-10
9674.0  1.160863e-09
9684.0  1.071538e-09
9694.0  9.116107e-10
9704.0  1.330000e-09
9714.0  6.634159e-10
9724.0  3.119200e-09
9734.0  1.882282e-09
9744.0  2.860346e-09
9754.0  3.820924e-09
9764.0  5.498687e-09
9774.0  6.610867e-09
9784.0  7.949530e-09
9794.0  8.406626e-09
9804.0  9.617950e-09
9814.0  2.034127e-08
9824.0  1.938517e-08
9834.0  2.448431e-08
9844.0  2.751807e-08
9854.0  3.956193e-08
9864.0  5.054255e-08
9874.0  5.019373e-08
9884.0  7.166689e-08
9894.0  7.409257e-08
9904.0  8.772869e-08
9914.0  9.414431e-08
9924.0  1.313707e-07
9934.0  1.199084e-07
9944.0  1.378178e-07
9954.0  1.142586e-07
9964.0  1.480866e-07
9974.0  1.783236e-07
9984.0  9.960878e-08
9994.0  1.576571e-07
10004.0  1.751026e-07
10014.0  6.469423e-07
10024.0  8.079873e-07
10034.0  3.468073e-07
10044.0  2.740249e-07
10054.0  7.414485e-07
10064.0  1.581613e-07
10074.0  1.500749e-06
10084.0  2.755875e-08
10094.0  1.509173e-06
10104.0  1.671017e-06
10114.0  5.496033e-07
10124.0  4.088117e-07
10134.0  5.340972e-07
10144.0  2.245241e-07
10154.0  4.190765e-07
10164.0  9.423248e-07
10174.0  1.363099e-06
10184.0  2.037926e-07
10194.0  2.873453e-11
10204.0  6.755241e-07
10214.0  1.769359e-06
10224.0  1.395698e-06
10234.0  2.982910e-11
10244.0  1.762654e-06
10254.0  5.802862e-07
10264.0  3.018195e-11
10274.0  5.655042e-07
10284.0  3.664086e-07
10294.0  1.667546e-06
10304.0  5.975823e-07
10314.0  3.391035e-07
10324.0  1.510715e-06
10334.0  6.959435e-07
10344.0  1.064201e-07
10354.0  9.873847e-07
10364.0  1.621525e-06
10374.0  5.590354e-07
10384.0  5.868186e-07
10394.0  3.855188e-07
10404.0  3.090149e-11
10414.0  1.490879e-06
10424.0  6.709959e-07
10434.0  1.334067e-06
10444.0  1.168277e-06
10454.0  1.054936e-07
10464.0  1.160459e-06
10474.0  5.830907e-07
10484.0  7.907826e-07
10494.0  5.442777e-07
10504.0  9.527196e-07
10514.0  1.510412e-06
10524.0  6.184790e-07
10534.0  9.328824e-07
10544.0  1.319301e-06
10554.0  3.249521e-07
10564.0  4.606310e-07
10574.0  3.122250e-11
10584.0  5.197514e-07
10594.0  9.505889e-07
10604.0  6.064865e-07
10614.0  4.184911e-07
10624.0  2.616711e-07
10634.0  2.847846e-07
10644.0  1.643554e-06
10654.0  1.798279e-07
10664.0  2.844221e-07
10674.0  1.615697e-07
10684.0  1.046994e-06
10694.0  9.959834e-08
10704.0  3.110279e-07
10714.0  3.040635e-07
10724.0  3.048933e-07
10734.0  2.215380e-07
10744.0  1.627656e-06
10754.0  1.756730e-06
10764.0  6.226520e-07
10774.0  5.694553e-07
10784.0  7.503866e-07
10794.0  1.229707e-06
10804.0  7.008133e-07
10814.0  2.616379e-07
10824.0  1.042077e-06
10834.0  1.984346e-07
10844.0  2.360929e-07
10854.0  4.714680e-07
10864.0  2.961804e-07
10874.0  4.825187e-07
10884.0  5.044283e-07
10894.0  5.960196e-07
10904.0  3.344744e-11
10914.0  5.140457e-07
10924.0  1.322898e-06
10934.0  3.707665e-07
10944.0  4.415670e-07
10954.0  4.410281e-07
10964.0  1.358476e-06
10974.0  2.455063e-07
10984.0  5.542531e-07
10994.0  2.012395e-07
11004.0  4.785142e-07
11014.0  5.720557e-07
11024.0  4.415377e-08
11034.0  6.558941e-07
11044.0  6.572913e-07
11054.0  7.586920e-07
11064.0  4.539902e-07
11074.0  7.845276e-07
11084.0  5.331089e-07
11094.0  1.467067e-07
11104.0  5.027097e-07
11114.0  4.235737e-07
11124.0  7.633577e-07
11134.0  2.663350e-07
11144.0  1.049827e-06
11154.0  5.632628e-07
11164.0  1.820909e-07
11174.0  5.766225e-07
11184.0  6.037862e-07
11194.0  1.335400e-06
11204.0  3.415707e-11
11214.0  2.473887e-07
11224.0  1.024589e-06
11234.0  4.405715e-07
11244.0  1.006455e-06
11254.0  8.569357e-08
11264.0  7.730119e-07
11274.0  2.959184e-07
11284.0  6.837854e-07
11294.0  1.033226e-06
11304.0  1.686356e-07
11314.0  3.506927e-11
11324.0  2.329224e-07
11334.0  1.526451e-06
11344.0  2.566341e-07
11354.0  2.654241e-07
11364.0  2.663120e-07
11374.0  2.568662e-07
11384.0  1.048978e-06
11394.0  3.548742e-11
11404.0  5.527069e-07
11414.0  3.985666e-07
11424.0  7.744811e-07
11434.0  2.072048e-07
11444.0  5.139880e-07
11454.0  3.790729e-07
11464.0  8.306820e-08
11474.0  6.992579e-07
11484.0  4.072274e-07
11494.0  4.753936e-07
11504.0  2.816774e-07
11514.0  5.387725e-07
11524.0  3.530540e-07
11534.0  2.546572e-07
11544.0  1.001045e-06
11554.0  3.608596e-11
11564.0  2.618365e-07
11574.0  6.595778e-07
11584.0  2.289542e-07
11594.0  3.093729e-07
11604.0  3.243124e-08
11614.0  5.894256e-07
11624.0  4.427431e-07
11634.0  4.461963e-07
11644.0  8.350707e-08
11654.0  9.578197e-07
11664.0  3.603989e-07
11674.0  1.542782e-06
11684.0  3.630929e-11
11694.0  6.201780e-07
11704.0  5.608575e-07
11714.0  4.107019e-07
11724.0  1.497746e-07
11734.0  6.979371e-07
11744.0  1.606233e-07
11754.0  1.318814e-06
11764.0  1.322439e-06
11774.0  8.074252e-07
11784.0  1.540354e-07
11794.0  6.877836e-07
11804.0  5.658299e-07
11814.0  3.124966e-08
11824.0  4.188028e-07
11834.0  5.087377e-07
11844.0  5.953735e-07
11854.0  7.330719e-07
11864.0  1.495977e-06
11874.0  4.459747e-08
11884.0  4.174032e-07
11894.0  3.798862e-07
11904.0  4.020727e-07
11914.0  2.494416e-07
11924.0  7.871131e-07
11934.0  1.844621e-07
11944.0  3.867144e-07
11954.0  3.116805e-07
11964.0  2.152120e-11
11974.0  3.814389e-07
11984.0  3.371086e-07
11994.0  5.900754e-07
12004.0  3.461053e-08
12014.0  7.336003e-07
12024.0  1.710569e-07
12034.0  1.748858e-07
12044.0  3.480107e-07
12054.0  5.570113e-07
12064.0  8.701580e-07
12074.0  4.179002e-07
12084.0  3.196512e-07
12094.0  8.015091e-07
12104.0  7.818807e-08
12114.0  8.041344e-07
12124.0  5.481753e-07
12134.0  2.112599e-07
12144.0  3.632274e-07
12154.0  1.643819e-07
12164.0  3.579921e-11
12174.0  3.303908e-07
12184.0  7.403697e-07
12194.0  5.700697e-08
12204.0  2.996421e-07
12214.0  1.864441e-07
12224.0  8.332295e-07
12234.0  5.274982e-07
12244.0  7.247422e-07
12254.0  2.162951e-07
12264.0  1.019987e-06
12274.0  9.777414e-07
12284.0  1.218561e-06
12294.0  1.362796e-07
12304.0  1.545634e-07
12314.0  1.488759e-06
12324.0  9.521571e-08
12334.0  6.370593e-08
12344.0  2.591339e-07
12354.0  2.932938e-07
12364.0  6.718944e-07
12374.0  1.452879e-06
12384.0  3.794011e-11
12394.0  1.037290e-07
12404.0  3.330800e-07
12414.0  3.916423e-07
12424.0  1.014627e-06
12434.0  1.799294e-07
12444.0  2.949276e-07
12454.0  7.234154e-07
12464.0  1.326193e-07
12474.0  5.968671e-07
12484.0  3.986285e-07
12494.0  4.383623e-07
12504.0  3.816940e-11
12514.0  1.363214e-06
12524.0  6.771341e-07
12534.0  4.170441e-07
12544.0  2.671870e-07
12554.0  1.363385e-07
12564.0  6.914339e-07
12574.0  1.324141e-08
12584.0  3.629261e-07
12594.0  1.077580e-07
12604.0  3.410140e-07
12614.0  7.981979e-07
12624.0  1.279298e-07
12634.0  1.438539e-06
12644.0  7.994196e-07
12654.0  5.456862e-07
12664.0  4.690049e-07
12674.0  3.818500e-11
12684.0  1.383307e-06
12694.0  8.122558e-07
12704.0  3.678366e-08
12714.0  1.964971e-07
12724.0  1.085877e-07
12734.0  1.016659e-06
12744.0  7.692046e-07
12754.0  8.837315e-07
12764.0  8.370361e-08
12774.0  5.073548e-07
12784.0  3.303773e-07
12794.0  6.569932e-07
12804.0  3.905362e-07
12814.0  1.042255e-06
12824.0  2.615574e-07
12834.0  4.192389e-07
12844.0  1.431580e-06
12854.0  6.601577e-07
12864.0  6.868059e-08
12874.0  5.685843e-07
12884.0  6.682517e-07
12894.0  8.114918e-07
12904.0  1.353590e-06
12914.0  6.188033e-07
12924.0  3.474404e-07
12934.0  3.546761e-07
12944.0  1.584460e-06
12954.0  3.822007e-11
12964.0  4.466820e-07
12974.0  4.743756e-07
12984.0  3.875805e-11
12994.0  4.117794e-07
13004.0  3.124735e-07
13014.0  2.893757e-07
13024.0  1.010379e-06
13034.0  5.652055e-07
13044.0  4.688118e-07
13054.0  5.384317e-07
13064.0  6.772283e-07
13074.0  9.432977e-07
13084.0  5.444801e-07
13094.0  6.695225e-07
13104.0  5.174100e-07
13114.0  4.038136e-08
13124.0  5.481061e-07
13134.0  1.889272e-07
13144.0  5.101532e-07
13154.0  1.015582e-06
13164.0  3.063895e-07
13174.0  7.223358e-07
13184.0  9.734020e-07
13194.0  3.729216e-07
13204.0  1.625620e-07
13214.0  3.485313e-07
13224.0  2.306911e-07
13234.0  5.087877e-07
13244.0  1.489253e-07
13254.0  2.818509e-07
13264.0  4.044957e-07
13274.0  5.839043e-07
13284.0  3.233085e-07
13294.0  1.621014e-06
13304.0  2.195059e-07
13314.0  4.336035e-07
13324.0  5.818032e-07
13334.0  9.723990e-07
13344.0  4.433092e-07
13354.0  5.896506e-07
13364.0  1.078457e-06
13374.0  7.078610e-07
13384.0  1.830330e-07
13394.0  6.860915e-07
13404.0  3.967511e-07
13414.0  9.210053e-08
13424.0  3.115409e-07
13434.0  2.549910e-07
13444.0  1.134353e-06
13454.0  3.460873e-07
13464.0  2.514653e-07
13474.0  5.375316e-07
13484.0  1.265190e-08
13494.0  7.396024e-07
13504.0  1.121291e-06
13514.0  4.295258e-09
13524.0  2.110454e-07
13534.0  9.412540e-07
13544.0  3.998222e-11
13554.0  5.760782e-07
13564.0  5.369275e-08
13574.0  6.384586e-07
13584.0  1.749239e-07
13594.0  8.742278e-08
13604.0  8.721360e-08
13614.0  4.539083e-07
13624.0  5.157037e-07
13634.0  8.206120e-07
13644.0  5.180233e-07
13654.0  3.989138e-11
13664.0  3.445948e-07
13674.0  8.914074e-07
13684.0  1.630916e-07
13694.0  1.844234e-08
13704.0  4.545848e-07
13714.0  3.632876e-07
13724.0  6.369374e-07
13734.0  3.281753e-07
13744.0  5.311073e-07
13754.0  6.353067e-07
13764.0  1.516037e-07
13774.0  1.137382e-06
13784.0  3.561198e-07
13794.0  3.858862e-11
13804.0  6.037645e-07
13814.0  2.935551e-07
13824.0  6.754634e-07
13834.0  2.716295e-10
13844.0  5.120297e-07
13854.0  2.589306e-07
13864.0  1.310422e-07
13874.0  5.563659e-07
13884.0  2.450398e-07
13894.0  1.742941e-08
13904.0  2.174797e-06
13914.0  7.371054e-07
13924.0  5.428929e-07
13934.0  1.133214e-07
13944.0  5.752551e-07
13954.0  1.200460e-06
13964.0  9.256901e-07
13974.0  4.350331e-07
13984.0  3.393450e-07
13994.0  9.640115e-07
14004.0  3.934104e-11
14014.0  4.643163e-07
14024.0  8.158581e-07
14034.0  1.831151e-07
14044.0  3.828836e-07
14054.0  1.136569e-06
14064.0  1.459790e-07
14074.0  8.584658e-07
14084.0  5.410523e-07
14094.0  1.337116e-07
14104.0  5.852646e-07
14114.0  1.282542e-07
14124.0  1.270992e-06
14134.0  4.904772e-07
14144.0  4.109015e-07
14154.0  7.503536e-07
14164.0  4.038889e-11
14174.0  3.049808e-07
14184.0  4.859893e-07
14194.0  5.969685e-07
14204.0  4.037346e-11
14214.0  1.274507e-06
14224.0  4.860142e-07
14234.0  7.178585e-07
14244.0  3.988825e-11
14254.0  1.458718e-06
14264.0  4.832687e-07
14274.0  6.779437e-07
14284.0  5.211418e-07
14294.0  5.633092e-07
14304.0  6.544557e-07
14314.0  2.062712e-07
14324.0  1.326539e-06
14334.0  7.655124e-07
14344.0  2.081236e-07
14354.0  6.023841e-07
14364.0  4.387430e-07
14374.0  8.011781e-07
14384.0  6.344584e-07
14394.0  7.001383e-07
14404.0  5.444567e-07
14414.0  1.788284e-06
14424.0  6.539899e-07
14434.0  1.456316e-06
14444.0  1.499746e-06
14454.0  1.810009e-06
14464.0  1.163516e-06
14474.0  1.679257e-06
14484.0  2.186613e-06
14494.0  1.350355e-06
14504.0  2.062113e-06
14514.0  2.078391e-06
14524.0  1.988455e-06
14534.0  2.288242e-06
14544.0  2.106428e-06
14554.0  2.743158e-06
14564.0  2.987352e-06
14574.0  3.550395e-06
14584.0  3.458855e-06
14594.0  3.401237e-06
14604.0  4.354668e-06
14614.0  5.318862e-06
14624.0  5.565000e-06
14634.0  6.283318e-06
14644.0  7.117051e-06
14654.0  7.736524e-06
14664.0  1.040742e-05
14674.0  9.745143e-06
14684.0  1.259812e-05
14694.0  1.319782e-05
14704.0  1.469383e-05
14714.0  1.769289e-05
14724.0  2.059773e-05
14734.0  2.337517e-05
14744.0  2.633666e-05
14754.0  2.953086e-05
14764.0  3.238456e-05
14774.0  3.711929e-05
14784.0  4.119425e-05
14794.0  4.813348e-05
14804.0  5.292002e-05
14814.0  5.787990e-05
14824.0  6.732414e-05
14834.0  7.340122e-05
14844.0  8.332775e-05
14854.0  9.328872e-05
14864.0  1.046732e-04
14874.0  1.192956e-04
14884.0  1.318631e-04
14894.0  1.519405e-04
14904.0  1.731758e-04
14914.0  1.972662e-04
14924.0  2.259323e-04
14934.0  2.572594e-04
14944.0  3.032836e-04
14954.0  3.354947e-04
14964.0  3.938252e-04
14974.0  4.595153e-04
14984.0  5.427463e-04
14994.0  6.259264e-04
15004.0  7.424842e-04
15014.0  8.642670e-04
15024.0  1.007549e-03
15034.0  1.188487e-03
15044.0  1.381398e-03
15054.0  1.647085e-03
15064.0  1.932441e-03
15074.0  2.284062e-03
15084.0  2.641451e-03
15094.0  3.086066e-03
15104.0  3.602334e-03
15114.0  4.303771e-03
15124.0  4.895528e-03
15134.0  5.820314e-03
15144.0  6.517839e-03
15154.0  7.846032e-03
15164.0  9.144381e-03
15174.0  1.064172e-02
15184.0  1.216800e-02
15194.0  1.345273e-02
15204.0  1.487774e-02
15214.0  1.619799e-02
15224.0  1.824182e-02
15234.0  2.022009e-02
15244.0  2.170576e-02
15254.0  2.511329e-02
15264.0  2.763740e-02
15274.0  3.104435e-02
15284.0  3.539647e-02
15294.0  4.031080e-02
15304.0  4.622891e-02
15314.0  5.274066e-02
15324.0  6.078731e-02
15334.0  7.065814e-02
15344.0  7.969196e-02
15354.0  9.440702e-02
15364.0  1.067488e-01
15374.0  1.209124e-01
15384.0  1.464684e-01
15394.0  1.656221e-01
15404.0  1.915414e-01
15414.0  2.177205e-01
15424.0  2.465504e-01
15434.0  2.710261e-01
15444.0  2.987908e-01
15454.0  3.233609e-01
15464.0  3.416677e-01
15474.0  3.608535e-01
15484.0  3.742415e-01
15494.0  3.834872e-01
15504.0  3.897246e-01
15514.0  3.914045e-01
15524.0  3.987644e-01
15534.0  3.960719e-01
15544.0  4.018387e-01
15554.0  4.030577e-01
15564.0  4.071149e-01
15574.0  4.043007e-01
15584.0  4.016630e-01
15594.0  4.118985e-01
15604.0  4.067804e-01
15614.0  4.077431e-01
15624.0  4.164849e-01
15634.0  4.145050e-01
15644.0  4.112710e-01
15654.0  4.170775e-01
15664.0  4.125080e-01
15674.0  4.121588e-01
15684.0  4.171370e-01
15694.0  4.188153e-01
15704.0  4.143623e-01
15714.0  4.142187e-01
15724.0  4.208083e-01
15734.0  4.131298e-01
15744.0  4.216232e-01
15754.0  4.277796e-01
15764.0  4.246241e-01
15774.0  4.215791e-01
15784.0  4.179031e-01
15794.0  4.223847e-01
15804.0  4.373588e-01
15814.0  4.242261e-01
15824.0  4.372214e-01
15834.0  4.278192e-01
15844.0  4.268171e-01
15854.0  4.315494e-01
15864.0  4.274158e-01
15874.0  4.347625e-01
15884.0  4.278770e-01
15894.0  4.311381e-01
15904.0  4.298296e-01
15914.0  4.301173e-01
15924.0  4.255866e-01
15934.0  4.297192e-01
15944.0  4.274019e-01
15954.0  4.241861e-01
15964.0  4.241156e-01
15974.0  4.286341e-01
15984.0  4.234724e-01
15994.0  4.234664e-01
16004.0  4.255253e-01
16014.0  4.257107e-01
16024.0  4.270372e-01
16034.0  4.255621e-01
16044.0  4.275688e-01
16054.0  4.295146e-01
16064.0  4.235209e-01
16074.0  4.239548e-01
16084.0  4.233395e-01
16094.0  4.252570e-01
16104.0  4.229320e-01
16114.0  4.264554e-01
16124.0  4.195197e-01
16134.0  4.232823e-01
16144.0  4.124440e-01
16154.0  4.288877e-01
16164.0  4.152425e-01
16174.0  4.224275e-01
16184.0  4.176184e-01
16194.0  4.175449e-01
16204.0  4.240000e-01
16214.0  4.192000e-01
16224.0  4.140647e-01
16234.0  4.160712e-01
16244.0  4.194148e-01
16254.0  4.096602e-01
16264.0  4.299555e-01
16274.0  4.191727e-01
16284.0  4.199885e-01
16294.0  4.186680e-01
16304.0  4.215536e-01
16314.0  4.089252e-01
16324.0  4.217652e-01
16334.0  4.170082e-01
16344.0  4.149175e-01
16354.0  4.247707e-01
16364.0  4.257983e-01
16374.0  4.234004e-01
16384.0  4.255680e-01
16394.0  4.263266e-01
16404.0  4.287009e-01
16414.0  4.301878e-01
16424.0  4.285996e-01
16434.0  4.281843e-01
16444.0  4.364199e-01
16454.0  4.345850e-01
16464.0  4.323543e-01
16474.0  4.305843e-01
16484.0  4.340985e-01
16494.0  4.375451e-01
16504.0  4.358915e-01
16514.0  4.423173e-01
16524.0  4.375081e-01
16534.0  4.286349e-01
16544.0  4.399311e-01
16554.0  4.327223e-01
16564.0  4.328083e-01
16574.0  4.321749e-01
16584.0  4.335519e-01
16594.0  4.398838e-01
16604.0  4.365648e-01
16614.0  4.344801e-01
16624.0  4.326385e-01
16634.0  4.314511e-01
16644.0  4.351884e-01
16654.0  4.346907e-01
16664.0  4.310679e-01
16674.0  4.346571e-01
16684.0  4.330203e-01
16694.0  4.357252e-01
16704.0  4.313843e-01
16714.0  4.284503e-01
16724.0  4.301179e-01
16734.0  4.322339e-01
16744.0  4.327477e-01
16754.0  4.326670e-01
16764.0  4.364003e-01
16774.0  4.338587e-01
16784.0  4.329557e-01
16794.0  4.365044e-01
16804.0  4.303246e-01
16814.0  4.310413e-01
16824.0  4.289426e-01
16834.0  4.382039e-01
16844.0  4.359454e-01
16854.0  4.335739e-01
16864.0  4.276877e-01
16874.0  4.314868e-01
16884.0  4.272741e-01
16894.0  4.233355e-01
16904.0  4.252985e-01
16914.0  4.341412e-01
16924.0  4.314151e-01
16934.0  4.276091e-01
16944.0  4.253637e-01
16954.0  4.345991e-01
16964.0  4.234816e-01
16974.0  4.239845e-01
16984.0  4.231256e-01
16994.0  4.180109e-01
17004.0  4.108148e-01
17014.0  4.066713e-01
17024.0  4.009590e-01
17034.0  3.885158e-01
17044.0  3.756444e-01
17054.0  3.622207e-01
17064.0  3.463098e-01
17074.0  3.314756e-01
17084.0  3.099836e-01
17094.0  2.893991e-01
17104.0  2.654904e-01
17114.0  2.442000e-01
17124.0  2.167051e-01
17134.0  2.079917e-01
17144.0  1.809346e-01
17154.0  1.626189e-01
17164.0  1.451947e-01
17174.0  1.282064e-01
17184.0  1.117552e-01
17194.0  1.006453e-01
17204.0  8.838034e-02
17214.0  7.809269e-02
17224.0  6.807891e-02
17234.0  6.092727e-02
17244.0  5.429770e-02
17254.0  4.721659e-02
17264.0  4.469594e-02
17274.0  3.991222e-02
17284.0  3.572562e-02
17294.0  3.198392e-02
17304.0  2.967691e-02
17314.0  2.610745e-02
17324.0  2.311400e-02
17334.0  1.991914e-02
17344.0  1.702881e-02
17354.0  1.454384e-02
17364.0  1.246982e-02
17374.0  1.034530e-02
17384.0  9.284950e-03
17394.0  7.832274e-03
17404.0  6.889289e-03
17414.0  5.791609e-03
17424.0  5.058367e-03
17434.0  4.347223e-03
17444.0  3.658546e-03
17454.0  3.217627e-03
17464.0  2.857332e-03
17474.0  2.533976e-03
17484.0  2.183079e-03
17494.0  1.924279e-03
17504.0  1.683065e-03
17514.0  1.492324e-03
17524.0  1.315054e-03
17534.0  1.159038e-03
17544.0  1.058305e-03
17554.0  9.154031e-04
17564.0  8.184746e-04
17574.0  7.538435e-04
17584.0  6.757892e-04
17594.0  6.111212e-04
17604.0  5.387358e-04
17614.0  4.923482e-04
17624.0  4.431221e-04
17634.0  3.970142e-04
17644.0  3.617905e-04
17654.0  3.375168e-04
17664.0  3.098287e-04
17674.0  2.812279e-04
17684.0  2.581354e-04
17694.0  2.360562e-04
17704.0  2.119991e-04
17714.0  1.967375e-04
17724.0  1.845248e-04
17734.0  1.688671e-04
17744.0  1.578172e-04
17754.0  1.395360e-04
17764.0  1.365251e-04
17774.0  1.191372e-04
17784.0  1.132903e-04
17794.0  1.058715e-04
17804.0  9.705762e-05
17814.0  9.300180e-05
17824.0  8.386321e-05
17834.0  7.785262e-05
17844.0  7.350437e-05
17854.0  6.582161e-05
17864.0  6.516989e-05
17874.0  5.611674e-05
17884.0  5.500327e-05
17894.0  5.109680e-05
17904.0  4.639932e-05
17914.0  4.315441e-05
17924.0  3.953536e-05
17934.0  4.035820e-05
17944.0  3.762369e-05
17954.0  3.095599e-05
17964.0  3.218046e-05
17974.0  3.180747e-05
17984.0  2.834488e-05
17994.0  2.668668e-05
18004.0  2.422754e-05
18014.0  2.608998e-05
18024.0  1.877589e-05
18034.0  1.766341e-05
18044.0  1.910526e-05
18054.0  1.802551e-05
18064.0  1.518175e-05
18074.0  1.642311e-05
18084.0  1.634165e-05
18094.0  1.171380e-05
18104.0  1.538264e-05
18114.0  1.446781e-05
18124.0  1.443926e-05
18134.0  1.069922e-05
18144.0  8.098247e-06
18154.0  1.447885e-05
18164.0  8.884421e-06
18174.0  1.068444e-05
18184.0  1.045338e-05
18194.0  5.533225e-06
18204.0  8.709366e-06
18214.0  8.645410e-06
18224.0  4.823717e-06
18234.0  6.032725e-06
18244.0  8.426456e-06
18254.0  5.952200e-06
18264.0  4.728980e-06
18274.0  2.532903e-06
18284.0  5.140850e-06
18294.0  6.800935e-06
18304.0  6.356742e-07
18314.0  5.930284e-06
18324.0  7.187090e-06
18334.0  4.375697e-06
18344.0  7.507976e-07
18354.0  5.194181e-06
18364.0  2.214313e-06
18374.0  5.206658e-06
18384.0  6.733223e-06
18394.0  3.433843e-06
18404.0  4.046993e-06
18414.0  1.634154e-06
18424.0  6.999075e-06
18434.0  4.315169e-06
18444.0  4.034062e-06
18454.0  9.640439e-06
18464.0  3.621130e-07
18474.0  4.497556e-06
18484.0  3.868615e-06
18494.0  2.694078e-06
18504.0  3.072714e-06
18514.0  8.334371e-07
18524.0  6.049956e-06
18534.0  3.394250e-06
18544.0  4.588289e-08
18554.0  5.222568e-07
18564.0  3.832169e-06
18574.0  4.621722e-06
18584.0  4.057353e-07
18594.0  4.902509e-06
18604.0  4.780106e-06
18614.0  2.371439e-06
18624.0  1.681789e-06
18634.0  1.234876e-06
18644.0  9.343383e-07
18654.0  1.135954e-06
18664.0  6.750557e-06
18674.0  2.648397e-06
18684.0  1.095960e-06
18694.0  4.757084e-06
18704.0  4.866133e-06
18714.0  1.476106e-06
18724.0  3.187507e-06
18734.0  3.141626e-09
18744.0  3.553764e-06
18754.0  5.489133e-06
18764.0  1.556240e-06
18774.0  5.346179e-06
18784.0  4.368977e-06
18794.0  1.076650e-06
18804.0  2.985272e-06
18814.0  6.994495e-07
18824.0  8.432370e-07
18834.0  2.006722e-06
18844.0  4.612501e-06
18854.0  4.535874e-11
18864.0  2.684381e-06
18874.0  2.855363e-06
18884.0  1.323513e-06
18894.0  3.107335e-06
18904.0  4.383532e-06
18914.0  1.356423e-06
18924.0  1.541683e-06
18934.0  4.605513e-07
18944.0  5.036210e-06
18954.0  2.971371e-06
18964.0  2.323436e-06
18974.0  4.547443e-11
18984.0  2.540689e-06
18994.0  2.699792e-06
19004.0  2.294779e-06
19014.0  9.820088e-07
19024.0  1.398582e-06
19034.0  1.617611e-06
19044.0  1.238466e-06
19054.0  4.191247e-06
19064.0  4.180455e-07
19074.0  2.287627e-06
19084.0  1.288036e-06
19094.0  4.561539e-11
19104.0  4.574772e-11
19114.0  7.914255e-06
19124.0  4.288970e-07
19134.0  2.161669e-06
19144.0  6.544736e-07
19154.0  5.883451e-06
19164.0  4.562407e-11
19174.0  4.334555e-07
19184.0  4.721998e-06
19194.0  3.914139e-07
19204.0  3.565899e-07
19214.0  2.404910e-06
19224.0  2.644876e-06
19234.0  2.968014e-06
19244.0  4.560945e-11
19254.0  3.959777e-07
19264.0  1.698002e-06
19274.0  1.410691e-06
19284.0  1.527521e-06
19294.0  7.585531e-07
19304.0  1.418200e-06
19314.0  1.218154e-06
19324.0  1.450340e-06
19334.0  6.032501e-07
19344.0  2.574360e-07
19354.0  2.539763e-06
19364.0  1.684381e-06
19374.0  9.254849e-07
19384.0  1.309179e-06
19394.0  4.282925e-07
19404.0  1.016129e-06
19414.0  2.995576e-06
19424.0  4.578847e-11
19434.0  4.590289e-11
19444.0  1.102562e-06
19454.0  3.880332e-06
19464.0  9.455298e-07
19474.0  2.164551e-06
19484.0  4.587959e-11
19494.0  2.091662e-06
19504.0  3.509537e-06
19514.0  2.282380e-06
19524.0  4.596303e-11
19534.0  2.665694e-06
19544.0  3.256834e-06
19554.0  1.110014e-07
19564.0  6.809025e-06
19574.0  1.875423e-06
19584.0  3.614092e-07
19594.0  2.325250e-07
19604.0  2.523578e-06
19614.0  3.180077e-06
19624.0  1.179020e-06
19634.0  4.041891e-06
19644.0  4.575674e-11
19654.0  2.658783e-06
19664.0  1.756908e-06
19674.0  3.402818e-06
19684.0  3.068185e-07
19694.0  2.922524e-06
19704.0  1.208435e-06
19714.0  6.884974e-06
19724.0  3.097434e-06
19734.0  4.891520e-07
19744.0  3.569372e-06
19754.0  4.598674e-11
19764.0  3.240352e-06
19774.0  5.953847e-06
19784.0  2.060987e-06
19794.0  1.729745e-06
19804.0  4.631582e-07
19814.0  3.704179e-07
19824.0  3.227947e-06
19834.0  3.474320e-07
19844.0  9.744010e-07
19854.0  4.889739e-06
19864.0  1.259741e-06
19874.0  4.642995e-11
19884.0  5.722105e-06
19894.0  1.921024e-06
19904.0  2.313121e-06
19914.0  1.383507e-07
19924.0  3.189399e-06
19934.0  5.677455e-06
19944.0  3.028457e-06
19954.0  4.633064e-11
19964.0  3.459543e-06
19974.0  2.003404e-06
19984.0  5.569188e-06
19994.0  1.453719e-06
20004.0  4.385759e-06
20014.0  1.621781e-06
20024.0  3.938993e-06
20034.0  1.623972e-06
20044.0  3.617007e-06
20054.0  1.192454e-06
20064.0  4.566435e-06
20074.0  2.445365e-06
20084.0  4.621473e-11
20094.0  4.618854e-11
20104.0  3.087912e-06
20114.0  4.390036e-06
20124.0  2.293151e-06
20134.0  2.001366e-06
20144.0  4.598269e-11
20154.0  3.377545e-06
20164.0  5.813076e-06
20174.0  1.414503e-06
20184.0  4.589797e-11
20194.0  4.152982e-06
20204.0  4.572316e-11
20214.0  7.583257e-07
20224.0  4.968060e-06
20234.0  1.112534e-06
20244.0  2.179366e-06
20254.0  6.824437e-06
20264.0  4.666248e-07
20274.0  3.678397e-06
20284.0  1.685938e-06
20294.0  1.912869e-06
20304.0  5.202832e-06
20314.0  2.731906e-06
20324.0  1.700613e-06
20334.0  4.608367e-11
20344.0  2.097272e-06
20354.0  2.923601e-06
20364.0  4.610707e-11
20374.0  4.611799e-11
20384.0  5.688919e-06
20394.0  5.385871e-06
20404.0  1.807377e-07
20414.0  1.517134e-06
20424.0  1.408517e-06
20434.0  2.818333e-06
20444.0  1.608472e-06
20454.0  4.778674e-07
20464.0  3.362344e-06
20474.0  6.337236e-06
20484.0  3.969706e-06
20494.0  2.444413e-06
20504.0  4.613328e-11
20514.0  1.054159e-06
20524.0  2.654004e-06
20534.0  2.526698e-06
20544.0  3.768739e-06
20554.0  4.442728e-06
20564.0  4.617603e-11
20574.0  4.316180e-06
20584.0  4.627540e-11
20594.0  8.881493e-07
20604.0  6.538534e-06
20614.0  4.616343e-11
20624.0  3.544644e-06
20634.0  2.087361e-06
20644.0  5.071482e-07
20654.0  1.835870e-06
20664.0  3.846334e-06
20674.0  1.333564e-06
20684.0  1.326503e-07
20694.0  3.882076e-06
20704.0  1.339047e-06
20714.0  8.880864e-07
20724.0  1.248564e-06
20734.0  4.890855e-06
20744.0  1.209865e-06
20754.0  2.545595e-06
20764.0  1.491810e-06
20774.0  3.764366e-06
20784.0  1.453774e-07
20794.0  6.326327e-07
20804.0  2.862166e-06
20814.0  2.914395e-06
20824.0  4.648483e-11
20834.0  4.652564e-11
20844.0  1.696504e-06
20854.0  2.440802e-06
20864.0  3.599659e-06
20874.0  4.651800e-11
20884.0  9.181441e-07
20894.0  4.509931e-06
20904.0  4.821917e-07
20914.0  4.762580e-06
20924.0  1.511559e-06
20934.0  2.358925e-07
20944.0  9.605066e-08
20954.0  2.315872e-06
20964.0  5.745432e-06
20974.0  1.383427e-06
20984.0  5.610738e-06
20994.0  5.397942e-08
21004.0  4.599314e-11
21014.0  1.052602e-06
21024.0  1.170956e-06
21034.0  4.998174e-06
21044.0  9.791783e-08
21054.0  6.335179e-06
21064.0  4.575010e-11
21074.0  7.509739e-06
21084.0  4.569251e-11
21094.0  5.700100e-06
21104.0  8.557501e-06
21114.0  7.635528e-06
21124.0  4.544925e-11
21134.0  7.635614e-07
21144.0  1.016385e-05
21154.0  4.550864e-11
21164.0  4.552612e-11
21174.0  4.556490e-11
21184.0  5.071529e-06
21194.0  4.417519e-06
21204.0  4.585199e-11
21214.0  4.594951e-11
21224.0  6.994286e-06
21234.0  8.368310e-06
21244.0  8.081006e-07
21254.0  4.236733e-07
21264.0  2.254156e-06
21274.0  4.628787e-11
21284.0  4.623146e-11
21294.0  9.779102e-07
21304.0  3.227313e-06
21314.0  4.612068e-06
21324.0  1.588600e-06
21334.0  7.153824e-07
21344.0  4.635115e-11
21354.0  2.172584e-06
21364.0  4.636790e-11
21374.0  1.233779e-05
21384.0  1.821962e-06
21394.0  7.753947e-06
21404.0  1.140524e-06
21414.0  7.494698e-06
21424.0  3.904829e-06
21434.0  4.941409e-07
21444.0  4.604081e-11
21454.0  7.365035e-06
21464.0  3.650411e-06
21474.0  4.931615e-07
21484.0  2.685524e-06
21494.0  4.627976e-06
21504.0  9.982658e-07
21514.0  4.605634e-11
21524.0  4.000923e-06
21534.0  2.568748e-06
21544.0  1.822856e-05
21554.0  4.594785e-11
21564.0  9.321646e-07
21574.0  1.806272e-06
21584.0  1.549883e-06
21594.0  2.838785e-06
21604.0  5.189262e-06
21614.0  2.960691e-06
21624.0  2.784710e-06
21634.0  4.591938e-11
21644.0  7.892751e-07
21654.0  2.837764e-06
21664.0  4.566923e-11
21674.0  5.862274e-06
21684.0  4.571672e-11
21694.0  3.709953e-06
21704.0  4.559836e-11
21714.0  1.058077e-07
21724.0  1.108934e-06
21734.0  4.382229e-06
21744.0  4.107893e-07
21754.0  3.396385e-07
21764.0  3.645289e-06
21774.0  6.611031e-06
21784.0  7.453575e-07
21794.0  5.105076e-07
21804.0  1.021746e-06
21814.0  4.459323e-11
21824.0  4.412345e-06
21834.0  3.373345e-06
21844.0  8.423627e-07
21854.0  4.379853e-11
21864.0  1.709196e-06
21874.0  7.022088e-06
21884.0  4.439966e-06
21894.0  1.383266e-06
21904.0  3.755414e-06
21914.0  9.046821e-07
21924.0  4.200047e-11
21934.0  4.581286e-06
21944.0  3.272399e-06
21954.0  3.405075e-06
21964.0  2.817276e-06
21974.0  8.505402e-06
21984.0  4.006247e-11
21994.0  3.969691e-11
22004.0  7.424123e-07
22014.0  4.382746e-06
22024.0  3.344169e-06
22034.0  7.226478e-06
22044.0  9.281059e-07
22054.0  3.751151e-11
22064.0  3.729248e-11
22074.0  2.459153e-06
22084.0  1.975311e-06
22094.0  2.840645e-06
22104.0  3.626609e-11
22114.0  3.613701e-11
22124.0  3.607674e-11
22134.0  1.948998e-06
22144.0  2.428383e-07
22154.0  3.573088e-11
22164.0  5.042334e-06
22174.0  3.569482e-11
22184.0  2.032159e-06
22194.0  3.563609e-11
22204.0  1.204824e-05
22214.0  4.035643e-06
22224.0  1.276108e-06
22234.0  3.567950e-11
22244.0  3.570907e-11
22254.0  6.162602e-07
22264.0  4.693801e-06
22274.0  5.272477e-06
22284.0  1.781516e-06
22294.0  3.601070e-11
22304.0  5.200466e-06
22314.0  1.592448e-05
22324.0  3.651173e-11
22334.0  1.153611e-06
22344.0  7.906231e-06
22354.0  2.188671e-06
22364.0  3.719838e-11
22374.0  1.538127e-06
22384.0  9.948811e-06
22394.0  1.151732e-05
22404.0  1.177170e-06
22414.0  9.781020e-06
22424.0  9.729402e-06
22434.0  3.514176e-06
22444.0  3.774974e-11
22454.0  1.413078e-06
22464.0  1.512137e-05
22474.0  4.203420e-06
22484.0  2.967841e-06
22494.0  6.695145e-06
22504.0  2.461441e-06
22514.0  3.801789e-06
22524.0  1.441217e-05
22534.0  1.168637e-05
22544.0  3.808262e-11
22554.0  1.453483e-05
22564.0  1.314594e-05
22574.0  5.845176e-06
22584.0  2.138043e-07
22594.0  1.079506e-05
22604.0  3.853623e-06
22614.0  1.543376e-05
22624.0  3.342894e-06
22634.0  1.769269e-05
22644.0  7.298285e-06
22654.0  1.255735e-05
22664.0  2.643100e-06
22674.0  2.134764e-06
22684.0  1.129506e-05
22694.0  3.947212e-11
22704.0  4.408971e-06
22714.0  2.470577e-06
22724.0  1.707306e-06
22734.0  6.413681e-06
22744.0  5.544473e-06
22754.0  4.000180e-11
22764.0  2.141328e-05
22774.0  7.606715e-06
22784.0  7.201626e-06
22794.0  1.580471e-06
22804.0  7.514230e-06
22814.0  8.763525e-06
22824.0  1.911328e-06
22834.0  4.083381e-11
22844.0  6.373173e-07
22854.0  2.039851e-06
22864.0  3.292775e-06
22874.0  4.194143e-06
22884.0  4.126152e-11
22894.0  1.138639e-06
22904.0  1.035861e-06
22914.0  6.151608e-06
22924.0  1.932149e-06
22934.0  7.911381e-07
22944.0  1.258424e-06
22954.0  1.925363e-06
22964.0  4.183455e-11
22974.0  1.099104e-06
22984.0  4.282314e-06
22994.0  4.684924e-06
23004.0  1.303198e-06
23014.0  4.253353e-06
23024.0  5.007690e-06
23034.0  5.149269e-07
23044.0  8.695258e-07
23054.0  6.019288e-07
23064.0  3.882807e-07
23074.0  3.638749e-06
23084.0  3.642506e-06
23094.0  4.168858e-11
23104.0  5.034964e-06
23114.0  3.629384e-06
23124.0  2.199810e-06
23134.0  4.065692e-11
23144.0  1.736731e-06
23154.0  3.333350e-06
23164.0  4.030692e-06
23174.0  2.134218e-06
23184.0  3.819732e-11
23194.0  2.066052e-06
23204.0  4.762259e-06
23214.0  3.577652e-11
23224.0  2.251810e-06
23234.0  3.397254e-11
23244.0  2.733218e-07
23254.0  1.069944e-06
23264.0  2.781030e-06
23274.0  2.273967e-06
23284.0  6.035608e-08
23294.0  2.333295e-06
23304.0  1.175977e-06
23314.0  1.562612e-06
23324.0  2.015139e-07
23334.0  1.027367e-06
23344.0  1.832736e-06
23354.0  2.948677e-08
23364.0  7.492849e-07
23374.0  1.006848e-06
23384.0  2.784367e-06
23394.0  2.554493e-07
23404.0  1.932122e-06
23414.0  8.258830e-07
23424.0  1.176623e-06
23434.0  1.597257e-11
23444.0  1.258347e-06
23454.0  3.587114e-07
23464.0  4.706378e-07
23474.0  7.795998e-07
23484.0  4.232192e-07
23494.0  1.479026e-06
23504.0  2.473077e-06
23514.0  6.803088e-07
23524.0  6.383572e-07
23534.0  1.165415e-06
23544.0  1.931398e-06
23554.0  1.100213e-07
23564.0  1.063902e-06
23574.0  9.074497e-08
23584.0  1.181180e-06
23594.0  7.223602e-07
23604.0  8.464692e-07
23614.0  2.735989e-07
23624.0  1.175457e-06
23634.0  3.197037e-07
23644.0  4.084272e-07
23654.0  1.232666e-06
23664.0  7.391373e-07
23674.0  3.665695e-07
23684.0  3.098688e-09
23694.0  1.695833e-07
23704.0  5.517510e-07
23714.0  2.186077e-07
23724.0  6.530574e-07
23734.0  2.451210e-12
23744.0  2.902606e-07
23754.0  5.426188e-08
23764.0  1.617353e-07
23774.0  2.851235e-07
23784.0  6.779425e-08
23794.0  2.477909e-07
23804.0  1.530964e-07
23814.0  8.090136e-08
23824.0  8.855442e-08
23834.0  8.309104e-09
23844.0  4.894564e-08
23854.0  1.997301e-07
23864.0  1.405696e-07
23874.0  1.357663e-07
23884.0  1.376996e-08
23894.0  3.999405e-08
23904.0  3.889039e-08
23914.0  6.125335e-13
23924.0  9.985086e-09
23934.0  1.855252e-08
23944.0  4.847931e-13
23954.0  1.166588e-07
23964.0  1.461797e-08
23974.0  9.407816e-08
23984.0  5.944122e-08
23994.0  1.399994e-09
24004.0  1.789599e-08
24014.0  2.371557e-13
24024.0  1.857393e-08
24034.0  7.988094e-08
24044.0  2.556981e-08
24054.0  1.341635e-08
24064.0  9.014056e-09
24074.0  6.455780e-09
24084.0  1.790370e-08
24094.0  1.123923e-08
24104.0  1.155679e-08
24114.0  6.675057e-09
24124.0  5.519766e-09
24134.0  4.448299e-14
24144.0  1.709052e-09
24154.0  3.993087e-09
24164.0  8.252314e-10
24174.0  2.967458e-09
24184.0  4.956272e-09
24194.0  2.051507e-09
24204.0  2.194628e-09
24214.0  1.436089e-09
24224.0  5.216558e-10
24234.0  2.212992e-10
24244.0  1.537908e-09
24254.0  6.394903e-10
24264.0  9.839761e-10
24274.0  1.219574e-09
24284.0  1.378481e-09
24294.0  1.306554e-09
24304.0  1.091160e-09
24314.0  3.318375e-10
24324.0  1.923972e-09
24334.0  3.996754e-15
24344.0  1.803790e-10
24354.0  8.418589e-10
24364.0  3.083240e-10
24374.0  1.152375e-10
24384.0  2.908695e-10
24394.0  6.344527e-10
24404.0  4.844692e-11
24414.0  2.527443e-10
24424.0  1.250981e-10
24434.0  1.553392e-11
24444.0  3.252105e-10
24454.0  1.472084e-10
24464.0  1.395137e-10
24474.0  3.670791e-10
24484.0  3.115435e-10
24494.0  1.066729e-10
24504.0  1.207515e-10
24514.0  1.299481e-11
24524.0  3.443960e-11
24534.0  4.815601e-14
24544.0  2.581169e-11
24554.0  1.050196e-10
24564.0  8.759966e-11
24574.0  3.992991e-11
24584.0  8.736474e-11
24594.0  2.774555e-11
24604.0  2.138449e-16
24614.0  2.130289e-11
24624.0  2.581474e-11
24634.0  3.609694e-11
24644.0  6.116965e-12
24654.0  2.568901e-11
24664.0  1.140498e-11
24674.0  7.970295e-17
24684.0  5.767371e-12
24694.0  1.734284e-11
24704.0  7.142175e-12
24714.0  1.956353e-12
24724.0  9.041033e-13
24734.0  1.078152e-11
24744.0  1.196442e-12
24754.0  5.993307e-12
24764.0  2.111343e-12
24774.0  1.358241e-12
24784.0  5.712159e-12
24794.0  4.279411e-13
24804.0  2.724844e-12
24814.0  1.061174e-13
24824.0  2.184996e-12
24834.0  8.661007e-18
24844.0  6.972378e-13
24854.0  1.144613e-12
24864.0  6.431798e-13
24874.0  3.053226e-12
24884.0  1.411569e-12
24894.0  5.626258e-13
24904.0  3.923679e-13
24914.0  1.174330e-12
24924.0  3.366294e-18
24934.0  9.857160e-13
24944.0  4.833037e-13
24954.0  2.271489e-15
24964.0  1.502641e-13
24974.0  5.619308e-13
24984.0  4.756770e-13
24994.0  1.719507e-13
25004.0  6.305579e-13
25014.0  1.568168e-13
25024.0  1.501041e-18
25034.0  4.761310e-13
25044.0  5.085658e-13
25054.0  1.204203e-18
25064.0  3.349521e-13
25074.0  2.349978e-13
25084.0  7.220288e-14
25094.0  3.715957e-13
25104.0  1.914790e-13
25114.0  1.977837e-13
25124.0  1.568609e-13
25134.0  3.175860e-13
25144.0  2.186672e-14
25154.0  7.824404e-14
25164.0  5.645555e-19
25174.0  3.768829e-14
25184.0  4.915449e-19
25194.0  6.252668e-14
25204.0  4.261351e-19
25214.0  3.967289e-19
25224.0  7.567886e-15
25234.0  7.161354e-14
25244.0  3.194528e-19
25254.0  8.078227e-15
25264.0  2.622324e-15
25274.0  2.553310e-19
25284.0  8.440145e-14
25294.0  3.996843e-14
25304.0  1.219033e-13
25314.0  1.555745e-14
25324.0  1.148771e-14
25334.0  1.348176e-13
25344.0  5.547737e-14
25354.0  2.046722e-14
25364.0  4.677426e-14
25374.0  3.690096e-15
25384.0  1.072315e-19
25394.0  9.866012e-20
25404.0  2.120745e-15
25414.0  8.328582e-20
25424.0  7.637065e-20
25434.0  6.537017e-15
25444.0  9.340942e-15
25454.0  1.793852e-14
25464.0  5.323256e-20
25474.0  3.814501e-15
25484.0  1.194427e-15
25494.0  1.097417e-14
25504.0  2.890602e-16
25514.0  1.268021e-14
25524.0  3.056345e-20
25534.0  2.780960e-20
25544.0  4.574228e-15
25554.0  2.121274e-14
25564.0  6.019364e-15
25574.0  5.217143e-15
25584.0  1.675396e-14
25594.0  1.064075e-14
25604.0  8.744091e-15
25614.0  1.275047e-20
25624.0  1.150579e-20
25634.0  5.014970e-15
25644.0  6.403549e-15
25654.0  8.516331e-21
25664.0  7.698502e-21
25674.0  6.961493e-21
25684.0  8.598635e-15
25694.0  1.606141e-15
25704.0  5.113673e-21
25714.0  1.630262e-15
25724.0  8.728220e-16
25734.0  3.750162e-21
25744.0  1.691630e-15
25754.0  3.064118e-21
25764.0  4.701997e-17
25774.0  2.496446e-21
25784.0  1.456421e-15
25794.0  2.039614e-16
25804.0  5.746595e-16
25814.0  1.642038e-21
25824.0  1.076773e-16
25834.0  5.455748e-16
25844.0  1.203541e-21
25854.0  1.086790e-21
25864.0  9.789782e-22
25874.0  1.815962e-16
25884.0  1.772464e-16
25894.0  2.685589e-17
25904.0  6.380272e-22
25914.0  5.749320e-22
25924.0  5.164061e-22
25934.0  1.831020e-16
25944.0  4.147177e-22
25954.0  3.705222e-22
25964.0  9.978215e-17
25974.0  8.793945e-23
25984.0  8.929096e-21
25994.0  2.266844e-19
26004.0  2.815333e-25
