# from http://www.stsci.edu/jwst/instruments/nircam/instrumentdesign/filters
# Retrieved March, 2023, dated Nov, 2022 (post-flight)
# Uses modA or modB  filters+DBS+QE+OTE (nrc_plus_ote)
# Units of transmission are PCE (photon to electron conversion efficiency)
# 
3980.0  0.000000e+00
3990.0  0.000000e+00
4000.0  0.000000e+00
4010.0  0.000000e+00
4020.0  0.000000e+00
4030.0  0.000000e+00
4040.0  0.000000e+00
4050.0  0.000000e+00
4060.0  0.000000e+00
4070.0  0.000000e+00
4080.0  0.000000e+00
4090.0  0.000000e+00
4100.0  0.000000e+00
4110.0  0.000000e+00
4120.0  0.000000e+00
4130.0  0.000000e+00
4140.0  0.000000e+00
4150.0  0.000000e+00
4160.0  0.000000e+00
4170.0  0.000000e+00
4180.0  0.000000e+00
4190.0  0.000000e+00
4200.0  0.000000e+00
4210.0  0.000000e+00
4220.0  0.000000e+00
4230.0  0.000000e+00
4240.0  0.000000e+00
4250.0  0.000000e+00
4260.0  0.000000e+00
4270.0  0.000000e+00
4280.0  0.000000e+00
4290.0  0.000000e+00
4300.0  0.000000e+00
4310.0  0.000000e+00
4320.0  0.000000e+00
4330.0  0.000000e+00
4340.0  0.000000e+00
4350.0  0.000000e+00
4360.0  0.000000e+00
4370.0  0.000000e+00
4380.0  0.000000e+00
4390.0  0.000000e+00
4400.0  0.000000e+00
4410.0  0.000000e+00
4420.0  0.000000e+00
4430.0  0.000000e+00
4440.0  0.000000e+00
4450.0  0.000000e+00
4460.0  0.000000e+00
4470.0  0.000000e+00
4480.0  0.000000e+00
4490.0  0.000000e+00
4500.0  0.000000e+00
4510.0  0.000000e+00
4520.0  0.000000e+00
4530.0  0.000000e+00
4540.0  0.000000e+00
4550.0  0.000000e+00
4560.0  0.000000e+00
4570.0  0.000000e+00
4580.0  0.000000e+00
4590.0  0.000000e+00
4600.0  0.000000e+00
4610.0  0.000000e+00
4620.0  0.000000e+00
4630.0  0.000000e+00
4640.0  0.000000e+00
4650.0  0.000000e+00
4660.0  0.000000e+00
4670.0  0.000000e+00
4680.0  0.000000e+00
4690.0  0.000000e+00
4700.0  0.000000e+00
4710.0  0.000000e+00
4720.0  0.000000e+00
4730.0  0.000000e+00
4740.0  0.000000e+00
4750.0  0.000000e+00
4760.0  0.000000e+00
4770.0  0.000000e+00
4780.0  0.000000e+00
4790.0  0.000000e+00
4800.0  0.000000e+00
4810.0  0.000000e+00
4820.0  0.000000e+00
4830.0  0.000000e+00
4840.0  0.000000e+00
4850.0  0.000000e+00
4860.0  0.000000e+00
4870.0  0.000000e+00
4880.0  0.000000e+00
4890.0  0.000000e+00
4900.0  0.000000e+00
4910.0  0.000000e+00
4920.0  0.000000e+00
4930.0  0.000000e+00
4940.0  0.000000e+00
4950.0  0.000000e+00
4960.0  0.000000e+00
4970.0  0.000000e+00
4980.0  0.000000e+00
4990.0  0.000000e+00
5000.0  0.000000e+00
5010.0  0.000000e+00
5020.0  0.000000e+00
5030.0  0.000000e+00
5040.0  0.000000e+00
5050.0  0.000000e+00
5060.0  0.000000e+00
5070.0  0.000000e+00
5080.0  0.000000e+00
5090.0  0.000000e+00
5100.0  0.000000e+00
5110.0  0.000000e+00
5120.0  0.000000e+00
5130.0  0.000000e+00
5140.0  0.000000e+00
5150.0  0.000000e+00
5160.0  0.000000e+00
5170.0  0.000000e+00
5180.0  0.000000e+00
5190.0  0.000000e+00
5200.0  0.000000e+00
5210.0  0.000000e+00
5220.0  0.000000e+00
5230.0  0.000000e+00
5240.0  0.000000e+00
5250.0  2.654887e-07
5260.0  1.123434e-06
5270.0  1.949588e-06
5280.0  2.467467e-06
5290.0  2.535808e-06
5300.0  2.338635e-06
5310.0  2.181787e-06
5320.0  2.135422e-06
5330.0  2.188607e-06
5340.0  2.285522e-06
5350.0  2.620643e-06
5360.0  3.229065e-06
5370.0  4.277578e-06
5380.0  5.900215e-06
5390.0  8.969548e-06
5400.0  1.396469e-05
5410.0  1.984373e-05
5420.0  2.312842e-05
5430.0  2.207721e-05
5440.0  1.759867e-05
5450.0  1.276675e-05
5460.0  9.037489e-06
5470.0  6.904894e-06
5480.0  5.750309e-06
5490.0  5.174019e-06
5500.0  5.116388e-06
5510.0  5.506192e-06
5520.0  6.069553e-06
5530.0  6.823407e-06
5540.0  7.705698e-06
5550.0  8.538238e-06
5560.0  8.788351e-06
5570.0  8.885735e-06
5580.0  7.579114e-06
5590.0  5.328671e-06
5600.0  5.270483e-06
5610.0  5.962148e-06
5620.0  5.670513e-06
5630.0  5.267738e-06
5640.0  5.820674e-06
5650.0  6.617970e-06
5660.0  7.308239e-06
5670.0  7.405303e-06
5680.0  7.759103e-06
5690.0  8.134075e-06
5700.0  8.002875e-06
5710.0  8.435982e-06
5720.0  9.972102e-06
5730.0  1.184719e-05
5740.0  1.286165e-05
5750.0  1.433011e-05
5760.0  1.724117e-05
5770.0  1.974882e-05
5780.0  2.074953e-05
5790.0  2.169693e-05
5800.0  2.403972e-05
5810.0  2.954547e-05
5820.0  3.979637e-05
5830.0  5.971147e-05
5840.0  1.063839e-04
5850.0  2.185321e-04
5860.0  4.050279e-04
5870.0  5.452285e-04
5880.0  5.118608e-04
5890.0  3.361483e-04
5900.0  1.782125e-04
5910.0  1.004648e-04
5920.0  6.999992e-05
5930.0  5.369937e-05
5940.0  4.472927e-05
5950.0  4.373492e-05
5960.0  4.094144e-05
5970.0  4.204012e-05
5980.0  4.562447e-05
5990.0  4.741112e-05
6000.0  5.143262e-05
6010.0  5.737306e-05
6020.0  6.658012e-05
6030.0  8.121068e-05
6040.0  9.891446e-05
6050.0  1.147216e-04
6060.0  1.319782e-04
6070.0  1.473350e-04
6080.0  1.514870e-04
6090.0  1.463748e-04
6100.0  1.349137e-04
6110.0  1.193923e-04
6120.0  1.010982e-04
6130.0  8.598830e-05
6140.0  7.359822e-05
6150.0  6.617441e-05
6160.0  5.992154e-05
6170.0  5.649904e-05
6180.0  5.582948e-05
6190.0  5.202887e-05
6200.0  4.839677e-05
6210.0  4.616663e-05
6220.0  5.163358e-05
6230.0  5.550935e-05
6240.0  6.179682e-05
6250.0  7.352292e-05
6260.0  9.088015e-05
6270.0  1.186749e-04
6280.0  1.663505e-04
6290.0  2.449330e-04
6300.0  3.653354e-04
6310.0  5.156885e-04
6320.0  6.276982e-04
6330.0  6.340225e-04
6340.0  5.393732e-04
6350.0  4.193951e-04
6360.0  3.254453e-04
6370.0  2.714326e-04
6380.0  2.445003e-04
6390.0  2.363099e-04
6400.0  2.496818e-04
6410.0  2.758714e-04
6420.0  3.133745e-04
6430.0  3.528349e-04
6440.0  3.848179e-04
6450.0  3.893733e-04
6460.0  3.549698e-04
6470.0  2.959353e-04
6480.0  2.317197e-04
6490.0  1.841875e-04
6500.0  1.494295e-04
6510.0  1.231254e-04
6520.0  1.064669e-04
6530.0  1.024970e-04
6540.0  1.013342e-04
6550.0  1.044189e-04
6560.0  1.127957e-04
6570.0  1.325403e-04
6580.0  1.562834e-04
6590.0  1.882378e-04
6600.0  2.265890e-04
6610.0  2.663920e-04
6620.0  2.812838e-04
6630.0  2.682169e-04
6640.0  2.399925e-04
6650.0  2.110201e-04
6660.0  1.816262e-04
6670.0  1.567358e-04
6680.0  1.449925e-04
6690.0  1.386117e-04
6700.0  1.371945e-04
6710.0  1.383096e-04
6720.0  1.533411e-04
6730.0  1.775661e-04
6740.0  2.107928e-04
6750.0  2.423007e-04
6760.0  2.726235e-04
6770.0  2.909138e-04
6780.0  2.980515e-04
6790.0  2.849709e-04
6800.0  2.542404e-04
6810.0  2.112028e-04
6820.0  1.783376e-04
6830.0  1.666625e-04
6840.0  1.609409e-04
6850.0  1.545395e-04
6860.0  1.495915e-04
6870.0  1.540537e-04
6880.0  1.624150e-04
6890.0  1.684633e-04
6900.0  1.810530e-04
6910.0  1.931521e-04
6920.0  1.945312e-04
6930.0  1.852465e-04
6940.0  1.715941e-04
6950.0  1.545055e-04
6960.0  1.324099e-04
6970.0  1.170125e-04
6980.0  1.069432e-04
6990.0  9.924154e-05
7000.0  9.208990e-05
7010.0  8.360053e-05
7020.0  7.943243e-05
7030.0  8.379003e-05
7040.0  9.683990e-05
7050.0  1.131749e-04
7060.0  1.335483e-04
7070.0  1.570048e-04
7080.0  1.866426e-04
7090.0  2.356639e-04
7100.0  3.280163e-04
7110.0  4.804229e-04
7120.0  7.103342e-04
7130.0  1.023219e-03
7140.0  1.445658e-03
7150.0  1.877045e-03
7160.0  2.135315e-03
7170.0  2.013128e-03
7180.0  1.619100e-03
7190.0  1.177836e-03
7200.0  8.303866e-04
7210.0  5.732472e-04
7220.0  3.957437e-04
7230.0  2.934016e-04
7240.0  2.145675e-04
7250.0  1.631534e-04
7260.0  1.303910e-04
7270.0  1.097521e-04
7280.0  8.860268e-05
7290.0  6.846669e-05
7300.0  6.257499e-05
7310.0  5.960188e-05
7320.0  5.629753e-05
7330.0  5.142594e-05
7340.0  5.659619e-05
7350.0  5.878689e-05
7360.0  5.302194e-05
7370.0  5.572855e-05
7380.0  6.833428e-05
7390.0  8.603081e-05
7400.0  9.456441e-05
7410.0  1.180294e-04
7420.0  1.556621e-04
7430.0  2.242612e-04
7440.0  3.342802e-04
7450.0  5.074884e-04
7460.0  7.585534e-04
7470.0  1.087201e-03
7480.0  1.428076e-03
7490.0  1.673623e-03
7500.0  1.776509e-03
7510.0  1.844444e-03
7520.0  2.158729e-03
7530.0  2.918851e-03
7540.0  3.760433e-03
7550.0  3.753598e-03
7560.0  2.659935e-03
7570.0  1.311343e-03
7580.0  5.378209e-04
7590.0  2.644536e-04
7600.0  1.506396e-04
7610.0  8.507384e-05
7620.0  5.095116e-05
7630.0  4.131557e-05
7640.0  2.867000e-05
7650.0  1.615626e-05
7660.0  1.554002e-05
7670.0  1.658900e-05
7680.0  1.627237e-05
7690.0  1.115781e-05
7700.0  1.157542e-05
7710.0  9.673368e-06
7720.0  1.218924e-05
7730.0  1.178961e-05
7740.0  5.301444e-06
7750.0  6.933726e-06
7760.0  1.003076e-05
7770.0  1.826405e-05
7780.0  7.103233e-06
7790.0  8.243821e-06
7800.0  1.152879e-05
7810.0  1.702038e-05
7820.0  9.692774e-06
7830.0  1.873213e-05
7840.0  1.875244e-05
7850.0  1.446933e-05
7860.0  1.247776e-05
7870.0  1.944510e-05
7880.0  3.022238e-05
7890.0  5.596485e-05
7900.0  1.097099e-04
7910.0  1.670396e-04
7920.0  1.938381e-04
7930.0  1.593911e-04
7940.0  1.058695e-04
7950.0  7.087292e-05
7960.0  5.211059e-05
7970.0  -8.960216e-05
7980.0  3.688100e-04
7990.0  1.072083e-03
8000.0  2.273177e-03
8010.0  1.672250e-03
8020.0  2.480650e-03
8030.0  2.219867e-03
8040.0  2.261627e-03
8050.0  4.748802e-04
8060.0  1.828344e-04
8070.0  8.299847e-04
8080.0  1.898118e-03
8090.0  2.107674e-03
8100.0  1.026083e-03
8110.0  1.302031e-03
8120.0  1.214157e-03
8130.0  1.765971e-03
8140.0  1.681946e-03
8150.0  1.878755e-03
8160.0  1.315146e-03
8170.0  1.476148e-03
8180.0  1.371648e-03
8190.0  1.104763e-03
8200.0  1.530448e-03
8210.0  2.482924e-03
8220.0  2.076475e-03
8230.0  6.194908e-04
8240.0  -3.896828e-04
8250.0  2.618639e-04
8260.0  1.643699e-03
8270.0  2.029725e-03
8280.0  9.050255e-04
8290.0  5.631771e-06
8300.0  5.876260e-04
8310.0  1.129464e-03
8320.0  1.453123e-03
8330.0  1.276033e-03
8340.0  1.244125e-03
8350.0  1.131745e-03
8360.0  1.203813e-03
8370.0  1.119189e-03
8380.0  1.399290e-03
8390.0  1.444334e-03
8400.0  1.163895e-03
8410.0  9.486900e-04
8420.0  1.138558e-03
8430.0  9.974931e-04
8440.0  8.590552e-04
8450.0  7.753727e-04
8460.0  9.671532e-04
8470.0  1.334670e-03
8480.0  1.473602e-03
8490.0  1.089431e-03
8500.0  9.482834e-04
8510.0  1.217548e-03
8520.0  1.410025e-03
8530.0  1.435725e-03
8540.0  1.668831e-03
8550.0  1.117345e-03
8560.0  6.272824e-04
8570.0  3.905354e-04
8580.0  1.008100e-03
8590.0  1.262046e-03
8600.0  1.698743e-03
8610.0  1.116725e-03
8620.0  8.916757e-04
8630.0  6.235494e-04
8640.0  1.146227e-03
8650.0  1.213385e-03
8660.0  1.351858e-03
8670.0  7.695001e-04
8680.0  9.399144e-04
8690.0  1.262400e-03
8700.0  1.513106e-03
8710.0  1.194218e-03
8720.0  1.346675e-03
8730.0  1.351018e-03
8740.0  1.170761e-03
8750.0  1.156220e-03
8760.0  1.286532e-03
8770.0  1.316955e-03
8780.0  1.235327e-03
8790.0  1.183851e-03
8800.0  1.072062e-03
8810.0  9.272723e-04
8820.0  8.985676e-04
8830.0  9.489125e-04
8840.0  8.477577e-04
8850.0  6.942403e-04
8860.0  7.756343e-04
8870.0  9.683000e-04
8880.0  8.408716e-04
8890.0  6.923689e-04
8900.0  8.862896e-04
8910.0  1.025708e-03
8920.0  9.990594e-04
8930.0  1.047805e-03
8940.0  1.164294e-03
8950.0  1.195903e-03
8960.0  1.184253e-03
8970.0  1.119573e-03
8980.0  1.095383e-03
8990.0  1.097620e-03
9000.0  1.162793e-03
9010.0  1.286599e-03
9020.0  1.328095e-03
9030.0  1.286398e-03
9040.0  1.228793e-03
9050.0  1.219333e-03
9060.0  1.079498e-03
9070.0  9.339611e-04
9080.0  9.614300e-04
9090.0  1.026507e-03
9100.0  9.420151e-04
9110.0  7.950179e-04
9120.0  8.245647e-04
9130.0  9.787504e-04
9140.0  9.390130e-04
9150.0  8.187135e-04
9160.0  6.566503e-04
9170.0  5.219453e-04
9180.0  5.397203e-04
9190.0  6.879090e-04
9200.0  7.788543e-04
9210.0  7.331456e-04
9220.0  6.945060e-04
9230.0  7.873676e-04
9240.0  9.328836e-04
9250.0  1.040645e-03
9260.0  1.051838e-03
9270.0  1.206579e-03
9280.0  1.371478e-03
9290.0  1.513424e-03
9300.0  1.549026e-03
9310.0  1.654257e-03
9320.0  1.863638e-03
9330.0  2.063697e-03
9340.0  2.161810e-03
9350.0  2.215313e-03
9360.0  2.332920e-03
9370.0  2.482608e-03
9380.0  2.601499e-03
9390.0  2.695341e-03
9400.0  2.725086e-03
9410.0  2.720053e-03
9420.0  2.718611e-03
9430.0  2.766942e-03
9440.0  2.727573e-03
9450.0  2.679264e-03
9460.0  2.616954e-03
9470.0  2.541132e-03
9480.0  2.432559e-03
9490.0  2.340892e-03
9500.0  2.235909e-03
9510.0  2.123429e-03
9520.0  2.060299e-03
9530.0  1.979425e-03
9540.0  1.857567e-03
9550.0  1.780979e-03
9560.0  1.732331e-03
9570.0  1.672476e-03
9580.0  1.612885e-03
9590.0  1.601188e-03
9600.0  1.595542e-03
9610.0  1.638587e-03
9620.0  1.744065e-03
9630.0  1.874035e-03
9640.0  1.950871e-03
9650.0  2.090199e-03
9660.0  2.299524e-03
9670.0  2.550364e-03
9680.0  2.816709e-03
9690.0  3.173288e-03
9700.0  3.673241e-03
9710.0  4.237333e-03
9720.0  4.903896e-03
9730.0  5.733548e-03
9740.0  6.761513e-03
9750.0  7.923124e-03
9760.0  9.412936e-03
9770.0  1.118596e-02
9780.0  1.328351e-02
9790.0  1.570240e-02
9800.0  1.876476e-02
9810.0  2.212434e-02
9820.0  2.610144e-02
9830.0  3.058576e-02
9840.0  3.568207e-02
9850.0  4.174380e-02
9860.0  4.810575e-02
9870.0  5.499801e-02
9880.0  6.232373e-02
9890.0  7.103612e-02
9900.0  8.012511e-02
9910.0  8.949300e-02
9920.0  1.005991e-01
9930.0  1.113246e-01
9940.0  1.220581e-01
9950.0  1.328393e-01
9960.0  1.457791e-01
9970.0  1.585401e-01
9980.0  1.714379e-01
9990.0  1.841189e-01
10000.0  1.958253e-01
10010.0  2.072214e-01
10020.0  2.187339e-01
10030.0  2.303846e-01
10040.0  2.420512e-01
10050.0  2.524678e-01
10060.0  2.620816e-01
10070.0  2.701022e-01
10080.0  2.784437e-01
10090.0  2.860083e-01
10100.0  2.932377e-01
10110.0  3.006801e-01
10120.0  3.070516e-01
10130.0  3.130007e-01
10140.0  3.181340e-01
10150.0  3.231078e-01
10160.0  3.263162e-01
10170.0  3.296185e-01
10180.0  3.335729e-01
10190.0  3.371949e-01
10200.0  3.408817e-01
10210.0  3.442411e-01
10220.0  3.469970e-01
10230.0  3.482771e-01
10240.0  3.495773e-01
10250.0  3.503257e-01
10260.0  3.508621e-01
10270.0  3.520032e-01
10280.0  3.538865e-01
10290.0  3.555681e-01
10300.0  3.567641e-01
10310.0  3.580458e-01
10320.0  3.589161e-01
10330.0  3.592314e-01
10340.0  3.604336e-01
10350.0  3.614146e-01
10360.0  3.625901e-01
10370.0  3.638244e-01
10380.0  3.646027e-01
10390.0  3.643677e-01
10400.0  3.637452e-01
10410.0  3.638188e-01
10420.0  3.641286e-01
10430.0  3.656741e-01
10440.0  3.671352e-01
10450.0  3.673797e-01
10460.0  3.674108e-01
10470.0  3.676781e-01
10480.0  3.685779e-01
10490.0  3.685398e-01
10500.0  3.681911e-01
10510.0  3.680253e-01
10520.0  3.687910e-01
10530.0  3.700753e-01
10540.0  3.702426e-01
10550.0  3.696030e-01
10560.0  3.683658e-01
10570.0  3.678901e-01
10580.0  3.679190e-01
10590.0  3.681008e-01
10600.0  3.686604e-01
10610.0  3.688355e-01
10620.0  3.690934e-01
10630.0  3.691611e-01
10640.0  3.689774e-01
10650.0  3.685307e-01
10660.0  3.685662e-01
10670.0  3.694261e-01
10680.0  3.700382e-01
10690.0  3.705445e-01
10700.0  3.697495e-01
10710.0  3.691964e-01
10720.0  3.687417e-01
10730.0  3.692440e-01
10740.0  3.700745e-01
10750.0  3.714498e-01
10760.0  3.732865e-01
10770.0  3.747391e-01
10780.0  3.759815e-01
10790.0  3.767099e-01
10800.0  3.780470e-01
10810.0  3.792175e-01
10820.0  3.798973e-01
10830.0  3.802213e-01
10840.0  3.808848e-01
10850.0  3.821570e-01
10860.0  3.834185e-01
10870.0  3.846770e-01
10880.0  3.849981e-01
10890.0  3.845543e-01
10900.0  3.840982e-01
10910.0  3.852712e-01
10920.0  3.874548e-01
10930.0  3.887352e-01
10940.0  3.891050e-01
10950.0  3.886274e-01
10960.0  3.885456e-01
10970.0  3.884936e-01
10980.0  3.891128e-01
10990.0  3.898888e-01
11000.0  3.904887e-01
11010.0  3.911972e-01
11020.0  3.916080e-01
11030.0  3.916851e-01
11040.0  3.915228e-01
11050.0  3.913503e-01
11060.0  3.914725e-01
11070.0  3.919422e-01
11080.0  3.931073e-01
11090.0  3.930846e-01
11100.0  3.929118e-01
11110.0  3.927558e-01
11120.0  3.928804e-01
11130.0  3.926225e-01
11140.0  3.926300e-01
11150.0  3.933258e-01
11160.0  3.935047e-01
11170.0  3.937677e-01
11180.0  3.939919e-01
11190.0  3.939144e-01
11200.0  3.928654e-01
11210.0  3.918399e-01
11220.0  3.915301e-01
11230.0  3.909477e-01
11240.0  3.908392e-01
11250.0  3.915700e-01
11260.0  3.921381e-01
11270.0  3.915326e-01
11280.0  3.905431e-01
11290.0  3.900060e-01
11300.0  3.903718e-01
11310.0  3.916225e-01
11320.0  3.921760e-01
11330.0  3.918174e-01
11340.0  3.913755e-01
11350.0  3.912222e-01
11360.0  3.916643e-01
11370.0  3.921834e-01
11380.0  3.927560e-01
11390.0  3.928715e-01
11400.0  3.939122e-01
11410.0  3.956288e-01
11420.0  3.974299e-01
11430.0  3.985367e-01
11440.0  3.985004e-01
11450.0  3.984845e-01
11460.0  3.991691e-01
11470.0  4.004677e-01
11480.0  4.021324e-01
11490.0  4.024619e-01
11500.0  4.027589e-01
11510.0  4.031022e-01
11520.0  4.041039e-01
11530.0  4.045462e-01
11540.0  4.049020e-01
11550.0  4.055267e-01
11560.0  4.059517e-01
11570.0  4.070471e-01
11580.0  4.080761e-01
11590.0  4.089901e-01
11600.0  4.085202e-01
11610.0  4.081672e-01
11620.0  4.083743e-01
11630.0  4.094206e-01
11640.0  4.101602e-01
11650.0  4.107239e-01
11660.0  4.108205e-01
11670.0  4.106507e-01
11680.0  4.100947e-01
11690.0  4.101937e-01
11700.0  4.099161e-01
11710.0  4.095544e-01
11720.0  4.087854e-01
11730.0  4.088917e-01
11740.0  4.083945e-01
11750.0  4.072878e-01
11760.0  4.051684e-01
11770.0  4.026684e-01
11780.0  4.003738e-01
11790.0  3.974384e-01
11800.0  3.940868e-01
11810.0  3.902115e-01
11820.0  3.850691e-01
11830.0  3.782555e-01
11840.0  3.694526e-01
11850.0  3.608312e-01
11860.0  3.510613e-01
11870.0  3.401319e-01
11880.0  3.278559e-01
11890.0  3.162622e-01
11900.0  3.051387e-01
11910.0  2.927615e-01
11920.0  2.804727e-01
11930.0  2.687221e-01
11940.0  2.582835e-01
11950.0  2.493132e-01
11960.0  2.419956e-01
11970.0  2.367065e-01
11980.0  2.348052e-01
11990.0  2.354704e-01
12000.0  2.370510e-01
12010.0  2.397377e-01
12020.0  2.448405e-01
12030.0  2.523839e-01
12040.0  2.612807e-01
12050.0  2.710077e-01
12060.0  2.823055e-01
12070.0  2.939577e-01
12080.0  3.057391e-01
12090.0  3.179211e-01
12100.0  3.315688e-01
12110.0  3.441674e-01
12120.0  3.553652e-01
12130.0  3.664033e-01
12140.0  3.761885e-01
12150.0  3.844453e-01
12160.0  3.913338e-01
12170.0  3.980249e-01
12180.0  4.042569e-01
12190.0  4.090406e-01
12200.0  4.119700e-01
12210.0  4.135831e-01
12220.0  4.151329e-01
12230.0  4.168228e-01
12240.0  4.171974e-01
12250.0  4.174958e-01
12260.0  4.177333e-01
12270.0  4.186011e-01
12280.0  4.189042e-01
12290.0  4.187677e-01
12300.0  4.180847e-01
12310.0  4.173362e-01
12320.0  4.176321e-01
12330.0  4.183438e-01
12340.0  4.188440e-01
12350.0  4.187259e-01
12360.0  4.185579e-01
12370.0  4.187889e-01
12380.0  4.186259e-01
12390.0  4.183628e-01
12400.0  4.182540e-01
12410.0  4.188356e-01
12420.0  4.196059e-01
12430.0  4.199501e-01
12440.0  4.200897e-01
12450.0  4.194067e-01
12460.0  4.193742e-01
12470.0  4.190609e-01
12480.0  4.191978e-01
12490.0  4.196244e-01
12500.0  4.202667e-01
12510.0  4.204664e-01
12520.0  4.204477e-01
12530.0  4.206780e-01
12540.0  4.202440e-01
12550.0  4.201489e-01
12560.0  4.199562e-01
12570.0  4.199211e-01
12580.0  4.200455e-01
12590.0  4.205897e-01
12600.0  4.211239e-01
12610.0  4.212839e-01
12620.0  4.212133e-01
12630.0  4.209160e-01
12640.0  4.209398e-01
12650.0  4.215351e-01
12660.0  4.220948e-01
12670.0  4.225954e-01
12680.0  4.222916e-01
12690.0  4.217037e-01
12700.0  4.211456e-01
12710.0  4.213433e-01
12720.0  4.214198e-01
12730.0  4.213578e-01
12740.0  4.213665e-01
12750.0  4.214718e-01
12760.0  4.215581e-01
12770.0  4.218233e-01
12780.0  4.217025e-01
12790.0  4.209361e-01
12800.0  4.202461e-01
12810.0  4.206164e-01
12820.0  4.210717e-01
12830.0  4.215758e-01
12840.0  4.216822e-01
12850.0  4.218338e-01
12860.0  4.213081e-01
12870.0  4.206599e-01
12880.0  4.202756e-01
12890.0  4.201280e-01
12900.0  4.197848e-01
12910.0  4.194572e-01
12920.0  4.197301e-01
12930.0  4.198929e-01
12940.0  4.195064e-01
12950.0  4.182874e-01
12960.0  4.172576e-01
12970.0  4.180281e-01
12980.0  4.199057e-01
12990.0  4.218527e-01
13000.0  4.220611e-01
13010.0  4.216395e-01
13020.0  4.203686e-01
13030.0  4.198631e-01
13040.0  4.195442e-01
13050.0  4.199555e-01
13060.0  4.200138e-01
13070.0  4.201952e-01
13080.0  4.201080e-01
13090.0  4.206569e-01
13100.0  4.208464e-01
13110.0  4.215581e-01
13120.0  4.219623e-01
13130.0  4.223469e-01
13140.0  4.227600e-01
13150.0  4.240844e-01
13160.0  4.250538e-01
13170.0  4.250688e-01
13180.0  4.246364e-01
13190.0  4.252607e-01
13200.0  4.260131e-01
13210.0  4.262257e-01
13220.0  4.255077e-01
13230.0  4.258944e-01
13240.0  4.269220e-01
13250.0  4.278569e-01
13260.0  4.277005e-01
13270.0  4.271235e-01
13280.0  4.265559e-01
13290.0  4.262818e-01
13300.0  4.270558e-01
13310.0  4.280925e-01
13320.0  4.288657e-01
13330.0  4.286018e-01
13340.0  4.278850e-01
13350.0  4.270658e-01
13360.0  4.272429e-01
13370.0  4.282393e-01
13380.0  4.288830e-01
13390.0  4.289904e-01
13400.0  4.291940e-01
13410.0  4.297138e-01
13420.0  4.303082e-01
13430.0  4.305158e-01
13440.0  4.303854e-01
13450.0  4.301289e-01
13460.0  4.301804e-01
13470.0  4.306577e-01
13480.0  4.319101e-01
13490.0  4.327613e-01
13500.0  4.322279e-01
13510.0  4.312113e-01
13520.0  4.307430e-01
13530.0  4.310223e-01
13540.0  4.324163e-01
13550.0  4.332559e-01
13560.0  4.330394e-01
13570.0  4.328027e-01
13580.0  4.333502e-01
13590.0  4.329724e-01
13600.0  4.318660e-01
13610.0  4.312165e-01
13620.0  4.318794e-01
13630.0  4.328521e-01
13640.0  4.335496e-01
13650.0  4.331304e-01
13660.0  4.321297e-01
13670.0  4.302009e-01
13680.0  4.289604e-01
13690.0  4.286688e-01
13700.0  4.293224e-01
13710.0  4.294003e-01
13720.0  4.284173e-01
13730.0  4.264590e-01
13740.0  4.243302e-01
13750.0  4.231320e-01
13760.0  4.226200e-01
13770.0  4.218870e-01
13780.0  4.204129e-01
13790.0  4.190770e-01
13800.0  4.183132e-01
13810.0  4.172663e-01
13820.0  4.161075e-01
13830.0  4.147923e-01
13840.0  4.135121e-01
13850.0  4.131228e-01
13860.0  4.137036e-01
13870.0  4.141404e-01
13880.0  4.135717e-01
13890.0  4.131619e-01
13900.0  4.131601e-01
13910.0  4.136660e-01
13920.0  4.136451e-01
13930.0  4.144816e-01
13940.0  4.157211e-01
13950.0  4.169935e-01
13960.0  4.168995e-01
13970.0  4.170583e-01
13980.0  4.177445e-01
13990.0  4.185388e-01
14000.0  4.191896e-01
14010.0  4.200830e-01
14020.0  4.208489e-01
14030.0  4.212687e-01
14040.0  4.218728e-01
14050.0  4.222833e-01
14060.0  4.219380e-01
14070.0  4.221092e-01
14080.0  4.230642e-01
14090.0  4.242512e-01
14100.0  4.249290e-01
14110.0  4.260374e-01
14120.0  4.273489e-01
14130.0  4.282050e-01
14140.0  4.285726e-01
14150.0  4.282929e-01
14160.0  4.288319e-01
14170.0  4.301749e-01
14180.0  4.313052e-01
14190.0  4.313926e-01
14200.0  4.304247e-01
14210.0  4.297857e-01
14220.0  4.285434e-01
14230.0  4.275005e-01
14240.0  4.256115e-01
14250.0  4.238006e-01
14260.0  4.217840e-01
14270.0  4.193149e-01
14280.0  4.157632e-01
14290.0  4.116095e-01
14300.0  4.076673e-01
14310.0  4.027581e-01
14320.0  3.971882e-01
14330.0  3.916817e-01
14340.0  3.859720e-01
14350.0  3.795983e-01
14360.0  3.721781e-01
14370.0  3.660523e-01
14380.0  3.586054e-01
14390.0  3.501392e-01
14400.0  3.404975e-01
14410.0  3.324377e-01
14420.0  3.247171e-01
14430.0  3.160674e-01
14440.0  3.068728e-01
14450.0  2.979415e-01
14460.0  2.891798e-01
14470.0  2.814654e-01
14480.0  2.745294e-01
14490.0  2.688450e-01
14500.0  2.631148e-01
14510.0  2.584664e-01
14520.0  2.542930e-01
14530.0  2.506317e-01
14540.0  2.484859e-01
14550.0  2.480603e-01
14560.0  2.491201e-01
14570.0  2.506777e-01
14580.0  2.537684e-01
14590.0  2.585039e-01
14600.0  2.646793e-01
14610.0  2.714240e-01
14620.0  2.786636e-01
14630.0  2.872580e-01
14640.0  2.970002e-01
14650.0  3.090779e-01
14660.0  3.210102e-01
14670.0  3.331979e-01
14680.0  3.430591e-01
14690.0  3.537178e-01
14700.0  3.643266e-01
14710.0  3.755938e-01
14720.0  3.871268e-01
14730.0  3.975312e-01
14740.0  4.076498e-01
14750.0  4.151960e-01
14760.0  4.228683e-01
14770.0  4.283190e-01
14780.0  4.333170e-01
14790.0  4.372420e-01
14800.0  4.416051e-01
14810.0  4.448309e-01
14820.0  4.474676e-01
14830.0  4.497887e-01
14840.0  4.517487e-01
14850.0  4.519109e-01
14860.0  4.518266e-01
14870.0  4.511246e-01
14880.0  4.516580e-01
14890.0  4.523523e-01
14900.0  4.537888e-01
14910.0  4.544355e-01
14920.0  4.545318e-01
14930.0  4.539944e-01
14940.0  4.527908e-01
14950.0  4.520433e-01
14960.0  4.516210e-01
14970.0  4.527572e-01
14980.0  4.533269e-01
14990.0  4.539645e-01
15000.0  4.534758e-01
15010.0  4.534637e-01
15020.0  4.533486e-01
15030.0  4.530973e-01
15040.0  4.531081e-01
15050.0  4.541308e-01
15060.0  4.555352e-01
15070.0  4.556793e-01
15080.0  4.561285e-01
15090.0  4.565745e-01
15100.0  4.565380e-01
15110.0  4.566260e-01
15120.0  4.568733e-01
15130.0  4.575535e-01
15140.0  4.582080e-01
15150.0  4.588607e-01
15160.0  4.595307e-01
15170.0  4.598965e-01
15180.0  4.597474e-01
15190.0  4.584123e-01
15200.0  4.577110e-01
15210.0  4.574975e-01
15220.0  4.580175e-01
15230.0  4.595773e-01
15240.0  4.606913e-01
15250.0  4.603988e-01
15260.0  4.602258e-01
15270.0  4.602678e-01
15280.0  4.614501e-01
15290.0  4.616627e-01
15300.0  4.623866e-01
15310.0  4.623510e-01
15320.0  4.630988e-01
15330.0  4.631235e-01
15340.0  4.626287e-01
15350.0  4.623287e-01
15360.0  4.621704e-01
15370.0  4.626330e-01
15380.0  4.635221e-01
15390.0  4.643644e-01
15400.0  4.644180e-01
15410.0  4.640626e-01
15420.0  4.635754e-01
15430.0  4.621341e-01
15440.0  4.612994e-01
15450.0  4.610486e-01
15460.0  4.624574e-01
15470.0  4.627541e-01
15480.0  4.633085e-01
15490.0  4.630996e-01
15500.0  4.628053e-01
15510.0  4.620432e-01
15520.0  4.620921e-01
15530.0  4.628187e-01
15540.0  4.631374e-01
15550.0  4.641329e-01
15560.0  4.649591e-01
15570.0  4.647141e-01
15580.0  4.633446e-01
15590.0  4.621964e-01
15600.0  4.622826e-01
15610.0  4.628869e-01
15620.0  4.635072e-01
15630.0  4.641655e-01
15640.0  4.651980e-01
15650.0  4.651332e-01
15660.0  4.633725e-01
15670.0  4.621441e-01
15680.0  4.617280e-01
15690.0  4.619729e-01
15700.0  4.621467e-01
15710.0  4.624857e-01
15720.0  4.632157e-01
15730.0  4.632506e-01
15740.0  4.627383e-01
15750.0  4.617578e-01
15760.0  4.615843e-01
15770.0  4.617481e-01
15780.0  4.622130e-01
15790.0  4.630592e-01
15800.0  4.638844e-01
15810.0  4.644186e-01
15820.0  4.624789e-01
15830.0  4.611217e-01
15840.0  4.612624e-01
15850.0  4.624412e-01
15860.0  4.616325e-01
15870.0  4.609326e-01
15880.0  4.610088e-01
15890.0  4.604856e-01
15900.0  4.599711e-01
15910.0  4.589107e-01
15920.0  4.590657e-01
15930.0  4.592829e-01
15940.0  4.596177e-01
15950.0  4.596278e-01
15960.0  4.597175e-01
15970.0  4.605647e-01
15980.0  4.599263e-01
15990.0  4.594212e-01
16000.0  4.590016e-01
16010.0  4.594177e-01
16020.0  4.606573e-01
16030.0  4.625460e-01
16040.0  4.644321e-01
16050.0  4.636214e-01
16060.0  4.626145e-01
16070.0  4.615686e-01
16080.0  4.613246e-01
16090.0  4.615828e-01
16100.0  4.624765e-01
16110.0  4.630816e-01
16120.0  4.622203e-01
16130.0  4.625340e-01
16140.0  4.633957e-01
16150.0  4.634259e-01
16160.0  4.620500e-01
16170.0  4.615176e-01
16180.0  4.623503e-01
16190.0  4.638448e-01
16200.0  4.648035e-01
16210.0  4.649521e-01
16220.0  4.639301e-01
16230.0  4.631076e-01
16240.0  4.624492e-01
16250.0  4.638553e-01
16260.0  4.658336e-01
16270.0  4.675051e-01
16280.0  4.673968e-01
16290.0  4.684173e-01
16300.0  4.682976e-01
16310.0  4.661156e-01
16320.0  4.645082e-01
16330.0  4.647645e-01
16340.0  4.661584e-01
16350.0  4.670110e-01
16360.0  4.685819e-01
16370.0  4.682752e-01
16380.0  4.676298e-01
16390.0  4.663872e-01
16400.0  4.665213e-01
16410.0  4.672746e-01
16420.0  4.680474e-01
16430.0  4.675028e-01
16440.0  4.673807e-01
16450.0  4.670451e-01
16460.0  4.670036e-01
16470.0  4.664856e-01
16480.0  4.665685e-01
16490.0  4.656434e-01
16500.0  4.660051e-01
16510.0  4.671291e-01
16520.0  4.684876e-01
16530.0  4.682699e-01
16540.0  4.670106e-01
16550.0  4.663406e-01
16560.0  4.658918e-01
16570.0  4.656643e-01
16580.0  4.654900e-01
16590.0  4.662885e-01
16600.0  4.667603e-01
16610.0  4.661607e-01
16620.0  4.653028e-01
16630.0  4.648782e-01
16640.0  4.635485e-01
16650.0  4.626881e-01
16660.0  4.623681e-01
16670.0  4.629174e-01
16680.0  4.622725e-01
16690.0  4.616347e-01
16700.0  4.597149e-01
16710.0  4.578101e-01
16720.0  4.557092e-01
16730.0  4.559371e-01
16740.0  4.578347e-01
16750.0  4.597010e-01
16760.0  4.610095e-01
16770.0  4.613533e-01
16780.0  4.615180e-01
16790.0  4.621087e-01
16800.0  4.640781e-01
16810.0  4.644187e-01
16820.0  4.639217e-01
16830.0  4.649403e-01
16840.0  4.666345e-01
16850.0  4.686022e-01
16860.0  4.688657e-01
16870.0  4.682692e-01
16880.0  4.675426e-01
16890.0  4.684572e-01
16900.0  4.682878e-01
16910.0  4.689014e-01
16920.0  4.695655e-01
16930.0  4.708306e-01
16940.0  4.703316e-01
16950.0  4.699896e-01
16960.0  4.683523e-01
16970.0  4.683863e-01
16980.0  4.680767e-01
16990.0  4.684134e-01
17000.0  4.687734e-01
17010.0  4.699853e-01
17020.0  4.697068e-01
17030.0  4.680468e-01
17040.0  4.661899e-01
17050.0  4.651156e-01
17060.0  4.652620e-01
17070.0  4.654586e-01
17080.0  4.654616e-01
17090.0  4.653406e-01
17100.0  4.645105e-01
17110.0  4.639080e-01
17120.0  4.628303e-01
17130.0  4.616249e-01
17140.0  4.608771e-01
17150.0  4.612353e-01
17160.0  4.620504e-01
17170.0  4.623363e-01
17180.0  4.637473e-01
17190.0  4.638404e-01
17200.0  4.635758e-01
17210.0  4.623995e-01
17220.0  4.634712e-01
17230.0  4.644555e-01
17240.0  4.653111e-01
17250.0  4.665998e-01
17260.0  4.684010e-01
17270.0  4.697330e-01
17280.0  4.682563e-01
17290.0  4.669408e-01
17300.0  4.657474e-01
17310.0  4.663736e-01
17320.0  4.669768e-01
17330.0  4.676919e-01
17340.0  4.678212e-01
17350.0  4.673266e-01
17360.0  4.670329e-01
17370.0  4.670547e-01
17380.0  4.677481e-01
17390.0  4.682867e-01
17400.0  4.688898e-01
17410.0  4.690523e-01
17420.0  4.695137e-01
17430.0  4.705535e-01
17440.0  4.703606e-01
17450.0  4.697044e-01
17460.0  4.690878e-01
17470.0  4.691406e-01
17480.0  4.693060e-01
17490.0  4.704497e-01
17500.0  4.723787e-01
17510.0  4.727454e-01
17520.0  4.715655e-01
17530.0  4.706958e-01
17540.0  4.701329e-01
17550.0  4.706197e-01
17560.0  4.709957e-01
17570.0  4.719411e-01
17580.0  4.713841e-01
17590.0  4.716110e-01
17600.0  4.714710e-01
17610.0  4.705884e-01
17620.0  4.691821e-01
17630.0  4.689681e-01
17640.0  4.698045e-01
17650.0  4.708464e-01
17660.0  4.715462e-01
17670.0  4.717565e-01
17680.0  4.703496e-01
17690.0  4.692931e-01
17700.0  4.681732e-01
17710.0  4.687110e-01
17720.0  4.688259e-01
17730.0  4.682945e-01
17740.0  4.688006e-01
17750.0  4.711083e-01
17760.0  4.758002e-01
17770.0  4.739534e-01
17780.0  4.702453e-01
17790.0  4.671832e-01
17800.0  4.694663e-01
17810.0  4.707416e-01
17820.0  4.722149e-01
17830.0  4.734643e-01
17840.0  4.735782e-01
17850.0  4.724944e-01
17860.0  4.718918e-01
17870.0  4.723474e-01
17880.0  4.732234e-01
17890.0  4.741816e-01
17900.0  4.747854e-01
17910.0  4.749374e-01
17920.0  4.743541e-01
17930.0  4.731530e-01
17940.0  4.724773e-01
17950.0  4.724594e-01
17960.0  4.718634e-01
17970.0  4.719056e-01
17980.0  4.729386e-01
17990.0  4.747069e-01
18000.0  4.747954e-01
18010.0  4.746781e-01
18020.0  4.744243e-01
18030.0  4.741293e-01
18040.0  4.741199e-01
18050.0  4.744939e-01
18060.0  4.757629e-01
18070.0  4.760890e-01
18080.0  4.763876e-01
18090.0  4.760324e-01
18100.0  4.758945e-01
18110.0  4.756530e-01
18120.0  4.757569e-01
18130.0  4.766958e-01
18140.0  4.781533e-01
18150.0  4.791010e-01
18160.0  4.789220e-01
18170.0  4.784561e-01
18180.0  4.773569e-01
18190.0  4.757576e-01
18200.0  4.746807e-01
18210.0  4.746890e-01
18220.0  4.755378e-01
18230.0  4.759432e-01
18240.0  4.762193e-01
18250.0  4.758582e-01
18260.0  4.752354e-01
18270.0  4.743586e-01
18280.0  4.741769e-01
18290.0  4.740614e-01
18300.0  4.745660e-01
18310.0  4.754845e-01
18320.0  4.767895e-01
18330.0  4.765677e-01
18340.0  4.757139e-01
18350.0  4.753482e-01
18360.0  4.754262e-01
18370.0  4.755866e-01
18380.0  4.762647e-01
18390.0  4.783157e-01
18400.0  4.786584e-01
18410.0  4.776801e-01
18420.0  4.758844e-01
18430.0  4.749152e-01
18440.0  4.747571e-01
18450.0  4.757406e-01
18460.0  4.770883e-01
18470.0  4.775932e-01
18480.0  4.777618e-01
18490.0  4.769397e-01
18500.0  4.760816e-01
18510.0  4.750524e-01
18520.0  4.747272e-01
18530.0  4.750620e-01
18540.0  4.759640e-01
18550.0  4.768830e-01
18560.0  4.766229e-01
18570.0  4.757148e-01
18580.0  4.745330e-01
18590.0  4.742541e-01
18600.0  4.742189e-01
18610.0  4.740351e-01
18620.0  4.749310e-01
18630.0  4.761366e-01
18640.0  4.775918e-01
18650.0  4.774688e-01
18660.0  4.763484e-01
18670.0  4.748238e-01
18680.0  4.747028e-01
18690.0  4.764696e-01
18700.0  4.772522e-01
18710.0  4.776644e-01
18720.0  4.774333e-01
18730.0  4.786178e-01
18740.0  4.789576e-01
18750.0  4.789565e-01
18760.0  4.783928e-01
18770.0  4.788076e-01
18780.0  4.794450e-01
18790.0  4.802800e-01
18800.0  4.808631e-01
18810.0  4.800015e-01
18820.0  4.780164e-01
18830.0  4.764714e-01
18840.0  4.759837e-01
18850.0  4.766903e-01
18860.0  4.775266e-01
18870.0  4.783326e-01
18880.0  4.780895e-01
18890.0  4.777744e-01
18900.0  4.768404e-01
18910.0  4.757987e-01
18920.0  4.755396e-01
18930.0  4.754229e-01
18940.0  4.755165e-01
18950.0  4.760050e-01
18960.0  4.771355e-01
18970.0  4.779249e-01
18980.0  4.770924e-01
18990.0  4.760020e-01
19000.0  4.752508e-01
19010.0  4.762098e-01
19020.0  4.766738e-01
19030.0  4.767933e-01
19040.0  4.769823e-01
19050.0  4.770343e-01
19060.0  4.761953e-01
19070.0  4.749214e-01
19080.0  4.749332e-01
19090.0  4.759164e-01
19100.0  4.772009e-01
19110.0  4.783268e-01
19120.0  4.784362e-01
19130.0  4.786688e-01
19140.0  4.779569e-01
19150.0  4.770038e-01
19160.0  4.755628e-01
19170.0  4.753338e-01
19180.0  4.765648e-01
19190.0  4.772350e-01
19200.0  4.776075e-01
19210.0  4.769125e-01
19220.0  4.768118e-01
19230.0  4.760334e-01
19240.0  4.752120e-01
19250.0  4.742700e-01
19260.0  4.740010e-01
19270.0  4.745384e-01
19280.0  4.749021e-01
19290.0  4.749424e-01
19300.0  4.744141e-01
19310.0  4.735033e-01
19320.0  4.720867e-01
19330.0  4.706604e-01
19340.0  4.711648e-01
19350.0  4.723106e-01
19360.0  4.735020e-01
19370.0  4.733218e-01
19380.0  4.735683e-01
19390.0  4.731093e-01
19400.0  4.728707e-01
19410.0  4.727347e-01
19420.0  4.734558e-01
19430.0  4.749648e-01
19440.0  4.762761e-01
19450.0  4.773579e-01
19460.0  4.776789e-01
19470.0  4.773103e-01
19480.0  4.761245e-01
19490.0  4.751723e-01
19500.0  4.756224e-01
19510.0  4.769288e-01
19520.0  4.779659e-01
19530.0  4.780034e-01
19540.0  4.779502e-01
19550.0  4.777725e-01
19560.0  4.774586e-01
19570.0  4.772583e-01
19580.0  4.773047e-01
19590.0  4.773779e-01
19600.0  4.777748e-01
19610.0  4.778923e-01
19620.0  4.782676e-01
19630.0  4.780618e-01
19640.0  4.778905e-01
19650.0  4.771259e-01
19660.0  4.776018e-01
19670.0  4.787374e-01
19680.0  4.789779e-01
19690.0  4.785281e-01
19700.0  4.775603e-01
19710.0  4.777119e-01
19720.0  4.773631e-01
19730.0  4.775982e-01
19740.0  4.772673e-01
19750.0  4.776453e-01
19760.0  4.780909e-01
19770.0  4.785429e-01
19780.0  4.792574e-01
19790.0  4.795191e-01
19800.0  4.794520e-01
19810.0  4.787249e-01
19820.0  4.786315e-01
19830.0  4.790323e-01
19840.0  4.794067e-01
19850.0  4.801743e-01
19860.0  4.807118e-01
19870.0  4.815255e-01
19880.0  4.811848e-01
19890.0  4.809525e-01
19900.0  4.805017e-01
19910.0  4.807609e-01
19920.0  4.808822e-01
19930.0  4.801836e-01
19940.0  4.788435e-01
19950.0  4.763178e-01
19960.0  4.735679e-01
19970.0  4.710074e-01
19980.0  4.727782e-01
19990.0  4.752139e-01
20000.0  4.768525e-01
20010.0  4.769062e-01
20020.0  4.769892e-01
20030.0  4.767818e-01
20040.0  4.762572e-01
20050.0  4.768602e-01
20060.0  4.771923e-01
20070.0  4.784290e-01
20080.0  4.787600e-01
20090.0  4.786261e-01
20100.0  4.780685e-01
20110.0  4.772489e-01
20120.0  4.770310e-01
20130.0  4.773336e-01
20140.0  4.781090e-01
20150.0  4.777271e-01
20160.0  4.774005e-01
20170.0  4.776758e-01
20180.0  4.778725e-01
20190.0  4.772955e-01
20200.0  4.760821e-01
20210.0  4.762791e-01
20220.0  4.779296e-01
20230.0  4.789204e-01
20240.0  4.782201e-01
20250.0  4.768845e-01
20260.0  4.768131e-01
20270.0  4.764622e-01
20280.0  4.761916e-01
20290.0  4.756246e-01
20300.0  4.766196e-01
20310.0  4.779574e-01
20320.0  4.784870e-01
20330.0  4.777159e-01
20340.0  4.769790e-01
20350.0  4.771190e-01
20360.0  4.771137e-01
20370.0  4.768956e-01
20380.0  4.769629e-01
20390.0  4.766823e-01
20400.0  4.757769e-01
20410.0  4.746012e-01
20420.0  4.741366e-01
20430.0  4.742732e-01
20440.0  4.742118e-01
20450.0  4.740770e-01
20460.0  4.735399e-01
20470.0  4.738077e-01
20480.0  4.737308e-01
20490.0  4.735244e-01
20500.0  4.732352e-01
20510.0  4.726559e-01
20520.0  4.719689e-01
20530.0  4.709570e-01
20540.0  4.717575e-01
20550.0  4.723055e-01
20560.0  4.733407e-01
20570.0  4.737260e-01
20580.0  4.748673e-01
20590.0  4.753494e-01
20600.0  4.747601e-01
20610.0  4.743591e-01
20620.0  4.744147e-01
20630.0  4.759443e-01
20640.0  4.762257e-01
20650.0  4.760571e-01
20660.0  4.756493e-01
20670.0  4.750090e-01
20680.0  4.751084e-01
20690.0  4.749125e-01
20700.0  4.760821e-01
20710.0  4.770617e-01
20720.0  4.789156e-01
20730.0  4.795166e-01
20740.0  4.798659e-01
20750.0  4.808981e-01
20760.0  4.810546e-01
20770.0  4.801178e-01
20780.0  4.785734e-01
20790.0  4.793413e-01
20800.0  4.810411e-01
20810.0  4.821351e-01
20820.0  4.825382e-01
20830.0  4.825953e-01
20840.0  4.833400e-01
20850.0  4.826008e-01
20860.0  4.831761e-01
20870.0  4.833854e-01
20880.0  4.846086e-01
20890.0  4.833345e-01
20900.0  4.817073e-01
20910.0  4.806469e-01
20920.0  4.813292e-01
20930.0  4.824351e-01
20940.0  4.818299e-01
20950.0  4.807368e-01
20960.0  4.804033e-01
20970.0  4.817415e-01
20980.0  4.829475e-01
20990.0  4.829061e-01
21000.0  4.821697e-01
21010.0  4.818371e-01
21020.0  4.816732e-01
21030.0  4.812167e-01
21040.0  4.808395e-01
21050.0  4.817349e-01
21060.0  4.823522e-01
21070.0  4.824163e-01
21080.0  4.821965e-01
21090.0  4.827631e-01
21100.0  4.834533e-01
21110.0  4.826661e-01
21120.0  4.816629e-01
21130.0  4.819722e-01
21140.0  4.831217e-01
21150.0  4.828787e-01
21160.0  4.825042e-01
21170.0  4.825995e-01
21180.0  4.831694e-01
21190.0  4.838994e-01
21200.0  4.847295e-01
21210.0  4.854703e-01
21220.0  4.853578e-01
21230.0  4.845780e-01
21240.0  4.842831e-01
21250.0  4.853498e-01
21260.0  4.866977e-01
21270.0  4.859898e-01
21280.0  4.847873e-01
21290.0  4.841550e-01
21300.0  4.852643e-01
21310.0  4.862220e-01
21320.0  4.859885e-01
21330.0  4.851153e-01
21340.0  4.837874e-01
21350.0  4.837330e-01
21360.0  4.833301e-01
21370.0  4.828904e-01
21380.0  4.816972e-01
21390.0  4.805297e-01
21400.0  4.792155e-01
21410.0  4.783309e-01
21420.0  4.787718e-01
21430.0  4.786574e-01
21440.0  4.783792e-01
21450.0  4.773700e-01
21460.0  4.773393e-01
21470.0  4.775372e-01
21480.0  4.779101e-01
21490.0  4.781360e-01
21500.0  4.777384e-01
21510.0  4.768908e-01
21520.0  4.754610e-01
21530.0  4.746981e-01
21540.0  4.744566e-01
21550.0  4.746939e-01
21560.0  4.752760e-01
21570.0  4.743741e-01
21580.0  4.735919e-01
21590.0  4.739504e-01
21600.0  4.747741e-01
21610.0  4.743774e-01
21620.0  4.733565e-01
21630.0  4.733138e-01
21640.0  4.723112e-01
21650.0  4.708306e-01
21660.0  4.694014e-01
21670.0  4.695628e-01
21680.0  4.699056e-01
21690.0  4.690153e-01
21700.0  4.681179e-01
21710.0  4.675751e-01
21720.0  4.677868e-01
21730.0  4.675848e-01
21740.0  4.675780e-01
21750.0  4.667555e-01
21760.0  4.646777e-01
21770.0  4.622158e-01
21780.0  4.597498e-01
21790.0  4.580870e-01
21800.0  4.562511e-01
21810.0  4.549004e-01
21820.0  4.540129e-01
21830.0  4.528310e-01
21840.0  4.504696e-01
21850.0  4.471124e-01
21860.0  4.445391e-01
21870.0  4.415209e-01
21880.0  4.401823e-01
21890.0  4.374546e-01
21900.0  4.360845e-01
21910.0  4.327563e-01
21920.0  4.308417e-01
21930.0  4.275848e-01
21940.0  4.252561e-01
21950.0  4.218607e-01
21960.0  4.194102e-01
21970.0  4.165187e-01
21980.0  4.130893e-01
21990.0  4.093390e-01
22000.0  4.067726e-01
22010.0  4.034041e-01
22020.0  3.994855e-01
22030.0  3.950842e-01
22040.0  3.918453e-01
22050.0  3.894505e-01
22060.0  3.878360e-01
22070.0  3.859139e-01
22080.0  3.834592e-01
22090.0  3.806818e-01
22100.0  3.782894e-01
22110.0  3.771640e-01
22120.0  3.772309e-01
22130.0  3.774149e-01
22140.0  3.770284e-01
22150.0  3.761861e-01
22160.0  3.764127e-01
22170.0  3.775202e-01
22180.0  3.788415e-01
22190.0  3.795857e-01
22200.0  3.806151e-01
22210.0  3.819936e-01
22220.0  3.829259e-01
22230.0  3.846354e-01
22240.0  3.863906e-01
22250.0  3.876498e-01
22260.0  3.877802e-01
22270.0  3.882114e-01
22280.0  3.889321e-01
22290.0  3.902056e-01
22300.0  3.916607e-01
22310.0  3.923913e-01
22320.0  3.928078e-01
22330.0  3.937278e-01
22340.0  3.948415e-01
22350.0  3.956841e-01
22360.0  3.964097e-01
22370.0  3.968308e-01
22380.0  3.971232e-01
22390.0  3.982589e-01
22400.0  3.995685e-01
22410.0  3.993006e-01
22420.0  3.980711e-01
22430.0  3.975757e-01
22440.0  3.988529e-01
22450.0  4.005773e-01
22460.0  4.019109e-01
22470.0  4.021545e-01
22480.0  4.011179e-01
22490.0  4.008732e-01
22500.0  4.013246e-01
22510.0  4.025927e-01
22520.0  4.025229e-01
22530.0  4.020680e-01
22540.0  4.018114e-01
22550.0  4.024469e-01
22560.0  4.034889e-01
22570.0  4.034655e-01
22580.0  4.034528e-01
22590.0  4.034333e-01
22600.0  4.038810e-01
22610.0  4.040737e-01
22620.0  4.049849e-01
22630.0  4.051924e-01
22640.0  4.047026e-01
22650.0  4.041799e-01
22660.0  4.050890e-01
22670.0  4.060651e-01
22680.0  4.069678e-01
22690.0  4.083863e-01
22700.0  4.108489e-01
22710.0  4.135547e-01
22720.0  4.164687e-01
22730.0  4.183984e-01
22740.0  4.198408e-01
22750.0  4.213058e-01
22760.0  4.233570e-01
22770.0  4.254590e-01
22780.0  4.270248e-01
22790.0  4.284256e-01
22800.0  4.291902e-01
22810.0  4.302440e-01
22820.0  4.321090e-01
22830.0  4.349630e-01
22840.0  4.373794e-01
22850.0  4.380677e-01
22860.0  4.387031e-01
22870.0  4.398309e-01
22880.0  4.417529e-01
22890.0  4.432558e-01
22900.0  4.444570e-01
22910.0  4.448978e-01
22920.0  4.451574e-01
22930.0  4.463772e-01
22940.0  4.485979e-01
22950.0  4.507663e-01
22960.0  4.513851e-01
22970.0  4.516822e-01
22980.0  4.522627e-01
22990.0  4.542316e-01
23000.0  4.562576e-01
23010.0  4.570444e-01
23020.0  4.573054e-01
23030.0  4.584266e-01
23040.0  4.612944e-01
23050.0  4.641765e-01
23060.0  4.664799e-01
23070.0  4.676833e-01
23080.0  4.696724e-01
23090.0  4.727523e-01
23100.0  4.752922e-01
23110.0  4.772138e-01
23120.0  4.787796e-01
23130.0  4.790952e-01
23140.0  4.787562e-01
23150.0  4.786487e-01
23160.0  4.807320e-01
23170.0  4.825924e-01
23180.0  4.837388e-01
23190.0  4.837822e-01
23200.0  4.840885e-01
23210.0  4.849260e-01
23220.0  4.868268e-01
23230.0  4.882811e-01
23240.0  4.879261e-01
23250.0  4.873339e-01
23260.0  4.874763e-01
23270.0  4.876099e-01
23280.0  4.888332e-01
23290.0  4.893928e-01
23300.0  4.898326e-01
23310.0  4.888088e-01
23320.0  4.903737e-01
23330.0  4.926661e-01
23340.0  4.939215e-01
23350.0  4.931924e-01
23360.0  4.925900e-01
23370.0  4.926594e-01
23380.0  4.929414e-01
23390.0  4.934559e-01
23400.0  4.932977e-01
23410.0  4.930732e-01
23420.0  4.930318e-01
23430.0  4.927564e-01
23440.0  4.932565e-01
23450.0  4.928364e-01
23460.0  4.929696e-01
23470.0  4.930020e-01
23480.0  4.946179e-01
23490.0  4.963359e-01
23500.0  4.971053e-01
23510.0  4.977397e-01
23520.0  4.975888e-01
23530.0  4.986000e-01
23540.0  4.994129e-01
23550.0  5.008764e-01
23560.0  5.018581e-01
23570.0  5.022222e-01
23580.0  5.029683e-01
23590.0  5.038346e-01
23600.0  5.056430e-01
23610.0  5.055665e-01
23620.0  5.051819e-01
23630.0  5.037453e-01
23640.0  5.036451e-01
23650.0  5.046840e-01
23660.0  5.058102e-01
23670.0  5.067120e-01
23680.0  5.064770e-01
23690.0  5.059687e-01
23700.0  5.058449e-01
23710.0  5.064772e-01
23720.0  5.071366e-01
23730.0  5.063137e-01
23740.0  5.056646e-01
23750.0  5.057692e-01
23760.0  5.068167e-01
23770.0  5.066804e-01
23780.0  5.064950e-01
23790.0  5.056950e-01
23800.0  5.044538e-01
23810.0  0.000000e+00
23820.0  0.000000e+00
