# from http://www.stsci.edu/jwst/instruments/nircam/instrumentdesign/filters
# Retrieved Jan 18, 2017, dated Feb 5, 2016 (pre-flight)
# Uses modA or modB  filters+DBS+QE+OTE (nrc_plus_ote)
# Units of transmission are PCE (photon to electron conversion efficiency)
# 
5505.0  7.142731e-13
5515.0  8.039010e-13
5525.0  9.671296e-11
5535.0  2.797987e-10
5545.0  1.065675e-12
5555.0  1.133501e-12
5565.0  5.216868e-10
5575.0  1.044345e-09
5585.0  7.560712e-10
5595.0  6.793585e-10
5605.0  2.758241e-10
5615.0  1.177000e-10
5625.0  2.347261e-10
5635.0  1.188747e-12
5645.0  1.467231e-12
5655.0  1.793710e-12
5665.0  2.096601e-12
5675.0  4.424527e-10
5685.0  2.566195e-12
5695.0  2.737522e-12
5705.0  7.870698e-10
5715.0  4.377939e-09
5725.0  2.498493e-09
5735.0  4.674732e-09
5745.0  5.479014e-09
5755.0  4.624919e-09
5765.0  4.581349e-09
5775.0  2.557563e-12
5785.0  2.403678e-12
5795.0  2.332140e-12
5805.0  2.429785e-12
5815.0  1.199346e-09
5825.0  1.943980e-09
5835.0  5.846376e-10
5845.0  4.396769e-12
5855.0  1.199940e-09
5865.0  4.278860e-09
5875.0  1.202531e-08
5885.0  1.043676e-09
5895.0  6.956457e-09
5905.0  3.764424e-09
5915.0  3.845790e-09
5925.0  4.890071e-09
5935.0  8.821834e-12
5945.0  9.125156e-12
5955.0  3.417110e-09
5965.0  9.543852e-12
5975.0  7.965743e-10
5985.0  1.240025e-08
5995.0  9.945410e-12
6005.0  1.858750e-08
6015.0  1.978617e-09
6025.0  7.737931e-09
6035.0  5.751465e-09
6045.0  2.793909e-09
6055.0  5.913442e-09
6065.0  9.350185e-09
6075.0  1.498945e-08
6085.0  3.491945e-09
6095.0  2.433794e-09
6105.0  1.209628e-11
6115.0  1.089450e-08
6125.0  2.505167e-09
6135.0  1.367903e-08
6145.0  1.009457e-08
6155.0  1.218028e-08
6165.0  1.163971e-08
6175.0  1.980975e-08
6185.0  2.571698e-08
6195.0  1.173419e-08
6205.0  2.072641e-08
6215.0  1.328932e-08
6225.0  1.636766e-08
6235.0  3.250641e-08
6245.0  4.065294e-08
6255.0  3.819416e-09
6265.0  2.404850e-08
6275.0  3.517855e-08
6285.0  3.696071e-08
6295.0  1.505959e-11
6305.0  1.596728e-08
6315.0  5.112028e-08
6325.0  2.421763e-08
6335.0  4.700029e-08
6345.0  4.343550e-08
6355.0  7.677290e-08
6365.0  4.944726e-08
6375.0  8.488774e-08
6385.0  5.723863e-08
6395.0  1.143352e-07
6405.0  8.178526e-08
6415.0  7.988879e-08
6425.0  7.104813e-08
6435.0  1.257205e-07
6445.0  1.379649e-07
6455.0  1.746224e-07
6465.0  2.086653e-07
6475.0  2.235186e-07
6485.0  2.312655e-07
6495.0  3.249816e-07
6505.0  3.014273e-07
6515.0  3.927785e-07
6525.0  2.929837e-07
6535.0  3.763947e-07
6545.0  4.110233e-07
6555.0  4.486209e-07
6565.0  5.096897e-07
6575.0  5.039258e-07
6585.0  5.800473e-07
6595.0  5.521651e-07
6605.0  5.634198e-07
6615.0  5.712336e-07
6625.0  5.482154e-07
6635.0  5.623328e-07
6645.0  6.002114e-07
6655.0  6.896547e-07
6665.0  8.272965e-07
6675.0  8.716144e-07
6685.0  9.664796e-07
6695.0  1.033712e-06
6705.0  1.001265e-06
6715.0  1.063258e-06
6725.0  1.070621e-06
6735.0  1.098501e-06
6745.0  9.866673e-07
6755.0  8.825986e-07
6765.0  7.009743e-07
6775.0  6.535880e-07
6785.0  5.107044e-07
6795.0  4.137043e-07
6805.0  3.248150e-07
6815.0  1.966304e-07
6825.0  1.643391e-07
6835.0  1.611680e-07
6845.0  8.379323e-08
6855.0  1.085603e-07
6865.0  1.203652e-07
6875.0  9.335659e-08
6885.0  1.441310e-07
6895.0  1.517736e-07
6905.0  2.710152e-07
6915.0  3.338489e-07
6925.0  2.919688e-07
6935.0  3.274468e-07
6945.0  2.186597e-07
6955.0  2.204145e-07
6965.0  1.955985e-07
6975.0  2.129755e-07
6985.0  2.438940e-07
6995.0  2.976326e-07
7005.0  2.756926e-07
7015.0  1.959772e-07
7025.0  2.329581e-07
7035.0  2.870071e-07
7045.0  3.407910e-07
7055.0  4.371482e-07
7065.0  4.640433e-07
7075.0  5.410594e-07
7085.0  4.383851e-07
7095.0  4.367665e-07
7105.0  2.978457e-07
7115.0  2.937909e-07
7125.0  1.950053e-07
7135.0  1.881060e-07
7145.0  1.698645e-07
7155.0  1.200230e-07
7165.0  1.190268e-07
7175.0  1.539612e-07
7185.0  1.455032e-07
7195.0  1.667979e-07
7205.0  2.723775e-07
7215.0  2.902281e-07
7225.0  1.670315e-07
7235.0  1.524055e-07
7245.0  7.258414e-08
7255.0  8.709059e-08
7265.0  1.676159e-08
7275.0  2.070292e-09
7285.0  7.801976e-09
7295.0  3.055514e-08
7305.0  9.698737e-08
7315.0  4.165250e-08
7325.0  2.409503e-11
7335.0  4.180545e-08
7345.0  3.441624e-08
7355.0  1.240037e-08
7365.0  3.305985e-08
7375.0  8.757693e-09
7385.0  6.201641e-08
7395.0  2.853380e-09
7405.0  2.480072e-11
7415.0  1.807145e-08
7425.0  4.372965e-08
7435.0  1.462756e-08
7445.0  3.690280e-08
7455.0  3.043442e-08
7465.0  2.530383e-11
7475.0  2.120854e-08
7485.0  1.782146e-08
7495.0  3.047204e-08
7505.0  1.116306e-07
7515.0  8.724593e-09
7525.0  9.907097e-08
7535.0  3.389542e-08
7545.0  3.343086e-08
7555.0  2.593726e-11
7565.0  2.598859e-11
7575.0  1.577740e-08
7585.0  9.257864e-08
7595.0  1.271950e-08
7605.0  3.870541e-08
7615.0  1.870125e-08
7625.0  5.458332e-08
7635.0  4.590795e-08
7645.0  6.890764e-08
7655.0  7.831444e-08
7665.0  6.025763e-08
7675.0  2.658807e-11
7685.0  3.410996e-08
7695.0  6.921492e-08
7705.0  4.774442e-09
7715.0  8.589994e-09
7725.0  5.632140e-08
7735.0  5.893406e-08
7745.0  4.379363e-08
7755.0  5.792019e-08
7765.0  2.844751e-08
7775.0  8.962834e-08
7785.0  2.719812e-11
7795.0  2.100739e-08
7805.0  5.332720e-08
7815.0  4.994197e-08
7825.0  1.382384e-07
7835.0  1.986769e-07
7845.0  3.107997e-07
7855.0  1.265912e-07
7865.0  2.292377e-07
7875.0  1.436929e-07
7885.0  1.282955e-07
7895.0  1.071246e-07
7905.0  9.716408e-08
7915.0  1.349718e-07
7925.0  3.121121e-08
7935.0  1.591952e-07
7945.0  6.266463e-08
7955.0  1.987989e-07
7965.0  5.660733e-08
7975.0  7.191971e-08
7985.0  2.415393e-07
7995.0  3.009255e-09
8005.0  4.753643e-08
8015.0  2.685060e-08
8025.0  5.403334e-08
8035.0  6.860226e-08
8045.0  7.071659e-08
8055.0  3.954730e-08
8065.0  6.551138e-08
8075.0  2.071225e-08
8085.0  5.359728e-08
8095.0  3.969526e-08
8105.0  3.001946e-08
8115.0  5.171423e-08
8125.0  2.743451e-08
8135.0  6.418932e-08
8145.0  1.043667e-08
8155.0  7.280672e-08
8165.0  4.927520e-08
8175.0  7.001470e-08
8185.0  1.046654e-07
8195.0  4.855991e-08
8205.0  4.580994e-08
8215.0  5.739121e-08
8225.0  8.476898e-08
8235.0  5.155810e-08
8245.0  9.641915e-08
8255.0  9.877515e-08
8265.0  3.767550e-08
8275.0  5.235766e-08
8285.0  6.650377e-08
8295.0  9.312277e-09
8305.0  3.476741e-08
8315.0  7.497082e-08
8325.0  7.496441e-08
8335.0  6.318832e-08
8345.0  5.866031e-08
8355.0  6.740838e-08
8365.0  1.102907e-07
8375.0  1.260167e-07
8385.0  1.498170e-07
8395.0  8.831169e-08
8405.0  6.434578e-08
8415.0  1.246597e-07
8425.0  1.385988e-07
8435.0  9.833410e-08
8445.0  3.860800e-08
8455.0  7.999265e-08
8465.0  1.094895e-07
8475.0  1.026685e-07
8485.0  1.345497e-07
8495.0  7.391160e-08
8505.0  1.162587e-07
8515.0  1.482117e-07
8525.0  9.627833e-08
8535.0  1.129487e-07
8545.0  1.305738e-07
8555.0  9.596758e-08
8565.0  5.191372e-08
8575.0  1.771861e-07
8585.0  1.508449e-07
8595.0  1.437473e-07
8605.0  1.116622e-07
8615.0  6.120747e-09
8625.0  1.150215e-07
8635.0  2.106294e-07
8645.0  1.823925e-07
8655.0  1.513157e-07
8665.0  9.303169e-08
8675.0  8.049485e-08
8685.0  5.304118e-08
8695.0  7.818940e-08
8705.0  3.070997e-11
8715.0  7.330807e-08
8725.0  3.080394e-11
8735.0  3.081936e-11
8745.0  3.083678e-11
8755.0  8.465412e-08
8765.0  3.088176e-11
8775.0  1.042874e-07
8785.0  2.891942e-07
8795.0  3.464013e-07
8805.0  3.095521e-11
8815.0  3.094648e-11
8825.0  3.566977e-07
8835.0  8.409444e-08
8845.0  7.677098e-08
8855.0  2.912091e-07
8865.0  3.041710e-07
8875.0  2.422573e-07
8885.0  6.563836e-07
8895.0  4.384113e-07
8905.0  8.258864e-09
8915.0  6.355465e-07
8925.0  3.138202e-11
8935.0  8.858898e-07
8945.0  3.141457e-11
8955.0  3.138629e-11
8965.0  7.938049e-07
8975.0  3.131805e-11
8985.0  1.437904e-06
8995.0  3.145577e-11
9005.0  1.303557e-07
9015.0  3.914007e-08
9025.0  1.138322e-07
9035.0  2.010257e-08
9045.0  7.355523e-08
9055.0  3.039196e-08
9065.0  8.502627e-08
9075.0  1.358402e-07
9085.0  1.369537e-07
9095.0  9.567097e-08
9105.0  5.947450e-08
9115.0  9.707528e-08
9125.0  1.188267e-07
9135.0  1.823570e-08
9145.0  1.124526e-07
9155.0  1.881750e-07
9165.0  8.163298e-08
9175.0  1.308561e-07
9185.0  8.294778e-08
9195.0  1.316080e-07
9205.0  1.170670e-07
9215.0  7.111828e-08
9225.0  1.583661e-07
9235.0  1.152591e-07
9245.0  1.218943e-07
9255.0  1.712811e-07
9265.0  1.187565e-07
9275.0  1.604086e-07
9285.0  1.477411e-07
9295.0  7.729577e-08
9305.0  1.810654e-07
9315.0  2.427790e-07
9325.0  2.446614e-07
9335.0  1.259973e-07
9345.0  2.140113e-07
9355.0  2.474262e-07
9365.0  1.476853e-07
9375.0  2.147544e-07
9385.0  2.261608e-07
9395.0  2.416714e-07
9405.0  1.987165e-07
9415.0  2.470451e-07
9425.0  1.601892e-07
9435.0  1.810553e-07
9445.0  1.517913e-07
9455.0  2.165952e-07
9465.0  2.067624e-07
9475.0  1.574980e-07
9485.0  1.152685e-07
9495.0  2.291419e-07
9505.0  2.384116e-07
9515.0  2.327516e-07
9525.0  1.484942e-07
9535.0  2.545413e-07
9545.0  2.244957e-07
9555.0  2.522610e-07
9565.0  3.068271e-07
9575.0  2.328297e-07
9585.0  2.318049e-07
9595.0  2.543906e-07
9605.0  3.370944e-07
9615.0  2.705497e-07
9625.0  2.011868e-07
9635.0  2.251112e-07
9645.0  2.417472e-07
9655.0  1.395835e-07
9665.0  2.165441e-07
9675.0  2.054213e-07
9685.0  2.650903e-07
9695.0  2.279760e-07
9705.0  1.845652e-07
9715.0  3.160881e-07
9725.0  2.722565e-07
9735.0  2.474393e-07
9745.0  2.789505e-07
9755.0  3.160619e-07
9765.0  2.197975e-07
9775.0  2.224187e-07
9785.0  2.749736e-07
9795.0  2.279839e-07
9805.0  1.775851e-07
9815.0  1.130682e-07
9825.0  2.158829e-07
9835.0  1.926451e-07
9845.0  2.246049e-07
9855.0  1.390865e-07
9865.0  1.596692e-07
9875.0  1.918200e-07
9885.0  2.241699e-07
9895.0  2.913464e-07
9905.0  1.428059e-07
9915.0  2.411605e-07
9925.0  2.959789e-07
9935.0  2.477280e-07
9945.0  1.969684e-07
9955.0  2.145356e-07
9965.0  2.297874e-07
9975.0  2.582424e-07
9985.0  2.557290e-07
9995.0  2.351188e-07
10005.0  2.461312e-07
10015.0  5.430021e-07
10025.0  2.623681e-07
10035.0  2.220808e-07
10045.0  3.876694e-07
10055.0  2.120117e-08
10065.0  1.545884e-08
10075.0  1.083607e-07
10085.0  9.948434e-07
10095.0  3.720036e-07
10105.0  2.777857e-07
10115.0  1.214517e-07
10125.0  8.866376e-07
10135.0  1.313048e-06
10145.0  8.061255e-07
10155.0  3.269527e-11
10165.0  3.267351e-11
10175.0  2.585011e-07
10185.0  1.009848e-06
10195.0  3.266617e-11
10205.0  1.061176e-06
10215.0  2.506672e-07
10225.0  2.662546e-07
10235.0  3.121606e-06
10245.0  8.086176e-07
10255.0  1.357532e-07
10265.0  1.586071e-06
10275.0  3.668344e-07
10285.0  1.387423e-06
10295.0  3.293308e-11
10305.0  3.381284e-07
10315.0  5.438304e-07
10325.0  2.342308e-06
10335.0  3.327147e-08
10345.0  3.515000e-07
10355.0  4.557510e-07
10365.0  2.386478e-07
10375.0  5.761783e-07
10385.0  8.604240e-07
10395.0  3.362476e-11
10405.0  3.986250e-07
10415.0  3.371013e-11
10425.0  1.727857e-07
10435.0  9.577315e-07
10445.0  2.700189e-07
10455.0  5.486635e-07
10465.0  7.102151e-07
10475.0  1.222887e-06
10485.0  1.108321e-06
10495.0  3.986114e-07
10505.0  6.122430e-07
10515.0  7.458861e-07
10525.0  4.446184e-07
10535.0  1.033578e-07
10545.0  1.138381e-06
10555.0  1.304072e-06
10565.0  3.227943e-07
10575.0  4.800983e-07
10585.0  1.295241e-06
10595.0  1.266571e-06
10605.0  1.701111e-07
10615.0  4.066144e-07
10625.0  7.071852e-07
10635.0  2.468160e-06
10645.0  4.760598e-07
10655.0  2.806176e-07
10665.0  6.190382e-07
10675.0  1.110664e-06
10685.0  5.837025e-07
10695.0  1.437786e-06
10705.0  2.304926e-06
10715.0  6.901506e-07
10725.0  1.732009e-07
10735.0  9.675476e-07
10745.0  2.717584e-07
10755.0  1.239949e-06
10765.0  1.464322e-06
10775.0  1.079320e-06
10785.0  3.472621e-11
10795.0  2.781398e-07
10805.0  1.282930e-06
10815.0  1.409364e-06
10825.0  5.586208e-08
10835.0  6.496543e-07
10845.0  7.965810e-07
10855.0  5.290557e-07
10865.0  1.003196e-06
10875.0  6.116792e-07
10885.0  1.040129e-06
10895.0  5.259733e-07
10905.0  2.056820e-07
10915.0  1.193707e-06
10925.0  6.332311e-07
10935.0  7.120696e-08
10945.0  3.168564e-07
10955.0  9.856164e-07
10965.0  7.807732e-07
10975.0  1.655947e-06
10985.0  4.267015e-07
10995.0  6.663157e-08
11005.0  1.128078e-06
11015.0  1.149668e-06
11025.0  4.809249e-07
11035.0  6.829638e-08
11045.0  9.056003e-07
11055.0  1.683375e-06
11065.0  5.539442e-07
11075.0  1.068073e-06
11085.0  1.723366e-06
11095.0  5.027832e-07
11105.0  1.004535e-06
11115.0  7.726381e-07
11125.0  2.886920e-07
11135.0  1.149318e-06
11145.0  7.644525e-07
11155.0  8.792800e-07
11165.0  3.475816e-07
11175.0  2.101283e-06
11185.0  1.925620e-07
11195.0  4.601410e-07
11205.0  3.170026e-07
11215.0  3.351423e-07
11225.0  6.802923e-07
11235.0  1.396700e-06
11245.0  7.507543e-07
11255.0  4.688299e-07
11265.0  1.409967e-06
11275.0  2.009977e-07
11285.0  2.780532e-07
11295.0  4.850572e-07
11305.0  2.646972e-07
11315.0  5.287784e-07
11325.0  6.047285e-07
11335.0  7.631038e-07
11345.0  4.791335e-07
11355.0  3.666698e-11
11365.0  1.027837e-06
11375.0  3.112447e-07
11385.0  6.976996e-07
11395.0  2.277395e-07
11405.0  1.111359e-06
11415.0  3.116645e-07
11425.0  1.640428e-06
11435.0  9.445748e-08
11445.0  8.342186e-07
11455.0  1.180835e-08
11465.0  3.761738e-11
11475.0  1.893836e-07
11485.0  1.013854e-06
11495.0  1.316917e-07
11505.0  3.786752e-11
11515.0  6.068115e-07
11525.0  8.306761e-07
11535.0  9.575202e-07
11545.0  1.124419e-06
11555.0  9.399591e-08
11565.0  7.916745e-07
11575.0  6.092944e-07
11585.0  3.680837e-07
11595.0  2.662587e-07
11605.0  7.200281e-07
11615.0  5.154862e-07
11625.0  1.960139e-08
11635.0  2.564172e-07
11645.0  3.839677e-11
11655.0  3.406318e-07
11665.0  8.595394e-07
11675.0  4.952917e-07
11685.0  7.193853e-07
11695.0  1.122055e-06
11705.0  2.529075e-07
11715.0  8.002146e-07
11725.0  1.095034e-06
11735.0  9.911731e-07
11745.0  4.211811e-07
11755.0  5.842907e-07
11765.0  3.654970e-08
11775.0  7.775541e-08
11785.0  7.872609e-07
11795.0  6.449469e-07
11805.0  1.014137e-06
11815.0  3.865278e-11
11825.0  1.928196e-07
11835.0  1.102813e-06
11845.0  6.246918e-07
11855.0  6.310006e-07
11865.0  2.990095e-07
11875.0  5.650860e-07
11885.0  2.186635e-07
11895.0  3.400829e-07
11905.0  6.650481e-08
11915.0  5.908397e-07
11925.0  5.312002e-07
11935.0  3.727177e-07
11945.0  1.841102e-07
11955.0  5.510139e-07
11965.0  3.473934e-07
11975.0  3.840119e-11
11985.0  3.006734e-07
11995.0  1.582849e-06
12005.0  8.563283e-07
12015.0  3.847144e-11
12025.0  2.644575e-07
12035.0  1.141262e-07
12045.0  2.568912e-07
12055.0  8.526713e-07
12065.0  9.719914e-07
12075.0  6.070649e-07
12085.0  6.078030e-07
12095.0  5.379748e-07
12105.0  1.506996e-06
12115.0  1.561843e-07
12125.0  7.385542e-07
12135.0  8.001588e-07
12145.0  2.406912e-07
12155.0  8.550583e-07
12165.0  1.991544e-07
12175.0  9.436293e-07
12185.0  2.882636e-07
12195.0  7.100868e-08
12205.0  2.485627e-07
12215.0  6.382341e-07
12225.0  2.161141e-07
12235.0  3.154815e-07
12245.0  2.160999e-07
12255.0  3.955664e-11
12265.0  2.112806e-06
12275.0  1.296461e-07
12285.0  2.182387e-07
12295.0  3.966760e-11
12305.0  9.200515e-07
12315.0  3.436027e-07
12325.0  8.625745e-07
12335.0  3.974659e-11
12345.0  1.014671e-06
12355.0  5.900126e-07
12365.0  7.237376e-07
12375.0  4.236257e-07
12385.0  5.789842e-08
12395.0  4.453953e-07
12405.0  1.151271e-06
12415.0  1.929613e-07
12425.0  6.507098e-07
12435.0  1.888827e-07
12445.0  6.594915e-07
12455.0  4.206737e-07
12465.0  2.916017e-08
12475.0  9.086851e-07
12485.0  8.332299e-07
12495.0  3.320800e-07
12505.0  2.163494e-07
12515.0  5.501724e-07
12525.0  3.470397e-07
12535.0  1.222867e-07
12545.0  3.738667e-07
12555.0  4.364945e-07
12565.0  1.193111e-06
12575.0  3.046453e-07
12585.0  4.018282e-11
12595.0  1.712239e-06
12605.0  3.091719e-07
12615.0  4.022404e-11
12625.0  1.436669e-06
12635.0  2.391090e-07
12645.0  7.349711e-07
12655.0  3.049222e-07
12665.0  4.099067e-07
12675.0  1.053709e-06
12685.0  1.536159e-07
12695.0  1.216168e-06
12705.0  2.772840e-07
12715.0  4.025614e-11
12725.0  1.664132e-07
12735.0  4.026029e-11
12745.0  4.483905e-07
12755.0  1.337644e-06
12765.0  1.142047e-07
12775.0  4.865479e-07
12785.0  3.440105e-07
12795.0  4.877427e-07
12805.0  5.146842e-07
12815.0  3.737957e-07
12825.0  3.105916e-07
12835.0  4.056164e-08
12845.0  1.422567e-06
12855.0  4.799162e-07
12865.0  9.570031e-08
12875.0  5.835265e-07
12885.0  2.477027e-07
12895.0  1.520539e-06
12905.0  1.681672e-07
12915.0  7.203444e-07
12925.0  2.924217e-07
12935.0  5.461043e-07
12945.0  1.250279e-06
12955.0  1.220671e-07
12965.0  8.924172e-07
12975.0  1.841445e-06
12985.0  1.663031e-07
12995.0  5.402539e-07
13005.0  7.363200e-07
13015.0  7.517859e-07
13025.0  1.364299e-06
13035.0  6.278350e-07
13045.0  9.555059e-07
13055.0  4.373181e-07
13065.0  6.644322e-07
13075.0  2.264788e-07
13085.0  1.275126e-06
13095.0  1.934030e-06
13105.0  6.929937e-08
13115.0  6.598690e-07
13125.0  1.221851e-07
13135.0  8.090008e-07
13145.0  8.778610e-07
13155.0  2.394999e-07
13165.0  1.084783e-07
13175.0  9.398731e-07
13185.0  1.293354e-06
13195.0  1.233510e-06
13205.0  9.537271e-07
13215.0  7.893999e-07
13225.0  1.308758e-06
13235.0  1.255374e-06
13245.0  1.026283e-06
13255.0  1.063967e-06
13265.0  4.126506e-11
13275.0  2.073622e-06
13285.0  5.160139e-07
13295.0  9.039861e-07
13305.0  1.237148e-06
13315.0  6.411075e-07
13325.0  6.920729e-07
13335.0  9.654803e-07
13345.0  3.654103e-07
13355.0  1.416145e-07
13365.0  4.274145e-07
13375.0  7.788285e-07
13385.0  9.679884e-07
13395.0  1.572516e-06
13405.0  1.349581e-06
13415.0  1.186910e-06
13425.0  1.285808e-06
13435.0  1.051458e-06
13445.0  6.900863e-07
13455.0  6.014043e-07
13465.0  1.047645e-06
13475.0  1.835826e-07
13485.0  1.088014e-06
13495.0  3.495733e-07
13505.0  2.146825e-07
13515.0  1.833213e-06
13525.0  4.924338e-07
13535.0  6.343966e-07
13545.0  5.263412e-07
13555.0  7.432319e-07
13565.0  6.838439e-07
13575.0  1.066043e-06
13585.0  4.122690e-07
13595.0  9.056356e-07
13605.0  1.235377e-06
13615.0  2.827148e-07
13625.0  9.403131e-07
13635.0  5.409891e-07
13645.0  8.431517e-08
13655.0  1.134641e-06
13665.0  2.060136e-07
13675.0  4.841820e-07
13685.0  7.326345e-07
13695.0  4.423940e-07
13705.0  8.509114e-07
13715.0  5.643460e-08
13725.0  5.391729e-07
13735.0  4.282048e-07
13745.0  7.438182e-08
13755.0  2.503094e-07
13765.0  6.375034e-07
13775.0  2.276259e-06
13785.0  1.812914e-07
13795.0  3.013538e-07
13805.0  1.161684e-06
13815.0  2.359309e-07
13825.0  1.037247e-06
13835.0  4.212696e-11
13845.0  1.944593e-06
13855.0  1.003271e-06
13865.0  4.984998e-07
13875.0  6.040688e-07
13885.0  6.611526e-07
13895.0  7.186031e-07
13905.0  8.174210e-07
13915.0  4.355254e-07
13925.0  7.241129e-07
13935.0  1.541067e-06
13945.0  4.928272e-07
13955.0  2.344839e-07
13965.0  8.212362e-07
13975.0  1.865286e-06
13985.0  4.228124e-11
13995.0  9.655158e-08
14005.0  2.092421e-06
14015.0  1.181369e-07
14025.0  1.136007e-06
14035.0  1.325502e-06
14045.0  7.189563e-07
14055.0  1.190541e-06
14065.0  1.822661e-07
14075.0  3.453781e-07
14085.0  1.772734e-06
14095.0  2.025335e-06
14105.0  2.433213e-07
14115.0  7.490009e-07
14125.0  1.074358e-06
14135.0  5.108687e-07
14145.0  2.664278e-07
14155.0  2.696081e-06
14165.0  6.652882e-07
14175.0  3.900570e-07
14185.0  1.160594e-06
14195.0  6.365297e-07
14205.0  2.050108e-08
14215.0  1.163147e-06
14225.0  1.861675e-06
14235.0  2.701241e-07
14245.0  2.655389e-07
14255.0  6.076477e-07
14265.0  6.986341e-07
14275.0  7.574259e-07
14285.0  3.209153e-08
14295.0  1.321414e-07
14305.0  1.044863e-06
14315.0  9.060407e-07
14325.0  1.069860e-06
14335.0  9.716830e-07
14345.0  2.182616e-06
14355.0  4.343653e-11
14365.0  5.255813e-07
14375.0  1.342113e-07
14385.0  9.106927e-07
14395.0  3.450692e-07
14405.0  5.238761e-07
14415.0  8.833708e-07
14425.0  3.365049e-07
14435.0  2.551650e-07
14445.0  2.439847e-07
14455.0  3.987809e-07
14465.0  1.147301e-06
14475.0  7.980054e-07
14485.0  5.402532e-07
14495.0  1.354346e-06
14505.0  1.177735e-06
14515.0  7.247634e-08
14525.0  4.380620e-11
14535.0  3.093581e-07
14545.0  1.040562e-06
14555.0  7.297442e-07
14565.0  3.056639e-07
14575.0  6.576492e-07
14585.0  4.388996e-11
14595.0  2.019023e-06
14605.0  7.461700e-07
14615.0  7.021651e-07
14625.0  6.979010e-07
14635.0  9.256226e-07
14645.0  4.398553e-11
14655.0  1.154738e-06
14665.0  4.401388e-11
14675.0  1.516451e-06
14685.0  1.080177e-06
14695.0  1.476788e-06
14705.0  7.867803e-07
14715.0  1.200310e-06
14725.0  2.456698e-07
14735.0  6.651942e-07
14745.0  6.681632e-07
14755.0  7.404809e-07
14765.0  9.365554e-07
14775.0  1.084508e-06
14785.0  1.496190e-06
14795.0  4.412126e-11
14805.0  6.753866e-07
14815.0  6.137840e-07
14825.0  1.395069e-06
14835.0  1.007350e-07
14845.0  1.784364e-06
14855.0  4.387794e-07
14865.0  7.114624e-07
14875.0  1.374093e-06
14885.0  1.710894e-07
14895.0  1.664981e-06
14905.0  1.115596e-06
14915.0  9.039790e-07
14925.0  1.443639e-06
14935.0  6.116175e-07
14945.0  1.070966e-06
14955.0  1.727944e-06
14965.0  5.570378e-07
14975.0  3.718102e-07
14985.0  1.967491e-06
14995.0  5.454480e-07
15005.0  2.477544e-06
15015.0  9.047057e-07
15025.0  1.444335e-06
15035.0  1.960045e-06
15045.0  2.124730e-06
15055.0  4.448590e-11
15065.0  9.351150e-07
15075.0  1.809917e-06
15085.0  1.389017e-08
15095.0  1.083164e-06
15105.0  1.030423e-06
15115.0  6.695705e-07
15125.0  1.980135e-06
15135.0  1.559843e-06
15145.0  7.550608e-07
15155.0  1.763351e-06
15165.0  4.481578e-11
15175.0  1.417688e-07
15185.0  1.255034e-06
15195.0  4.334999e-08
15205.0  3.613923e-07
15215.0  1.670496e-06
15225.0  5.104879e-07
15235.0  1.826157e-06
15245.0  6.962927e-07
15255.0  1.062558e-06
15265.0  1.491424e-06
15275.0  8.514964e-07
15285.0  5.585577e-07
15295.0  5.411843e-07
15305.0  1.458947e-06
15315.0  1.400952e-06
15325.0  1.014633e-06
15335.0  9.416869e-08
15345.0  1.358660e-06
15355.0  1.195822e-06
15365.0  6.397531e-07
15375.0  1.871159e-07
15385.0  1.820219e-08
15395.0  1.494865e-06
15405.0  1.912841e-06
15415.0  3.719236e-07
15425.0  3.084677e-07
15435.0  1.173735e-06
15445.0  4.536030e-11
15455.0  6.153618e-07
15465.0  7.590960e-07
15475.0  2.170548e-06
15485.0  9.764554e-08
15495.0  6.014552e-07
15505.0  1.522667e-06
15515.0  8.767832e-07
15525.0  5.640159e-07
15535.0  2.480291e-06
15545.0  6.689135e-07
15555.0  1.219920e-06
15565.0  4.063306e-07
15575.0  4.558289e-11
15585.0  1.399251e-06
15595.0  2.474697e-06
15605.0  9.271106e-08
15615.0  1.032429e-06
15625.0  1.127826e-06
15635.0  2.283619e-06
15645.0  2.145253e-07
15655.0  1.413738e-06
15665.0  1.450200e-06
15675.0  4.566930e-11
15685.0  3.898893e-08
15695.0  7.725775e-07
15705.0  1.753406e-06
15715.0  4.565401e-11
15725.0  1.013673e-06
15735.0  5.227595e-07
15745.0  3.697793e-08
15755.0  1.418342e-07
15765.0  1.171462e-06
15775.0  3.920530e-07
15785.0  1.579435e-06
15795.0  3.268858e-07
15805.0  1.613953e-06
15815.0  5.335738e-07
15825.0  1.077766e-06
15835.0  1.653136e-06
15845.0  3.196331e-07
15855.0  2.017233e-06
15865.0  1.063261e-06
15875.0  2.086526e-06
15885.0  1.149569e-06
15895.0  4.411454e-07
15905.0  1.721840e-06
15915.0  3.697499e-07
15925.0  1.090367e-06
15935.0  5.049614e-07
15945.0  1.208959e-06
15955.0  4.392571e-07
15965.0  3.661281e-07
15975.0  1.152673e-06
15985.0  8.422942e-07
15995.0  6.147522e-07
16005.0  5.166723e-07
16015.0  7.524424e-07
16025.0  4.465980e-07
16035.0  9.745488e-07
16045.0  1.923365e-06
16055.0  3.719021e-08
16065.0  9.043651e-07
16075.0  1.315028e-06
16085.0  2.889934e-07
16095.0  1.298182e-06
16105.0  1.274211e-06
16115.0  1.024799e-06
16125.0  2.764975e-06
16135.0  1.182126e-06
16145.0  2.098902e-06
16155.0  1.209163e-06
16165.0  2.424764e-06
16175.0  2.431761e-06
16185.0  2.461652e-06
16195.0  1.088500e-06
16205.0  2.799748e-06
16215.0  1.359473e-06
16225.0  3.061109e-06
16235.0  3.827277e-06
16245.0  3.608165e-06
16255.0  5.208577e-06
16265.0  5.117961e-06
16275.0  3.973899e-06
16285.0  6.167922e-06
16295.0  7.643594e-06
16305.0  7.792814e-06
16315.0  8.453684e-06
16325.0  7.336994e-06
16335.0  9.569672e-06
16345.0  8.775753e-06
16355.0  1.113544e-05
16365.0  1.148615e-05
16375.0  1.245010e-05
16385.0  1.420899e-05
16395.0  1.519403e-05
16405.0  1.344574e-05
16415.0  1.711914e-05
16425.0  1.694944e-05
16435.0  1.948669e-05
16445.0  2.049960e-05
16455.0  2.297478e-05
16465.0  2.404773e-05
16475.0  2.487553e-05
16485.0  2.494082e-05
16495.0  2.727779e-05
16505.0  2.821592e-05
16515.0  3.082892e-05
16525.0  3.321544e-05
16535.0  3.794132e-05
16545.0  4.117752e-05
16555.0  4.043752e-05
16565.0  4.479595e-05
16575.0  5.240988e-05
16585.0  5.653645e-05
16595.0  6.221097e-05
16605.0  7.090186e-05
16615.0  7.899911e-05
16625.0  8.952136e-05
16635.0  1.023785e-04
16645.0  1.163597e-04
16655.0  1.350518e-04
16665.0  1.534839e-04
16675.0  1.820926e-04
16685.0  2.088543e-04
16695.0  2.402855e-04
16705.0  2.780377e-04
16715.0  3.178942e-04
16725.0  3.633796e-04
16735.0  4.128654e-04
16745.0  4.757943e-04
16755.0  5.465357e-04
16765.0  6.203589e-04
16775.0  6.982001e-04
16785.0  7.673411e-04
16795.0  8.749022e-04
16805.0  9.813656e-04
16815.0  1.100164e-03
16825.0  1.228224e-03
16835.0  1.357402e-03
16845.0  1.510155e-03
16855.0  1.655299e-03
16865.0  1.852448e-03
16875.0  2.034200e-03
16885.0  2.245541e-03
16895.0  2.551450e-03
16905.0  2.804561e-03
16915.0  3.166440e-03
16925.0  3.529220e-03
16935.0  4.014998e-03
16945.0  4.615256e-03
16955.0  5.175220e-03
16965.0  6.036183e-03
16975.0  7.222084e-03
16985.0  8.540551e-03
16995.0  1.035372e-02
17005.0  1.207766e-02
17015.0  1.467464e-02
17025.0  1.785157e-02
17035.0  2.119809e-02
17045.0  2.386462e-02
17055.0  2.622605e-02
17065.0  2.920692e-02
17075.0  3.211045e-02
17085.0  3.620166e-02
17095.0  4.151502e-02
17105.0  4.469240e-02
17115.0  5.253966e-02
17125.0  5.868531e-02
17135.0  6.936021e-02
17145.0  7.843861e-02
17155.0  9.477921e-02
17165.0  1.113249e-01
17175.0  1.321551e-01
17185.0  1.583913e-01
17195.0  1.770652e-01
17205.0  2.073619e-01
17215.0  2.365290e-01
17225.0  2.678903e-01
17235.0  2.927202e-01
17245.0  3.094778e-01
17255.0  3.337854e-01
17265.0  3.420729e-01
17275.0  3.477379e-01
17285.0  3.568596e-01
17295.0  3.626187e-01
17305.0  3.622582e-01
17315.0  3.772869e-01
17325.0  3.801230e-01
17335.0  3.861033e-01
17345.0  3.936542e-01
17355.0  4.010717e-01
17365.0  4.091682e-01
17375.0  4.216098e-01
17385.0  4.219573e-01
17395.0  4.294133e-01
17405.0  4.373534e-01
17415.0  4.370937e-01
17425.0  4.483902e-01
17435.0  4.525152e-01
17445.0  4.455694e-01
17455.0  4.548891e-01
17465.0  4.529396e-01
17475.0  4.508511e-01
17485.0  4.505159e-01
17495.0  4.439006e-01
17505.0  4.634325e-01
17515.0  4.523559e-01
17525.0  4.545016e-01
17535.0  4.524923e-01
17545.0  4.539911e-01
17555.0  4.538816e-01
17565.0  4.622614e-01
17575.0  4.593040e-01
17585.0  4.610491e-01
17595.0  4.573035e-01
17605.0  4.606691e-01
17615.0  4.648553e-01
17625.0  4.638278e-01
17635.0  4.628895e-01
17645.0  4.555107e-01
17655.0  4.608213e-01
17665.0  4.676388e-01
17675.0  4.650747e-01
17685.0  4.640490e-01
17695.0  4.565537e-01
17705.0  4.604245e-01
17715.0  4.658984e-01
17725.0  4.592568e-01
17735.0  4.528277e-01
17745.0  4.572135e-01
17755.0  4.560360e-01
17765.0  4.505478e-01
17775.0  4.620314e-01
17785.0  4.474419e-01
17795.0  4.571655e-01
17805.0  4.557365e-01
17815.0  4.515445e-01
17825.0  4.485063e-01
17835.0  4.529040e-01
17845.0  4.549592e-01
17855.0  4.509304e-01
17865.0  4.442647e-01
17875.0  4.460005e-01
17885.0  4.520949e-01
17895.0  4.431614e-01
17905.0  4.434156e-01
17915.0  4.419963e-01
17925.0  4.438695e-01
17935.0  4.439339e-01
17945.0  4.350873e-01
17955.0  4.449811e-01
17965.0  4.422666e-01
17975.0  4.381894e-01
17985.0  4.369699e-01
17995.0  4.431327e-01
18005.0  4.431186e-01
18015.0  4.426556e-01
18025.0  4.487271e-01
18035.0  4.455385e-01
18045.0  4.379978e-01
18055.0  4.434137e-01
18065.0  4.511809e-01
18075.0  4.606851e-01
18085.0  4.533524e-01
18095.0  4.562754e-01
18105.0  4.594441e-01
18115.0  4.605728e-01
18125.0  4.554567e-01
18135.0  4.648198e-01
18145.0  4.565948e-01
18155.0  4.646248e-01
18165.0  4.665529e-01
18175.0  4.680168e-01
18185.0  4.638397e-01
18195.0  4.764195e-01
18205.0  4.682758e-01
18215.0  4.680201e-01
18225.0  4.694601e-01
18235.0  4.719701e-01
18245.0  4.693726e-01
18255.0  4.689108e-01
18265.0  4.750686e-01
18275.0  4.687605e-01
18285.0  4.687653e-01
18295.0  4.669992e-01
18305.0  4.657730e-01
18315.0  4.811250e-01
18325.0  4.671827e-01
18335.0  4.643749e-01
18345.0  4.733415e-01
18355.0  4.642873e-01
18365.0  4.687222e-01
18375.0  4.678034e-01
18385.0  4.617878e-01
18395.0  4.641712e-01
18405.0  4.659789e-01
18415.0  4.603262e-01
18425.0  4.612178e-01
18435.0  4.664487e-01
18445.0  4.569360e-01
18455.0  4.614991e-01
18465.0  4.506429e-01
18475.0  4.610615e-01
18485.0  4.538555e-01
18495.0  4.554954e-01
18505.0  4.543068e-01
18515.0  4.521089e-01
18525.0  4.497785e-01
18535.0  4.508495e-01
18545.0  4.459051e-01
18555.0  4.473479e-01
18565.0  4.514002e-01
18575.0  4.494087e-01
18585.0  4.512333e-01
18595.0  4.527030e-01
18605.0  4.498098e-01
18615.0  4.499717e-01
18625.0  4.502856e-01
18635.0  4.495874e-01
18645.0  4.546346e-01
18655.0  4.543031e-01
18665.0  4.585063e-01
18675.0  4.594828e-01
18685.0  4.614758e-01
18695.0  4.643465e-01
18705.0  4.663984e-01
18715.0  4.616909e-01
18725.0  4.678012e-01
18735.0  4.702756e-01
18745.0  4.761091e-01
18755.0  4.779064e-01
18765.0  4.677834e-01
18775.0  4.803660e-01
18785.0  4.732805e-01
18795.0  4.772156e-01
18805.0  4.742706e-01
18815.0  4.770228e-01
18825.0  4.763435e-01
18835.0  4.759486e-01
18845.0  4.789318e-01
18855.0  4.749180e-01
18865.0  4.746993e-01
18875.0  4.806204e-01
18885.0  4.734920e-01
18895.0  4.760273e-01
18905.0  4.722070e-01
18915.0  4.714167e-01
18925.0  4.786169e-01
18935.0  4.690253e-01
18945.0  4.696686e-01
18955.0  4.711025e-01
18965.0  4.683219e-01
18975.0  4.724958e-01
18985.0  4.670474e-01
18995.0  4.622447e-01
19005.0  4.654007e-01
19015.0  4.660193e-01
19025.0  4.622390e-01
19035.0  4.548915e-01
19045.0  4.638945e-01
19055.0  4.557488e-01
19065.0  4.588123e-01
19075.0  4.527898e-01
19085.0  4.617077e-01
19095.0  4.598897e-01
19105.0  4.540418e-01
19115.0  4.600165e-01
19125.0  4.533278e-01
19135.0  4.545296e-01
19145.0  4.529499e-01
19155.0  4.573349e-01
19165.0  4.603997e-01
19175.0  4.571053e-01
19185.0  4.552640e-01
19195.0  4.602594e-01
19205.0  4.540940e-01
19215.0  4.654863e-01
19225.0  4.602035e-01
19235.0  4.614319e-01
19245.0  4.618526e-01
19255.0  4.671538e-01
19265.0  4.646321e-01
19275.0  4.689359e-01
19285.0  4.702878e-01
19295.0  4.753024e-01
19305.0  4.688107e-01
19315.0  4.767636e-01
19325.0  4.630716e-01
19335.0  4.776558e-01
19345.0  4.785976e-01
19355.0  4.681863e-01
19365.0  4.751432e-01
19375.0  4.684009e-01
19385.0  4.779718e-01
19395.0  4.750428e-01
19405.0  4.710845e-01
19415.0  4.747919e-01
19425.0  4.683307e-01
19435.0  4.800185e-01
19445.0  4.757691e-01
19455.0  4.816977e-01
19465.0  4.775871e-01
19475.0  4.741799e-01
19485.0  4.791952e-01
19495.0  4.765004e-01
19505.0  4.721143e-01
19515.0  4.814316e-01
19525.0  4.747627e-01
19535.0  4.651262e-01
19545.0  4.709462e-01
19555.0  4.600046e-01
19565.0  4.541231e-01
19575.0  4.414744e-01
19585.0  4.238310e-01
19595.0  4.142232e-01
19605.0  3.919766e-01
19615.0  3.771441e-01
19625.0  3.613618e-01
19635.0  3.365190e-01
19645.0  3.120042e-01
19655.0  2.883876e-01
19665.0  2.684416e-01
19675.0  2.416989e-01
19685.0  2.235970e-01
19695.0  2.004053e-01
19705.0  1.810344e-01
19715.0  1.632639e-01
19725.0  1.467248e-01
19735.0  1.336112e-01
19745.0  1.186529e-01
19755.0  1.068573e-01
19765.0  1.000826e-01
19775.0  8.783286e-02
19785.0  8.148302e-02
19795.0  7.347901e-02
19805.0  6.650576e-02
19815.0  5.980291e-02
19825.0  5.387834e-02
19835.0  4.704746e-02
19845.0  4.280043e-02
19855.0  3.754907e-02
19865.0  3.259032e-02
19875.0  2.782713e-02
19885.0  2.535984e-02
19895.0  2.140064e-02
19905.0  1.940478e-02
19915.0  1.663887e-02
19925.0  1.458151e-02
19935.0  1.267973e-02
19945.0  1.101331e-02
19955.0  9.638916e-03
19965.0  8.153009e-03
19975.0  7.508127e-03
19985.0  6.315381e-03
19995.0  5.666690e-03
20005.0  4.979593e-03
20015.0  4.477112e-03
20025.0  3.860912e-03
20035.0  3.437892e-03
20045.0  3.075060e-03
20055.0  2.724278e-03
20065.0  2.397939e-03
20075.0  2.147947e-03
20085.0  1.891922e-03
20095.0  1.739818e-03
20105.0  1.528955e-03
20115.0  1.395211e-03
20125.0  1.254720e-03
20135.0  1.120351e-03
20145.0  1.016558e-03
20155.0  8.987760e-04
20165.0  8.523798e-04
20175.0  7.756099e-04
20185.0  6.917608e-04
20195.0  6.232193e-04
20205.0  5.835911e-04
20215.0  5.257433e-04
20225.0  4.866160e-04
20235.0  4.484939e-04
20245.0  4.142488e-04
20255.0  3.708331e-04
20265.0  3.500076e-04
20275.0  3.206345e-04
20285.0  3.013790e-04
20295.0  2.808149e-04
20305.0  2.635523e-04
20315.0  2.385230e-04
20325.0  2.322816e-04
20335.0  2.112733e-04
20345.0  1.981600e-04
20355.0  1.812258e-04
20365.0  1.753040e-04
20375.0  1.588869e-04
20385.0  1.475765e-04
20395.0  1.397824e-04
20405.0  1.379023e-04
20415.0  1.306551e-04
20425.0  1.207657e-04
20435.0  1.130970e-04
20445.0  1.091593e-04
20455.0  9.568379e-05
20465.0  8.891512e-05
20475.0  8.367767e-05
20485.0  8.309975e-05
20495.0  7.045858e-05
20505.0  7.132581e-05
20515.0  6.855273e-05
20525.0  5.921697e-05
20535.0  5.440503e-05
20545.0  5.847056e-05
20555.0  4.732088e-05
20565.0  5.143258e-05
20575.0  4.996577e-05
20585.0  3.279905e-05
20595.0  3.713642e-05
20605.0  3.980547e-05
20615.0  3.576619e-05
20625.0  3.787566e-05
20635.0  3.576807e-05
20645.0  1.624161e-05
20655.0  3.091027e-05
20665.0  2.887149e-05
20675.0  2.395019e-05
20685.0  1.751857e-05
20695.0  2.147664e-05
20705.0  2.202498e-05
20715.0  2.087238e-05
20725.0  1.116874e-05
20735.0  1.426903e-05
20745.0  1.019573e-05
20755.0  1.212559e-05
20765.0  3.565278e-06
20775.0  1.626504e-05
20785.0  1.785982e-05
20795.0  1.222674e-05
20805.0  3.315906e-06
20815.0  1.029313e-05
20825.0  9.760733e-06
20835.0  1.104852e-05
20845.0  8.042502e-06
20855.0  8.720874e-06
20865.0  8.694325e-06
20875.0  1.716134e-06
20885.0  3.942932e-06
20895.0  1.438206e-05
20905.0  5.501619e-06
20915.0  6.262945e-06
20925.0  1.828327e-06
20935.0  9.409943e-06
20945.0  3.423179e-06
20955.0  2.743724e-06
20965.0  6.099026e-06
20975.0  5.724589e-06
20985.0  4.971948e-11
20995.0  9.353476e-06
21005.0  2.284449e-06
21015.0  2.556326e-06
21025.0  3.524606e-06
21035.0  1.032826e-05
21045.0  7.854818e-06
21055.0  3.443570e-06
21065.0  5.780474e-06
21075.0  1.862442e-06
21085.0  3.547566e-06
21095.0  3.978323e-06
21105.0  5.968069e-06
21115.0  1.178401e-05
21125.0  7.720870e-07
21135.0  8.306679e-07
21145.0  8.190405e-06
21155.0  5.411851e-06
21165.0  5.213947e-06
21175.0  5.767490e-06
21185.0  7.377114e-07
21195.0  6.722788e-06
21205.0  5.872237e-06
21215.0  4.173194e-06
21225.0  8.667873e-06
21235.0  9.227771e-07
21245.0  6.211233e-06
21255.0  1.024751e-05
21265.0  4.961375e-06
21275.0  4.521502e-06
21285.0  5.000200e-11
21295.0  4.522790e-06
21305.0  8.598412e-06
21315.0  1.098743e-05
21325.0  1.424764e-05
21335.0  4.997983e-11
21345.0  3.164690e-06
21355.0  2.947149e-06
21365.0  6.097632e-06
21375.0  3.674755e-06
21385.0  3.045050e-06
21395.0  8.126592e-06
21405.0  1.938175e-06
21415.0  2.316649e-07
21425.0  3.195378e-06
21435.0  2.458737e-06
21445.0  4.992936e-06
21455.0  4.998094e-11
21465.0  1.905663e-06
21475.0  5.066004e-07
21485.0  5.201297e-06
21495.0  3.998107e-07
21505.0  4.686081e-06
21515.0  4.999224e-11
21525.0  3.699520e-06
21535.0  1.671984e-06
21545.0  1.292360e-06
21555.0  7.378052e-06
21565.0  1.759839e-06
21575.0  6.514163e-07
21585.0  4.665019e-06
21595.0  1.334263e-06
21605.0  4.933137e-06
21615.0  7.882113e-06
21625.0  1.708077e-06
21635.0  6.546992e-06
21645.0  1.053655e-06
21655.0  9.801171e-07
21665.0  4.965508e-11
21675.0  1.196113e-05
21685.0  1.407469e-05
21695.0  3.058795e-07
21705.0  5.714171e-06
21715.0  2.533805e-06
21725.0  1.546455e-06
21735.0  8.043888e-06
21745.0  5.326756e-06
21755.0  1.579968e-06
21765.0  2.066523e-06
21775.0  2.645864e-06
21785.0  4.154264e-06
21795.0  4.925670e-11
21805.0  3.312627e-06
21815.0  5.512976e-06
21825.0  4.579333e-06
21835.0  2.022505e-06
21845.0  3.301732e-06
21855.0  1.584308e-06
21865.0  4.638271e-06
21875.0  4.689409e-06
21885.0  6.609273e-06
21895.0  9.220326e-07
21905.0  2.359497e-06
21915.0  1.951733e-06
21925.0  2.748593e-06
21935.0  4.933673e-11
21945.0  4.260706e-06
21955.0  5.740229e-06
21965.0  6.492630e-06
21975.0  1.155980e-05
21985.0  4.952777e-11
21995.0  1.204243e-05
22005.0  2.309390e-06
22015.0  8.687146e-06
22025.0  1.142923e-05
22035.0  4.964105e-11
22045.0  3.898349e-06
22055.0  5.394621e-06
22065.0  8.296290e-06
22075.0  4.305478e-07
22085.0  4.831259e-06
22095.0  1.646479e-06
22105.0  8.377534e-06
22115.0  5.280598e-06
22125.0  2.086078e-06
22135.0  5.755434e-06
22145.0  4.275001e-06
22155.0  2.561399e-05
22165.0  4.986290e-11
22175.0  1.137293e-05
22185.0  1.016283e-05
22195.0  1.701515e-05
22205.0  4.208993e-06
22215.0  6.722703e-06
22225.0  7.532279e-06
22235.0  1.763666e-06
22245.0  2.414972e-06
22255.0  1.103680e-05
22265.0  6.324144e-06
22275.0  1.352677e-05
22285.0  4.994008e-11
22295.0  4.101514e-06
22305.0  3.467248e-06
22315.0  4.991677e-11
22325.0  5.020701e-06
22335.0  7.181594e-06
22345.0  5.648514e-06
22355.0  1.007222e-05
22365.0  5.665689e-06
22375.0  6.046640e-06
22385.0  9.462690e-06
22395.0  4.989871e-11
22405.0  2.390058e-05
22415.0  6.599062e-06
22425.0  1.113465e-05
22435.0  6.584650e-08
22445.0  1.007516e-05
22455.0  4.977374e-11
22465.0  1.372274e-05
22475.0  2.733790e-06
22485.0  5.882092e-06
22495.0  1.083667e-05
22505.0  6.510214e-06
22515.0  1.312448e-05
22525.0  1.015580e-05
22535.0  9.086978e-06
22545.0  5.022671e-06
22555.0  1.013036e-06
22565.0  9.055443e-07
22575.0  5.173419e-06
22585.0  8.236307e-06
22595.0  8.713710e-07
22605.0  1.378112e-05
22615.0  1.937089e-06
22625.0  7.638956e-06
22635.0  4.814442e-11
22645.0  1.340565e-05
22655.0  2.869226e-07
22665.0  1.324209e-05
22675.0  4.421253e-07
22685.0  2.048091e-06
22695.0  8.701617e-06
22705.0  4.503607e-06
22715.0  3.131970e-06
22725.0  3.848544e-06
22735.0  5.595405e-06
22745.0  3.579463e-06
22755.0  1.186317e-05
22765.0  4.885233e-11
22775.0  2.121704e-06
22785.0  3.690537e-06
22795.0  4.886839e-11
22805.0  7.280074e-06
22815.0  3.166141e-06
22825.0  3.924858e-06
22835.0  3.524889e-06
22845.0  5.443200e-06
22855.0  2.526685e-07
22865.0  4.625887e-07
22875.0  3.752376e-07
22885.0  3.940060e-06
22895.0  2.979993e-06
22905.0  4.648483e-06
22915.0  4.878095e-11
22925.0  5.412990e-06
22935.0  7.766802e-07
22945.0  4.870123e-11
22955.0  1.792041e-06
22965.0  3.211108e-07
22975.0  1.812453e-06
22985.0  3.811903e-07
22995.0  4.839909e-11
23005.0  1.263227e-06
23015.0  5.581583e-06
23025.0  1.974299e-06
23035.0  4.792883e-11
23045.0  7.582589e-07
23055.0  1.441955e-06
23065.0  2.507626e-07
23075.0  3.019229e-06
23085.0  4.697529e-11
23095.0  4.311574e-07
23105.0  5.838108e-06
23115.0  1.489963e-06
23125.0  1.686935e-06
23135.0  2.118419e-06
23145.0  1.267546e-06
23155.0  4.662284e-07
23165.0  4.374913e-11
23175.0  1.897922e-06
23185.0  4.234967e-11
23195.0  1.030955e-06
23205.0  2.535010e-06
23215.0  7.959004e-07
23225.0  3.396088e-07
23235.0  4.436560e-07
23245.0  1.039901e-06
23255.0  1.131160e-06
23265.0  1.356382e-06
23275.0  2.307691e-06
23285.0  3.176788e-11
23295.0  3.060555e-11
23305.0  1.384960e-06
23315.0  7.415663e-07
23325.0  2.679374e-07
23335.0  2.587594e-11
23345.0  1.427137e-06
23355.0  9.855573e-07
23365.0  2.178101e-06
23375.0  2.148217e-11
23385.0  2.057609e-11
23395.0  1.570811e-06
23405.0  8.620746e-07
23415.0  8.158084e-07
23425.0  1.310338e-06
23435.0  7.638511e-07
23445.0  4.051118e-07
23455.0  1.704766e-06
23465.0  7.146857e-08
23475.0  2.686961e-06
23485.0  2.464720e-06
23495.0  1.700436e-11
23505.0  6.194363e-07
23515.0  7.803403e-07
23525.0  8.968609e-07
23535.0  5.446142e-07
23545.0  1.361904e-06
23555.0  1.513529e-07
23565.0  1.914330e-07
23575.0  4.993461e-07
23585.0  5.862041e-07
23595.0  7.632038e-08
23605.0  3.124289e-07
23615.0  5.047264e-07
23625.0  2.178309e-07
23635.0  8.559354e-07
23645.0  9.366258e-12
23655.0  3.737863e-07
23665.0  7.563030e-12
23675.0  9.443704e-08
23685.0  9.166072e-08
23695.0  1.544792e-07
23705.0  3.461105e-07
23715.0  2.907180e-07
23725.0  3.129938e-12
23735.0  1.640203e-07
23745.0  5.888386e-08
23755.0  5.840192e-08
23765.0  7.671238e-08
23775.0  4.516422e-08
23785.0  1.479977e-08
23795.0  1.323119e-07
23805.0  1.723512e-07
23815.0  1.219182e-07
23825.0  1.512949e-12
23835.0  2.602391e-07
23845.0  1.011047e-08
23855.0  1.842363e-07
23865.0  4.103057e-08
23875.0  1.076925e-07
23885.0  2.195162e-08
23895.0  7.145573e-09
23905.0  2.245841e-08
23915.0  2.886703e-08
23925.0  4.930141e-08
23935.0  1.686827e-08
23945.0  7.812524e-09
23955.0  1.759130e-08
23965.0  4.339090e-08
23975.0  2.996459e-13
23985.0  2.681677e-13
23995.0  2.278612e-08
24005.0  1.000244e-08
24015.0  1.268806e-09
24025.0  1.476702e-08
24035.0  2.318924e-09
24045.0  1.350041e-13
24055.0  1.764427e-08
24065.0  1.174457e-08
24075.0  8.261169e-10
24085.0  5.520917e-09
24095.0  3.281892e-09
24105.0  6.622232e-09
24115.0  6.568954e-09
24125.0  4.013561e-10
24135.0  1.902230e-09
24145.0  5.584964e-10
24155.0  3.472099e-14
24165.0  1.735757e-10
24175.0  6.436001e-10
24185.0  2.014125e-09
24195.0  3.840838e-09
24205.0  1.804638e-14
24215.0  1.581351e-14
24225.0  1.220843e-10
24235.0  9.181471e-10
24245.0  9.989670e-11
24255.0  8.213515e-10
24265.0  2.731057e-09
24275.0  7.082343e-15
24285.0  1.749097e-11
24295.0  7.825834e-11
24305.0  6.969144e-10
24315.0  4.105771e-15
24325.0  3.528545e-10
24335.0  3.738172e-11
24345.0  2.708020e-15
24355.0  2.352202e-15
24365.0  2.528797e-10
24375.0  1.287618e-10
24385.0  1.229267e-10
24395.0  1.317372e-15
24405.0  1.353617e-10
24415.0  1.855502e-10
24425.0  8.314679e-16
24435.0  3.003320e-11
24445.0  2.417405e-11
24455.0  5.065760e-16
24465.0  6.046795e-11
24475.0  1.179317e-10
24485.0  1.602163e-11
24495.0  2.612313e-16
24505.0  4.625032e-11
24515.0  2.470754e-16
24525.0  2.773901e-11
24535.0  8.981130e-12
24545.0  3.301870e-11
24555.0  2.076913e-16
24565.0  9.119287e-12
24575.0  4.833654e-12
24585.0  1.757309e-16
24595.0  1.399493e-11
24605.0  4.833813e-11
24615.0  1.101627e-11
24625.0  1.560746e-11
24635.0  1.271649e-16
24645.0  4.045475e-11
24655.0  7.572858e-12
24665.0  4.647175e-12
24675.0  5.345087e-12
24685.0  1.750679e-11
24695.0  6.338885e-12
24705.0  1.657917e-11
24715.0  4.592527e-12
24725.0  1.390655e-12
24735.0  4.486163e-12
24745.0  6.000741e-12
24755.0  4.511671e-17
24765.0  6.551137e-12
24775.0  1.565219e-12
24785.0  1.376382e-12
24795.0  1.215463e-12
24805.0  4.353336e-12
24815.0  1.518806e-12
24825.0  2.254741e-17
24835.0  1.234115e-12
24845.0  1.275266e-12
24855.0  6.573815e-12
24865.0  1.496474e-17
24875.0  7.654093e-13
24885.0  1.856006e-12
24895.0  1.113160e-17
24905.0  2.609885e-13
24915.0  1.234087e-12
24925.0  4.764882e-13
24935.0  2.322060e-12
24945.0  4.869342e-13
24955.0  7.100199e-13
24965.0  3.051087e-13
24975.0  4.587355e-18
24985.0  9.000871e-13
24995.0  2.927383e-14
25005.0  4.165678e-13
25015.0  2.949970e-18
25025.0  5.694631e-13
25035.0  5.625967e-13
25045.0  4.576164e-14
25055.0  1.039818e-13
25065.0  2.528253e-13
25075.0  6.026145e-13
25085.0  1.366512e-18
25095.0  7.471906e-13
25105.0  1.098244e-18
25115.0  2.527584e-13
25125.0  2.793849e-14
25135.0  7.210096e-14
25145.0  2.715774e-14
25155.0  6.381363e-19
25165.0  2.734581e-13
25175.0  5.143543e-19
25185.0  4.619477e-19
25195.0  8.055606e-14
25205.0  3.728894e-19
25215.0  3.375317e-14
25225.0  3.011540e-19
25235.0  2.706735e-19
25245.0  1.064629e-13
25255.0  6.271406e-14
25265.0  1.971329e-19
25275.0  1.774502e-19
25285.0  9.389316e-15
25295.0  2.718136e-14
25305.0  1.296099e-19
25315.0  2.105071e-14
25325.0  1.986921e-15
25335.0  5.174976e-14
25345.0  1.823628e-14
25355.0  7.710232e-20
25365.0  6.952658e-20
25375.0  9.705290e-15
25385.0  3.406770e-15
25395.0  5.101223e-20
25405.0  3.330950e-15
25415.0  2.609428e-15
25425.0  5.194422e-15
25435.0  2.199956e-15
25445.0  2.522658e-15
25455.0  1.547552e-15
25465.0  1.108966e-14
25475.0  2.237192e-20
25485.0  2.018051e-20
25495.0  7.252582e-15
25505.0  2.129940e-15
25515.0  2.133095e-15
25525.0  1.305066e-20
25535.0  1.165816e-20
25545.0  1.041188e-20
25555.0  1.263835e-15
25565.0  1.138295e-15
25575.0  2.872551e-15
25585.0  1.957336e-15
25595.0  5.894337e-21
25605.0  6.462786e-17
25615.0  7.537496e-16
25625.0  4.176742e-21
25635.0  2.574719e-16
25645.0  8.640094e-16
25655.0  2.045377e-15
25665.0  2.628777e-21
25675.0  2.611583e-16
25685.0  8.113845e-16
25695.0  1.260425e-16
25705.0  1.647551e-21
25715.0  8.954365e-16
25725.0  8.475331e-17
25735.0  2.352402e-16
25745.0  1.028399e-21
25755.0  3.937192e-16
25765.0  1.191370e-16
25775.0  7.203619e-22
25785.0  6.394513e-22
25795.0  5.726956e-16
25805.0  5.035139e-22
25815.0  4.646717e-17
25825.0  3.923735e-22
25835.0  3.410874e-22
25845.0  2.650529e-16
25855.0  2.564373e-22
25865.0  7.562802e-18
25875.0  1.633704e-17
25885.0  1.430090e-16
25895.0  1.418010e-22
25905.0  7.191102e-17
25915.0  1.039510e-22
25925.0  8.858931e-23
25935.0  7.522303e-23
25945.0  6.357197e-23
25955.0  5.346972e-23
25965.0  2.370181e-17
25975.0  4.039477e-18
25985.0  3.070250e-23
25995.0  2.509764e-23
26005.0  1.893106e-17
