# from http://www.stsci.edu/jwst/instruments/nircam/instrumentdesign/filters
# Retrieved Jan 18, 2017, dated Feb 5, 2016 (pre-flight)
# Uses modA or modB  filters+DBS+QE+OTE (nrc_plus_ote)
# Units of transmission are PCE (photon to electron conversion efficiency)
# 
5502.0  1.581386e-10
5512.0  6.902918e-11
5522.0  2.568560e-10
5532.0  3.267822e-10
5542.0  3.415799e-10
5552.0  2.012795e-11
5562.0  2.200590e-11
5572.0  2.071154e-11
5582.0  8.774164e-11
5592.0  7.640122e-11
5602.0  3.623299e-10
5612.0  3.493352e-10
5622.0  3.848812e-10
5632.0  3.617573e-10
5642.0  7.793963e-10
5652.0  1.399061e-09
5662.0  1.230840e-09
5672.0  9.956871e-10
5682.0  4.228786e-10
5692.0  4.757374e-10
5702.0  2.455282e-10
5712.0  9.914582e-10
5722.0  1.201699e-09
5732.0  1.237241e-09
5742.0  6.579581e-10
5752.0  2.519358e-10
5762.0  3.781186e-10
5772.0  6.467310e-10
5782.0  1.302242e-09
5792.0  1.306879e-09
5802.0  7.264603e-10
5812.0  4.904300e-12
5822.0  5.302778e-12
5832.0  1.658926e-09
5842.0  2.002553e-09
5852.0  2.345665e-09
5862.0  1.605531e-09
5872.0  1.886253e-09
5882.0  2.925319e-09
5892.0  4.024934e-09
5902.0  3.891910e-09
5912.0  3.920017e-09
5922.0  1.480561e-09
5932.0  1.244984e-09
5942.0  6.690132e-10
5952.0  3.297661e-09
5962.0  4.367869e-09
5972.0  4.128923e-09
5982.0  1.616258e-09
5992.0  3.103237e-09
6002.0  8.692877e-09
6012.0  2.673013e-08
6022.0  5.517952e-08
6032.0  9.751640e-08
6042.0  1.362564e-07
6052.0  1.644201e-07
6062.0  1.785991e-07
6072.0  1.746486e-07
6082.0  1.682316e-07
6092.0  1.568868e-07
6102.0  1.807810e-07
6112.0  2.299798e-07
6122.0  3.123751e-07
6132.0  4.108052e-07
6142.0  5.172936e-07
6152.0  5.994238e-07
6162.0  6.252545e-07
6172.0  6.171996e-07
6182.0  6.321605e-07
6192.0  7.427929e-07
6202.0  9.819589e-07
6212.0  1.335920e-06
6222.0  1.706694e-06
6232.0  1.974803e-06
6242.0  2.021037e-06
6252.0  1.873712e-06
6262.0  1.560496e-06
6272.0  1.217895e-06
6282.0  9.019032e-07
6292.0  6.947459e-07
6302.0  5.687314e-07
6312.0  4.857156e-07
6322.0  4.219881e-07
6332.0  3.736769e-07
6342.0  3.506745e-07
6352.0  3.558977e-07
6362.0  3.704740e-07
6372.0  3.858022e-07
6382.0  3.706087e-07
6392.0  3.414843e-07
6402.0  2.903093e-07
6412.0  2.448346e-07
6422.0  2.050876e-07
6432.0  1.759837e-07
6442.0  1.573778e-07
6452.0  1.469134e-07
6462.0  1.476229e-07
6472.0  1.533630e-07
6482.0  1.510253e-07
6492.0  1.503517e-07
6502.0  1.452673e-07
6512.0  1.460984e-07
6522.0  1.433047e-07
6532.0  1.403952e-07
6542.0  1.425098e-07
6552.0  1.502959e-07
6562.0  1.623302e-07
6572.0  1.666947e-07
6582.0  1.545565e-07
6592.0  1.454120e-07
6602.0  1.482684e-07
6612.0  1.589805e-07
6622.0  1.659968e-07
6632.0  1.664858e-07
6642.0  1.725249e-07
6652.0  1.760741e-07
6662.0  1.831598e-07
6672.0  2.055994e-07
6682.0  2.318336e-07
6692.0  2.492182e-07
6702.0  2.479458e-07
6712.0  2.423927e-07
6722.0  2.397376e-07
6732.0  2.412271e-07
6742.0  2.396889e-07
6752.0  2.419579e-07
6762.0  2.439359e-07
6772.0  2.431756e-07
6782.0  2.444507e-07
6792.0  2.388076e-07
6802.0  2.302878e-07
6812.0  2.071985e-07
6822.0  1.970734e-07
6832.0  1.901129e-07
6842.0  1.901367e-07
6852.0  1.876785e-07
6862.0  1.993006e-07
6872.0  2.209953e-07
6882.0  2.410847e-07
6892.0  2.590603e-07
6902.0  2.467549e-07
6912.0  2.509374e-07
6922.0  2.302895e-07
6932.0  2.343323e-07
6942.0  2.191213e-07
6952.0  2.159393e-07
6962.0  2.004401e-07
6972.0  1.933852e-07
6982.0  1.873003e-07
6992.0  1.869056e-07
7002.0  1.749398e-07
7012.0  1.761701e-07
7022.0  1.874025e-07
7032.0  2.060426e-07
7042.0  2.067854e-07
7052.0  2.056428e-07
7062.0  1.958254e-07
7072.0  2.023207e-07
7082.0  2.040339e-07
7092.0  2.223741e-07
7102.0  2.291712e-07
7112.0  2.140862e-07
7122.0  1.882849e-07
7132.0  1.665843e-07
7142.0  1.792004e-07
7152.0  1.738005e-07
7162.0  1.515297e-07
7172.0  1.383802e-07
7182.0  1.325329e-07
7192.0  1.568963e-07
7202.0  1.703405e-07
7212.0  2.031465e-07
7222.0  1.983982e-07
7232.0  1.919323e-07
7242.0  1.636626e-07
7252.0  1.830661e-07
7262.0  1.837094e-07
7272.0  2.050447e-07
7282.0  1.857742e-07
7292.0  1.868849e-07
7302.0  2.109706e-07
7312.0  2.386269e-07
7322.0  2.463296e-07
7332.0  2.369704e-07
7342.0  2.569846e-07
7352.0  2.631020e-07
7362.0  2.712289e-07
7372.0  2.537644e-07
7382.0  2.353847e-07
7392.0  2.248199e-07
7402.0  2.046177e-07
7412.0  2.383611e-07
7422.0  2.504246e-07
7432.0  2.406447e-07
7442.0  1.851051e-07
7452.0  1.131518e-07
7462.0  1.085980e-07
7472.0  1.454239e-07
7482.0  1.945885e-07
7492.0  2.069137e-07
7502.0  2.441258e-07
7512.0  2.473678e-07
7522.0  2.832026e-07
7532.0  1.961112e-07
7542.0  1.994376e-07
7552.0  2.121384e-07
7562.0  2.671527e-07
7572.0  2.809761e-07
7582.0  2.590762e-07
7592.0  2.470220e-07
7602.0  2.467972e-07
7612.0  2.290801e-07
7622.0  2.107705e-07
7632.0  1.998272e-07
7642.0  2.069673e-07
7652.0  2.330455e-07
7662.0  1.943335e-07
7672.0  1.866453e-07
7682.0  2.040069e-07
7692.0  2.698602e-07
7702.0  2.743196e-07
7712.0  2.565202e-07
7722.0  1.918589e-07
7732.0  1.387057e-07
7742.0  1.195107e-07
7752.0  1.850414e-07
7762.0  1.803697e-07
7772.0  1.942938e-07
7782.0  1.112797e-07
7792.0  1.947315e-07
7802.0  2.290114e-07
7812.0  2.534590e-07
7822.0  2.107891e-07
7832.0  1.184089e-07
7842.0  8.956305e-08
7852.0  1.081410e-07
7862.0  1.170310e-07
7872.0  1.246398e-07
7882.0  6.753391e-08
7892.0  7.294780e-08
7902.0  4.288463e-08
7912.0  2.423451e-08
7922.0  2.299802e-08
7932.0  6.102367e-08
7942.0  6.127360e-08
7952.0  3.852530e-08
7962.0  5.314294e-08
7972.0  5.626971e-08
7982.0  5.753478e-08
7992.0  1.051323e-08
8002.0  8.999708e-09
8012.0  7.996237e-09
8022.0  2.206461e-09
8032.0  8.527166e-10
8042.0  1.524406e-09
8052.0  6.998358e-10
8062.0  7.016488e-10
8072.0  1.042372e-08
8082.0  1.043617e-08
8092.0  1.045082e-08
8102.0  9.170126e-09
8112.0  1.778707e-08
8122.0  4.235368e-08
8132.0  3.828577e-08
8142.0  2.969417e-08
8152.0  5.097732e-09
8162.0  1.560088e-08
8172.0  1.823719e-08
8182.0  2.055829e-08
8192.0  4.964736e-09
8202.0  2.335961e-09
8212.0  7.798550e-09
8222.0  7.806608e-09
8232.0  2.084134e-08
8242.0  2.101467e-08
8252.0  3.357668e-08
8262.0  4.135700e-08
8272.0  3.442329e-08
8282.0  2.998864e-08
8292.0  1.401007e-08
8302.0  3.153438e-08
8312.0  3.440664e-08
8322.0  3.248809e-08
8332.0  4.398363e-08
8342.0  4.188934e-08
8352.0  3.950699e-08
8362.0  1.936854e-08
8372.0  2.063336e-08
8382.0  2.122247e-08
8392.0  2.973031e-08
8402.0  2.885335e-08
8412.0  4.626767e-08
8422.0  2.779986e-08
8432.0  2.156587e-08
8442.0  3.037303e-09
8452.0  3.042607e-09
8462.0  1.360585e-08
8472.0  2.609679e-08
8482.0  2.612526e-08
8492.0  3.722051e-08
8502.0  2.478807e-08
8512.0  3.423907e-08
8522.0  2.963318e-08
8532.0  2.969386e-08
8542.0  2.027123e-08
8552.0  3.011538e-11
8562.0  1.721630e-08
8572.0  1.724949e-08
8582.0  1.727370e-08
8592.0  2.464767e-08
8602.0  2.468538e-08
8612.0  4.163469e-08
8622.0  2.590657e-08
8632.0  2.904068e-08
8642.0  1.205949e-08
8652.0  3.134595e-09
8662.0  1.806022e-08
8672.0  2.190108e-08
8682.0  2.189785e-08
8692.0  2.157050e-08
8702.0  3.678635e-08
8712.0  9.697806e-08
8722.0  1.084500e-07
8732.0  8.944132e-08
8742.0  2.912155e-08
8752.0  4.529927e-08
8762.0  4.537187e-08
8772.0  7.165324e-08
8782.0  2.625435e-08
8792.0  7.851265e-08
8802.0  5.232084e-08
8812.0  1.374045e-07
8822.0  8.500815e-08
8832.0  8.506307e-08
8842.0  3.112662e-11
8852.0  2.456608e-08
8862.0  9.397691e-08
8872.0  1.347082e-07
8882.0  1.101313e-07
8892.0  4.081461e-08
8902.0  7.486075e-08
8912.0  7.512194e-08
8922.0  7.525659e-08
8932.0  3.143813e-11
8942.0  3.150419e-11
8952.0  1.754162e-07
8962.0  5.422552e-07
8972.0  5.425279e-07
8982.0  3.906953e-07
8992.0  4.111717e-08
9002.0  7.905522e-08
9012.0  6.562924e-08
9022.0  7.188867e-08
9032.0  4.001767e-08
9042.0  6.482055e-08
9052.0  5.760383e-08
9062.0  5.162667e-08
9072.0  6.581846e-08
9082.0  8.471558e-08
9092.0  9.486277e-08
9102.0  6.520254e-08
9112.0  3.106558e-08
9122.0  2.558884e-08
9132.0  2.852004e-08
9142.0  4.925480e-08
9152.0  6.215295e-08
9162.0  4.716392e-08
9172.0  4.655663e-08
9182.0  2.913586e-08
9192.0  6.880047e-08
9202.0  4.749839e-08
9212.0  9.274659e-08
9222.0  6.987013e-08
9232.0  6.973509e-08
9242.0  4.135820e-08
9252.0  3.685770e-08
9262.0  5.140010e-08
9272.0  4.303767e-08
9282.0  5.152174e-08
9292.0  3.699637e-08
9302.0  6.157453e-08
9312.0  4.800722e-08
9322.0  8.811059e-08
9332.0  8.470909e-08
9342.0  8.797382e-08
9352.0  5.555513e-08
9362.0  2.768322e-08
9372.0  4.260057e-08
9382.0  3.661575e-08
9392.0  5.791968e-08
9402.0  4.060549e-08
9412.0  8.549306e-08
9422.0  7.390147e-08
9432.0  6.728089e-08
9442.0  6.821876e-08
9452.0  1.078192e-07
9462.0  1.400099e-07
9472.0  1.659767e-07
9482.0  1.531083e-07
9492.0  1.944045e-07
9502.0  1.930288e-07
9512.0  2.387574e-07
9522.0  2.599640e-07
9532.0  2.432998e-07
9542.0  2.511310e-07
9552.0  2.584335e-07
9562.0  3.415441e-07
9572.0  4.163856e-07
9582.0  5.363536e-07
9592.0  6.827273e-07
9602.0  8.722267e-07
9612.0  1.097069e-06
9622.0  1.352492e-06
9632.0  1.620988e-06
9642.0  1.878128e-06
9652.0  2.156572e-06
9662.0  2.472053e-06
9672.0  2.914905e-06
9682.0  3.464311e-06
9692.0  4.182718e-06
9702.0  4.985595e-06
9712.0  5.924964e-06
9722.0  6.891357e-06
9732.0  7.865245e-06
9742.0  8.765698e-06
9752.0  9.650826e-06
9762.0  1.055778e-05
9772.0  1.166238e-05
9782.0  1.308742e-05
9792.0  1.502468e-05
9802.0  1.763157e-05
9812.0  2.114608e-05
9822.0  2.590280e-05
9832.0  3.221969e-05
9842.0  4.037348e-05
9852.0  5.077723e-05
9862.0  6.347406e-05
9872.0  7.868846e-05
9882.0  9.647747e-05
9892.0  1.168448e-04
9902.0  1.400033e-04
9912.0  1.657935e-04
9922.0  1.948874e-04
9932.0  2.280729e-04
9942.0  2.667275e-04
9952.0  3.123986e-04
9962.0  3.692965e-04
9972.0  4.419923e-04
9982.0  1.105775e-02
9992.0  2.317324e-02
10002.0  3.655736e-02
10012.0  4.043805e-02
10022.0  4.480684e-02
10032.0  4.953180e-02
10042.0  5.566734e-02
10052.0  6.243848e-02
10062.0  7.095730e-02
10072.0  8.057661e-02
10082.0  9.226265e-02
10092.0  1.061077e-01
10102.0  1.224889e-01
10112.0  1.414325e-01
10122.0  1.622818e-01
10132.0  1.835675e-01
10142.0  2.031446e-01
10152.0  2.203999e-01
10162.0  2.338904e-01
10172.0  2.439331e-01
10182.0  2.497584e-01
10192.0  2.532168e-01
10202.0  2.547382e-01
10212.0  2.552240e-01
10222.0  2.557284e-01
10232.0  2.556061e-01
10242.0  2.557096e-01
10252.0  2.556945e-01
10262.0  2.558966e-01
10272.0  2.573264e-01
10282.0  2.580789e-01
10292.0  2.587539e-01
10302.0  2.592789e-01
10312.0  2.602865e-01
10322.0  2.622671e-01
10332.0  2.625215e-01
10342.0  2.630995e-01
10352.0  2.637536e-01
10362.0  2.649011e-01
10372.0  2.650249e-01
10382.0  2.653042e-01
10392.0  2.667714e-01
10402.0  2.678159e-01
10412.0  2.682081e-01
10422.0  2.677396e-01
10432.0  2.675351e-01
10442.0  2.678868e-01
10452.0  2.686884e-01
10462.0  2.692559e-01
10472.0  2.696446e-01
10482.0  2.704038e-01
10492.0  2.706452e-01
10502.0  2.712545e-01
10512.0  2.725467e-01
10522.0  2.741186e-01
10532.0  2.752171e-01
10542.0  2.761528e-01
10552.0  2.772019e-01
10562.0  2.771541e-01
10572.0  2.763229e-01
10582.0  2.769546e-01
10592.0  2.774203e-01
10602.0  2.774948e-01
10612.0  2.769729e-01
10622.0  2.770190e-01
10632.0  2.762225e-01
10642.0  2.750505e-01
10652.0  2.740741e-01
10662.0  2.741623e-01
10672.0  2.726570e-01
10682.0  2.711200e-01
10692.0  2.698361e-01
10702.0  2.682738e-01
10712.0  2.664771e-01
10722.0  2.643848e-01
10732.0  2.626190e-01
10742.0  2.607431e-01
10752.0  2.590960e-01
10762.0  2.578968e-01
10772.0  2.562205e-01
10782.0  2.555552e-01
10792.0  2.545785e-01
10802.0  2.540620e-01
10812.0  2.538303e-01
10822.0  2.548383e-01
10832.0  2.553136e-01
10842.0  2.561882e-01
10852.0  2.567601e-01
10862.0  2.586113e-01
10872.0  2.602470e-01
10882.0  2.629652e-01
10892.0  2.650205e-01
10902.0  2.682977e-01
10912.0  2.707109e-01
10922.0  2.738675e-01
10932.0  2.760586e-01
10942.0  2.786621e-01
10952.0  2.812064e-01
10962.0  2.835674e-01
10972.0  2.860597e-01
10982.0  2.876081e-01
10992.0  2.894645e-01
11002.0  2.906589e-01
11012.0  2.923715e-01
11022.0  2.932296e-01
11032.0  2.941999e-01
11042.0  2.947466e-01
11052.0  2.954579e-01
11062.0  2.956576e-01
11072.0  2.954145e-01
11082.0  2.955429e-01
11092.0  2.951862e-01
11102.0  2.952893e-01
11112.0  2.951761e-01
11122.0  2.953899e-01
11132.0  2.950944e-01
11142.0  2.948850e-01
11152.0  2.938937e-01
11162.0  2.931086e-01
11172.0  2.924123e-01
11182.0  2.916772e-01
11192.0  2.904106e-01
11202.0  2.900984e-01
11212.0  2.893434e-01
11222.0  2.893106e-01
11232.0  2.881211e-01
11242.0  2.887064e-01
11252.0  2.894127e-01
11262.0  2.909898e-01
11272.0  2.917172e-01
11282.0  2.936552e-01
11292.0  2.952596e-01
11302.0  2.974046e-01
11312.0  2.990076e-01
11322.0  3.008251e-01
11332.0  3.022502e-01
11342.0  3.041586e-01
11352.0  3.057634e-01
11362.0  3.072537e-01
11372.0  3.088922e-01
11382.0  3.098522e-01
11392.0  3.115807e-01
11402.0  3.119892e-01
11412.0  3.137940e-01
11422.0  3.154692e-01
11432.0  3.170941e-01
11442.0  3.183849e-01
11452.0  3.194634e-01
11462.0  3.204015e-01
11472.0  3.215230e-01
11482.0  3.225099e-01
11492.0  3.238288e-01
11502.0  3.249249e-01
11512.0  3.263512e-01
11522.0  3.279870e-01
11532.0  3.288904e-01
11542.0  3.300986e-01
11552.0  3.318633e-01
11562.0  3.337665e-01
11572.0  3.363218e-01
11582.0  3.382912e-01
11592.0  3.418034e-01
11602.0  3.428719e-01
11612.0  3.443620e-01
11622.0  3.454026e-01
11632.0  3.475619e-01
11642.0  3.487690e-01
11652.0  3.501833e-01
11662.0  3.508098e-01
11672.0  3.518119e-01
11682.0  3.517041e-01
11692.0  3.523464e-01
11702.0  3.531910e-01
11712.0  3.533899e-01
11722.0  3.536407e-01
11732.0  3.530906e-01
11742.0  3.535465e-01
11752.0  3.541236e-01
11762.0  3.538783e-01
11772.0  3.540419e-01
11782.0  3.533761e-01
11792.0  3.534942e-01
11802.0  3.531831e-01
11812.0  3.534888e-01
11822.0  3.542151e-01
11832.0  3.537988e-01
11842.0  3.538826e-01
11852.0  3.529528e-01
11862.0  3.526972e-01
11872.0  3.507275e-01
11882.0  3.509567e-01
11892.0  3.523610e-01
11902.0  3.531833e-01
11912.0  3.515420e-01
11922.0  3.483576e-01
11932.0  3.479342e-01
11942.0  3.473740e-01
11952.0  3.467868e-01
11962.0  3.458555e-01
11972.0  3.459997e-01
11982.0  3.463260e-01
11992.0  3.470931e-01
12002.0  3.473635e-01
12012.0  3.481747e-01
12022.0  3.488143e-01
12032.0  3.480088e-01
12042.0  3.486346e-01
12052.0  3.482593e-01
12062.0  3.492604e-01
12072.0  3.497416e-01
12082.0  3.500252e-01
12092.0  3.507791e-01
12102.0  3.502154e-01
12112.0  3.509873e-01
12122.0  3.502202e-01
12132.0  3.503119e-01
12142.0  3.496081e-01
12152.0  3.498466e-01
12162.0  3.499670e-01
12172.0  3.487283e-01
12182.0  3.497983e-01
12192.0  3.500393e-01
12202.0  3.513712e-01
12212.0  3.530669e-01
12222.0  3.549600e-01
12232.0  3.571820e-01
12242.0  3.575309e-01
12252.0  3.593396e-01
12262.0  3.615608e-01
12272.0  3.640721e-01
12282.0  3.660753e-01
12292.0  3.676709e-01
12302.0  3.690190e-01
12312.0  3.693394e-01
12322.0  3.702692e-01
12332.0  3.705884e-01
12342.0  3.719916e-01
12352.0  3.720629e-01
12362.0  3.718810e-01
12372.0  3.719398e-01
12382.0  3.719420e-01
12392.0  3.721339e-01
12402.0  3.727916e-01
12412.0  3.734625e-01
12422.0  3.755426e-01
12432.0  3.763341e-01
12442.0  3.776302e-01
12452.0  3.785792e-01
12462.0  3.789894e-01
12472.0  3.795876e-01
12482.0  3.805996e-01
12492.0  3.821473e-01
12502.0  3.838764e-01
12512.0  3.856706e-01
12522.0  3.870750e-01
12532.0  3.884342e-01
12542.0  3.894596e-01
12552.0  3.902740e-01
12562.0  3.907884e-01
12572.0  3.909901e-01
12582.0  3.907656e-01
12592.0  3.906047e-01
12602.0  3.899800e-01
12612.0  3.897291e-01
12622.0  3.890443e-01
12632.0  3.890654e-01
12642.0  3.893200e-01
12652.0  3.894082e-01
12662.0  3.880688e-01
12672.0  3.880363e-01
12682.0  3.883284e-01
12692.0  3.890682e-01
12702.0  3.874472e-01
12712.0  3.850953e-01
12722.0  3.808466e-01
12732.0  3.767769e-01
12742.0  3.686715e-01
12752.0  3.581120e-01
12762.0  3.412393e-01
12772.0  3.212892e-01
12782.0  2.963589e-01
12792.0  2.689110e-01
12802.0  2.398570e-01
12812.0  2.106157e-01
12822.0  1.824129e-01
12832.0  1.559287e-01
12842.0  1.324715e-01
12852.0  1.121865e-01
12862.0  9.511712e-02
12872.0  8.130915e-02
12882.0  6.937151e-02
12892.0  5.983475e-02
12902.0  5.153401e-02
12912.0  4.510327e-02
12922.0  3.942252e-02
12932.0  3.509364e-02
12942.0  3.097907e-02
12952.0  2.776275e-02
12962.0  2.439960e-02
12972.0  2.103276e-02
12982.0  1.741791e-02
12992.0  1.409562e-02
13002.0  1.133930e-02
13012.0  9.059193e-03
13022.0  7.268243e-03
13032.0  5.826890e-03
13042.0  4.716152e-03
13052.0  3.810831e-03
13062.0  3.074256e-03
13072.0  2.503555e-03
13082.0  2.051313e-03
13092.0  1.692972e-03
13102.0  1.407819e-03
13112.0  1.176029e-03
13122.0  9.870568e-04
13132.0  8.324044e-04
13142.0  7.026860e-04
13152.0  5.967787e-04
13162.0  5.058458e-04
13172.0  4.323698e-04
13182.0  3.695304e-04
13192.0  3.170866e-04
13202.0  2.714048e-04
13212.0  2.347628e-04
13222.0  2.034755e-04
13232.0  1.778548e-04
13242.0  1.546519e-04
13252.0  1.346247e-04
13262.0  1.185831e-04
13272.0  1.036838e-04
13282.0  9.167573e-05
13292.0  8.002058e-05
13302.0  7.159692e-05
13312.0  6.380596e-05
13322.0  5.713015e-05
13332.0  5.137336e-05
13342.0  4.650371e-05
13352.0  4.165456e-05
13362.0  3.723740e-05
13372.0  3.361007e-05
13382.0  3.059867e-05
13392.0  2.821682e-05
13402.0  2.576455e-05
13412.0  2.365567e-05
13422.0  2.125787e-05
13432.0  1.963638e-05
13442.0  1.857244e-05
13452.0  1.731148e-05
13462.0  1.560283e-05
13472.0  1.478927e-05
13482.0  1.372028e-05
13492.0  1.318436e-05
13502.0  1.148366e-05
13512.0  1.067421e-05
13522.0  1.016112e-05
13532.0  9.844757e-06
13542.0  9.046087e-06
13552.0  8.294435e-06
13562.0  7.740503e-06
13572.0  7.601456e-06
13582.0  6.846616e-06
13592.0  6.129919e-06
13602.0  5.765784e-06
13612.0  5.726908e-06
13622.0  5.517442e-06
13632.0  5.091598e-06
13642.0  4.718052e-06
13652.0  4.819785e-06
13662.0  4.562750e-06
13672.0  4.378429e-06
13682.0  4.516243e-06
13692.0  4.817546e-06
13702.0  4.629549e-06
13712.0  4.229680e-06
13722.0  4.958659e-06
13732.0  4.343774e-06
13742.0  4.244156e-06
13752.0  2.810041e-06
13762.0  3.434178e-06
13772.0  3.379201e-06
13782.0  4.135519e-06
13792.0  4.099122e-06
13802.0  3.784224e-06
13812.0  3.587492e-06
13822.0  3.397056e-06
13832.0  3.236050e-06
13842.0  3.104565e-06
13852.0  3.121274e-06
13862.0  3.179525e-06
13872.0  2.871367e-06
13882.0  2.756271e-06
13892.0  2.497368e-06
13902.0  2.302999e-06
13912.0  2.546253e-06
13922.0  3.007700e-06
13932.0  2.925445e-06
13942.0  2.736488e-06
13952.0  2.751880e-06
13962.0  2.260803e-06
13972.0  2.242938e-06
13982.0  2.421533e-06
13992.0  3.061666e-06
14002.0  3.303207e-06
14012.0  3.089688e-06
14022.0  2.982232e-06
14032.0  3.023461e-06
14042.0  3.061707e-06
14052.0  3.514300e-06
14062.0  3.273928e-06
14072.0  3.254324e-06
14082.0  3.186210e-06
14092.0  3.264509e-06
14102.0  3.240410e-06
14112.0  3.207294e-06
14122.0  3.379172e-06
14132.0  3.298130e-06
14142.0  2.901140e-06
14152.0  3.248208e-06
14162.0  2.958823e-06
14172.0  3.293230e-06
14182.0  3.412842e-06
14192.0  3.640676e-06
14202.0  3.696899e-06
14212.0  3.238922e-06
14222.0  3.625082e-06
14232.0  3.516444e-06
14242.0  3.426146e-06
14252.0  3.009429e-06
14262.0  2.847884e-06
14272.0  2.691622e-06
14282.0  2.896593e-06
14292.0  2.883605e-06
14302.0  2.867314e-06
14312.0  3.157207e-06
14322.0  3.157433e-06
14332.0  2.926547e-06
14342.0  2.475187e-06
14352.0  2.557399e-06
14362.0  3.038738e-06
14372.0  2.782315e-06
14382.0  3.015012e-06
14392.0  2.716306e-06
14402.0  3.343684e-06
14412.0  3.111456e-06
14422.0  3.386046e-06
14432.0  2.635442e-06
14442.0  3.242012e-06
14452.0  2.669102e-06
14462.0  2.775953e-06
14472.0  2.129320e-06
14482.0  2.574472e-06
14492.0  2.093428e-06
14502.0  1.957566e-06
14512.0  1.822895e-06
14522.0  2.597312e-06
14532.0  2.907411e-06
14542.0  2.465855e-06
14552.0  2.347013e-06
14562.0  2.497822e-06
14572.0  2.683953e-06
14582.0  2.847630e-06
14592.0  2.644132e-06
14602.0  3.033504e-06
14612.0  2.543195e-06
14622.0  2.878149e-06
14632.0  2.261991e-06
14642.0  2.838400e-06
14652.0  2.389570e-06
14662.0  2.473748e-06
14672.0  1.929792e-06
14682.0  2.094449e-06
14692.0  2.103506e-06
14702.0  2.461497e-06
14712.0  2.129671e-06
14722.0  2.394395e-06
14732.0  2.213156e-06
14742.0  1.938207e-06
14752.0  2.647595e-06
14762.0  3.018959e-06
14772.0  3.228763e-06
14782.0  2.516474e-06
14792.0  2.112437e-06
14802.0  2.156171e-06
14812.0  1.936301e-06
14822.0  2.565483e-06
14832.0  2.514623e-06
14842.0  3.031124e-06
14852.0  2.585159e-06
14862.0  2.303747e-06
14872.0  1.738409e-06
14882.0  1.972890e-06
14892.0  2.383697e-06
14902.0  2.556186e-06
14912.0  2.428532e-06
14922.0  2.676490e-06
14932.0  2.548081e-06
14942.0  2.393383e-06
14952.0  2.526360e-06
14962.0  3.314022e-06
14972.0  2.966088e-06
14982.0  2.881852e-06
14992.0  2.827939e-06
15002.0  3.785004e-06
15012.0  3.746756e-06
15022.0  4.111133e-06
15032.0  4.240232e-06
15042.0  3.685470e-06
15052.0  2.960953e-06
15062.0  2.846128e-06
15072.0  3.749338e-06
15082.0  4.302560e-06
15092.0  4.065666e-06
15102.0  3.272758e-06
15112.0  3.117401e-06
15122.0  2.945353e-06
15132.0  3.092643e-06
15142.0  2.342601e-06
15152.0  1.787271e-06
15162.0  2.242315e-06
15172.0  2.619625e-06
15182.0  3.329425e-06
15192.0  2.781507e-06
15202.0  3.217761e-06
15212.0  3.362802e-06
15222.0  3.774265e-06
15232.0  3.253811e-06
15242.0  3.222727e-06
15252.0  3.201356e-06
15262.0  3.386575e-06
15272.0  3.179670e-06
15282.0  3.719704e-06
15292.0  3.670455e-06
15302.0  4.070097e-06
15312.0  4.014915e-06
15322.0  3.812504e-06
15332.0  3.686511e-06
15342.0  3.391017e-06
15352.0  4.194823e-06
15362.0  4.447664e-06
15372.0  4.270201e-06
15382.0  4.648114e-06
15392.0  4.467020e-06
15402.0  4.583698e-06
15412.0  3.587303e-06
15422.0  3.052411e-06
15432.0  3.387628e-06
15442.0  3.360865e-06
15452.0  3.560116e-06
15462.0  3.043232e-06
15472.0  3.479234e-06
15482.0  3.299428e-06
15492.0  4.055150e-06
15502.0  2.961601e-06
15512.0  3.063039e-06
15522.0  2.749929e-06
15532.0  3.331209e-06
15542.0  3.550848e-06
15552.0  2.726717e-06
15562.0  2.454609e-06
15572.0  2.977856e-06
15582.0  3.457198e-06
15592.0  3.380700e-06
15602.0  2.484251e-06
15612.0  2.552701e-06
15622.0  2.567743e-06
15632.0  2.907762e-06
15642.0  3.004100e-06
15652.0  2.781237e-06
15662.0  3.073955e-06
15672.0  3.134381e-06
15682.0  3.320677e-06
15692.0  3.551957e-06
15702.0  2.663594e-06
15712.0  3.652331e-06
15722.0  2.647533e-06
15732.0  3.477513e-06
15742.0  3.342779e-06
15752.0  3.548958e-06
15762.0  3.847087e-06
15772.0  2.895474e-06
15782.0  2.997637e-06
15792.0  2.005505e-06
15802.0  2.802188e-06
15812.0  3.127096e-06
15822.0  3.835467e-06
15832.0  3.957472e-06
15842.0  3.470299e-06
15852.0  3.322838e-06
15862.0  3.011291e-06
15872.0  3.467201e-06
15882.0  3.365432e-06
15892.0  3.725157e-06
15902.0  3.095403e-06
15912.0  3.123936e-06
15922.0  2.774019e-06
15932.0  2.613568e-06
15942.0  3.439025e-06
15952.0  3.300766e-06
15962.0  4.297238e-06
15972.0  3.708645e-06
15982.0  3.918876e-06
15992.0  3.667234e-06
16002.0  3.062473e-06
16012.0  3.743910e-06
16022.0  3.063803e-06
16032.0  3.866690e-06
16042.0  3.628952e-06
16052.0  4.213451e-06
16062.0  3.992083e-06
16072.0  3.442066e-06
16082.0  3.529919e-06
16092.0  3.082713e-06
16102.0  2.569166e-06
16112.0  2.032390e-06
16122.0  2.283892e-06
16132.0  2.955994e-06
16142.0  3.328434e-06
16152.0  2.558996e-06
16162.0  1.948255e-06
16172.0  1.996621e-06
16182.0  2.784045e-06
16192.0  3.502983e-06
16202.0  3.021746e-06
16212.0  2.869256e-06
16222.0  1.869277e-06
16232.0  2.114054e-06
16242.0  2.552942e-06
16252.0  2.615095e-06
16262.0  3.242043e-06
16272.0  2.733594e-06
16282.0  4.077304e-06
16292.0  4.189836e-06
16302.0  4.627157e-06
16312.0  3.646445e-06
16322.0  2.625907e-06
16332.0  2.848176e-06
16342.0  3.132334e-06
16352.0  3.541061e-06
16362.0  2.663535e-06
16372.0  3.019325e-06
16382.0  3.210414e-06
16392.0  3.998739e-06
16402.0  4.229309e-06
16412.0  3.811418e-06
16422.0  3.736016e-06
16432.0  2.823203e-06
16442.0  3.125739e-06
16452.0  2.656846e-06
16462.0  3.020861e-06
16472.0  3.335452e-06
16482.0  3.237429e-06
16492.0  3.119162e-06
16502.0  2.784081e-06
16512.0  2.396341e-06
16522.0  2.388118e-06
16532.0  2.235264e-06
16542.0  2.952486e-06
16552.0  3.420544e-06
16562.0  3.436587e-06
16572.0  3.033028e-06
16582.0  2.470657e-06
16592.0  2.799841e-06
16602.0  2.255419e-06
16612.0  3.006386e-06
16622.0  3.781989e-06
16632.0  4.208969e-06
16642.0  3.876739e-06
16652.0  2.571531e-06
16662.0  2.764249e-06
16672.0  3.526973e-06
16682.0  3.944712e-06
16692.0  4.392912e-06
16702.0  3.700680e-06
16712.0  3.166816e-06
16722.0  3.529176e-06
16732.0  3.306043e-06
16742.0  3.881938e-06
16752.0  4.165503e-06
16762.0  4.120406e-06
16772.0  3.880395e-06
16782.0  2.891822e-06
16792.0  3.776194e-06
16802.0  3.011863e-06
16812.0  2.669951e-06
16822.0  1.336805e-06
16832.0  1.746807e-06
16842.0  2.486008e-06
16852.0  3.204956e-06
16862.0  3.875604e-06
16872.0  2.917127e-06
16882.0  1.869134e-06
16892.0  1.194838e-06
16902.0  1.775930e-06
16912.0  2.048269e-06
16922.0  1.935276e-06
16932.0  1.624466e-06
16942.0  2.706598e-06
16952.0  3.594945e-06
16962.0  3.762753e-06
16972.0  3.082968e-06
16982.0  2.440846e-06
16992.0  2.698917e-06
17002.0  2.178543e-06
17012.0  2.809284e-06
17022.0  2.070642e-06
17032.0  2.230240e-06
17042.0  2.031530e-06
17052.0  2.490425e-06
17062.0  2.035925e-06
17072.0  2.212031e-06
17082.0  2.401869e-06
17092.0  3.055933e-06
17102.0  3.571557e-06
17112.0  2.762617e-06
17122.0  3.757698e-06
17132.0  1.969134e-06
17142.0  2.632004e-06
17152.0  1.921190e-06
17162.0  2.940949e-06
17172.0  2.535889e-06
17182.0  2.263011e-06
17192.0  2.212000e-06
17202.0  2.931966e-06
17212.0  3.236669e-06
17222.0  3.953371e-06
17232.0  3.270492e-06
17242.0  3.441590e-06
17252.0  2.282616e-06
17262.0  3.760851e-06
17272.0  3.243373e-06
17282.0  3.605548e-06
17292.0  2.664660e-06
17302.0  2.615870e-06
17312.0  2.787104e-06
17322.0  2.740135e-06
17332.0  2.520336e-06
17342.0  2.035754e-06
17352.0  2.559590e-06
17362.0  2.828233e-06
17372.0  2.985540e-06
17382.0  3.497457e-06
17392.0  3.279883e-06
17402.0  3.224622e-06
17412.0  1.988497e-06
17422.0  2.463834e-06
17432.0  2.439572e-06
17442.0  1.983780e-06
17452.0  3.058063e-06
17462.0  3.879438e-06
17472.0  4.033003e-06
17482.0  3.306582e-06
17492.0  2.264013e-06
17502.0  2.601139e-06
17512.0  3.076836e-06
17522.0  3.125548e-06
17532.0  3.364765e-06
17542.0  1.898613e-06
17552.0  2.444203e-06
17562.0  2.154135e-06
17572.0  3.374467e-06
17582.0  2.769710e-06
17592.0  3.650100e-06
17602.0  2.992667e-06
17612.0  4.215913e-06
17622.0  3.168884e-06
17632.0  3.829207e-06
17642.0  2.347471e-06
17652.0  2.795881e-06
17662.0  1.815616e-06
17672.0  2.810676e-06
17682.0  3.577707e-06
17692.0  3.471873e-06
17702.0  3.617304e-06
17712.0  3.808486e-06
17722.0  3.796026e-06
17732.0  2.882526e-06
17742.0  2.519351e-06
17752.0  2.665891e-06
17762.0  3.777499e-06
17772.0  2.826357e-06
17782.0  3.876348e-06
17792.0  3.550721e-06
17802.0  4.779812e-06
17812.0  4.534820e-06
17822.0  4.583733e-06
17832.0  4.075645e-06
17842.0  3.880748e-06
17852.0  4.216589e-06
17862.0  4.375472e-06
17872.0  3.979737e-06
17882.0  5.289407e-06
17892.0  5.379682e-06
17902.0  5.643459e-06
17912.0  3.843562e-06
17922.0  4.220662e-06
17932.0  3.719553e-06
17942.0  4.578517e-06
17952.0  3.609875e-06
17962.0  3.508305e-06
17972.0  3.432555e-06
17982.0  4.095052e-06
17992.0  5.378148e-06
18002.0  4.779240e-06
18012.0  5.190360e-06
18022.0  4.079427e-06
18032.0  3.931604e-06
18042.0  4.111224e-06
18052.0  5.165303e-06
18062.0  5.764353e-06
18072.0  4.794505e-06
18082.0  4.951668e-06
18092.0  5.203685e-06
18102.0  6.626279e-06
18112.0  5.521915e-06
18122.0  3.805532e-06
18132.0  2.999065e-06
18142.0  4.754871e-06
18152.0  5.258097e-06
18162.0  3.384416e-06
18172.0  3.363963e-06
18182.0  6.609012e-06
18192.0  8.724692e-06
18202.0  7.063838e-06
18212.0  4.905197e-06
18222.0  5.479469e-06
18232.0  5.291838e-06
18242.0  5.984775e-06
18252.0  3.920727e-06
18262.0  6.036782e-06
18272.0  5.375759e-06
18282.0  6.451400e-06
18292.0  5.483408e-06
18302.0  4.532014e-06
18312.0  4.115976e-06
18322.0  4.455435e-06
18332.0  6.980997e-06
18342.0  6.790888e-06
18352.0  6.936610e-06
18362.0  4.618721e-06
18372.0  6.488237e-06
18382.0  5.031502e-06
18392.0  4.921310e-06
18402.0  3.641147e-06
18412.0  3.596140e-06
18422.0  4.844055e-06
18432.0  4.520705e-06
18442.0  8.071287e-06
18452.0  6.735096e-06
18462.0  6.324578e-06
18472.0  5.006731e-06
18482.0  5.813152e-06
18492.0  7.276675e-06
18502.0  6.458546e-06
18512.0  7.355320e-06
18522.0  8.614264e-06
18532.0  7.393840e-06
18542.0  1.072344e-05
18552.0  7.125259e-06
18562.0  8.004540e-06
18572.0  3.259873e-06
18582.0  6.809690e-06
18592.0  5.703596e-06
18602.0  5.885589e-06
18612.0  3.663251e-06
18622.0  4.151166e-06
18632.0  6.078892e-06
18642.0  5.358503e-06
18652.0  5.147729e-06
18662.0  2.687600e-06
18672.0  4.225520e-06
18682.0  4.416778e-06
18692.0  5.662583e-06
18702.0  5.760512e-06
18712.0  6.912133e-06
18722.0  5.469753e-06
18732.0  6.704701e-06
18742.0  6.336876e-06
18752.0  8.528819e-06
18762.0  7.395248e-06
18772.0  6.969001e-06
18782.0  6.019734e-06
18792.0  6.006063e-06
18802.0  5.121194e-06
18812.0  4.370278e-06
18822.0  5.571236e-06
18832.0  7.294805e-06
18842.0  8.389193e-06
18852.0  6.793845e-06
18862.0  8.226033e-06
18872.0  1.017041e-05
18882.0  9.168439e-06
18892.0  7.271265e-06
18902.0  6.569016e-06
18912.0  7.635318e-06
18922.0  6.608018e-06
18932.0  7.940992e-06
18942.0  7.647095e-06
18952.0  9.079054e-06
18962.0  6.899636e-06
18972.0  6.337864e-06
18982.0  7.000791e-06
18992.0  6.971355e-06
19002.0  8.270808e-06
19012.0  5.658897e-06
19022.0  7.640749e-06
19032.0  6.641887e-06
19042.0  7.754518e-06
19052.0  6.055840e-06
19062.0  6.648342e-06
19072.0  8.448981e-06
19082.0  7.067634e-06
19092.0  8.400820e-06
19102.0  7.012566e-06
19112.0  7.757099e-06
19122.0  7.073047e-06
19132.0  9.167177e-06
19142.0  8.629144e-06
19152.0  8.242477e-06
19162.0  4.648263e-06
19172.0  3.277717e-06
19182.0  2.191439e-06
19192.0  3.431010e-06
19202.0  7.352956e-06
19212.0  7.766117e-06
19222.0  9.359835e-06
19232.0  6.200229e-06
19242.0  6.444139e-06
19252.0  4.888572e-06
19262.0  4.638814e-06
19272.0  3.036307e-06
19282.0  2.410522e-06
19292.0  2.873970e-06
19302.0  3.829709e-06
19312.0  5.688177e-06
19322.0  4.284444e-06
19332.0  6.342122e-06
19342.0  5.897178e-06
19352.0  8.360825e-06
19362.0  6.836502e-06
19372.0  7.011154e-06
19382.0  4.594659e-06
19392.0  6.267974e-06
19402.0  5.891026e-06
19412.0  6.264438e-06
19422.0  5.226019e-06
19432.0  7.450642e-06
19442.0  8.530637e-06
19452.0  8.188434e-06
19462.0  5.319216e-06
19472.0  6.380265e-06
19482.0  6.226155e-06
19492.0  6.723656e-06
19502.0  7.693844e-06
19512.0  6.013737e-06
19522.0  8.212151e-06
19532.0  4.845081e-06
19542.0  8.863379e-06
19552.0  8.423687e-06
19562.0  8.648783e-06
19572.0  7.575839e-06
19582.0  6.931477e-06
19592.0  8.631270e-06
19602.0  8.122227e-06
19612.0  8.180055e-06
19622.0  9.739526e-06
19632.0  9.642352e-06
19642.0  9.025698e-06
19652.0  1.113015e-05
19662.0  1.138365e-05
19672.0  9.585529e-06
19682.0  7.301493e-06
19692.0  6.791982e-06
19702.0  6.594595e-06
19712.0  6.896530e-06
19722.0  1.056502e-05
19732.0  1.104361e-05
19742.0  8.225269e-06
19752.0  4.735120e-06
19762.0  5.050831e-06
19772.0  6.121868e-06
19782.0  6.617679e-06
19792.0  7.213839e-06
19802.0  1.026066e-05
19812.0  7.239460e-06
19822.0  7.267765e-06
19832.0  2.693146e-06
19842.0  4.386358e-06
19852.0  5.925332e-06
19862.0  7.780519e-06
19872.0  8.212608e-06
19882.0  4.546392e-06
19892.0  4.008918e-06
19902.0  3.389665e-06
19912.0  5.969765e-06
19922.0  6.081621e-06
19932.0  5.746316e-06
19942.0  6.821215e-06
19952.0  7.085370e-06
19962.0  9.424113e-06
19972.0  8.303284e-06
19982.0  6.982032e-06
19992.0  5.550583e-06
20002.0  5.786525e-06
20012.0  5.374004e-06
20022.0  4.700847e-06
20032.0  5.332647e-06
20042.0  6.926551e-06
20052.0  7.163044e-06
20062.0  5.530011e-06
20072.0  5.355207e-06
20082.0  5.783547e-06
20092.0  5.684790e-06
20102.0  4.405343e-06
20112.0  6.746506e-06
20122.0  6.655461e-06
20132.0  6.835377e-06
20142.0  4.404259e-06
20152.0  2.912034e-06
20162.0  3.534509e-06
20172.0  3.845538e-06
20182.0  6.152605e-06
20192.0  5.293452e-06
20202.0  3.821052e-06
20212.0  4.627822e-06
20222.0  5.114633e-06
20232.0  6.955815e-06
20242.0  5.499025e-06
20252.0  7.256601e-06
20262.0  6.434282e-06
20272.0  6.218087e-06
20282.0  9.515456e-06
20292.0  7.680003e-06
20302.0  1.057091e-05
20312.0  5.200037e-06
20322.0  6.774780e-06
20332.0  4.183516e-06
20342.0  4.493054e-06
20352.0  4.055709e-06
20362.0  3.111863e-06
20372.0  3.449857e-06
20382.0  5.831383e-06
20392.0  6.048819e-06
20402.0  5.767843e-06
20412.0  4.411952e-06
20422.0  5.684792e-06
20432.0  5.389246e-06
20442.0  3.764499e-06
20452.0  5.635703e-06
20462.0  8.809405e-06
20472.0  1.096680e-05
20482.0  7.733602e-06
20492.0  7.520231e-06
20502.0  7.107056e-06
20512.0  6.110206e-06
20522.0  3.237008e-06
20532.0  5.155557e-06
20542.0  9.244175e-06
20552.0  9.022872e-06
20562.0  8.852147e-06
20572.0  6.770083e-06
20582.0  9.194922e-06
20592.0  6.002532e-06
20602.0  3.996838e-06
20612.0  3.524484e-06
20622.0  6.220439e-06
20632.0  7.048267e-06
20642.0  7.736420e-06
20652.0  7.707065e-06
20662.0  7.121508e-06
20672.0  5.649143e-06
20682.0  2.853283e-06
20692.0  8.989292e-06
20702.0  9.235142e-06
20712.0  1.162538e-05
20722.0  9.467371e-06
20732.0  9.142555e-06
20742.0  6.430376e-06
20752.0  2.715484e-06
20762.0  3.543048e-06
20772.0  4.633645e-06
20782.0  6.502878e-06
20792.0  5.733561e-06
20802.0  7.376945e-06
20812.0  7.439530e-06
20822.0  7.290153e-06
20832.0  9.326531e-06
20842.0  9.060413e-06
20852.0  8.967055e-06
20862.0  5.518139e-06
20872.0  4.990830e-06
20882.0  5.985665e-06
20892.0  4.272403e-06
20902.0  7.371011e-06
20912.0  6.458722e-06
20922.0  1.081935e-05
20932.0  8.697209e-06
20942.0  1.005331e-05
20952.0  8.122612e-06
20962.0  8.199071e-06
20972.0  5.129724e-06
20982.0  5.060748e-06
20992.0  3.801422e-06
21002.0  5.350439e-06
21012.0  5.073490e-06
21022.0  6.009025e-06
21032.0  5.853246e-06
21042.0  6.520057e-06
21052.0  6.727599e-06
21062.0  8.848946e-06
21072.0  8.779547e-06
21082.0  9.439561e-06
21092.0  6.530450e-06
21102.0  7.737147e-06
21112.0  5.420033e-06
21122.0  8.291762e-06
21132.0  5.244530e-06
21142.0  1.046599e-05
21152.0  6.978188e-06
21162.0  9.045238e-06
21172.0  4.882898e-06
21182.0  6.280006e-06
21192.0  5.313196e-06
21202.0  4.382594e-06
21212.0  4.154567e-06
21222.0  6.607863e-06
21232.0  5.567468e-06
21242.0  5.713018e-06
21252.0  2.586589e-06
21262.0  3.866372e-06
21272.0  5.063132e-06
21282.0  5.235587e-06
21292.0  8.237092e-06
21302.0  6.821866e-06
21312.0  7.119116e-06
21322.0  6.058310e-06
21332.0  6.887179e-06
21342.0  7.455668e-06
21352.0  6.729605e-06
21362.0  6.365487e-06
21372.0  6.919457e-06
21382.0  7.529062e-06
21392.0  6.816427e-06
21402.0  3.946120e-06
21412.0  2.163437e-06
21422.0  3.073498e-06
21432.0  6.580038e-06
21442.0  7.485254e-06
21452.0  8.775405e-06
21462.0  5.785692e-06
21472.0  4.660818e-06
21482.0  2.184733e-06
21492.0  3.005748e-06
21502.0  3.716952e-06
21512.0  5.184638e-06
21522.0  5.183002e-06
21532.0  4.016752e-06
21542.0  5.853436e-06
21552.0  9.473846e-06
21562.0  9.810491e-06
21572.0  9.378193e-06
21582.0  8.835407e-06
21592.0  1.113338e-05
21602.0  1.220607e-05
21612.0  1.277657e-05
21622.0  9.809016e-06
21632.0  9.759006e-06
21642.0  8.656999e-06
21652.0  9.884666e-06
21662.0  9.269723e-06
21672.0  1.003219e-05
21682.0  1.046413e-05
21692.0  1.225998e-05
21702.0  8.714053e-06
21712.0  1.159186e-05
21722.0  1.005916e-05
21732.0  1.292417e-05
21742.0  1.100195e-05
21752.0  1.105188e-05
21762.0  7.356181e-06
21772.0  5.786017e-06
21782.0  5.173079e-06
21792.0  9.287161e-06
21802.0  9.438581e-06
21812.0  7.802837e-06
21822.0  5.902798e-06
21832.0  6.549870e-06
21842.0  4.910270e-06
21852.0  4.420905e-06
21862.0  3.189014e-06
21872.0  6.436101e-06
21882.0  8.974648e-06
21892.0  1.179604e-05
21902.0  1.013201e-05
21912.0  8.935905e-06
21922.0  5.842813e-06
21932.0  7.572137e-06
21942.0  7.608417e-06
21952.0  8.609843e-06
21962.0  5.755674e-06
21972.0  7.717036e-06
21982.0  1.180910e-05
21992.0  1.108262e-05
22002.0  8.368202e-06
22012.0  6.697966e-06
22022.0  1.243857e-05
22032.0  1.434530e-05
22042.0  1.590796e-05
22052.0  1.290590e-05
22062.0  9.552258e-06
22072.0  7.909437e-06
22082.0  5.221433e-06
22092.0  7.857290e-06
22102.0  6.433165e-06
22112.0  1.064502e-05
22122.0  8.983875e-06
22132.0  1.439297e-05
22142.0  1.355780e-05
22152.0  1.311393e-05
22162.0  6.406317e-06
22172.0  6.392391e-06
22182.0  9.864791e-06
22192.0  1.083650e-05
22202.0  1.218107e-05
22212.0  9.188280e-06
22222.0  9.779653e-06
22232.0  6.277691e-06
22242.0  7.512465e-06
22252.0  1.162898e-05
22262.0  1.420317e-05
22272.0  1.461501e-05
22282.0  8.556243e-06
22292.0  1.027024e-05
22302.0  7.319421e-06
22312.0  9.014939e-06
22322.0  6.374698e-06
22332.0  1.251178e-05
22342.0  1.752562e-05
22352.0  2.001676e-05
22362.0  2.041823e-05
22372.0  1.931865e-05
22382.0  1.637839e-05
22392.0  1.845138e-05
22402.0  1.489286e-05
22412.0  1.750896e-05
22422.0  1.295285e-05
22432.0  1.745497e-05
22442.0  2.364610e-05
22452.0  2.328612e-05
22462.0  1.898097e-05
22472.0  1.146359e-05
22482.0  1.501020e-05
22492.0  1.827858e-05
22502.0  2.361669e-05
22512.0  1.879621e-05
22522.0  2.014867e-05
22532.0  1.820231e-05
22542.0  2.352445e-05
22552.0  2.139557e-05
22562.0  1.426040e-05
22572.0  1.468305e-05
22582.0  1.726446e-05
22592.0  2.749583e-05
22602.0  2.974382e-05
22612.0  2.809320e-05
22622.0  2.384517e-05
22632.0  1.352604e-05
22642.0  9.692761e-06
22652.0  7.851017e-06
22662.0  8.892683e-06
22672.0  1.188063e-05
22682.0  1.860310e-05
22692.0  2.129701e-05
22702.0  2.047323e-05
22712.0  1.810420e-05
22722.0  1.944564e-05
22732.0  1.642071e-05
22742.0  1.502088e-05
22752.0  1.134075e-05
22762.0  1.259164e-05
22772.0  1.309538e-05
22782.0  1.522667e-05
22792.0  1.455534e-05
22802.0  1.290920e-05
22812.0  1.294892e-05
22822.0  1.645283e-05
22832.0  1.112877e-05
22842.0  1.045993e-05
22852.0  6.249874e-06
22862.0  1.075841e-05
22872.0  9.002390e-06
22882.0  9.716774e-06
22892.0  6.945021e-06
22902.0  9.822708e-06
22912.0  1.002628e-05
22922.0  9.440135e-06
22932.0  8.022778e-06
22942.0  8.729692e-06
22952.0  8.488219e-06
22962.0  8.255604e-06
22972.0  7.012435e-06
22982.0  6.424671e-06
22992.0  7.544992e-06
23002.0  9.665510e-06
23012.0  1.049522e-05
23022.0  7.643729e-06
23032.0  6.839467e-06
23042.0  6.751997e-06
23052.0  7.429297e-06
23062.0  6.494832e-06
23072.0  6.391185e-06
23082.0  6.306424e-06
23092.0  5.058284e-06
23102.0  4.555983e-06
23112.0  4.321013e-06
23122.0  4.993397e-06
23132.0  5.388405e-06
23142.0  4.213379e-06
23152.0  5.193399e-06
23162.0  5.959314e-06
23172.0  6.592594e-06
23182.0  5.825941e-06
23192.0  5.476374e-06
23202.0  7.328244e-06
23212.0  7.089128e-06
23222.0  6.107255e-06
23232.0  5.677567e-06
23242.0  5.565767e-06
23252.0  6.506116e-06
23262.0  4.839950e-06
23272.0  4.410957e-06
23282.0  4.209928e-06
23292.0  4.765288e-06
23302.0  5.059480e-06
23312.0  4.867799e-06
23322.0  4.250179e-06
23332.0  3.519858e-06
23342.0  3.594865e-06
23352.0  3.170107e-06
23362.0  2.759484e-06
23372.0  2.367106e-06
23382.0  2.993802e-06
23392.0  3.463357e-06
23402.0  3.026017e-06
23412.0  2.715059e-06
23422.0  2.484234e-06
23432.0  2.800312e-06
23442.0  2.794356e-06
23452.0  2.846311e-06
23462.0  2.591927e-06
23472.0  2.698879e-06
23482.0  2.431674e-06
23492.0  2.491410e-06
23502.0  2.408742e-06
23512.0  2.671131e-06
23522.0  2.917856e-06
23532.0  2.537873e-06
23542.0  2.740841e-06
23552.0  2.720605e-06
23562.0  2.278113e-06
23572.0  2.780884e-06
23582.0  2.436632e-06
23592.0  2.912377e-06
23602.0  2.611410e-06
23612.0  2.405581e-06
23622.0  2.518644e-06
23632.0  2.088564e-06
23642.0  1.851774e-06
23652.0  1.153737e-06
23662.0  1.269916e-06
23672.0  1.077763e-06
23682.0  1.164513e-06
23692.0  8.737221e-07
23702.0  7.708909e-07
23712.0  1.002765e-06
23722.0  8.286457e-07
23732.0  8.135328e-07
23742.0  3.881790e-07
23752.0  3.257572e-07
23762.0  3.250422e-07
23772.0  3.655812e-07
23782.0  4.026619e-07
23792.0  3.678068e-07
23802.0  2.922418e-07
23812.0  2.508386e-07
23822.0  2.184681e-07
23832.0  3.007998e-07
23842.0  2.878114e-07
23852.0  3.299211e-07
23862.0  2.849684e-07
23872.0  2.573467e-07
23882.0  1.798187e-07
23892.0  1.602304e-07
23902.0  1.400935e-07
23912.0  1.055779e-07
23922.0  1.045388e-07
23932.0  1.095126e-07
23942.0  1.348740e-07
23952.0  9.472652e-08
23962.0  7.935662e-08
23972.0  8.931083e-08
23982.0  1.179264e-07
23992.0  1.118152e-07
24002.0  8.400002e-08
24012.0  6.211350e-08
24022.0  4.675577e-08
24032.0  3.867844e-08
24042.0  4.223412e-08
24052.0  3.818514e-08
24062.0  4.255947e-08
24072.0  3.196003e-08
24082.0  3.385683e-08
24092.0  2.821416e-08
24102.0  2.271975e-08
24112.0  1.593158e-08
24122.0  1.468444e-08
24132.0  1.560672e-08
24142.0  1.294642e-08
24152.0  1.387505e-08
24162.0  1.167250e-08
24172.0  1.113780e-08
24182.0  7.726708e-09
24192.0  6.452078e-09
24202.0  5.639450e-09
24212.0  4.626208e-09
24222.0  4.269946e-09
24232.0  5.834692e-09
24242.0  5.712617e-09
24252.0  5.367098e-09
24262.0  3.622155e-09
24272.0  3.385900e-09
24282.0  3.041372e-09
24292.0  2.872820e-09
24302.0  2.143678e-09
24312.0  2.464424e-09
24322.0  2.530418e-09
24332.0  2.495350e-09
24342.0  2.135449e-09
24352.0  1.586381e-09
24362.0  1.615914e-09
24372.0  1.189073e-09
24382.0  1.070047e-09
24392.0  8.892254e-10
24402.0  8.759972e-10
24412.0  1.215408e-09
24422.0  1.045445e-09
24432.0  1.145053e-09
24442.0  8.496214e-10
24452.0  8.515221e-10
24462.0  6.552779e-10
24472.0  6.802041e-10
24482.0  6.078328e-10
24492.0  5.407308e-10
24502.0  3.880090e-10
24512.0  3.171808e-10
24522.0  3.763681e-10
24532.0  3.873949e-10
24542.0  3.850245e-10
24552.0  3.415562e-10
24562.0  2.708957e-10
24572.0  2.168034e-10
24582.0  1.803394e-10
24592.0  1.482921e-10
24602.0  1.628066e-10
24612.0  9.095825e-11
24622.0  1.155263e-10
24632.0  7.655931e-11
24642.0  8.887389e-11
24652.0  6.650570e-11
24662.0  5.676973e-11
24672.0  4.331104e-11
24682.0  3.684378e-11
24692.0  3.865111e-11
24702.0  4.297658e-11
24712.0  3.228701e-11
24722.0  3.047284e-11
24732.0  2.674664e-11
24742.0  2.805224e-11
24752.0  2.235256e-11
24762.0  1.652540e-11
24772.0  1.540651e-11
24782.0  1.457000e-11
24792.0  1.569136e-11
24802.0  1.154510e-11
24812.0  1.181390e-11
24822.0  9.302513e-12
24832.0  9.313659e-12
24842.0  6.390073e-12
24852.0  8.024116e-12
24862.0  5.970516e-12
24872.0  5.538964e-12
24882.0  3.517460e-12
24892.0  4.138527e-12
24902.0  4.418028e-12
24912.0  4.026268e-12
24922.0  3.652257e-12
24932.0  3.679193e-12
24942.0  3.492363e-12
24952.0  3.358848e-12
24962.0  2.736440e-12
24972.0  2.675755e-12
24982.0  2.574878e-12
24992.0  2.613447e-12
25002.0  2.214996e-12
25012.0  1.844799e-12
25022.0  1.508809e-12
25032.0  1.442822e-12
25042.0  1.790253e-12
25052.0  1.742301e-12
25062.0  1.669009e-12
25072.0  1.331490e-12
25082.0  9.858200e-13
25092.0  1.160660e-12
25102.0  1.095323e-12
25112.0  1.102459e-12
25122.0  9.193769e-13
25132.0  9.480873e-13
25142.0  1.268619e-12
25152.0  1.231185e-12
25162.0  1.263690e-12
25172.0  1.035010e-12
25182.0  1.064572e-12
25192.0  8.359792e-13
25202.0  7.996878e-13
25212.0  5.937117e-13
25222.0  6.845082e-13
25232.0  6.462471e-13
25242.0  6.622916e-13
25252.0  5.408041e-13
25262.0  4.943716e-13
25272.0  4.677658e-13
25282.0  4.623936e-13
25292.0  4.623949e-13
25302.0  4.540033e-13
25312.0  4.528436e-13
25322.0  3.846712e-13
25332.0  3.721510e-13
25342.0  3.068893e-13
25352.0  3.409581e-13
25362.0  2.703415e-13
25372.0  2.379892e-13
25382.0  2.442634e-13
25392.0  2.642846e-13
25402.0  2.707656e-13
25412.0  2.208711e-13
25422.0  2.410147e-13
25432.0  2.426523e-13
25442.0  2.281782e-13
25452.0  1.561669e-13
25462.0  1.386391e-13
25472.0  1.321327e-13
25482.0  1.301004e-13
25492.0  1.091577e-13
25502.0  1.044787e-13
25512.0  1.089116e-13
25522.0  1.031712e-13
25532.0  8.816588e-14
25542.0  7.670955e-14
25552.0  8.601713e-14
25562.0  8.564352e-14
25572.0  8.056054e-14
25582.0  4.478757e-14
25592.0  4.090942e-14
25602.0  3.277097e-14
25612.0  4.209690e-14
25622.0  4.005325e-14
25632.0  3.466117e-14
25642.0  3.732196e-14
25652.0  3.727249e-14
25662.0  3.668533e-14
25672.0  3.009742e-14
25682.0  2.967217e-14
25692.0  2.741924e-14
25702.0  2.109233e-14
25712.0  1.467425e-14
25722.0  1.283817e-14
25732.0  1.623009e-14
25742.0  1.586944e-14
25752.0  1.589212e-14
25762.0  1.699757e-14
25772.0  1.503580e-14
25782.0  1.538047e-14
25792.0  1.258003e-14
25802.0  1.081957e-14
25812.0  8.218020e-15
25822.0  7.447771e-15
25832.0  7.920274e-15
25842.0  8.180112e-15
25852.0  7.552080e-15
25862.0  6.747974e-15
25872.0  5.659273e-15
25882.0  5.021273e-15
25892.0  5.364630e-15
25902.0  4.774955e-15
25912.0  4.229661e-15
25922.0  3.454038e-15
25932.0  3.287501e-15
25942.0  4.130448e-15
25952.0  3.370426e-15
25962.0  3.127001e-15
25972.0  2.236708e-15
25982.0  2.226393e-15
