# from http://www.stsci.edu/jwst/instruments/nircam/instrumentdesign/filters
# Retrieved Jan 18, 2017, dated Feb 5, 2016 (pre-flight)
# Uses modA or modB  filters+DBS+QE+OTE (nrc_plus_ote)
# Units of transmission are PCE (photon to electron conversion efficiency)
# 
20004.7  9.659614e-12
20020.7  7.223823e-12
20036.8  5.489662e-12
20052.9  4.359454e-12
20069.0  2.354873e-12
20085.1  9.468928e-13
20101.1  1.783501e-13
20117.2  1.440741e-13
20133.3  1.130174e-12
20149.4  1.687865e-12
20165.5  2.385921e-12
20181.6  1.896674e-12
20197.6  2.137366e-12
20213.7  3.367033e-12
20229.8  3.502842e-12
20245.9  2.728096e-12
20262.0  2.845593e-12
20278.0  3.725642e-12
20294.1  4.256272e-12
20310.2  3.788583e-12
20326.3  4.124081e-12
20342.4  5.036123e-12
20358.4  5.368932e-12
20374.5  5.330570e-12
20390.6  5.057117e-12
20406.7  4.771836e-12
20422.8  5.362163e-12
20438.8  6.554265e-12
20454.9  5.927719e-12
20471.0  4.862137e-12
20487.1  5.603203e-12
20503.2  7.461258e-12
20519.3  7.573250e-12
20535.3  6.836451e-12
20551.4  6.560584e-12
20567.5  7.054936e-12
20583.6  6.766798e-12
20599.7  6.051938e-12
20615.7  6.302495e-12
20631.8  7.310620e-12
20647.9  9.051022e-12
20664.0  1.194259e-11
20680.1  1.342910e-11
20696.1  1.284503e-11
20712.2  1.373155e-11
20728.3  1.679357e-11
20744.4  1.811784e-11
20760.5  1.633151e-11
20776.5  1.637214e-11
20792.6  2.080011e-11
20808.7  2.493999e-11
20824.8  2.485054e-11
20840.9  2.603486e-11
20857.0  3.262780e-11
20873.0  4.140412e-11
20889.1  5.144092e-11
20905.2  6.453083e-11
20921.3  7.004284e-11
20937.4  7.676524e-11
20953.4  1.032448e-10
20969.5  1.422809e-10
20985.6  1.599260e-10
21001.7  1.704190e-10
21017.8  2.122067e-10
21033.8  2.875496e-10
21049.9  3.243066e-10
21066.0  3.124237e-10
21082.1  3.083889e-10
21098.2  3.119295e-10
21114.2  3.004281e-10
21130.3  2.602277e-10
21146.4  2.117493e-10
21162.5  1.263500e-10
21178.6  7.355912e-11
21194.7  1.319650e-10
21210.7  2.406145e-10
21226.8  2.153239e-10
21242.9  1.694215e-10
21259.0  1.967558e-10
21275.1  2.732048e-10
21291.1  1.953442e-10
21307.2  1.209746e-10
21323.3  9.595905e-11
21339.4  1.085122e-10
21355.5  1.357404e-10
21371.5  1.057461e-10
21387.6  8.920548e-11
21403.7  3.714003e-11
21419.8  2.511775e-11
21435.9  2.974766e-11
21451.9  4.163535e-11
21468.0  8.267869e-12
21484.1  4.022461e-13
21500.2  1.942187e-13
21516.3  3.303895e-12
21532.4  4.113371e-11
21548.4  1.597997e-12
21564.5  1.354595e-13
21580.6  1.191114e-13
21596.7  1.208169e-13
21612.8  1.229188e-13
21628.8  1.248481e-13
21644.9  1.273196e-13
21661.0  1.301050e-13
21677.1  1.332164e-13
21693.2  1.366559e-13
21709.2  1.401271e-13
21725.3  1.444656e-13
21741.4  1.490703e-13
21757.5  1.541566e-13
21773.6  1.597570e-13
21789.6  1.659039e-13
21805.7  1.727216e-13
21821.8  1.802069e-13
21837.9  1.886690e-13
21854.0  1.983346e-13
21870.1  2.084958e-13
21886.1  2.198795e-13
21902.2  2.325082e-13
21918.3  2.466406e-13
21934.4  2.795887e-13
21950.5  4.632834e-13
21966.5  9.338390e-13
21982.6  6.096807e-13
21998.7  4.058043e-13
22014.8  1.252897e-12
22030.9  1.739639e-11
22046.9  7.602237e-11
22063.0  6.129824e-12
22079.1  6.651737e-13
22095.2  6.177214e-12
22111.3  1.356905e-10
22127.3  4.273873e-10
22143.4  2.942748e-10
22159.5  2.585467e-10
22175.6  4.327857e-10
22191.7  7.298304e-10
22207.7  1.108238e-09
22217.9  6.113125e-10
22229.9  4.294423e-10
22241.9  2.552562e-12
22253.9  2.818133e-12
22265.9  6.541696e-10
22277.9  2.466344e-11
22289.9  4.566096e-10
22301.9  8.429301e-10
22313.9  1.529290e-09
22326.0  1.211450e-09
22338.0  1.404226e-09
22350.0  8.088844e-10
22362.0  4.011737e-12
22374.0  1.113286e-09
22386.0  4.451675e-12
22398.0  4.740565e-12
22410.0  5.090490e-12
22422.0  5.500079e-12
22434.0  5.974422e-12
22446.1  6.525174e-12
22458.1  7.152009e-12
22470.1  7.859910e-12
22482.1  8.672154e-12
22494.1  9.585123e-12
22506.1  1.061397e-11
22518.1  1.175600e-11
22530.1  1.301323e-11
22542.1  1.440693e-11
22554.1  1.592147e-11
22566.1  1.755217e-11
22578.2  1.929021e-11
22590.2  2.109428e-11
22602.2  2.300534e-11
22614.2  2.496461e-11
22626.2  2.692503e-11
22638.2  2.888940e-11
22650.2  3.079920e-11
22662.2  3.271445e-11
22674.2  3.449846e-11
22686.2  3.620653e-11
22698.3  3.784065e-11
22710.3  3.935711e-11
22722.3  4.079058e-11
22734.3  4.219397e-11
22746.3  4.351328e-11
22758.3  4.485736e-11
22770.3  4.616351e-11
22782.3  4.748590e-11
22794.3  2.248764e-09
22806.3  5.030340e-11
22818.4  5.189687e-11
22830.4  5.357461e-11
22842.4  5.540564e-11
22854.4  3.041613e-08
22866.4  8.490929e-09
22878.4  8.804899e-09
22890.4  6.468296e-11
22902.4  6.849103e-09
22914.4  2.888282e-08
22926.4  2.382926e-08
22938.4  7.894983e-11
22950.5  8.354974e-11
22962.5  8.884949e-11
22974.5  9.474303e-11
22986.5  1.014627e-10
22998.5  1.090398e-10
23010.5  1.174606e-10
23022.5  1.666623e-10
23034.5  1.320594e-09
23046.5  1.507072e-10
23058.5  1.651451e-10
23070.6  1.816295e-10
23082.6  2.008289e-10
23094.6  2.231179e-10
23106.6  1.667353e-09
23118.6  6.214963e-08
23130.6  2.308429e-08
23142.6  3.546958e-10
23154.6  4.025652e-10
23166.6  4.584527e-10
23178.6  5.227964e-10
23190.7  5.967091e-10
23202.7  6.812614e-10
23214.7  7.753084e-10
23226.7  8.781390e-10
23238.7  9.885003e-10
23250.7  1.103784e-09
23262.7  1.225013e-09
23274.7  1.349626e-09
23286.7  1.476052e-09
23298.7  1.605785e-09
23310.7  1.738986e-09
23322.8  1.873492e-09
23334.8  2.006847e-09
23346.8  2.139286e-09
23358.8  2.263818e-09
23370.8  2.380643e-09
23382.8  2.484419e-09
23394.8  2.572247e-09
23406.8  2.644482e-09
23418.8  2.700379e-09
23430.8  2.743879e-09
23442.9  2.772957e-09
23454.9  4.250843e-09
23466.9  5.986309e-08
23478.9  2.824911e-09
23490.9  2.840288e-09
23502.9  2.856113e-09
23514.9  2.877900e-09
23526.9  2.903249e-09
23538.9  2.938653e-09
23550.9  2.979828e-09
23563.0  3.030720e-09
23575.0  3.091698e-09
23587.0  3.158649e-09
23599.0  3.236929e-09
23611.0  3.323641e-09
23623.0  3.412382e-09
23635.0  3.507211e-09
23647.0  3.604299e-09
23659.0  3.699397e-09
23671.0  3.791935e-09
23683.0  3.880678e-09
23695.1  3.964330e-09
23707.1  5.141110e-06
23719.1  1.198794e-05
23731.1  1.912871e-05
23743.1  3.982499e-05
23755.1  6.446024e-05
23767.1  9.777838e-05
23779.1  1.345193e-04
23791.1  1.857609e-04
23803.1  2.471002e-04
23815.2  3.243858e-04
23827.2  4.199468e-04
23839.2  5.412239e-04
23851.2  6.938482e-04
23863.2  8.801761e-04
23875.2  1.125171e-03
23887.2  1.430719e-03
23899.2  1.824741e-03
23911.2  2.330582e-03
23923.2  2.985425e-03
23935.3  3.847409e-03
23947.3  4.980228e-03
23959.3  6.486837e-03
23971.3  8.503252e-03
23983.3  1.121223e-02
23995.3  1.487634e-02
24007.3  1.980911e-02
24019.3  2.642946e-02
24031.3  3.524520e-02
24043.3  4.683726e-02
24055.3  6.179962e-02
24067.4  8.063148e-02
24079.4  1.036660e-01
24091.4  1.308477e-01
24103.4  1.614884e-01
24115.4  1.942484e-01
24127.4  2.271696e-01
24139.4  2.579688e-01
24151.4  2.845380e-01
24163.4  3.055816e-01
24175.4  3.208875e-01
24187.5  3.311148e-01
24199.5  3.375004e-01
24211.5  3.414969e-01
24223.5  3.443129e-01
24235.5  3.460630e-01
24247.5  3.476073e-01
24259.5  3.492053e-01
24271.5  3.509529e-01
24283.5  3.528748e-01
24295.5  3.549509e-01
24307.6  3.571111e-01
24319.6  3.592679e-01
24331.6  3.613098e-01
24343.6  3.631835e-01
24355.6  3.648518e-01
24367.6  3.662821e-01
24379.6  3.675115e-01
24391.6  3.684821e-01
24403.6  3.691976e-01
24415.6  3.696762e-01
24427.6  3.699906e-01
24439.7  3.701460e-01
24451.7  3.701761e-01
24463.7  3.701181e-01
24475.7  3.697792e-01
24487.7  3.694654e-01
24499.7  3.693161e-01
24511.7  3.691960e-01
24523.7  3.691030e-01
24535.7  3.690180e-01
24547.7  3.689826e-01
24559.8  3.691332e-01
24571.8  3.693183e-01
24583.8  3.695321e-01
24595.8  3.697839e-01
24607.8  3.700283e-01
24619.8  3.702726e-01
24631.8  3.705485e-01
24643.8  3.708589e-01
24655.8  3.711745e-01
24667.8  3.714958e-01
24679.8  3.718509e-01
24691.9  3.722380e-01
24703.9  3.726278e-01
24715.9  3.730664e-01
24727.9  3.735323e-01
24739.9  3.744855e-01
24751.9  3.751073e-01
24763.9  3.757502e-01
24775.9  3.763884e-01
24787.9  3.770095e-01
24799.9  3.776424e-01
24812.0  3.781890e-01
24824.0  3.784279e-01
24836.0  3.789883e-01
24848.0  3.795414e-01
24860.0  3.800315e-01
24872.0  3.804728e-01
24884.0  3.808791e-01
24896.0  3.812364e-01
24908.0  3.814540e-01
24920.0  3.815883e-01
24932.1  3.817480e-01
24944.1  3.818812e-01
24956.1  3.819163e-01
24968.1  3.819121e-01
24980.1  3.817907e-01
24992.1  3.815750e-01
25004.1  3.813222e-01
25016.1  3.809986e-01
25028.1  3.805829e-01
25040.1  3.801453e-01
25052.1  3.796609e-01
25064.2  3.791273e-01
25076.2  3.785903e-01
25088.2  3.780485e-01
25100.2  3.774839e-01
25112.2  3.769321e-01
25124.2  3.764620e-01
25136.2  3.760738e-01
25148.2  3.757083e-01
25160.2  3.753890e-01
25172.2  3.750981e-01
25184.3  3.748146e-01
25196.3  3.745803e-01
25208.3  3.743965e-01
25220.3  3.742193e-01
25232.3  3.740768e-01
25244.3  3.739578e-01
25256.3  3.738487e-01
25268.3  3.737700e-01
25280.3  3.737175e-01
25292.3  3.736323e-01
25304.4  3.735798e-01
25316.4  3.735809e-01
25328.4  3.736630e-01
25340.4  3.737567e-01
25352.4  3.738431e-01
25364.4  3.738775e-01
25376.4  3.739347e-01
25388.4  3.739726e-01
25400.4  3.739738e-01
25412.4  3.739341e-01
25424.4  3.738614e-01
25436.5  3.737659e-01
25448.5  3.736631e-01
25460.5  3.735459e-01
25472.5  3.733574e-01
25484.5  3.731692e-01
25496.5  3.729808e-01
25508.5  3.726759e-01
25520.5  3.724022e-01
25532.5  3.721839e-01
25544.5  3.718903e-01
25556.6  3.715282e-01
25568.6  3.710996e-01
25580.6  3.705751e-01
25592.6  3.699860e-01
25604.6  3.693076e-01
25616.6  3.685645e-01
25628.6  3.678324e-01
25640.6  3.671052e-01
25652.6  3.663512e-01
25664.6  3.656648e-01
25676.7  3.650349e-01
25688.7  3.644279e-01
25700.7  3.640631e-01
25712.7  3.642911e-01
25724.7  3.642478e-01
25736.7  3.644989e-01
25748.7  3.650154e-01
25760.7  3.655033e-01
25772.7  3.659176e-01
25784.7  3.659215e-01
25796.7  3.655774e-01
25808.8  3.643322e-01
25820.8  3.617204e-01
25832.8  3.572166e-01
25844.8  3.505248e-01
25856.8  3.410654e-01
25868.8  3.285100e-01
25880.8  3.128412e-01
25892.8  2.940070e-01
25904.8  2.723344e-01
25916.8  2.483295e-01
25928.9  2.225385e-01
25940.9  1.959333e-01
25952.9  1.689248e-01
25964.9  1.435224e-01
25976.9  1.203606e-01
25988.9  9.950441e-02
26000.9  8.132113e-02
26012.9  6.591919e-02
26024.9  5.311301e-02
26036.9  4.270508e-02
26049.0  3.434098e-02
26061.0  2.754630e-02
26073.0  2.221249e-02
26085.0  1.796462e-02
26097.0  1.456507e-02
26109.0  1.186500e-02
26121.0  9.704765e-03
26133.0  7.963926e-03
26145.0  6.581245e-03
26157.0  5.444679e-03
26169.0  4.532506e-03
26181.1  3.793657e-03
26193.1  3.181408e-03
26205.1  2.687517e-03
26217.1  2.274545e-03
26229.1  1.931706e-03
26241.1  1.657448e-03
26253.1  1.421179e-03
26265.1  1.225650e-03
26277.1  1.065475e-03
26289.1  9.238444e-04
26301.2  8.080803e-04
26313.2  7.081175e-04
26325.2  6.235642e-04
26337.2  5.596945e-04
26349.2  4.929356e-04
26361.2  4.364860e-04
26373.2  3.947736e-04
26385.2  3.528058e-04
26397.2  3.243099e-04
26409.2  2.938390e-04
26421.3  2.651079e-04
26433.3  2.493402e-04
26445.3  2.261140e-04
26457.3  2.079494e-04
26469.3  1.909436e-04
26481.3  1.708179e-04
26493.3  1.630955e-04
26505.3  1.491776e-04
26517.3  1.373995e-04
26529.3  1.323901e-04
26541.3  1.175091e-04
26553.4  1.110410e-04
26565.4  1.057050e-04
26577.4  9.771511e-05
26589.4  9.315838e-05
26601.4  8.458440e-05
26613.4  8.113160e-05
26625.4  7.540261e-05
26637.4  7.024898e-05
26649.4  7.126801e-05
26661.4  6.157997e-05
26673.5  6.144452e-05
26685.5  6.621889e-05
26697.5  6.066242e-05
26709.5  5.865602e-05
26721.5  5.332400e-05
26733.5  5.180375e-05
26745.5  5.897821e-05
26757.5  5.288487e-05
26769.5  5.596114e-05
26781.5  5.203463e-05
26793.5  4.635754e-05
26805.6  4.740252e-05
26817.6  4.772258e-05
26829.6  5.162183e-05
26841.6  4.919580e-05
26853.6  5.097073e-05
26865.6  5.416592e-05
26877.6  5.081613e-05
26889.6  5.092284e-05
26901.6  5.212263e-05
26913.6  5.260691e-05
26925.7  5.500894e-05
26937.7  5.338620e-05
26949.7  5.438130e-05
26961.7  5.436942e-05
26973.7  5.285846e-05
26985.7  5.453813e-05
26997.7  5.460897e-05
27009.7  5.393571e-05
27021.7  5.352628e-05
27033.7  5.329791e-05
27045.8  5.377053e-05
27057.8  4.969115e-05
27069.8  5.319466e-05
27081.8  5.243876e-05
27093.8  5.664365e-05
27105.8  5.774803e-05
27117.8  5.559476e-05
27129.8  5.592243e-05
27141.8  5.243024e-05
27153.8  5.422220e-05
27165.8  5.556513e-05
27177.9  5.196556e-05
27189.9  5.507478e-05
27201.9  5.688939e-05
27213.9  5.577223e-05
27225.9  4.668274e-05
27237.9  5.055384e-05
27249.9  5.089259e-05
27261.9  4.995849e-05
27273.9  5.467777e-05
27285.9  5.377139e-05
27298.0  5.460941e-05
27310.0  5.272034e-05
27322.0  4.745068e-05
27334.0  4.807978e-05
27346.0  4.568526e-05
27358.0  4.865667e-05
27370.0  4.767292e-05
27382.0  4.475274e-05
27394.0  4.758740e-05
27406.0  4.421248e-05
27418.1  4.386679e-05
27430.1  4.161791e-05
27442.1  3.979564e-05
27454.1  3.912489e-05
27466.1  4.087448e-05
27478.1  4.286085e-05
27490.1  3.888978e-05
27502.1  3.758583e-05
27514.1  3.800524e-05
27526.1  4.179188e-05
27538.1  4.013064e-05
27550.2  3.861743e-05
27562.2  4.015538e-05
27574.2  3.771567e-05
27586.2  3.476215e-05
27598.2  3.589743e-05
27610.2  3.985214e-05
27622.2  3.696794e-05
27634.2  4.061131e-05
27646.2  4.196673e-05
27658.2  3.897858e-05
27670.3  4.065969e-05
27682.3  4.078244e-05
27694.3  4.327772e-05
27706.3  4.121610e-05
27718.3  4.106971e-05
27730.3  4.208364e-05
27742.3  4.119499e-05
27754.3  3.929648e-05
27766.3  4.033522e-05
27778.3  4.240056e-05
27790.4  4.034597e-05
27802.4  4.399858e-05
27814.4  4.223442e-05
27826.4  4.060703e-05
27838.4  4.182277e-05
27850.4  4.078814e-05
27862.4  4.005617e-05
27874.4  3.872610e-05
27886.4  4.005753e-05
27898.4  3.949839e-05
27910.4  4.165485e-05
27922.5  4.238596e-05
27934.5  4.009658e-05
27946.5  3.798585e-05
27958.5  3.803647e-05
27970.5  3.606229e-05
27982.5  3.380084e-05
27994.5  3.716410e-05
28006.5  3.590762e-05
28018.5  4.123484e-05
28030.5  4.513138e-05
28042.6  4.253118e-05
28054.6  4.215529e-05
28066.6  4.018566e-05
28078.6  3.950407e-05
28090.6  3.950963e-05
28102.6  4.132982e-05
28114.6  3.796507e-05
28126.6  3.893511e-05
28138.6  3.584154e-05
28150.6  3.201499e-05
28162.7  3.281569e-05
28174.7  3.672910e-05
28186.7  3.438296e-05
28198.7  3.439787e-05
28210.7  2.989801e-05
28222.7  2.560679e-05
28234.7  2.994851e-05
28246.7  3.123495e-05
28258.7  3.045929e-05
28270.7  2.964270e-05
28282.7  2.919993e-05
28294.8  2.665299e-05
28306.8  2.569165e-05
28318.8  2.613439e-05
28330.8  2.460958e-05
28342.8  2.575651e-05
28354.8  2.755104e-05
28366.8  2.796577e-05
28378.8  2.184228e-05
28390.8  2.263815e-05
28402.8  2.174385e-05
28414.9  2.350300e-05
28426.9  2.445551e-05
28438.9  2.492047e-05
28450.9  2.200402e-05
28462.9  2.199046e-05
28474.9  2.341169e-05
28486.9  2.350068e-05
28498.9  2.397014e-05
28510.9  2.571905e-05
28522.9  2.708492e-05
28535.0  2.377323e-05
28547.0  2.553660e-05
28559.0  2.420412e-05
28571.0  2.580990e-05
28583.0  2.287330e-05
28595.0  2.078129e-05
28607.0  2.309070e-05
28619.0  2.332066e-05
28631.0  2.151462e-05
28643.0  2.306803e-05
28655.0  2.319986e-05
28667.1  2.253077e-05
28679.1  2.174639e-05
28691.1  1.911026e-05
28703.1  1.747674e-05
28715.1  2.234377e-05
28727.1  2.473766e-05
28739.1  2.720381e-05
28751.1  3.085637e-05
28763.1  2.845390e-05
28775.1  3.061439e-05
28787.2  3.132488e-05
28799.2  3.458366e-05
28811.2  3.215898e-05
28823.2  3.349479e-05
28835.2  3.425531e-05
28847.2  3.417485e-05
28859.2  3.334621e-05
28871.2  3.457205e-05
28883.2  3.893731e-05
28895.2  4.410813e-05
28907.2  4.056913e-05
28919.3  4.153081e-05
28931.3  3.868450e-05
28943.3  3.461157e-05
28955.3  3.436928e-05
28967.3  3.650452e-05
28979.3  3.572405e-05
28991.3  3.452120e-05
29003.3  3.583955e-05
29015.3  3.846708e-05
29027.3  3.581351e-05
29039.4  3.545673e-05
29051.4  3.616156e-05
29063.4  3.653948e-05
29075.4  3.644122e-05
29087.4  3.404129e-05
29099.4  3.254701e-05
29111.4  3.099334e-05
29123.4  3.200483e-05
29135.4  3.134514e-05
29147.4  3.108079e-05
29159.5  2.927485e-05
29171.5  2.871444e-05
29183.5  2.942836e-05
29195.5  3.305257e-05
29207.5  3.085381e-05
29219.5  3.047949e-05
29231.5  2.827452e-05
29243.5  2.944132e-05
29255.5  3.263465e-05
29267.5  2.954696e-05
29279.5  2.848464e-05
29291.6  3.362105e-05
29303.6  3.336441e-05
29315.6  3.389544e-05
29327.6  3.314848e-05
29339.6  3.409740e-05
29351.6  2.939997e-05
29363.6  3.029391e-05
29375.6  3.061018e-05
29387.6  3.024027e-05
29399.6  2.983335e-05
29411.7  3.222891e-05
29423.7  3.115222e-05
29435.7  3.143634e-05
29447.7  3.331770e-05
29459.7  3.421483e-05
29471.7  3.259138e-05
29483.7  3.494275e-05
29495.7  3.716597e-05
29507.7  3.744097e-05
29519.7  3.418704e-05
29531.8  3.339517e-05
29543.8  3.330971e-05
29555.8  3.473533e-05
29567.8  3.368024e-05
29579.8  3.845071e-05
29591.8  3.957903e-05
29603.8  3.840536e-05
29615.8  3.753171e-05
29627.8  4.000544e-05
29639.8  4.037490e-05
29651.8  4.084562e-05
29663.9  3.918781e-05
29675.9  3.955770e-05
29687.9  4.096209e-05
29699.9  4.150057e-05
29711.9  3.670743e-05
29723.9  3.653623e-05
29735.9  3.649062e-05
29747.9  3.937936e-05
29759.9  4.009674e-05
29771.9  3.879019e-05
29784.0  3.981141e-05
29796.0  4.215831e-05
29808.0  4.122922e-05
29820.0  3.462417e-05
29832.0  3.539728e-05
29844.0  4.113489e-05
29856.0  4.151910e-05
29868.0  3.790034e-05
29880.0  3.592157e-05
29892.0  3.249402e-05
29904.1  3.109925e-05
29916.1  3.342422e-05
29928.1  3.659661e-05
29940.1  3.369785e-05
29952.1  3.509797e-05
29964.1  3.297842e-05
29976.1  3.012132e-05
29988.1  2.830662e-05
30000.1  3.127696e-05
30012.1  3.093759e-05
30024.1  3.081108e-05
30036.2  2.911533e-05
30048.2  2.935834e-05
30060.2  2.865519e-05
30072.2  2.800987e-05
30084.2  2.734315e-05
30096.2  2.833531e-05
30108.2  2.855705e-05
30120.2  2.330831e-05
30132.2  2.271138e-05
30144.2  2.666980e-05
30156.3  3.021843e-05
30168.3  3.064142e-05
30180.3  3.053090e-05
30192.3  2.952810e-05
30204.3  2.704846e-05
30216.3  2.131756e-05
30228.3  1.997068e-05
30240.3  2.009351e-05
30252.3  2.194512e-05
30264.3  2.262490e-05
30276.4  2.216801e-05
30288.4  2.264434e-05
30300.4  2.530184e-05
30312.4  2.511119e-05
30324.4  2.476357e-05
30336.4  2.311359e-05
30348.4  2.230839e-05
30360.4  2.255223e-05
30372.4  1.957195e-05
30384.4  1.658647e-05
30396.4  1.642744e-05
30408.5  2.007013e-05
30420.5  2.491019e-05
30432.5  2.552897e-05
30444.5  2.066443e-05
30456.5  2.142663e-05
30468.5  2.395248e-05
30480.5  2.273102e-05
30492.5  1.960460e-05
30504.5  2.190617e-05
30516.5  2.173927e-05
30528.6  1.835782e-05
30540.6  1.537744e-05
30552.6  1.304807e-05
30564.6  1.436027e-05
30576.6  1.818819e-05
30588.6  1.968980e-05
30600.6  1.459520e-05
30612.6  1.245596e-05
30624.6  1.361124e-05
30636.6  1.719122e-05
30648.7  1.682837e-05
30660.7  1.626628e-05
30672.7  1.236868e-05
30684.7  1.052503e-05
30696.7  1.135249e-05
30708.7  1.118553e-05
30720.7  1.220114e-05
30732.7  1.068623e-05
30744.7  1.294030e-05
30756.7  1.228311e-05
30768.7  1.070632e-05
30780.8  1.007095e-05
30792.8  1.012268e-05
30804.8  1.145714e-05
30816.8  1.310583e-05
30828.8  1.196861e-05
30840.8  1.318002e-05
30852.8  1.601713e-05
30864.8  1.160783e-05
30876.8  8.443694e-06
30888.8  8.528323e-06
30900.9  1.091164e-05
30912.9  1.012889e-05
30924.9  8.946340e-06
30936.9  1.158668e-05
30948.9  1.481646e-05
30960.9  1.568594e-05
30972.9  1.709756e-05
30984.9  1.663628e-05
30996.9  1.226609e-05
31008.9  1.043660e-05
31021.0  1.221965e-05
31033.0  1.478321e-05
31045.0  1.457345e-05
31057.0  1.738943e-05
31069.0  1.921310e-05
31081.0  2.027984e-05
31093.0  2.148042e-05
31105.0  2.010103e-05
31117.0  1.826459e-05
31129.0  1.734751e-05
31141.0  2.138631e-05
31153.1  2.227546e-05
31165.1  2.349273e-05
31177.1  2.375844e-05
31189.1  2.279331e-05
31201.1  2.398101e-05
31213.1  2.393898e-05
31225.1  2.469950e-05
31237.1  2.715800e-05
31249.1  2.854308e-05
31261.1  2.501234e-05
31273.2  2.466332e-05
31285.2  2.507799e-05
31297.2  2.508264e-05
31309.2  2.642479e-05
31321.2  2.785754e-05
31333.2  2.955782e-05
31345.2  2.933985e-05
31357.2  3.196972e-05
31369.2  3.302172e-05
31381.2  3.204612e-05
31393.2  3.089854e-05
31405.3  2.959010e-05
31417.3  2.919144e-05
31429.3  2.916182e-05
31441.3  2.916472e-05
31453.3  2.826839e-05
31465.3  2.644230e-05
31477.3  2.064375e-05
31489.3  1.930378e-05
31501.3  2.156164e-05
31513.3  2.103925e-05
31525.4  1.913619e-05
31537.4  1.659422e-05
31549.4  1.513016e-05
31561.4  1.172449e-05
31573.4  1.100411e-05
31585.4  1.156104e-05
31597.4  1.333185e-05
31609.4  1.448859e-05
31621.4  1.087411e-05
31633.4  9.131782e-06
31645.5  7.073649e-06
31657.5  8.867617e-06
31669.5  1.100441e-05
31681.5  8.850806e-06
31693.5  1.053672e-05
31705.5  8.959422e-06
31717.5  3.626558e-06
31729.5  1.954318e-06
31741.5  4.396091e-06
31753.5  6.333664e-06
31765.5  7.429056e-06
31777.6  9.202019e-06
31789.6  6.078752e-06
31801.6  5.782337e-06
31813.6  7.533216e-06
31825.6  8.032624e-06
31837.6  5.883782e-06
31849.6  3.248664e-06
31861.6  2.669814e-06
31873.6  2.756238e-06
31885.6  3.525429e-06
31897.7  2.462931e-06
31909.7  2.599401e-06
31921.7  2.392771e-06
31933.7  1.006510e-06
31945.7  1.063855e-07
31957.7  1.443194e-06
31969.7  3.136992e-06
31981.7  1.477698e-06
31993.7  1.595608e-06
32005.7  3.532994e-06
32017.8  2.171662e-06
32029.8  1.018533e-06
32041.8  5.763076e-09
32053.8  1.652635e-06
32065.8  4.063798e-07
32077.8  1.105830e-06
32089.8  1.454557e-06
32101.8  1.440463e-06
32113.8  2.065018e-06
32125.8  3.814106e-07
32137.8  6.528618e-08
32149.9  1.005261e-07
32161.9  1.578668e-06
32173.9  2.214947e-06
32185.9  1.044093e-07
32197.9  1.166474e-06
32209.9  1.828575e-06
32221.9  9.590679e-07
32233.9  6.962401e-07
32245.9  3.635096e-07
32257.9  2.228889e-07
32270.0  4.591923e-07
32282.0  2.957945e-07
32294.0  2.110518e-07
32306.0  1.125958e-06
32318.0  3.271557e-08
32330.0  4.464598e-09
32342.0  4.469118e-09
32354.0  4.473610e-09
32366.0  4.478074e-09
32378.0  4.482511e-09
32390.1  4.486920e-09
32402.1  4.049378e-07
32414.1  1.565358e-06
32426.1  2.549589e-07
32438.1  2.905988e-07
32450.1  4.075360e-07
32462.1  7.268969e-07
32474.1  1.235399e-06
32486.1  2.133164e-06
32498.1  1.546982e-07
32510.1  4.530398e-09
32522.2  3.352051e-08
32534.2  5.761738e-09
32546.2  5.233114e-09
32558.2  7.132343e-07
32570.2  3.161101e-06
32582.2  1.414301e-06
32594.2  1.113917e-08
32606.2  5.700369e-07
32618.2  3.836290e-07
32630.2  5.944435e-09
32642.3  7.862834e-08
32654.3  4.044570e-07
32666.3  4.666994e-07
32678.3  3.008502e-07
32690.3  4.600801e-09
32702.3  9.052328e-09
32714.3  4.469509e-07
32726.3  1.304661e-07
32738.3  6.657859e-09
32750.3  4.616764e-09
32762.4  4.619873e-09
32774.4  1.677019e-08
32786.4  2.407972e-06
32798.4  1.804815e-06
32810.4  2.399177e-07
32822.4  6.123531e-09
32834.4  8.078629e-09
32846.4  1.628840e-07
32858.4  4.646411e-09
32870.4  4.649965e-09
32882.4  4.653582e-09
32894.5  4.659706e-09
32906.5  3.207597e-07
32918.5  1.487571e-06
32930.5  2.506292e-06
32942.5  1.935764e-06
32954.5  1.360064e-06
32966.5  7.729360e-07
32978.5  7.974689e-09
32990.5  4.694506e-09
33002.5  7.242148e-09
33014.6  1.912220e-06
33026.6  1.468223e-06
33038.6  4.681660e-07
33050.6  8.201424e-07
33062.6  7.858450e-07
33074.6  2.116592e-07
33086.6  2.898611e-07
33098.6  4.725080e-09
33110.6  4.728546e-09
33122.6  4.736886e-09
33134.7  1.291893e-07
33146.7  2.164231e-06
33158.7  5.164379e-07
33170.7  4.966379e-09
33182.7  2.013852e-07
33194.7  4.756882e-09
33206.7  4.760170e-09
33218.7  4.763316e-09
33230.7  6.426435e-08
33242.7  9.201121e-07
33254.7  5.792072e-09
33266.8  1.278706e-07
33278.8  1.124822e-06
33290.8  1.193223e-07
33302.8  4.785364e-09
33314.8  4.783427e-09
33326.8  4.781514e-09
33338.8  4.779622e-09
33350.8  4.783371e-09
33362.8  4.781513e-09
33374.8  4.779668e-09
33386.9  4.777833e-09
33398.9  4.776005e-09
33410.9  4.763982e-09
33422.9  4.750882e-09
33434.9  4.737766e-09
33446.9  4.724634e-09
33458.9  4.711481e-09
33470.9  4.698305e-09
33482.9  4.685104e-09
33494.9  4.671875e-09
33506.9  4.647614e-09
33519.0  4.615292e-09
33531.0  4.582910e-09
33543.0  4.550467e-09
33555.0  4.517963e-09
33567.0  4.485395e-09
33579.0  4.452763e-09
33591.0  4.420063e-09
33603.0  4.396795e-09
33615.0  4.401684e-09
33627.0  4.406547e-09
33639.1  4.411383e-09
33651.1  4.416188e-09
33663.1  4.420961e-09
33675.1  4.425702e-09
33687.1  4.430411e-09
33699.1  4.435087e-09
33711.1  4.470373e-09
33723.1  4.509715e-09
33735.1  4.553739e-09
33747.1  4.594162e-09
33759.2  4.631984e-09
33771.2  4.669796e-09
33783.2  4.707596e-09
33795.2  4.745385e-09
33807.2  7.192818e-07
33819.2  1.101039e-06
33831.2  4.790893e-09
33843.2  4.802506e-09
33855.2  4.814085e-09
33867.2  4.825631e-09
33879.2  4.837145e-09
33891.3  4.848624e-09
33903.3  2.862128e-08
33915.3  2.227382e-07
33927.3  4.409051e-07
33939.3  6.303612e-07
33951.3  4.276830e-07
33963.3  1.201422e-06
33975.3  2.899041e-06
33987.3  3.508211e-06
33999.3  2.179064e-06
34011.4  1.422715e-07
34023.4  4.827816e-09
34035.4  4.824335e-09
34047.4  4.820830e-09
34059.4  4.817301e-09
34071.4  4.813750e-09
34083.4  1.975373e-07
34095.4  1.707188e-06
34107.4  2.734900e-06
34119.4  4.362682e-06
34131.5  4.925669e-06
34143.5  3.540745e-06
34155.5  1.995748e-06
34167.5  1.849370e-06
34179.5  1.154390e-06
34191.5  6.848573e-08
34203.5  4.801346e-09
34215.5  4.803050e-09
34227.5  4.804757e-09
34239.5  8.109540e-08
34251.5  1.203435e-06
34263.6  1.269783e-06
34275.6  2.288317e-06
34287.6  3.155323e-06
34299.6  3.553088e-07
34311.6  5.121496e-09
34323.6  4.921187e-09
34335.6  3.380990e-08
34347.6  6.341941e-07
34359.6  4.179151e-07
34371.6  7.855825e-07
34383.7  2.510314e-06
34395.7  3.195417e-06
34407.7  3.369732e-06
34419.7  1.232063e-07
34431.7  4.813144e-09
34443.7  4.816219e-09
34455.7  3.615426e-08
34467.7  5.087778e-07
34479.7  1.086746e-06
34491.7  1.530245e-06
34503.8  2.123075e-06
34515.8  2.490780e-06
34527.8  1.655667e-06
34539.8  3.779609e-07
34551.8  5.052019e-09
34563.8  4.819683e-09
34575.8  4.820752e-09
34587.8  4.821834e-09
34599.8  4.822931e-09
34611.8  9.068099e-09
34623.8  2.034121e-06
34635.9  1.906713e-06
34647.9  8.699840e-07
34659.9  5.480081e-08
34671.9  4.851560e-09
34683.9  4.856383e-09
34695.9  4.568879e-08
34707.9  1.550069e-06
34719.9  2.443622e-06
34731.9  2.631077e-06
34743.9  2.917997e-06
34756.0  2.801444e-06
34768.0  2.966328e-06
34780.0  2.941245e-06
34792.0  1.301477e-06
34804.0  4.549389e-07
34816.0  2.658187e-06
34828.0  5.165842e-06
34840.0  4.857647e-06
34852.0  2.127546e-06
34864.0  1.122430e-06
34876.1  2.090838e-06
34888.1  4.157482e-06
34900.1  4.888283e-06
34912.1  6.624343e-06
34924.1  5.023867e-06
34936.1  3.475493e-06
34948.1  5.684158e-06
34960.1  2.297915e-06
34972.1  1.273600e-06
34984.1  2.547919e-06
34996.1  3.636169e-06
35008.2  2.728662e-06
35020.2  8.807868e-07
35032.2  4.994751e-09
35044.2  5.000003e-09
35056.2  8.091031e-09
35068.2  1.534466e-06
35080.2  1.625452e-06
35092.2  1.906797e-07
35104.2  6.929248e-07
35116.2  3.378385e-07
35128.3  1.447703e-06
35140.3  8.304829e-07
35152.3  6.280085e-07
35164.3  2.678307e-06
35176.3  3.110239e-06
35188.3  2.403533e-06
35200.3  2.667724e-07
35212.3  5.087859e-09
35224.3  5.092716e-09
35236.3  5.097550e-09
35248.4  5.102361e-09
35260.4  1.443203e-08
35272.4  3.703511e-07
35284.4  5.175978e-07
35296.4  1.685567e-06
35308.4  1.789626e-06
35320.4  2.301859e-06
35332.4  1.374746e-06
35344.4  7.607198e-08
35356.4  5.147924e-09
35368.4  5.151949e-09
35380.5  5.155959e-09
35392.5  8.419671e-09
35404.5  2.018584e-07
35416.5  1.321010e-06
35428.5  1.071712e-06
35440.5  1.156310e-07
35452.5  7.764810e-09
35464.5  1.234566e-07
35476.5  6.946348e-08
35488.5  5.186844e-09
35500.6  5.189314e-09
35512.6  5.192876e-09
35524.6  5.199388e-09
35536.6  7.790012e-09
35548.6  1.173633e-06
35560.6  4.309210e-07
35572.6  5.207397e-09
35584.6  5.209388e-09
35596.6  5.211382e-09
35608.6  5.213832e-09
35620.6  5.216464e-09
35632.7  5.219103e-09
35644.7  5.221748e-09
35656.7  5.224400e-09
35668.7  5.227060e-09
35680.7  5.230155e-09
35692.7  2.124308e-07
35704.7  8.695889e-07
35716.7  7.841267e-09
35728.7  5.245071e-09
35740.7  5.247150e-09
35752.8  5.249244e-09
35764.8  5.251349e-09
35776.8  5.257445e-09
35788.8  5.261472e-09
35800.8  5.263581e-09
35812.8  5.265151e-09
35824.8  5.266735e-09
35836.8  5.268332e-09
35848.8  5.275363e-09
35860.8  5.277708e-09
35872.9  5.279352e-09
35884.9  5.281010e-09
35896.9  5.282682e-09
35908.9  5.283887e-09
35920.9  5.284938e-09
35932.9  5.286003e-09
35944.9  5.287081e-09
35956.9  5.288172e-09
35968.9  5.289276e-09
35980.9  1.142774e-08
35992.9  1.625915e-06
36005.0  4.165273e-07
36017.0  1.867222e-07
36029.0  4.948849e-07
36041.0  2.411219e-06
36053.0  2.809867e-06
36065.0  1.360598e-06
36077.0  8.299168e-09
36089.0  5.307181e-09
36101.0  5.831212e-07
36113.0  3.906680e-06
36125.1  2.798662e-06
36137.1  1.248513e-06
36149.1  2.754488e-08
36161.1  5.311718e-09
36173.1  5.312401e-09
36185.1  5.313086e-09
36197.1  5.317991e-09
36209.1  5.320321e-09
36221.1  5.320915e-09
36233.1  9.822554e-09
36245.2  4.517250e-07
36257.2  4.314662e-07
36269.2  5.323280e-09
36281.2  5.323865e-09
36293.2  5.324446e-09
36305.2  5.325315e-09
36317.2  2.156873e-07
36329.2  8.919112e-09
36341.2  5.329042e-09
36353.2  7.461088e-08
36365.2  7.857991e-07
36377.3  5.911947e-07
36389.3  5.991665e-08
36401.3  5.335181e-09
36413.3  2.309117e-08
36425.3  1.127089e-06
36437.3  1.341332e-06
36449.3  1.245468e-07
36461.3  5.344168e-09
36473.3  5.345935e-09
36485.3  5.347691e-09
36497.4  5.354007e-09
36509.4  5.357917e-09
36521.4  5.360321e-09
36533.4  5.362714e-09
36545.4  5.365096e-09
36557.4  5.367467e-09
36569.4  5.369826e-09
36581.4  5.372174e-09
36593.4  5.374510e-09
36605.4  5.376532e-09
36617.5  5.378179e-09
36629.5  5.379814e-09
36641.5  5.381438e-09
36653.5  5.383050e-09
36665.5  5.384652e-09
36677.5  5.386243e-09
36689.5  5.387825e-09
36701.5  5.395488e-09
36713.5  5.397720e-09
36725.5  5.399944e-09
36737.5  5.402158e-09
36749.6  5.404365e-09
36761.6  5.406562e-09
36773.6  1.300644e-08
36785.6  5.121402e-07
36797.6  4.877741e-07
36809.6  9.593455e-07
36821.6  1.511442e-06
36833.6  2.789110e-06
36845.6  3.327809e-06
36857.6  1.284887e-06
36869.7  7.247786e-08
36881.7  2.013774e-07
36893.7  1.130156e-06
36905.7  8.261062e-08
36917.7  5.432349e-09
36929.7  5.433143e-09
36941.7  5.440239e-09
36953.7  5.967798e-09
36965.7  1.392964e-06
36977.7  1.985409e-06
36989.8  8.240843e-07
37001.8  1.547534e-08
37013.8  5.445040e-09
37025.8  5.445870e-09
37037.8  3.078086e-08
37049.8  1.709365e-06
37061.8  2.458386e-06
37073.8  1.931620e-06
37085.8  4.182727e-07
37097.8  6.222791e-09
37109.8  3.065237e-07
37121.9  1.643371e-06
37133.9  2.165129e-06
37145.9  2.042871e-06
37157.9  1.414583e-06
37169.9  1.000607e-06
37181.9  2.705482e-06
37193.9  2.744689e-06
37205.9  1.217102e-06
37217.9  6.109523e-09
37229.9  5.467469e-09
37242.0  5.469035e-09
37254.0  5.470608e-09
37266.0  5.472187e-09
37278.0  5.473773e-09
37290.0  2.143127e-08
37302.0  1.674155e-06
37314.0  9.701264e-07
37326.0  5.480280e-09
37338.0  5.481943e-09
37350.0  5.483637e-09
37362.1  5.491642e-09
37374.1  5.493325e-09
37386.1  5.495012e-09
37398.1  2.135049e-08
37410.1  6.914556e-07
37422.1  2.213278e-07
37434.1  6.067031e-09
37446.1  4.724245e-07
37458.1  2.048767e-06
37470.1  1.512234e-06
37482.1  2.910665e-08
37494.2  5.511064e-09
37506.2  5.512079e-09
37518.2  5.513086e-09
37530.2  5.514092e-09
37542.2  5.515097e-09
37554.2  5.516100e-09
37566.2  5.517101e-09
37578.2  5.518099e-09
37590.2  5.519093e-09
37602.2  5.520086e-09
37614.3  1.318229e-08
37626.3  3.534216e-07
37638.3  2.175720e-07
37650.3  6.073218e-09
37662.3  5.525027e-09
37674.3  5.525994e-09
37686.3  5.526951e-09
37698.3  5.527899e-09
37710.3  5.528777e-09
37722.3  5.529634e-09
37734.3  5.530479e-09
37746.4  5.531312e-09
37758.4  5.532135e-09
37770.4  5.539347e-09
37782.4  5.540142e-09
37794.4  5.540922e-09
37806.4  5.542092e-09
37818.4  8.946320e-09
37830.4  4.541552e-07
37842.4  1.491822e-06
37854.4  6.901148e-07
37866.5  1.575173e-08
37878.5  5.550894e-09
37890.5  1.905575e-08
37902.5  8.395319e-08
37914.5  5.553415e-09
37926.5  5.553407e-09
37938.5  5.553379e-09
37950.5  5.553330e-09
37962.5  5.553258e-09
37974.5  5.553166e-09
37986.6  5.553053e-09
37998.6  5.552919e-09
38010.6  5.553987e-09
38022.6  5.555199e-09
38034.6  5.556389e-09
38046.6  5.557558e-09
38058.6  5.558705e-09
38070.6  5.559830e-09
38082.6  5.560932e-09
38094.6  5.562013e-09
38106.6  5.562661e-09
38118.7  5.562957e-09
38130.7  5.563231e-09
38142.7  5.563482e-09
38154.7  5.563712e-09
38166.7  5.563922e-09
38178.7  5.569712e-09
38190.7  5.570713e-09
38202.7  5.570878e-09
38214.7  5.571084e-09
38226.7  5.571272e-09
38238.8  5.571441e-09
38250.8  5.571591e-09
38262.8  5.571723e-09
38274.8  5.571837e-09
38286.8  5.571934e-09
38298.8  5.572016e-09
38310.8  5.572066e-09
38322.8  5.572099e-09
38334.8  5.572118e-09
38346.8  5.572123e-09
38358.9  5.572115e-09
38370.9  5.572094e-09
38382.9  5.573840e-09
38394.9  5.578214e-09
38406.9  5.578134e-09
38418.9  5.578028e-09
38430.9  5.577912e-09
38442.9  5.577787e-09
38454.9  5.577655e-09
38466.9  5.577527e-09
38478.9  5.577399e-09
38491.0  5.577266e-09
38503.0  5.577115e-09
38515.0  5.576917e-09
38527.0  5.576717e-09
38539.0  5.576514e-09
38551.0  5.576310e-09
38563.0  5.576105e-09
38575.0  5.579137e-09
38587.0  5.582137e-09
38599.0  5.581935e-09
38611.1  5.581799e-09
38623.1  5.581672e-09
38635.1  5.581549e-09
38647.1  5.581431e-09
38659.1  5.581318e-09
38671.1  5.581212e-09
38683.1  5.581113e-09
38695.1  5.581021e-09
38707.1  5.580862e-09
38719.1  5.580662e-09
38731.2  5.580471e-09
38743.2  5.580290e-09
38755.2  5.580120e-09
38767.2  5.579961e-09
38779.2  5.579813e-09
38791.2  5.579677e-09
38803.2  5.579592e-09
38815.2  5.579624e-09
38827.2  5.579668e-09
38839.2  5.579726e-09
38851.2  5.579799e-09
38863.3  5.579887e-09
38875.3  5.579989e-09
38887.3  5.580105e-09
38899.3  5.580237e-09
38911.3  5.580325e-09
38923.3  5.580427e-09
38935.3  5.580543e-09
38947.3  5.580675e-09
38959.3  5.580823e-09
38971.3  5.581853e-09
38983.4  5.587607e-09
38995.4  5.587805e-09
39007.4  5.587972e-09
39019.4  5.588126e-09
39031.4  5.588297e-09
39043.4  5.588485e-09
39055.4  5.588688e-09
39067.4  5.588907e-09
39079.4  5.589141e-09
39091.4  5.589391e-09
39103.5  5.589698e-09
39115.5  7.627401e-09
39127.5  9.430315e-07
39139.5  1.473971e-08
39151.5  5.597676e-09
39163.5  5.598155e-09
39175.5  5.598647e-09
39187.5  5.599152e-09
39199.5  5.599670e-09
39211.5  5.600224e-09
39223.5  5.600790e-09
39235.6  5.601364e-09
39247.6  5.601949e-09
39259.6  5.602545e-09
39271.6  6.638213e-08
39283.6  8.030952e-07
39295.6  1.580396e-06
39307.6  9.201259e-07
39319.6  9.420594e-09
39331.6  5.606090e-09
39343.6  5.606660e-09
39355.7  5.607237e-09
39367.7  5.607820e-09
39379.7  5.614659e-09
39391.7  5.615467e-09
39403.7  3.878047e-08
39415.7  5.795013e-07
39427.7  2.494626e-07
39439.7  6.898432e-09
39451.7  5.621567e-09
39463.7  5.622896e-09
39475.8  5.624228e-09
39487.8  5.625561e-09
39499.8  5.626896e-09
39511.8  5.627438e-09
39523.8  5.627964e-09
39535.8  5.628491e-09
39547.8  5.629017e-09
39559.8  5.629542e-09
39571.8  5.630065e-09
39583.8  5.630587e-09
39595.8  5.631107e-09
39607.9  5.631670e-09
39619.9  5.632254e-09
39631.9  5.632835e-09
39643.9  5.633412e-09
39655.9  5.633985e-09
39667.9  5.634554e-09
39679.9  5.635119e-09
39691.9  1.118455e-07
39703.9  6.471156e-07
39715.9  8.308986e-08
39728.0  5.836995e-09
39740.0  5.644584e-09
39752.0  5.645256e-09
39764.0  5.645922e-09
39776.0  5.650474e-09
39788.0  5.653733e-09
39800.0  5.654380e-09
39812.0  5.654897e-09
39824.0  5.655408e-09
39836.0  5.655912e-09
39848.0  5.656409e-09
39860.1  5.656900e-09
39872.1  5.657384e-09
39884.1  5.657861e-09
39896.1  5.658331e-09
39908.1  5.658792e-09
39920.1  5.659244e-09
39932.1  5.659690e-09
39944.1  5.660129e-09
39956.1  5.660563e-09
39968.1  5.660991e-09
39980.2  5.661414e-09
39992.2  5.661830e-09
40004.2  5.662209e-09
40016.2  5.662523e-09
40028.2  5.662833e-09
40040.2  5.663138e-09
40052.2  5.663439e-09
40064.2  5.663737e-09
40076.2  5.664031e-09
40088.2  5.664323e-09
40100.3  5.664627e-09
40112.3  5.665594e-09
40124.3  5.666560e-09
40136.3  5.667524e-09
40148.3  5.668488e-09
40160.3  5.669450e-09
40172.3  5.670413e-09
40184.3  5.674192e-09
40196.3  5.678858e-09
40208.3  5.684622e-09
40220.3  5.685984e-09
40232.4  5.686301e-09
40244.4  5.686621e-09
40256.4  5.686944e-09
40268.4  5.687269e-09
40280.4  5.687597e-09
40292.4  5.687930e-09
40304.4  5.688251e-09
40316.4  6.863039e-09
40328.4  4.078729e-07
40340.4  1.125605e-06
40352.5  1.228092e-06
40364.5  1.420859e-06
40376.5  1.514716e-06
40388.5  1.475397e-06
40400.5  8.855023e-08
40412.5  5.691886e-09
40424.5  5.692938e-09
40436.5  5.693999e-09
40448.5  5.695068e-09
40460.5  8.329598e-09
40472.6  7.809919e-08
40484.6  8.440529e-09
40496.6  5.699440e-09
40508.6  5.700060e-09
40520.6  5.700491e-09
40532.6  5.700934e-09
40544.6  5.701388e-09
40556.6  5.701852e-09
40568.6  5.702327e-09
40580.6  5.702813e-09
40592.6  5.703311e-09
40604.7  5.706877e-09
40616.7  5.710911e-09
40628.7  5.711458e-09
40640.7  5.712018e-09
40652.7  5.712590e-09
40664.7  5.713174e-09
40676.7  5.713769e-09
40688.7  5.714375e-09
40700.7  5.715036e-09
40712.7  5.716358e-09
40724.8  5.720702e-09
40736.8  5.725370e-09
40748.8  5.726727e-09
40760.8  5.728097e-09
40772.8  5.729479e-09
40784.8  5.730871e-09
40796.8  5.732275e-09
40808.8  5.733179e-09
40820.8  5.733910e-09
40832.8  5.734635e-09
40844.9  5.735369e-09
40856.9  5.736113e-09
40868.9  5.736866e-09
40880.9  5.737628e-09
40892.9  5.738399e-09
40904.9  5.739177e-09
40916.9  5.739958e-09
40928.9  5.740746e-09
40940.9  5.741543e-09
40952.9  5.742346e-09
40964.9  5.743156e-09
40977.0  5.743971e-09
40989.0  5.744792e-09
41001.0  5.745564e-09
41013.0  5.745729e-09
41025.0  5.745899e-09
41037.0  5.750688e-09
41049.0  5.752836e-09
41061.0  5.753014e-09
41073.0  5.753194e-09
41085.0  5.753375e-09
41097.1  5.753557e-09
41109.1  5.754207e-09
41121.1  2.380390e-08
41133.1  6.903652e-07
41145.1  9.436728e-07
41157.1  9.405735e-07
41169.1  1.143967e-06
41181.1  1.802245e-06
41193.1  2.036539e-06
41205.1  8.330484e-07
41217.2  9.096652e-08
41229.2  5.768640e-09
41241.2  5.769468e-09
41253.2  5.770288e-09
41265.2  5.771102e-09
41277.2  5.771908e-09
41289.2  5.772705e-09
41301.2  5.773423e-09
41313.2  5.773509e-09
41325.2  5.773585e-09
41337.2  5.773650e-09
41349.3  5.773704e-09
41361.3  6.414093e-09
41373.3  2.480261e-07
41385.3  1.742437e-06
41397.3  2.940126e-06
41409.3  2.763929e-06
41421.3  1.928998e-06
41433.3  1.095152e-07
41445.3  5.778605e-09
41457.3  5.779843e-09
41469.4  5.781066e-09
41481.4  5.788895e-09
41493.4  5.790085e-09
41505.4  5.790957e-09
41517.4  5.791444e-09
41529.4  5.791913e-09
41541.4  5.792361e-09
41553.4  5.792791e-09
41565.4  5.793201e-09
41577.4  5.793592e-09
41589.5  5.793964e-09
41601.5  5.795256e-09
41613.5  1.100527e-08
41625.5  3.634821e-07
41637.5  1.599820e-06
41649.5  2.972172e-06
41661.5  3.382939e-06
41673.5  2.990346e-06
41685.5  2.218600e-06
41697.5  1.894516e-06
41709.5  1.703966e-06
41721.6  2.097649e-06
41733.6  2.725841e-06
41745.6  3.588963e-06
41757.6  4.296503e-06
41769.6  3.908937e-06
41781.6  2.571364e-06
41793.6  1.124251e-06
41805.6  6.428320e-07
41817.6  6.210159e-07
41829.6  4.139361e-07
41841.7  9.348918e-09
41853.7  5.804207e-09
41865.7  1.102255e-08
41877.7  2.969449e-07
41889.7  4.683480e-07
41901.7  6.646982e-08
41913.7  5.803552e-09
41925.7  5.803315e-09
41937.7  5.808192e-09
41949.7  5.809424e-09
41961.7  5.809127e-09
41973.8  5.808812e-09
41985.8  5.808479e-09
41997.8  6.324788e-09
42009.8  1.493475e-07
42021.8  8.884432e-07
42033.8  1.269372e-06
42045.8  9.968367e-07
42057.8  9.568032e-07
42069.8  7.838877e-07
42081.8  4.606061e-07
42093.9  1.515917e-08
42105.9  1.951286e-08
42117.9  3.114934e-07
42129.9  1.028858e-08
42141.9  5.809100e-09
42153.9  5.808677e-09
42165.9  5.808243e-09
42177.9  5.807798e-09
42189.9  5.807342e-09
42201.9  5.806853e-09
42214.0  5.806248e-09
42226.0  5.805633e-09
42238.0  5.805009e-09
42250.0  5.804377e-09
42262.0  5.803737e-09
42274.0  5.803089e-09
42286.0  5.802435e-09
42298.0  1.337773e-07
42310.0  2.058377e-06
42322.0  2.465788e-06
42334.0  1.423572e-06
42346.1  1.394039e-07
42358.1  5.798588e-09
42370.1  5.797941e-09
42382.1  5.797290e-09
42394.1  5.796637e-09
42406.1  5.795934e-09
42418.1  5.795181e-09
42430.1  9.618193e-09
42442.1  2.591451e-07
42454.1  1.253044e-06
42466.2  2.204003e-06
42478.2  1.532586e-06
42490.2  2.341271e-08
42502.2  5.802899e-09
42514.2  5.802044e-09
42526.2  5.801191e-09
42538.2  3.291577e-08
42550.2  1.522499e-06
42562.2  1.872076e-06
42574.2  2.259847e-06
42586.3  3.894116e-06
42598.3  4.041974e-06
42610.3  1.576722e-06
42622.3  1.950582e-06
42634.3  1.305942e-06
42646.3  3.161692e-08
42658.3  5.745347e-09
42670.3  5.734932e-09
42682.3  5.724525e-09
42694.3  5.714125e-09
42706.3  5.701177e-09
42718.4  5.685957e-09
42730.4  5.670747e-09
42742.4  6.367922e-09
42754.4  1.809033e-07
42766.4  1.769042e-06
42778.4  4.289406e-06
42790.4  3.557683e-06
42802.4  1.464486e-07
42814.4  1.254811e-06
42826.4  2.205517e-06
42838.5  9.876767e-07
42850.5  1.573799e-07
42862.5  9.615930e-07
42874.5  4.117530e-06
42886.5  6.207109e-06
42898.5  8.427859e-06
42910.5  8.087343e-06
42922.5  6.433986e-06
42934.5  4.182753e-06
42946.5  3.839037e-06
42958.6  3.638743e-06
42970.6  5.186694e-06
42982.6  5.809508e-06
42994.6  5.819071e-06
43006.6  6.000366e-06
43018.6  7.231090e-06
43030.6  8.553567e-06
43042.6  8.066964e-06
43054.6  6.787521e-06
43066.6  4.278921e-06
43078.6  1.982531e-06
43090.7  3.225266e-08
43102.7  1.576875e-08
43114.7  4.852543e-07
43126.7  4.612163e-07
43138.7  7.425259e-08
43150.7  5.987857e-09
43162.7  3.228828e-07
43174.7  4.434402e-06
43186.7  1.114076e-05
43198.7  1.227861e-05
43210.8  1.035562e-05
43222.8  8.168773e-06
43234.8  4.850028e-06
43246.8  3.324449e-06
43258.8  2.568569e-06
43270.8  2.971832e-06
43282.8  5.828701e-06
43294.8  8.480813e-06
43306.8  7.469304e-06
43318.8  5.189795e-06
43330.9  4.183176e-06
43342.9  1.957068e-06
43354.9  2.260767e-06
43366.9  2.521270e-06
43378.9  3.000805e-06
43390.9  3.091680e-06
43402.9  2.700698e-06
43414.9  1.644835e-06
43426.9  1.222258e-06
43438.9  2.767909e-06
43450.9  5.083734e-06
43463.0  6.927267e-06
43475.0  8.485896e-06
43487.0  9.241002e-06
43499.0  9.056355e-06
43511.0  9.874080e-06
43523.0  1.133124e-05
43535.0  1.252091e-05
43547.0  1.252856e-05
43559.0  1.156549e-05
43571.0  1.065053e-05
43583.1  1.030577e-05
43595.1  1.078250e-05
43607.1  1.152718e-05
43619.1  1.217038e-05
43631.1  1.123352e-05
43643.1  9.889706e-06
43655.1  8.274892e-06
43667.1  9.008040e-06
43679.1  9.604176e-06
43691.1  9.494615e-06
43703.2  7.871264e-06
43715.2  7.532156e-06
43727.2  9.185526e-06
43739.2  1.096862e-05
43751.2  1.275986e-05
43763.2  1.285780e-05
43775.2  1.342440e-05
43787.2  1.509585e-05
43799.2  1.527237e-05
43811.2  1.397152e-05
43823.2  1.068515e-05
43835.3  8.204454e-06
43847.3  6.172231e-06
43859.3  6.707187e-06
43871.3  7.635113e-06
43883.3  8.249644e-06
43895.3  7.861775e-06
43907.3  7.791300e-06
43919.3  8.895381e-06
43931.3  1.194924e-05
43943.3  1.489745e-05
43955.4  1.717347e-05
43967.4  1.361313e-05
43979.4  1.029823e-05
43991.4  7.661541e-06
44003.4  8.281383e-06
44015.4  1.018331e-05
44027.4  1.086687e-05
44039.4  9.194197e-06
44051.4  8.007514e-06
44063.4  7.625001e-06
44075.4  7.275762e-06
44087.5  6.740393e-06
44099.5  5.630525e-06
44111.5  6.598012e-06
44123.5  7.948622e-06
44135.5  8.713504e-06
44147.5  9.229893e-06
44159.5  8.355211e-06
44171.5  5.622853e-06
44183.5  5.501945e-06
44195.5  6.210068e-06
44207.6  7.095664e-06
44219.6  8.011687e-06
44231.6  7.946554e-06
44243.6  4.551896e-06
44255.6  4.329478e-06
44267.6  1.561342e-06
44279.6  1.679358e-07
44291.6  7.181798e-09
44303.6  1.357951e-07
44315.6  2.780731e-06
44327.7  4.700149e-06
44339.7  4.543830e-06
44351.7  3.473683e-06
44363.7  2.979682e-06
44375.7  3.001708e-06
44387.7  3.092242e-06
44399.7  2.395439e-06
44411.7  2.593491e-06
44423.7  5.007583e-06
44435.7  7.851321e-06
44447.7  1.119348e-05
44459.8  1.173025e-05
44471.8  1.126012e-05
44483.8  1.032375e-05
44495.8  8.176643e-06
44507.8  5.344527e-06
44519.8  4.690805e-06
44531.8  4.841050e-06
44543.8  5.418490e-06
44555.8  5.687994e-06
44567.8  4.859505e-06
44579.9  3.361857e-06
44591.9  2.913995e-06
44603.9  2.234822e-06
44615.9  2.734964e-06
44627.9  4.841224e-06
44639.9  7.697953e-06
44651.9  9.858194e-06
44663.9  1.057128e-05
44675.9  7.711414e-06
44687.9  2.374765e-06
44700.0  9.870823e-07
44712.0  2.004822e-06
44724.0  4.723155e-06
44736.0  7.239407e-06
44748.0  7.389089e-06
44760.0  8.536541e-06
44772.0  1.010569e-05
44784.0  9.892976e-06
44796.0  7.811773e-06
44808.0  5.553704e-06
44820.0  4.099702e-06
44832.1  4.073726e-06
44844.1  4.263668e-06
44856.1  4.620925e-06
44868.1  4.906868e-06
44880.1  4.794200e-06
44892.1  4.817799e-06
44904.1  4.676170e-06
44916.1  5.261408e-06
44928.1  5.424370e-06
44940.1  5.105344e-06
44952.2  4.022663e-06
44964.2  4.893824e-06
44976.2  5.026148e-06
44988.2  5.010652e-06
45000.2  5.281040e-06
45012.2  6.247862e-06
45024.2  6.427692e-06
45036.2  5.319335e-06
45048.2  4.081239e-06
45060.2  3.932180e-06
45072.3  4.458960e-06
45084.3  5.723306e-06
45096.3  7.245093e-06
45108.3  8.350401e-06
45120.3  8.680253e-06
45132.3  7.358550e-06
45144.3  6.041149e-06
45156.3  5.207778e-06
45168.3  5.590285e-06
45180.3  6.176051e-06
45192.3  6.168422e-06
45204.4  5.724921e-06
45216.4  4.050486e-06
45228.4  1.390237e-06
45240.4  1.413191e-06
45252.4  2.217439e-06
45264.4  3.356831e-06
45276.4  5.134366e-06
45288.4  5.424612e-06
45300.4  5.382446e-06
45312.4  5.055415e-06
45324.5  5.045606e-06
45336.5  4.541691e-06
45348.5  2.622748e-06
45360.5  1.341818e-06
45372.5  7.372323e-07
45384.5  9.573191e-07
45396.5  4.839363e-06
45408.5  9.135250e-06
45420.5  1.097125e-05
45432.5  1.050670e-05
45444.6  1.006370e-05
45456.6  9.051445e-06
45468.6  6.324681e-06
45480.6  4.872419e-06
45492.6  3.127742e-06
45504.6  2.713169e-06
45516.6  3.334590e-06
45528.6  4.202556e-06
45540.6  5.523607e-06
45552.6  5.819286e-06
45564.6  5.577357e-06
45576.7  5.213616e-06
45588.7  5.283821e-06
45600.7  6.100590e-06
45612.7  7.087284e-06
45624.7  7.985421e-06
45636.7  9.430945e-06
45648.7  1.118222e-05
45660.7  1.230247e-05
45672.7  1.311105e-05
45684.7  1.308741e-05
45696.8  1.229095e-05
45708.8  1.090629e-05
45720.8  9.866974e-06
45732.8  1.019149e-05
45744.8  1.003018e-05
45756.8  9.195795e-06
45768.8  7.063349e-06
45780.8  6.563851e-06
45792.8  6.869488e-06
45804.8  7.134355e-06
45816.9  7.695427e-06
45828.9  9.203671e-06
45840.9  9.983940e-06
45852.9  9.057874e-06
45864.9  6.727718e-06
45876.9  5.180307e-06
45888.9  2.856259e-06
45900.9  2.908749e-06
45912.9  3.455862e-06
45924.9  6.569040e-06
45936.9  8.364575e-06
45949.0  1.022347e-05
45961.0  1.220518e-05
45973.0  1.167119e-05
45985.0  1.011403e-05
45997.0  6.652948e-06
46009.0  5.372414e-06
46021.0  5.629222e-06
46033.0  6.930825e-06
46045.0  8.143332e-06
46057.0  7.043714e-06
46069.1  7.382524e-06
46081.1  8.785603e-06
46093.1  1.002602e-05
46105.1  1.124666e-05
46117.1  9.350705e-06
46129.1  8.583385e-06
46141.1  8.494208e-06
46153.1  8.843510e-06
46165.1  1.028695e-05
46177.1  1.044369e-05
46189.1  1.021195e-05
46201.2  9.219503e-06
46213.2  7.270080e-06
46225.2  5.301371e-06
46237.2  4.263727e-06
46249.2  5.305824e-06
46261.2  4.824309e-06
46273.2  3.897264e-06
46285.2  3.106347e-06
46297.2  3.071036e-06
46309.2  3.416891e-06
46321.3  4.845757e-06
46333.3  9.177184e-06
46345.3  1.108497e-05
46357.3  1.257032e-05
46369.3  1.283118e-05
46381.3  1.222786e-05
46393.3  1.207253e-05
46405.3  1.052728e-05
46417.3  9.736116e-06
46429.3  8.684062e-06
46441.4  7.765927e-06
46453.4  9.746485e-06
46465.4  1.012014e-05
46477.4  9.492837e-06
46489.4  8.655990e-06
46501.4  1.071253e-05
46513.4  1.300422e-05
46525.4  1.329058e-05
46537.4  1.158695e-05
46549.4  8.376497e-06
46561.4  8.006369e-06
46573.5  8.490736e-06
46585.5  8.720233e-06
46597.5  8.650083e-06
46609.5  9.648224e-06
46621.5  1.194855e-05
46633.5  1.368500e-05
46645.5  1.512097e-05
46657.5  1.411088e-05
46669.5  1.307705e-05
46681.5  1.223471e-05
46693.6  1.088218e-05
46705.6  1.113847e-05
46717.6  1.045575e-05
46729.6  9.668797e-06
46741.6  9.080595e-06
46753.6  8.322028e-06
46765.6  7.645756e-06
46777.6  8.073383e-06
46789.6  6.563718e-06
46801.6  3.811853e-06
46813.7  3.996409e-06
46825.7  4.238615e-06
46837.7  4.473407e-06
46849.7  3.984115e-06
46861.7  4.752354e-06
46873.7  7.381911e-06
46885.7  9.791278e-06
46897.7  1.166423e-05
46909.7  1.096449e-05
46921.7  1.127306e-05
46933.7  1.022749e-05
46945.8  9.476775e-06
46957.8  8.816847e-06
46969.8  9.152754e-06
46981.8  1.043955e-05
46993.8  1.118692e-05
47005.8  1.249962e-05
47017.8  1.160424e-05
47029.8  1.018977e-05
47041.8  8.820035e-06
47053.8  6.399908e-06
47065.9  6.102001e-06
47077.9  5.014920e-06
47089.9  4.178097e-06
47101.9  3.242387e-06
47113.9  1.623115e-06
47125.9  2.266182e-06
47137.9  4.772537e-06
47149.9  5.468873e-06
47161.9  5.131414e-06
47173.9  5.814567e-06
47186.0  5.682708e-06
47198.0  5.409800e-06
47210.0  4.777608e-06
47222.0  6.517803e-06
47234.0  8.029242e-06
47246.0  8.954889e-06
47258.0  9.463857e-06
47270.0  9.266369e-06
47282.0  9.110193e-06
47294.0  8.171798e-06
47306.0  7.743142e-06
47318.1  5.911773e-06
47330.1  5.290307e-06
47342.1  5.709554e-06
47354.1  7.411350e-06
47366.1  1.040062e-05
47378.1  1.305575e-05
47390.1  1.407435e-05
47402.1  1.269484e-05
47414.1  1.171944e-05
47426.1  1.211610e-05
47438.2  1.289182e-05
47450.2  1.431323e-05
47462.2  1.567421e-05
47474.2  1.700690e-05
47486.2  1.757725e-05
47498.2  1.789790e-05
47510.2  1.686022e-05
47522.2  1.596763e-05
47534.2  1.513410e-05
47546.2  1.379657e-05
47558.3  1.150973e-05
47570.3  7.128839e-06
47582.3  4.723550e-06
47594.3  3.489048e-06
47606.3  3.009833e-06
47618.3  2.511663e-06
47630.3  4.120895e-06
47642.3  3.869547e-06
47654.3  5.346444e-06
47666.3  6.942191e-06
47678.3  8.206230e-06
47690.4  7.968959e-06
47702.4  5.098694e-06
47714.4  2.356856e-06
47726.4  4.149162e-07
47738.4  7.595276e-07
47750.4  7.048544e-07
47762.4  3.064123e-06
47774.4  3.670514e-06
47786.4  4.469111e-06
47798.4  3.705314e-06
47810.5  3.416788e-06
47822.5  3.701276e-06
47834.5  4.552858e-06
47846.5  6.227560e-06
47858.5  6.933395e-06
47870.5  7.239298e-06
47882.5  4.119402e-06
47894.5  2.212766e-06
47906.5  6.768616e-07
47918.5  4.020445e-07
47930.6  1.326299e-06
47942.6  3.789962e-06
47954.6  6.124450e-06
47966.6  8.110520e-06
47978.6  8.837258e-06
47990.6  6.676346e-06
48002.6  5.866809e-06
48014.6  3.836551e-06
48026.6  2.471864e-06
48038.6  7.218909e-07
48050.6  1.009918e-06
48062.7  1.077166e-06
48074.7  1.326997e-06
48086.7  5.826188e-07
48098.7  5.324957e-07
48110.7  1.164449e-06
48122.7  1.850023e-06
48134.7  2.203089e-06
48146.7  2.218499e-06
48158.7  2.054453e-06
48170.7  2.377031e-06
48182.8  2.902621e-06
48194.8  2.583835e-06
48206.8  2.140401e-06
48218.8  9.409280e-07
48230.8  5.111715e-07
48242.8  6.121148e-07
48254.8  7.035428e-07
48266.8  7.468012e-07
48278.8  8.229899e-07
48290.8  9.460829e-07
48302.8  1.432556e-06
48314.9  2.611478e-06
48326.9  3.274374e-06
48338.9  3.700370e-06
48350.9  3.781942e-06
48362.9  4.670666e-06
48374.9  3.995822e-06
48386.9  3.300927e-06
48398.9  1.885220e-06
48410.9  6.570529e-07
48422.9  1.466563e-07
48435.0  1.563829e-06
48447.0  2.255974e-06
48459.0  1.609685e-06
48471.0  6.308762e-07
48483.0  9.674084e-07
48495.0  1.660440e-06
48507.0  2.612888e-06
48519.0  3.829492e-06
48531.0  4.581974e-06
48543.0  5.403009e-06
48555.1  5.994074e-06
48567.1  8.027682e-06
48579.1  7.327946e-06
48591.1  6.591872e-06
48603.1  4.551618e-06
48615.1  3.144020e-06
48627.1  2.301047e-06
48639.1  1.912314e-06
48651.1  2.425633e-06
48663.1  2.826329e-06
48675.1  2.469736e-06
48687.2  2.066187e-06
48699.2  1.793274e-06
48711.2  2.503732e-06
48723.2  4.141787e-06
48735.2  5.030572e-06
48747.2  5.097080e-06
48759.2  4.242516e-06
48771.2  3.888028e-06
48783.2  1.249229e-06
48795.2  9.354120e-07
48807.3  6.767165e-07
48819.3  1.504232e-06
48831.3  2.699803e-06
48843.3  4.536999e-06
48855.3  5.033482e-06
48867.3  5.118776e-06
48879.3  3.828047e-06
48891.3  2.787435e-06
48903.3  1.908165e-06
48915.3  1.347343e-06
48927.4  9.999363e-07
48939.4  1.956096e-07
48951.4  3.089689e-08
48963.4  1.233271e-07
48975.4  6.249281e-07
48987.4  1.090813e-06
48999.4  1.282318e-06
49011.4  2.353681e-06
49023.4  3.268680e-06
49035.4  3.445908e-06
49047.4  3.314659e-06
49059.5  2.162209e-06
49071.5  1.299656e-06
49083.5  6.192868e-07
49095.5  1.065916e-06
49107.5  1.298984e-06
49119.5  1.535115e-06
49131.5  1.019173e-06
49143.5  5.456024e-07
49155.5  1.574204e-07
49167.5  2.552210e-06
49179.6  2.941354e-06
49191.6  4.127684e-06
49203.6  5.146071e-06
49215.6  6.184398e-06
49227.6  5.919395e-06
49239.6  5.196548e-06
49251.6  3.759319e-06
49263.6  2.771640e-06
49275.6  2.120954e-06
49287.6  1.865332e-06
49299.7  2.021034e-06
49311.7  1.789305e-06
49323.7  1.376419e-06
49335.7  5.313051e-07
49347.7  1.028229e-07
49359.7  2.127328e-08
49371.7  6.354395e-09
49383.7  4.739370e-09
49395.7  4.733814e-09
49407.7  1.305949e-08
49419.7  1.808739e-07
49431.8  2.618513e-07
49443.8  1.162150e-07
49455.8  2.369017e-08
49467.8  5.764107e-09
49479.8  2.018742e-08
49491.8  4.151927e-07
49503.8  1.704730e-06
49515.8  4.306706e-06
49527.8  5.252516e-06
49539.8  5.427869e-06
49551.9  3.668382e-06
49563.9  2.293967e-06
49575.9  8.096780e-07
49587.9  2.644329e-07
49599.9  2.686768e-08
49611.9  4.968956e-09
49623.9  4.631879e-09
49635.9  4.626147e-09
49647.9  4.849106e-08
49659.9  1.623127e-06
49672.0  1.528689e-06
49684.0  1.269729e-06
49696.0  4.797204e-08
49708.0  4.591643e-09
49720.0  4.585934e-09
49732.0  4.580217e-09
49744.0  4.574494e-09
49756.0  4.721833e-09
49768.0  4.486914e-08
49780.0  9.337732e-07
49792.0  1.450695e-06
49804.1  2.228153e-06
49816.1  2.743025e-06
49828.1  3.337084e-06
49840.1  3.342067e-06
49852.1  3.256078e-06
49864.1  2.098812e-06
49876.1  1.112684e-06
49888.1  3.933558e-08
49900.1  4.499392e-09
49912.1  4.493571e-09
49924.2  4.487745e-09
49936.2  4.481915e-09
49948.2  4.476080e-09
49960.2  4.470241e-09
49972.2  4.732751e-09
49984.2  3.045216e-08
49996.2  3.808939e-07
50008.2  5.588798e-07
50020.2  6.987522e-07
50032.2  3.325106e-08
50044.3  4.431432e-09
50056.3  4.426147e-09
50068.3  4.420855e-09
50080.3  4.415692e-09
50092.3  4.460587e-09
50104.3  3.839829e-08
50116.3  8.303743e-07
50128.3  3.978963e-08
50140.3  4.509560e-09
50152.3  4.388417e-09
50164.3  4.383070e-09
50176.4  2.370336e-08
50188.4  3.366474e-07
50200.4  6.163946e-07
50212.4  3.232612e-06
50224.4  2.459586e-06
50236.4  1.647675e-06
50248.4  7.730024e-08
50260.4  5.261151e-09
50272.4  1.556217e-08
50284.4  1.621808e-07
50296.5  2.911232e-07
50308.5  3.509556e-07
50320.5  4.441528e-08
50332.5  5.611649e-09
50344.5  4.302079e-09
50356.5  4.296623e-09
50368.5  4.291159e-09
50380.5  4.285688e-09
50392.5  4.280208e-09
50404.5  4.274720e-09
50416.5  2.648532e-08
50428.6  7.135042e-07
50440.6  2.344021e-06
50452.6  1.953243e-06
50464.6  1.345235e-06
50476.6  1.367756e-06
50488.6  1.515813e-06
50500.6  1.684795e-06
50512.6  1.982920e-06
50524.6  2.488433e-06
50536.6  3.200120e-06
50548.7  4.255538e-06
50560.7  5.176325e-06
50572.7  5.464118e-06
50584.7  6.050634e-06
50596.7  6.782550e-06
50608.7  8.678729e-06
50620.7  1.015335e-05
50632.7  1.165825e-05
50644.7  1.174765e-05
50656.7  1.182023e-05
50668.8  1.157341e-05
50680.8  1.161573e-05
50692.8  1.061132e-05
50704.8  1.034783e-05
50716.8  9.419079e-06
50728.8  8.636031e-06
50740.8  8.383592e-06
50752.8  8.165318e-06
50764.8  8.306651e-06
50776.8  8.507466e-06
50788.8  7.637604e-06
50800.9  7.063460e-06
50812.9  6.050579e-06
50824.9  5.831453e-06
50836.9  5.168323e-06
50848.9  4.504861e-06
50860.9  4.601487e-06
50872.9  4.760891e-06
50884.9  5.778292e-06
50896.9  8.108605e-06
50908.9  1.029107e-05
50921.0  1.137653e-05
50933.0  1.124198e-05
50945.0  9.019484e-06
50957.0  7.102230e-06
50969.0  5.322098e-06
50981.0  4.142866e-06
50993.0  3.714161e-06
