# from http://www.stsci.edu/jwst/instruments/nircam/instrumentdesign/filters
# Retrieved March, 2023, dated Nov, 2022 (post-flight)
# Uses modA or modB  filters+DBS+QE+OTE (nrc_plus_ote)
# Units of transmission are PCE (photon to electron conversion efficiency)
# 
36969.7  0.000000e+00
36983.2  0.000000e+00
36996.7  2.377446e-04
37010.2  2.493020e-04
37023.7  2.638463e-04
37037.3  2.757723e-04
37050.8  2.909257e-04
37064.3  3.086810e-04
37077.8  3.245995e-04
37091.3  3.421847e-04
37104.8  3.575463e-04
37118.3  3.733239e-04
37131.8  3.955668e-04
37145.4  4.158765e-04
37158.9  4.357607e-04
37172.4  4.599828e-04
37185.9  4.808190e-04
37199.4  5.034701e-04
37212.9  5.332201e-04
37226.4  5.637291e-04
37239.9  5.970020e-04
37253.5  6.313919e-04
37267.0  6.654842e-04
37280.5  7.084123e-04
37294.0  7.525464e-04
37307.5  7.914309e-04
37321.0  8.359477e-04
37334.5  8.829947e-04
37348.0  9.314120e-04
37361.5  9.891177e-04
37375.1  1.047248e-03
37388.6  1.105364e-03
37402.1  1.172450e-03
37415.6  1.241168e-03
37429.1  1.312802e-03
37442.6  1.392256e-03
37456.1  1.470944e-03
37469.6  1.553385e-03
37483.2  1.644994e-03
37496.7  1.740839e-03
37510.2  1.847658e-03
37523.7  1.962973e-03
37537.2  2.077732e-03
37550.7  2.201357e-03
37564.2  2.334227e-03
37577.7  2.470434e-03
37591.3  2.619998e-03
37604.8  2.781163e-03
37618.3  2.947239e-03
37631.8  3.125915e-03
37645.3  3.314779e-03
37658.8  3.512597e-03
37672.3  3.729506e-03
37685.8  3.958950e-03
37699.4  4.196418e-03
37712.9  4.452976e-03
37726.4  4.725424e-03
37739.9  5.012096e-03
37753.4  5.323808e-03
37766.9  5.654845e-03
37780.4  6.001219e-03
37793.9  6.372740e-03
37807.5  6.767819e-03
37821.0  7.186236e-03
37834.5  7.638394e-03
37848.0  8.120034e-03
37861.5  8.630355e-03
37875.0  9.179052e-03
37888.5  9.757942e-03
37902.0  1.036967e-02
37915.6  1.103208e-02
37929.1  1.173683e-02
37942.6  1.248602e-02
37956.1  1.329806e-02
37969.6  1.415925e-02
37983.1  1.507224e-02
37996.6  1.605976e-02
38010.1  1.710810e-02
38023.7  1.822533e-02
38037.2  1.943552e-02
38050.7  2.072001e-02
38064.2  2.209132e-02
38077.7  2.356849e-02
38091.2  2.513600e-02
38104.7  2.680937e-02
38118.2  2.860830e-02
38131.8  3.052495e-02
38145.3  3.257492e-02
38158.8  3.477230e-02
38172.3  3.711036e-02
38185.8  3.960546e-02
38199.3  4.227492e-02
38212.8  4.511693e-02
38226.3  4.814846e-02
38239.8  5.138854e-02
38253.4  5.483189e-02
38266.9  5.848963e-02
38280.4  6.237862e-02
38293.9  6.650346e-02
38307.4  7.086690e-02
38320.9  7.549346e-02
38334.4  8.038279e-02
38347.9  8.553076e-02
38361.5  9.096185e-02
38375.0  9.666253e-02
38388.5  1.026339e-01
38402.0  1.088980e-01
38415.5  1.154394e-01
38429.0  1.222470e-01
38442.5  1.293295e-01
38456.0  1.366782e-01
38469.6  1.442709e-01
38483.1  1.521038e-01
38496.6  1.601742e-01
38510.1  1.684329e-01
38523.6  1.769100e-01
38537.1  1.855733e-01
38550.6  1.943650e-01
38564.1  2.033136e-01
38577.7  2.123867e-01
38591.2  2.215142e-01
38604.7  2.307394e-01
38618.2  2.400239e-01
38631.7  2.492830e-01
38645.2  2.585896e-01
38658.7  2.679042e-01
38672.2  2.771577e-01
38685.8  2.864028e-01
38699.3  2.956094e-01
38712.8  3.047224e-01
38726.3  3.137869e-01
38739.8  3.227863e-01
38753.3  3.316649e-01
38766.8  3.404526e-01
38780.3  3.491325e-01
38793.9  3.577004e-01
38807.4  3.661177e-01
38820.9  3.744036e-01
38834.4  3.825038e-01
38847.9  3.904161e-01
38861.4  3.981518e-01
38874.9  4.056879e-01
38888.4  4.129973e-01
38902.0  4.200929e-01
38915.5  4.269748e-01
38929.0  4.336023e-01
38942.5  4.399752e-01
38956.0  4.461023e-01
38969.5  4.519358e-01
38983.0  4.574839e-01
38996.5  4.627620e-01
39010.1  4.676859e-01
39023.6  4.723011e-01
39037.1  4.766285e-01
39050.6  4.806454e-01
39064.1  4.843743e-01
39077.6  4.878377e-01
39091.1  4.910338e-01
39104.6  4.939533e-01
39118.2  4.966275e-01
39131.7  4.990665e-01
39145.2  5.012403e-01
39158.7  5.032025e-01
39172.2  5.049572e-01
39185.7  5.064743e-01
39199.2  5.078234e-01
39212.7  5.090276e-01
39226.2  5.100543e-01
39239.8  5.109601e-01
39253.3  5.117857e-01
39266.8  5.124787e-01
39280.3  5.131076e-01
39293.8  5.136362e-01
39307.3  5.140759e-01
39320.8  5.144696e-01
39334.3  5.147888e-01
39347.9  5.150471e-01
39361.4  5.152915e-01
39374.9  5.154779e-01
39388.4  5.156416e-01
39401.9  5.158262e-01
39415.4  5.159745e-01
39428.9  5.161264e-01
39442.4  5.163086e-01
39456.0  5.164590e-01
39469.5  5.166133e-01
39483.0  5.167933e-01
39496.5  5.169377e-01
39510.0  5.171267e-01
39523.5  5.172722e-01
39537.0  5.174221e-01
39550.5  5.176291e-01
39564.1  5.178057e-01
39577.6  5.179901e-01
39591.1  5.182471e-01
39604.6  5.184764e-01
39618.1  5.187056e-01
39631.6  5.189829e-01
39645.1  5.192144e-01
39658.6  5.194368e-01
39672.2  5.196972e-01
39685.7  5.199112e-01
39699.2  5.201111e-01
39712.7  5.203501e-01
39726.2  5.205638e-01
39739.7  5.207790e-01
39753.2  5.210403e-01
39766.7  5.212645e-01
39780.3  5.215236e-01
39793.8  5.217293e-01
39807.3  5.219255e-01
39820.8  5.221490e-01
39834.3  5.223032e-01
39847.8  5.224466e-01
39861.3  5.226215e-01
39874.8  5.227439e-01
39888.4  5.228619e-01
39901.9  5.230181e-01
39915.4  5.231323e-01
39928.9  5.232439e-01
39942.4  5.233995e-01
39955.9  5.235061e-01
39969.4  5.235936e-01
39982.9  5.237080e-01
39996.5  5.237702e-01
40010.0  5.238165e-01
40023.5  5.238584e-01
40037.0  5.238768e-01
40050.5  5.239123e-01
40064.0  5.239351e-01
40077.5  5.239687e-01
40091.0  5.240217e-01
40104.5  5.240527e-01
40118.1  5.240852e-01
40131.6  5.241345e-01
40145.1  5.241477e-01
40158.6  5.241512e-01
40172.1  5.241702e-01
40185.6  5.241604e-01
40199.1  5.241542e-01
40212.6  5.241771e-01
40226.2  5.241804e-01
40239.7  5.241891e-01
40253.2  5.242386e-01
40266.7  5.242761e-01
40280.2  5.243324e-01
40293.7  5.243610e-01
40307.2  5.243859e-01
40320.7  5.244327e-01
40334.3  5.244473e-01
40347.8  5.244594e-01
40361.3  5.244940e-01
40374.8  5.245024e-01
40388.3  5.245243e-01
40401.8  5.245869e-01
40415.3  5.246243e-01
40428.8  5.246680e-01
40442.4  5.247529e-01
40455.9  5.248016e-01
40469.4  5.248494e-01
40482.9  5.249297e-01
40496.4  5.249649e-01
40509.9  5.249998e-01
40523.4  5.250792e-01
40536.9  5.251138e-01
40550.5  5.251796e-01
40564.0  5.252128e-01
40577.5  5.252609e-01
40591.0  5.253677e-01
40604.5  5.254342e-01
40618.0  5.255044e-01
40631.5  5.256224e-01
40645.0  5.256786e-01
40658.6  5.257331e-01
40672.1  5.258381e-01
40685.6  5.258822e-01
40699.1  5.259238e-01
40712.6  5.260273e-01
40726.1  5.260675e-01
40739.6  5.261104e-01
40753.1  5.262274e-01
40766.7  5.262863e-01
40780.2  5.264141e-01
40793.7  5.264778e-01
40807.2  5.265422e-01
40820.7  5.266608e-01
40834.2  5.267014e-01
40847.7  5.267350e-01
40861.2  5.268313e-01
40874.8  5.268477e-01
40888.3  5.268623e-01
40901.8  5.269541e-01
40915.3  5.269714e-01
40928.8  5.269968e-01
40942.3  5.271050e-01
40955.8  5.271355e-01
40969.3  5.271618e-01
40982.8  5.272688e-01
40996.4  5.272871e-01
41009.9  5.272923e-01
41023.4  5.273742e-01
41036.9  5.273676e-01
41050.4  5.274326e-01
41063.9  5.274037e-01
41077.4  5.273818e-01
41090.9  5.274499e-01
41104.5  5.274371e-01
41118.0  5.274306e-01
41131.5  5.275181e-01
41145.0  5.275160e-01
41158.5  5.275077e-01
41172.0  5.275811e-01
41185.5  5.275611e-01
41199.0  5.275334e-01
41212.6  5.275868e-01
41226.1  5.275509e-01
41239.6  5.275178e-01
41253.1  5.275810e-01
41266.6  5.275704e-01
41280.1  5.276550e-01
41293.6  5.276626e-01
41307.1  5.276851e-01
41320.7  5.278015e-01
41334.2  5.278395e-01
41347.7  5.278802e-01
41361.2  5.280037e-01
41374.7  5.280428e-01
41388.2  5.280829e-01
41401.7  5.282086e-01
41415.2  5.282622e-01
41428.8  5.283259e-01
41442.3  5.284851e-01
41455.8  5.285944e-01
41469.3  5.287200e-01
41482.8  5.289323e-01
41496.3  5.290807e-01
41509.8  5.292343e-01
41523.3  5.294615e-01
41536.9  5.296296e-01
41550.4  5.298687e-01
41563.9  5.300392e-01
41577.4  5.302076e-01
41590.9  5.304514e-01
41604.4  5.306435e-01
41617.9  5.308415e-01
41631.4  5.311052e-01
41645.0  5.313199e-01
41658.5  5.315424e-01
41672.0  5.318223e-01
41685.5  5.320462e-01
41699.0  5.322626e-01
41712.5  5.325081e-01
41726.0  5.326904e-01
41739.5  5.328612e-01
41753.1  5.330559e-01
41766.6  5.331968e-01
41780.1  5.333644e-01
41793.6  5.334910e-01
41807.1  5.336003e-01
41820.6  5.337314e-01
41834.1  5.338223e-01
41847.6  5.339024e-01
41861.1  5.339897e-01
41874.7  5.340229e-01
41888.2  5.340278e-01
41901.7  5.340230e-01
41915.2  5.339650e-01
41928.7  5.338864e-01
41942.2  5.337971e-01
41955.7  5.336657e-01
41969.2  5.335200e-01
41982.8  5.333787e-01
41996.3  5.332076e-01
42009.8  5.330144e-01
42023.3  5.328229e-01
42036.8  5.326064e-01
42050.3  5.323788e-01
42063.8  5.321235e-01
42077.3  5.318588e-01
42090.9  5.315760e-01
42104.4  5.312656e-01
42117.9  5.309377e-01
42131.4  5.306102e-01
42144.9  5.302728e-01
42158.4  5.299335e-01
42171.9  5.295969e-01
42185.4  5.292672e-01
42199.0  5.289284e-01
42212.5  5.285895e-01
42226.0  5.282550e-01
42239.5  5.279177e-01
42253.0  5.275584e-01
42266.5  5.271881e-01
42280.0  5.267906e-01
42293.5  5.263694e-01
42307.1  5.259194e-01
42320.6  5.254548e-01
42334.1  5.249761e-01
42347.6  5.244600e-01
42361.1  5.239027e-01
42374.6  5.233266e-01
42388.1  5.227055e-01
42401.6  5.220263e-01
42415.2  5.213022e-01
42428.7  5.205220e-01
42442.2  5.196405e-01
42455.7  5.186298e-01
42469.2  5.175057e-01
42482.7  5.162543e-01
42496.2  5.148683e-01
42509.7  5.132776e-01
42523.3  5.115369e-01
42536.8  5.096272e-01
42550.3  5.075265e-01
42563.8  5.051896e-01
42577.3  5.026236e-01
42590.8  4.998262e-01
42604.3  4.967829e-01
42617.8  4.934667e-01
42631.4  4.897886e-01
42644.9  4.858056e-01
42658.4  4.815221e-01
42671.9  4.769474e-01
42685.4  4.719605e-01
42698.9  4.666190e-01
42712.4  4.609751e-01
42725.9  4.550288e-01
42739.5  4.487101e-01
42753.0  4.420001e-01
42766.5  4.350007e-01
42780.0  4.277280e-01
42793.5  4.201537e-01
42807.0  4.121400e-01
42820.5  4.039058e-01
42834.0  3.954468e-01
42847.5  3.867841e-01
42861.1  3.777509e-01
42874.6  3.685641e-01
42888.1  3.592558e-01
42901.6  3.498546e-01
42915.1  3.402281e-01
42928.6  3.305446e-01
42942.1  3.208611e-01
42955.6  3.111665e-01
42969.2  3.014067e-01
42982.7  2.916836e-01
42996.2  2.820244e-01
43009.7  2.724536e-01
43023.2  2.629503e-01
43036.7  2.535460e-01
43050.2  2.443114e-01
43063.7  2.352313e-01
43077.3  2.263032e-01
43090.8  2.175694e-01
43104.3  2.090342e-01
43117.8  2.007122e-01
43131.3  1.926058e-01
43144.8  1.847071e-01
43158.3  1.770341e-01
43171.8  1.695955e-01
43185.4  1.623653e-01
43198.9  1.553598e-01
43212.4  1.485877e-01
43225.9  1.420310e-01
43239.4  1.356954e-01
43252.9  1.295907e-01
43266.4  1.236953e-01
43279.9  1.180155e-01
43293.5  1.125551e-01
43307.0  1.072969e-01
43320.5  1.022429e-01
43334.0  9.737968e-02
43347.5  9.271301e-02
43361.0  8.824005e-02
43374.5  8.393855e-02
43388.0  7.981155e-02
43401.6  7.586466e-02
43415.1  7.207840e-02
43428.6  6.844769e-02
43442.1  6.497437e-02
43455.6  6.165839e-02
43469.1  5.849351e-02
43482.6  5.547135e-02
43496.1  5.258018e-02
43509.7  4.983045e-02
43523.2  4.721000e-02
43536.7  4.470912e-02
43550.2  4.232493e-02
43563.7  4.006374e-02
43577.2  3.790885e-02
43590.7  3.585667e-02
43604.2  3.390078e-02
43617.8  3.205573e-02
43631.3  3.030099e-02
43644.8  2.863186e-02
43658.3  2.704385e-02
43671.8  2.555227e-02
43685.3  2.413547e-02
43698.8  2.278959e-02
43712.3  2.151147e-02
43725.8  2.031234e-02
43739.4  1.917528e-02
43752.9  1.809545e-02
43766.4  1.707658e-02
43779.9  1.612445e-02
43793.4  1.522214e-02
43806.9  1.436032e-02
43820.4  1.354492e-02
43833.9  1.278290e-02
43847.5  1.206446e-02
43861.0  1.137817e-02
43874.5  1.073507e-02
43888.0  1.013349e-02
43901.5  9.568153e-03
43915.0  9.026202e-03
43928.5  8.521974e-03
43942.0  8.049748e-03
43955.6  7.606568e-03
43969.1  7.176179e-03
43982.6  6.778260e-03
43996.1  6.407362e-03
44009.6  6.060067e-03
44023.1  5.724182e-03
44036.6  5.411986e-03
44050.1  5.123300e-03
44063.7  4.848978e-03
44077.2  4.581696e-03
44090.7  4.331378e-03
44104.2  4.103959e-03
44117.7  3.890489e-03
44131.2  3.685556e-03
44144.7  3.491145e-03
44158.2  3.316518e-03
44171.8  3.146906e-03
44185.3  2.983208e-03
44198.8  2.825555e-03
44212.3  2.688658e-03
44225.8  2.555133e-03
44239.3  2.425471e-03
44252.8  2.300176e-03
44266.3  2.189150e-03
44279.9  2.082801e-03
44293.4  1.978016e-03
44306.9  1.879691e-03
44320.4  1.791427e-03
44333.9  1.709013e-03
44347.4  1.624487e-03
44360.9  1.547170e-03
44374.4  1.476498e-03
44388.0  1.412483e-03
44401.5  1.342810e-03
44415.0  1.279756e-03
44428.5  1.222401e-03
44442.0  1.169618e-03
44455.5  1.111282e-03
44469.0  1.056833e-03
44482.5  1.010884e-03
44496.1  9.721737e-04
44509.6  9.314750e-04
44523.1  8.898677e-04
44536.6  8.549355e-04
44550.1  8.197630e-04
44563.6  7.834832e-04
44577.1  7.441385e-04
44590.6  7.133971e-04
44604.1  6.835998e-04
44617.7  6.533805e-04
44631.2  6.224920e-04
44644.7  5.997139e-04
44658.2  5.810286e-04
44671.7  5.581404e-04
44685.2  5.319433e-04
44698.7  5.076712e-04
44712.2  4.882998e-04
44725.8  4.641686e-04
44739.3  4.425378e-04
44752.8  4.242987e-04
44766.3  4.169367e-04
44779.8  4.040374e-04
44793.3  3.878508e-04
44806.8  3.713591e-04
44820.3  3.598077e-04
44833.9  3.472678e-04
44847.4  3.297031e-04
44860.9  3.156974e-04
44874.4  3.047828e-04
44887.9  2.967660e-04
44901.4  2.802000e-04
44914.9  2.663605e-04
44928.4  2.549013e-04
44942.0  2.467303e-04
44955.5  2.357804e-04
44969.0  2.259737e-04
44982.5  2.219202e-04
44996.0  2.169777e-04
45009.5  2.095305e-04
45023.0  1.984744e-04
45036.5  1.950707e-04
45050.1  1.909640e-04
45063.6  1.851031e-04
45077.1  1.726170e-04
45090.6  1.652222e-04
45104.1  1.608686e-04
45117.6  1.542531e-04
45131.1  1.463169e-04
45144.6  1.398109e-04
45158.2  1.382576e-04
45171.7  1.297263e-04
45185.2  1.176706e-04
45198.7  1.089141e-04
45212.2  1.080465e-04
45225.7  1.067553e-04
45239.2  1.025484e-04
45252.7  9.771052e-05
45266.3  9.534973e-05
45279.8  9.589080e-05
45293.3  9.066592e-05
45306.8  8.646083e-05
45320.3  8.351685e-05
45333.8  8.554859e-05
45347.3  8.307156e-05
45360.8  7.803268e-05
45374.4  7.314666e-05
45387.9  7.178452e-05
45401.4  7.126694e-05
45414.9  6.735205e-05
45428.4  6.407336e-05
45441.9  6.146582e-05
45455.4  6.004434e-05
45468.9  5.674142e-05
45482.5  5.462054e-05
45496.0  5.518624e-05
45509.5  5.436716e-05
45523.0  5.136793e-05
45536.5  4.692274e-05
45550.0  4.685459e-05
45563.5  4.779166e-05
45577.0  4.677533e-05
45590.5  4.073508e-05
45604.1  3.840191e-05
45617.6  3.967376e-05
45631.1  4.019547e-05
45644.6  3.854309e-05
45658.1  3.486563e-05
45671.6  3.421521e-05
45685.1  3.318896e-05
45698.6  3.228161e-05
45712.2  3.010267e-05
45725.7  2.920298e-05
45739.2  2.948197e-05
45752.7  2.774072e-05
45766.2  2.590937e-05
45779.7  2.394634e-05
45793.2  2.439031e-05
45806.7  2.346044e-05
45820.3  2.125532e-05
45833.8  1.748789e-05
45847.3  1.594503e-05
45860.8  1.600951e-05
45874.3  1.460516e-05
45887.8  1.413861e-05
45901.3  1.455665e-05
45914.8  1.593545e-05
45928.4  1.572074e-05
45941.9  1.476160e-05
45955.4  1.340075e-05
45968.9  1.331396e-05
45982.4  1.376772e-05
45995.9  1.238247e-05
46009.4  1.163577e-05
46022.9  0.000000e+00
46036.5  0.000000e+00
