# from http://www.stsci.edu/jwst/instruments/nircam/instrumentdesign/filters
# Retrieved Jan 18, 2017, dated Feb 5, 2016 (pre-flight)
# Uses modA or modB  filters+DBS+QE+OTE (nrc_plus_ote)
# Units of transmission are PCE (photon to electron conversion efficiency)
# 
20004.7  5.416826e-15
20020.7  4.906111e-15
20036.8  4.471394e-15
20052.9  4.103754e-15
20069.0  3.782072e-15
20085.1  3.522776e-15
20101.1  3.298860e-15
20117.2  3.474782e-15
20133.3  1.111511e-14
20149.4  1.675180e-14
20165.5  1.611805e-14
20181.6  1.548017e-14
20197.6  1.474053e-14
20213.7  1.423220e-14
20229.8  1.375151e-14
20245.9  1.285839e-14
20262.0  6.874024e-15
20278.0  2.985954e-15
20294.1  2.727164e-14
20310.2  3.359784e-14
20326.3  3.315758e-14
20342.4  3.302230e-14
20358.4  5.600892e-14
20374.5  6.186708e-14
20390.6  6.206318e-14
20406.7  6.228969e-14
20422.8  3.958124e-14
20438.8  3.341994e-14
20454.9  3.466290e-14
20471.0  3.507913e-14
20487.1  1.060483e-14
20503.2  4.249514e-15
20519.3  8.290560e-15
20535.3  1.105339e-14
20551.4  1.164744e-14
20567.5  1.220206e-14
20583.6  1.258554e-14
20599.7  1.349654e-14
20615.7  1.439094e-14
20631.8  1.487071e-14
20647.9  9.642663e-15
20664.0  6.601365e-15
20680.1  6.874798e-15
20696.1  7.208499e-15
20712.2  6.194370e-15
20728.3  5.267496e-15
20744.4  5.530999e-15
20760.5  6.120374e-15
20776.5  6.760164e-15
20792.6  7.546873e-15
20808.7  8.458979e-15
20824.8  9.468218e-15
20840.9  1.070896e-14
20857.0  1.216836e-14
20873.0  1.388261e-14
20889.1  1.590046e-14
20905.2  1.831278e-14
20921.3  2.115831e-14
20937.4  2.458939e-14
20953.4  2.883269e-14
20969.5  3.367901e-14
20985.6  3.950958e-14
21001.7  4.661647e-14
21017.8  5.472011e-14
21033.8  6.447016e-14
21049.9  7.566827e-14
21066.0  8.773671e-14
21082.1  1.011300e-13
21098.2  1.148688e-13
21114.2  1.284081e-13
21130.3  1.406829e-13
21146.4  1.503546e-13
21162.5  1.582190e-13
21178.6  1.622839e-13
21194.7  1.638849e-13
21210.7  1.632896e-13
21226.8  1.607393e-13
21242.9  1.563670e-13
21259.0  1.519382e-13
21275.1  1.473906e-13
21291.1  1.426469e-13
21307.2  1.384919e-13
21323.3  1.343895e-13
21339.4  1.305074e-13
21355.5  1.270842e-13
21371.5  1.245038e-13
21387.6  1.220029e-13
21403.7  1.201754e-13
21419.8  1.182738e-13
21435.9  1.171465e-13
21451.9  1.163057e-13
21468.0  1.156978e-13
21484.1  1.153672e-13
21500.2  1.153142e-13
21516.3  1.155808e-13
21532.4  1.161689e-13
21548.4  1.168448e-13
21564.5  1.180042e-13
21580.6  1.191114e-13
21596.7  1.208169e-13
21612.8  1.229188e-13
21628.8  1.248481e-13
21644.9  1.273196e-13
21661.0  1.301050e-13
21677.1  1.332164e-13
21693.2  1.366559e-13
21709.2  1.401271e-13
21725.3  1.444656e-13
21741.4  1.490703e-13
21757.5  1.541566e-13
21773.6  1.614652e-13
21789.6  2.915160e-13
21805.7  2.337080e-12
21821.8  2.860911e-12
21837.9  3.017665e-12
21854.0  3.192692e-12
21870.1  3.710266e-12
21886.1  5.633410e-12
21902.2  6.098022e-12
21918.3  6.287961e-12
21934.4  3.754311e-12
21950.5  7.019254e-12
21966.5  2.350731e-11
21982.6  4.500254e-11
21998.7  7.237900e-11
22014.8  1.057798e-10
22030.9  1.522072e-10
22046.9  2.141731e-10
22063.0  2.965142e-10
22079.1  3.838204e-10
22095.2  4.501239e-10
22111.3  5.162496e-10
22127.3  6.057605e-10
22143.4  7.329600e-10
22159.5  8.606430e-10
22175.6  8.826630e-10
22191.7  8.665164e-10
22207.7  8.349282e-10
22217.9  7.625308e-10
22229.9  7.011449e-10
22241.9  5.514764e-10
22253.9  2.778334e-10
22265.9  3.055527e-12
22277.9  3.243379e-12
22289.9  3.385636e-12
22301.9  3.485011e-12
22313.9  3.562313e-12
22326.0  3.639946e-12
22338.0  3.732889e-12
22350.0  3.848036e-12
22362.0  6.296693e-12
22374.0  6.605280e-12
22386.0  6.987205e-12
22398.0  7.440638e-12
22410.0  7.989869e-12
22422.0  8.632747e-12
22434.0  9.377260e-12
22446.1  1.024170e-11
22458.1  7.152009e-12
22470.1  7.859910e-12
22482.1  8.672154e-12
22494.1  9.585123e-12
22506.1  1.061397e-11
22518.1  1.722577e-11
22530.1  4.135547e-10
22542.1  4.647851e-10
22554.1  5.728739e-10
22566.1  6.364976e-10
22578.2  6.995244e-10
22590.2  7.649456e-10
22602.2  8.342466e-10
22614.2  8.936806e-10
22626.2  1.699544e-10
22638.2  3.864209e-10
22650.2  3.105702e-10
22662.2  6.570429e-10
22674.2  1.951372e-09
22686.2  5.126322e-09
22698.3  8.377919e-09
22710.3  8.747230e-09
22722.3  1.227498e-08
22734.3  1.501363e-08
22746.3  1.691364e-08
22758.3  1.904171e-08
22770.3  2.046266e-08
22782.3  1.863258e-08
22794.3  1.527887e-08
22806.3  1.844466e-08
22818.4  2.205145e-08
22830.4  2.105997e-08
22842.4  2.030640e-08
22854.4  2.458074e-08
22866.4  2.706226e-08
22878.4  2.988278e-08
22890.4  4.228384e-08
22902.4  5.604801e-08
22914.4  6.162427e-08
22926.4  7.298936e-08
22938.4  9.802460e-08
22950.5  1.211512e-07
22962.5  1.365297e-07
22974.5  1.567976e-07
22986.5  1.780827e-07
22998.5  1.908508e-07
23010.5  2.305572e-07
23022.5  2.759862e-07
23034.5  3.203872e-07
23046.5  3.532364e-07
23058.5  4.185507e-07
23070.6  4.824074e-07
23082.6  5.411471e-07
23094.6  6.571544e-07
23106.6  7.556614e-07
23118.6  8.933958e-07
23130.6  1.012978e-06
23142.6  1.154506e-06
23154.6  1.379330e-06
23166.6  1.703815e-06
23178.6  2.004349e-06
23190.7  2.242809e-06
23202.7  2.513628e-06
23214.7  2.982885e-06
23226.7  3.556881e-06
23238.7  4.222380e-06
23250.7  4.855682e-06
23262.7  5.363440e-06
23274.7  6.424848e-06
23286.7  7.665164e-06
23298.7  9.121761e-06
23310.7  1.013363e-05
23322.8  1.147581e-05
23334.8  1.329847e-05
23346.8  1.512439e-05
23358.8  1.721806e-05
23370.8  1.895375e-05
23382.8  2.132292e-05
23394.8  2.377626e-05
23406.8  2.679901e-05
23418.8  2.967614e-05
23430.8  3.244727e-05
23442.9  3.557642e-05
23454.9  3.900038e-05
23466.9  4.281304e-05
23478.9  4.633063e-05
23490.9  5.064464e-05
23502.9  5.535675e-05
23514.9  6.142988e-05
23526.9  6.850591e-05
23538.9  7.700843e-05
23550.9  8.797003e-05
23563.0  1.016603e-04
23575.0  1.186170e-04
23587.0  1.396466e-04
23599.0  1.662806e-04
23611.0  1.991813e-04
23623.0  2.396325e-04
23635.0  2.885241e-04
23647.0  3.471983e-04
23659.0  4.174587e-04
23671.0  5.003731e-04
23683.0  5.966707e-04
23695.1  7.090356e-04
23707.1  8.365577e-04
23719.1  9.805051e-04
23731.1  1.139339e-03
23743.1  1.311669e-03
23755.1  1.493527e-03
23767.1  1.684044e-03
23779.1  1.879560e-03
23791.1  2.074120e-03
23803.1  2.268594e-03
23815.2  2.460508e-03
23827.2  2.647046e-03
23839.2  2.829845e-03
23851.2  3.010656e-03
23863.2  3.192491e-03
23875.2  3.380859e-03
23887.2  3.579709e-03
23899.2  3.790376e-03
23911.2  4.022310e-03
23923.2  4.281804e-03
23935.3  4.575596e-03
23947.3  4.914743e-03
23959.3  5.303582e-03
23971.3  5.753813e-03
23983.3  6.279169e-03
23995.3  6.894782e-03
24007.3  7.618441e-03
24019.3  8.473002e-03
24031.3  9.487269e-03
24043.3  1.069541e-02
24055.3  1.213843e-02
24067.4  1.386783e-02
24079.4  1.594671e-02
24091.4  1.845351e-02
24103.4  2.148078e-02
24115.4  2.513776e-02
24127.4  2.954939e-02
24139.4  3.485566e-02
24151.4  4.120128e-02
24163.4  4.871951e-02
24175.4  5.751587e-02
24187.5  6.763655e-02
24199.5  7.904250e-02
24211.5  9.161144e-02
24223.5  1.051476e-01
24235.5  1.191000e-01
24247.5  1.331171e-01
24259.5  1.467309e-01
24271.5  1.595050e-01
24283.5  1.710879e-01
24295.5  1.812459e-01
24307.6  1.899023e-01
24319.6  1.971078e-01
24331.6  2.030325e-01
24343.6  2.079461e-01
24355.6  2.121706e-01
24367.6  2.160261e-01
24379.6  2.198058e-01
24391.6  2.237568e-01
24403.6  2.280698e-01
24415.6  2.328821e-01
24427.6  2.382785e-01
24439.7  2.443040e-01
24451.7  2.509643e-01
24463.7  2.582254e-01
24475.7  2.658480e-01
24487.7  2.739464e-01
24499.7  2.825080e-01
24511.7  2.912644e-01
24523.7  3.000787e-01
24535.7  3.087996e-01
24547.7  3.172788e-01
24559.8  3.253804e-01
24571.8  3.329882e-01
24583.8  3.400025e-01
24595.8  3.463526e-01
24607.8  3.519592e-01
24619.8  3.568254e-01
24631.8  3.609872e-01
24643.8  3.644852e-01
24655.8  3.673743e-01
24667.8  3.697226e-01
24679.8  3.716073e-01
24691.9  3.731052e-01
24703.9  3.743112e-01
24715.9  3.753149e-01
24727.9  3.761486e-01
24739.9  3.773000e-01
24751.9  3.779535e-01
24763.9  3.785678e-01
24775.9  3.791754e-01
24787.9  3.797921e-01
24799.9  3.804223e-01
24812.0  3.809652e-01
24824.0  3.812534e-01
24836.0  3.818927e-01
24848.0  3.825203e-01
24860.0  3.831220e-01
24872.0  3.836768e-01
24884.0  3.841704e-01
24896.0  3.845912e-01
24908.0  3.848933e-01
24920.0  3.850789e-01
24932.1  3.851542e-01
24944.1  3.851134e-01
24956.1  3.849499e-01
24968.1  3.846671e-01
24980.1  3.842684e-01
24992.1  3.837526e-01
25004.1  3.831267e-01
25016.1  3.824000e-01
25028.1  3.815849e-01
25040.1  3.806923e-01
25052.1  3.797361e-01
25064.2  3.787270e-01
25076.2  3.776746e-01
25088.2  3.765939e-01
25100.2  3.754960e-01
25112.2  3.744040e-01
25124.2  3.733132e-01
25136.2  3.722360e-01
25148.2  3.711766e-01
25160.2  3.701435e-01
25172.2  3.691434e-01
25184.3  3.681811e-01
25196.3  3.672619e-01
25208.3  3.663958e-01
25220.3  3.655863e-01
25232.3  3.648309e-01
25244.3  3.641359e-01
25256.3  3.635012e-01
25268.3  3.629303e-01
25280.3  3.624287e-01
25292.3  3.619978e-01
25304.4  3.616513e-01
25316.4  3.614007e-01
25328.4  3.612246e-01
25340.4  3.611258e-01
25352.4  3.611068e-01
25364.4  3.611664e-01
25376.4  3.613010e-01
25388.4  3.615089e-01
25400.4  3.617908e-01
25412.4  3.621223e-01
25424.4  3.625243e-01
25436.5  3.629895e-01
25448.5  3.635150e-01
25460.5  3.640984e-01
25472.5  3.647349e-01
25484.5  3.654191e-01
25496.5  3.661425e-01
25508.5  3.668997e-01
25520.5  3.676818e-01
25532.5  3.684856e-01
25544.5  3.693002e-01
25556.6  3.701166e-01
25568.6  3.709244e-01
25580.6  3.717184e-01
25592.6  3.724974e-01
25604.6  3.732507e-01
25616.6  3.739794e-01
25628.6  3.746778e-01
25640.6  3.753393e-01
25652.6  3.759548e-01
25664.6  3.765298e-01
25676.7  3.770721e-01
25688.7  3.775602e-01
25700.7  3.780242e-01
25712.7  3.788266e-01
25724.7  3.791732e-01
25736.7  3.794793e-01
25748.7  3.797626e-01
25760.7  3.800169e-01
25772.7  3.801241e-01
25784.7  3.800386e-01
25796.7  3.802185e-01
25808.8  3.803779e-01
25820.8  3.805466e-01
25832.8  3.807072e-01
25844.8  3.808685e-01
25856.8  3.810392e-01
25868.8  3.812305e-01
25880.8  3.814348e-01
25892.8  3.816667e-01
25904.8  3.818913e-01
25916.8  3.821305e-01
25928.9  3.824231e-01
25940.9  3.827124e-01
25952.9  3.826639e-01
25964.9  3.830403e-01
25976.9  3.837405e-01
25988.9  3.842989e-01
26000.9  3.847584e-01
26012.9  3.851194e-01
26024.9  3.854742e-01
26036.9  3.858351e-01
26049.0  3.861998e-01
26061.0  3.865633e-01
26073.0  3.869320e-01
26085.0  3.872943e-01
26097.0  3.876455e-01
26109.0  3.879972e-01
26121.0  3.883217e-01
26133.0  3.886037e-01
26145.0  3.888696e-01
26157.0  3.891098e-01
26169.0  3.893032e-01
26181.1  3.899341e-01
26193.1  3.900929e-01
26205.1  3.902217e-01
26217.1  3.903306e-01
26229.1  3.904080e-01
26241.1  3.904552e-01
26253.1  3.904786e-01
26265.1  3.904723e-01
26277.1  3.904292e-01
26289.1  3.903744e-01
26301.2  3.902955e-01
26313.2  3.901998e-01
26325.2  3.901072e-01
26337.2  3.899950e-01
26349.2  3.902840e-01
26361.2  3.902126e-01
26373.2  3.900959e-01
26385.2  3.899679e-01
26397.2  3.898497e-01
26409.2  3.897347e-01
26421.3  3.896209e-01
26433.3  3.895216e-01
26445.3  3.894382e-01
26457.3  3.893684e-01
26469.3  3.893144e-01
26481.3  3.892704e-01
26493.3  3.892384e-01
26505.3  3.892250e-01
26517.3  3.892241e-01
26529.3  3.896534e-01
26541.3  3.897099e-01
26553.4  3.897466e-01
26565.4  3.897941e-01
26577.4  3.898622e-01
26589.4  3.899453e-01
26601.4  3.899659e-01
26613.4  3.895106e-01
26625.4  3.892632e-01
26637.4  3.893112e-01
26649.4  3.893778e-01
26661.4  3.894191e-01
26673.5  3.894538e-01
26685.5  3.897522e-01
26697.5  3.900141e-01
26709.5  3.901113e-01
26721.5  3.897452e-01
26733.5  3.898299e-01
26745.5  3.899011e-01
26757.5  3.899873e-01
26769.5  3.900779e-01
26781.5  3.901326e-01
26793.5  3.901650e-01
26805.6  3.901794e-01
26817.6  3.901870e-01
26829.6  3.897379e-01
26841.6  3.896777e-01
26853.6  3.896201e-01
26865.6  3.897847e-01
26877.6  3.898768e-01
26889.6  3.897636e-01
26901.6  3.896281e-01
26913.6  3.894548e-01
26925.7  3.890280e-01
26937.7  3.886667e-01
26949.7  3.885085e-01
26961.7  3.883556e-01
26973.7  3.882095e-01
26985.7  3.880802e-01
26997.7  3.879772e-01
27009.7  3.879936e-01
27021.7  3.879701e-01
27033.7  3.878285e-01
27045.8  3.881775e-01
27057.8  3.882582e-01
27069.8  3.883450e-01
27081.8  3.884437e-01
27093.8  3.885638e-01
27105.8  3.886926e-01
27117.8  3.888305e-01
27129.8  3.889713e-01
27141.8  3.886647e-01
27153.8  3.888156e-01
27165.8  3.889600e-01
27177.9  3.891121e-01
27189.9  3.892627e-01
27201.9  3.893924e-01
27213.9  3.896617e-01
27225.9  3.900380e-01
27237.9  3.897906e-01
27249.9  3.898075e-01
27261.9  3.899328e-01
27273.9  3.900433e-01
27285.9  3.901333e-01
27298.0  3.902257e-01
27310.0  3.903114e-01
27322.0  3.903853e-01
27334.0  3.902657e-01
27346.0  3.900350e-01
27358.0  3.900557e-01
27370.0  3.900637e-01
27382.0  3.900697e-01
27394.0  3.900752e-01
27406.0  3.903473e-01
27418.1  3.905066e-01
27430.1  3.904777e-01
27442.1  3.903554e-01
27454.1  3.899694e-01
27466.1  3.899429e-01
27478.1  3.899008e-01
27490.1  3.898513e-01
27502.1  3.897925e-01
27514.1  3.897078e-01
27526.1  3.893512e-01
27538.1  3.891146e-01
27550.2  3.890664e-01
27562.2  3.889276e-01
27574.2  3.885435e-01
27586.2  3.885205e-01
27598.2  3.888763e-01
27610.2  3.890014e-01
27622.2  3.886270e-01
27634.2  3.887036e-01
27646.2  3.887952e-01
27658.2  3.889096e-01
27670.3  3.885849e-01
27682.3  3.887494e-01
27694.3  3.889394e-01
27706.3  3.888393e-01
27718.3  3.888600e-01
27730.3  3.890733e-01
27742.3  3.893111e-01
27754.3  3.893681e-01
27766.3  3.893875e-01
27778.3  3.896805e-01
27790.4  3.904304e-01
27802.4  3.906484e-01
27814.4  3.906428e-01
27826.4  3.909964e-01
27838.4  3.913563e-01
27850.4  3.917116e-01
27862.4  3.916495e-01
27874.4  3.920369e-01
27886.4  3.924261e-01
27898.4  3.928118e-01
27910.4  3.927580e-01
27922.5  3.931693e-01
27934.5  3.935737e-01
27946.5  3.936594e-01
27958.5  3.938673e-01
27970.5  3.942203e-01
27982.5  3.946630e-01
27994.5  3.950942e-01
28006.5  3.950930e-01
28018.5  3.953030e-01
28030.5  3.954894e-01
28042.6  3.955319e-01
28054.6  3.953180e-01
28066.6  3.954303e-01
28078.6  3.955178e-01
28090.6  3.955551e-01
28102.6  3.951498e-01
28114.6  3.951640e-01
28126.6  3.951545e-01
28138.6  3.951208e-01
28150.6  3.945945e-01
28162.7  3.945137e-01
28174.7  3.944170e-01
28186.7  3.946013e-01
28198.7  3.942188e-01
28210.7  3.939758e-01
28222.7  3.937781e-01
28234.7  3.935725e-01
28246.7  3.933635e-01
28258.7  3.931515e-01
28270.7  3.929366e-01
28282.7  3.927227e-01
28294.8  3.925095e-01
28306.8  3.922802e-01
28318.8  3.920384e-01
28330.8  3.918076e-01
28342.8  3.915865e-01
28354.8  3.913812e-01
28366.8  3.908741e-01
28378.8  3.905534e-01
28390.8  3.904006e-01
28402.8  3.903943e-01
28414.9  3.906005e-01
28426.9  3.905102e-01
28438.9  3.904420e-01
28450.9  3.903921e-01
28462.9  3.903655e-01
28474.9  3.903610e-01
28486.9  3.903774e-01
28498.9  3.904106e-01
28510.9  3.902365e-01
28522.9  3.900596e-01
28535.0  3.899024e-01
28547.0  3.897629e-01
28559.0  3.896384e-01
28571.0  3.895267e-01
28583.0  3.894291e-01
28595.0  3.893445e-01
28607.0  3.890050e-01
28619.0  3.889027e-01
28631.0  3.889448e-01
28643.0  3.891281e-01
28655.0  3.894895e-01
28667.1  3.895483e-01
28679.1  3.896062e-01
28691.1  3.896657e-01
28703.1  3.897372e-01
28715.1  3.898440e-01
28727.1  3.899474e-01
28739.1  3.900464e-01
28751.1  3.901380e-01
28763.1  3.902253e-01
28775.1  3.903065e-01
28787.2  3.903798e-01
28799.2  3.904410e-01
28811.2  3.904877e-01
28823.2  3.905245e-01
28835.2  3.905497e-01
28847.2  3.905633e-01
28859.2  3.901344e-01
28871.2  3.900845e-01
28883.2  3.900556e-01
28895.2  3.900140e-01
28907.2  3.900208e-01
28919.3  3.900553e-01
28931.3  3.905143e-01
28943.3  3.905179e-01
28955.3  3.905042e-01
28967.3  3.904741e-01
28979.3  3.904271e-01
28991.3  3.903639e-01
29003.3  3.902568e-01
29015.3  3.900645e-01
29027.3  3.898530e-01
29039.4  3.896243e-01
29051.4  3.893767e-01
29063.4  3.891112e-01
29075.4  3.888269e-01
29087.4  3.885241e-01
29099.4  3.882023e-01
29111.4  3.874491e-01
29123.4  3.871443e-01
29135.4  3.868220e-01
29147.4  3.864816e-01
29159.5  3.861249e-01
29171.5  3.857523e-01
29183.5  3.853663e-01
29195.5  3.849686e-01
29207.5  3.844681e-01
29219.5  3.839030e-01
29231.5  3.833284e-01
29243.5  3.827461e-01
29255.5  3.821579e-01
29267.5  3.818897e-01
29279.5  3.813992e-01
29291.6  3.808007e-01
29303.6  3.801734e-01
29315.6  3.794773e-01
29327.6  3.787841e-01
29339.6  3.780964e-01
29351.6  3.774170e-01
29363.6  3.767466e-01
29375.6  3.758339e-01
29387.6  3.749904e-01
29399.6  3.743570e-01
29411.7  3.737979e-01
29423.7  3.732575e-01
29435.7  3.729883e-01
29447.7  3.726772e-01
29459.7  3.721923e-01
29471.7  3.717289e-01
29483.7  3.712867e-01
29495.7  3.708654e-01
29507.7  3.706754e-01
29519.7  3.702479e-01
29531.8  3.697554e-01
29543.8  3.692836e-01
29555.8  3.688326e-01
29567.8  3.684029e-01
29579.8  3.679923e-01
29591.8  3.676010e-01
29603.8  3.672262e-01
29615.8  3.668654e-01
29627.8  3.665205e-01
29639.8  3.661902e-01
29651.8  3.658735e-01
29663.9  3.655660e-01
29675.9  3.652673e-01
29687.9  3.649767e-01
29699.9  3.646921e-01
29711.9  3.644442e-01
29723.9  3.641995e-01
29735.9  3.639552e-01
29747.9  3.637122e-01
29759.9  3.643080e-01
29771.9  3.640691e-01
29784.0  3.638211e-01
29796.0  3.635697e-01
29808.0  3.631909e-01
29820.0  3.627452e-01
29832.0  3.622939e-01
29844.0  3.618357e-01
29856.0  3.613686e-01
29868.0  3.608950e-01
29880.0  3.604148e-01
29892.0  3.602987e-01
29904.1  3.598511e-01
29916.1  3.594952e-01
29928.1  3.591317e-01
29940.1  3.587639e-01
29952.1  3.583903e-01
29964.1  3.580122e-01
29976.1  3.576305e-01
29988.1  3.572488e-01
30000.1  3.568632e-01
30012.1  3.563198e-01
30024.1  3.559890e-01
30036.2  3.553695e-01
30048.2  3.547522e-01
30060.2  3.541466e-01
30072.2  3.539521e-01
30084.2  3.533458e-01
30096.2  3.527448e-01
30108.2  3.523136e-01
30120.2  3.519643e-01
30132.2  3.516188e-01
30144.2  3.512802e-01
30156.3  3.509452e-01
30168.3  3.506143e-01
30180.3  3.502857e-01
30192.3  3.499603e-01
30204.3  3.495820e-01
30216.3  3.491070e-01
30228.3  3.486295e-01
30240.3  3.481503e-01
30252.3  3.476652e-01
30264.3  3.471756e-01
30276.4  3.466786e-01
30288.4  3.461731e-01
30300.4  3.456661e-01
30312.4  3.454461e-01
30324.4  3.452147e-01
30336.4  3.449690e-01
30348.4  3.447084e-01
30360.4  3.444468e-01
30372.4  3.445442e-01
30384.4  3.442279e-01
30396.4  3.438932e-01
30408.5  3.436863e-01
30420.5  3.435214e-01
30432.5  3.433329e-01
30444.5  3.431246e-01
30456.5  3.428950e-01
30468.5  3.426459e-01
30480.5  3.423949e-01
30492.5  3.424432e-01
30504.5  3.420947e-01
30516.5  3.416580e-01
30528.6  3.412096e-01
30540.6  3.407494e-01
30552.6  3.402824e-01
30564.6  3.398075e-01
30576.6  3.393300e-01
30588.6  3.388504e-01
30600.6  3.383925e-01
30612.6  3.382837e-01
30624.6  3.381836e-01
30636.6  3.380936e-01
30648.7  3.380171e-01
30660.7  3.383600e-01
30672.7  3.383190e-01
30684.7  3.384780e-01
30696.7  3.386837e-01
30708.7  3.385623e-01
30720.7  3.384094e-01
30732.7  3.382878e-01
30744.7  3.381944e-01
30756.7  3.381323e-01
30768.7  3.380995e-01
30780.8  3.380984e-01
30792.8  3.381275e-01
30804.8  3.383076e-01
30816.8  3.387008e-01
30828.8  3.391145e-01
30840.8  3.395486e-01
30852.8  3.399960e-01
30864.8  3.404542e-01
30876.8  3.409128e-01
30888.8  3.413661e-01
30900.9  3.418087e-01
30912.9  3.423162e-01
30924.9  3.427877e-01
30936.9  3.434905e-01
30948.9  3.439755e-01
30960.9  3.442516e-01
30972.9  3.444318e-01
30984.9  3.444924e-01
30996.9  3.444184e-01
31008.9  3.440639e-01
31021.0  3.434831e-01
31033.0  3.426920e-01
31045.0  3.416685e-01
31057.0  3.403829e-01
31069.0  3.388028e-01
31081.0  3.369062e-01
31093.0  3.346653e-01
31105.0  3.320904e-01
31117.0  3.291735e-01
31129.0  3.258354e-01
31141.0  3.220474e-01
31153.1  3.177918e-01
31165.1  3.130609e-01
31177.1  3.078461e-01
31189.1  3.021342e-01
31201.1  2.959945e-01
31213.1  2.898443e-01
31225.1  2.829065e-01
31237.1  2.755173e-01
31249.1  2.677109e-01
31261.1  2.595245e-01
31273.2  2.509925e-01
31285.2  2.421683e-01
31297.2  2.331068e-01
31309.2  2.238037e-01
31321.2  2.143589e-01
31333.2  2.048533e-01
31345.2  1.953446e-01
31357.2  1.858843e-01
31369.2  1.765274e-01
31381.2  1.673261e-01
31393.2  1.583207e-01
31405.3  1.495711e-01
31417.3  1.411148e-01
31429.3  1.329519e-01
31441.3  1.251016e-01
31453.3  1.175814e-01
31465.3  1.104053e-01
31477.3  1.036684e-01
31489.3  9.721939e-02
31501.3  9.108640e-02
31513.3  8.529949e-02
31525.4  7.985132e-02
31537.4  7.473391e-02
31549.4  6.993538e-02
31561.4  6.544171e-02
31573.4  6.124027e-02
31585.4  5.731590e-02
31597.4  5.365682e-02
31609.4  5.024104e-02
31621.4  4.705920e-02
31633.4  4.409671e-02
31645.5  4.133971e-02
31657.5  3.877684e-02
31669.5  3.639309e-02
31681.5  3.417753e-02
31693.5  3.211641e-02
31705.5  3.020832e-02
31717.5  2.844228e-02
31729.5  2.682960e-02
31741.5  2.530101e-02
31753.5  2.387506e-02
31765.5  2.254828e-02
31777.6  2.131178e-02
31789.6  2.015971e-02
31801.6  1.908419e-02
31813.6  1.807577e-02
31825.6  1.713519e-02
31837.6  1.625607e-02
31849.6  1.543589e-02
31861.6  1.466821e-02
31873.6  1.395018e-02
31885.6  1.327790e-02
31897.7  1.264774e-02
31909.7  1.205816e-02
31921.7  1.150423e-02
31933.7  1.098490e-02
31945.7  1.049602e-02
31957.7  1.003637e-02
31969.7  9.603785e-03
31981.7  9.206226e-03
31993.7  8.820657e-03
32005.7  8.454126e-03
32017.8  8.107599e-03
32029.8  7.779296e-03
32041.8  7.468256e-03
32053.8  7.173764e-03
32065.8  6.893187e-03
32077.8  6.627166e-03
32089.8  6.373555e-03
32101.8  6.132971e-03
32113.8  5.902820e-03
32125.8  5.678243e-03
32137.8  5.465356e-03
32149.9  5.263230e-03
32161.9  5.070156e-03
32173.9  4.884062e-03
32185.9  4.705128e-03
32197.9  4.533399e-03
32209.9  4.368622e-03
32221.9  4.215726e-03
32233.9  4.061780e-03
32245.9  3.913135e-03
32257.9  3.769177e-03
32270.0  3.629851e-03
32282.0  3.495502e-03
32294.0  3.364096e-03
32306.0  3.236561e-03
32318.0  3.111659e-03
32330.0  2.990805e-03
32342.0  2.873950e-03
32354.0  2.759620e-03
32366.0  2.648914e-03
32378.0  2.540421e-03
32390.1  2.435377e-03
32402.1  2.333156e-03
32414.1  2.233349e-03
32426.1  2.136938e-03
32438.1  2.042041e-03
32450.1  1.952994e-03
32462.1  1.864780e-03
32474.1  1.779790e-03
32486.1  1.698028e-03
32498.1  1.617892e-03
32510.1  1.541132e-03
32522.2  1.466917e-03
32534.2  1.396410e-03
32546.2  1.329220e-03
32558.2  1.263746e-03
32570.2  1.201300e-03
32582.2  1.140801e-03
32594.2  1.083206e-03
32606.2  1.028337e-03
32618.2  9.753266e-04
32630.2  9.247760e-04
32642.3  8.752583e-04
32654.3  8.281350e-04
32666.3  7.831761e-04
32678.3  7.407440e-04
32690.3  7.005484e-04
32702.3  6.616513e-04
32714.3  6.249565e-04
32726.3  5.901825e-04
32738.3  5.571740e-04
32750.3  5.266597e-04
32762.4  4.972502e-04
32774.4  4.700243e-04
32786.4  4.441243e-04
32798.4  4.191854e-04
32810.4  3.963814e-04
32822.4  3.743978e-04
32834.4  3.542344e-04
32846.4  3.353409e-04
32858.4  3.179891e-04
32870.4  3.025455e-04
32882.4  2.874884e-04
32894.5  2.741831e-04
32906.5  2.614689e-04
32918.5  2.492405e-04
32930.5  2.380476e-04
32942.5  2.265759e-04
32954.5  2.157297e-04
32966.5  2.052537e-04
32978.5  1.952261e-04
32990.5  1.859842e-04
33002.5  1.766286e-04
33014.6  1.681681e-04
33026.6  1.601216e-04
33038.6  1.523776e-04
33050.6  1.459007e-04
33062.6  1.393770e-04
33074.6  1.335573e-04
33086.6  1.280917e-04
33098.6  1.228665e-04
33110.6  1.182700e-04
33122.6  1.135479e-04
33134.7  1.094503e-04
33146.7  1.057721e-04
33158.7  1.022386e-04
33170.7  9.978860e-05
33182.7  9.744198e-05
33194.7  9.524127e-05
33206.7  9.314609e-05
33218.7  9.126013e-05
33230.7  9.049624e-05
33242.7  8.890571e-05
33254.7  8.665762e-05
33266.8  8.448881e-05
33278.8  8.216524e-05
33290.8  8.038188e-05
33302.8  7.848796e-05
33314.8  7.604517e-05
33326.8  7.354104e-05
33338.8  7.110632e-05
33350.8  6.938223e-05
33362.8  6.736390e-05
33374.8  6.525500e-05
33386.9  6.361174e-05
33398.9  6.189115e-05
33410.9  6.063843e-05
33422.9  5.939791e-05
33434.9  5.742316e-05
33446.9  5.584756e-05
33458.9  5.444883e-05
33470.9  5.297986e-05
33482.9  5.142732e-05
33494.9  4.967328e-05
33506.9  4.829907e-05
33519.0  4.702647e-05
33531.0  4.600302e-05
33543.0  4.515620e-05
33555.0  4.394727e-05
33567.0  4.273332e-05
33579.0  4.149134e-05
33591.0  4.021101e-05
33603.0  3.922615e-05
33615.0  3.834589e-05
33627.0  3.775353e-05
33639.1  3.739247e-05
33651.1  3.686958e-05
33663.1  3.677395e-05
33675.1  3.722069e-05
33687.1  3.762525e-05
33699.1  3.783857e-05
33711.1  3.768554e-05
33723.1  3.735269e-05
33735.1  3.722943e-05
33747.1  3.755518e-05
33759.2  3.801097e-05
33771.2  3.796585e-05
33783.2  3.786477e-05
33795.2  3.843481e-05
33807.2  3.948552e-05
33819.2  4.043677e-05
33831.2  4.070791e-05
33843.2  4.043479e-05
33855.2  4.026393e-05
33867.2  4.032822e-05
33879.2  4.086584e-05
33891.3  4.136219e-05
33903.3  4.110675e-05
33915.3  4.046451e-05
33927.3  4.056303e-05
33939.3  4.117292e-05
33951.3  4.191508e-05
33963.3  4.242797e-05
33975.3  4.279688e-05
33987.3  4.328629e-05
33999.3  4.423982e-05
34011.4  4.564910e-05
34023.4  4.666032e-05
34035.4  4.721761e-05
34047.4  4.781573e-05
34059.4  4.883755e-05
34071.4  4.973519e-05
34083.4  5.049065e-05
34095.4  5.172328e-05
34107.4  5.331313e-05
34119.4  5.541315e-05
34131.5  5.776160e-05
34143.5  5.962740e-05
34155.5  6.093680e-05
34167.5  6.221512e-05
34179.5  6.339887e-05
34191.5  6.443674e-05
34203.5  6.528020e-05
34215.5  6.582801e-05
34227.5  6.644741e-05
34239.5  6.747682e-05
34251.5  6.908004e-05
34263.6  7.032810e-05
34275.6  7.097912e-05
34287.6  7.164217e-05
34299.6  7.230363e-05
34311.6  7.367399e-05
34323.6  7.548340e-05
34335.6  7.636439e-05
34347.6  7.677148e-05
34359.6  7.766796e-05
34371.6  7.838964e-05
34383.7  7.899671e-05
34395.7  7.947540e-05
34407.7  7.891066e-05
34419.7  7.842600e-05
34431.7  7.861183e-05
34443.7  7.900122e-05
34455.7  7.932627e-05
34467.7  7.968344e-05
34479.7  8.063311e-05
34491.7  8.186974e-05
34503.8  8.241965e-05
34515.8  8.274404e-05
34527.8  8.236549e-05
34539.8  8.165688e-05
34551.8  8.162452e-05
34563.8  8.146222e-05
34575.8  8.080851e-05
34587.8  8.033776e-05
34599.8  7.979314e-05
34611.8  7.947808e-05
34623.8  7.986162e-05
34635.9  8.011134e-05
34647.9  8.050144e-05
34659.9  8.093443e-05
34671.9  8.071852e-05
34683.9  8.052128e-05
34695.9  8.026472e-05
34707.9  7.980716e-05
34719.9  7.981360e-05
34731.9  7.958479e-05
34743.9  7.884209e-05
34756.0  7.799254e-05
34768.0  7.690366e-05
34780.0  7.614081e-05
34792.0  7.589925e-05
34804.0  7.556304e-05
34816.0  7.528493e-05
34828.0  7.491362e-05
34840.0  7.467443e-05
34852.0  7.519982e-05
34864.0  7.526976e-05
34876.1  7.477629e-05
34888.1  7.432234e-05
34900.1  7.310582e-05
34912.1  7.208483e-05
34924.1  7.162937e-05
34936.1  7.035548e-05
34948.1  6.926193e-05
34960.1  6.894394e-05
34972.1  6.844068e-05
34984.1  6.854727e-05
34996.1  6.867186e-05
35008.2  6.760600e-05
35020.2  6.701222e-05
35032.2  6.667272e-05
35044.2  6.570995e-05
35056.2  6.534195e-05
35068.2  6.488721e-05
35080.2  6.453833e-05
35092.2  6.570250e-05
35104.2  6.679302e-05
35116.2  6.707286e-05
35128.3  6.756372e-05
35140.3  6.737040e-05
35152.3  6.688209e-05
35164.3  6.683658e-05
35176.3  6.558400e-05
35188.3  6.357011e-05
35200.3  6.220529e-05
35212.3  6.085072e-05
35224.3  5.985916e-05
35236.3  5.932726e-05
35248.4  5.863357e-05
35260.4  5.852633e-05
35272.4  5.865668e-05
35284.4  5.834317e-05
35296.4  5.824054e-05
35308.4  5.778345e-05
35320.4  5.689945e-05
35332.4  5.671883e-05
35344.4  5.631435e-05
35356.4  5.522594e-05
35368.4  5.426869e-05
35380.5  5.300627e-05
35392.5  5.212859e-05
35404.5  5.249198e-05
35416.5  5.253653e-05
35428.5  5.243471e-05
35440.5  5.288249e-05
35452.5  5.305708e-05
35464.5  5.381575e-05
35476.5  5.514073e-05
35488.5  5.524387e-05
35500.6  5.499887e-05
35512.6  5.498941e-05
35524.6  5.416377e-05
35536.6  5.357126e-05
35548.6  5.339250e-05
35560.6  5.279562e-05
35572.6  5.315589e-05
35584.6  5.364156e-05
35596.6  5.298497e-05
35608.6  5.308948e-05
35620.6  5.376141e-05
35632.7  5.409012e-05
35644.7  5.480227e-05
35656.7  5.473369e-05
35668.7  5.387148e-05
35680.7  5.442352e-05
35692.7  5.564499e-05
35704.7  5.639077e-05
35716.7  5.748055e-05
35728.7  5.785865e-05
35740.7  5.793953e-05
35752.8  5.900322e-05
35764.8  5.934190e-05
35776.8  5.886073e-05
35788.8  5.878072e-05
35800.8  5.815907e-05
35812.8  5.723242e-05
35824.8  5.684937e-05
35836.8  5.586829e-05
35848.8  5.487140e-05
35860.8  5.486210e-05
35872.9  5.455367e-05
35884.9  5.395572e-05
35896.9  5.381000e-05
35908.9  5.301685e-05
35920.9  5.219569e-05
35932.9  5.242017e-05
35944.9  5.216571e-05
35956.9  5.172267e-05
35968.9  5.213408e-05
35980.9  5.170708e-05
35992.9  5.115728e-05
36005.0  5.193800e-05
36017.0  5.214007e-05
36029.0  5.184353e-05
36041.0  5.208719e-05
36053.0  5.141668e-05
36065.0  5.048842e-05
36077.0  5.073421e-05
36089.0  5.043872e-05
36101.0  4.937234e-05
36113.0  4.883294e-05
36125.1  4.777859e-05
36137.1  4.689464e-05
36149.1  4.741524e-05
36161.1  4.766967e-05
36173.1  4.763487e-05
36185.1  4.839407e-05
36197.1  4.871088e-05
36209.1  4.882890e-05
36221.1  4.982258e-05
36233.1  5.000687e-05
36245.2  4.955789e-05
36257.2  4.997203e-05
36269.2  4.965868e-05
36281.2  4.904634e-05
36293.2  4.971549e-05
36305.2  5.036310e-05
36317.2  5.042627e-05
36329.2  5.116602e-05
36341.2  5.140967e-05
36353.2  5.067907e-05
36365.2  5.112874e-05
36377.3  5.175311e-05
36389.3  5.173888e-05
36401.3  5.272197e-05
36413.3  5.393994e-05
36425.3  5.472879e-05
36437.3  5.663990e-05
36449.3  5.851356e-05
36461.3  5.946949e-05
36473.3  6.127711e-05
36485.3  6.303057e-05
36497.4  6.365901e-05
36509.4  6.461233e-05
36521.4  6.603647e-05
36533.4  6.667128e-05
36545.4  6.774830e-05
36557.4  6.926187e-05
36569.4  6.918435e-05
36581.4  6.910012e-05
36593.4  6.993559e-05
36605.4  7.005166e-05
36617.5  7.044797e-05
36629.5  7.158660e-05
36641.5  7.139268e-05
36653.5  7.082541e-05
36665.5  7.091935e-05
36677.5  7.047536e-05
36689.5  6.942434e-05
36701.5  6.883050e-05
36713.5  6.762199e-05
36725.5  6.603964e-05
36737.5  6.627823e-05
36749.6  6.672000e-05
36761.6  6.640184e-05
36773.6  6.698559e-05
36785.6  6.758691e-05
36797.6  6.765830e-05
36809.6  6.816991e-05
36821.6  6.819832e-05
36833.6  6.724155e-05
36845.6  6.676666e-05
36857.6  6.677042e-05
36869.7  6.559008e-05
36881.7  6.430449e-05
36893.7  6.375295e-05
36905.7  6.258498e-05
36917.7  6.194574e-05
36929.7  6.208271e-05
36941.7  6.138875e-05
36953.7  6.091105e-05
36965.7  6.148857e-05
36977.7  6.203249e-05
36989.8  6.245786e-05
37001.8  6.381858e-05
37013.8  6.496945e-05
37025.8  6.511204e-05
37037.8  6.595004e-05
37049.8  6.623065e-05
37061.8  6.548212e-05
37073.8  6.565256e-05
37085.8  6.561314e-05
37097.8  6.428676e-05
37109.8  6.295426e-05
37121.9  6.246691e-05
37133.9  6.192667e-05
37145.9  6.190372e-05
37157.9  6.271763e-05
37169.9  6.193704e-05
37181.9  6.078818e-05
37193.9  6.069985e-05
37205.9  5.977642e-05
37217.9  5.798181e-05
37229.9  5.653801e-05
37242.0  5.548093e-05
37254.0  5.436522e-05
37266.0  5.434786e-05
37278.0  5.472740e-05
37290.0  5.392181e-05
37302.0  5.408167e-05
37314.0  5.476323e-05
37326.0  5.445174e-05
37338.0  5.380699e-05
37350.0  5.342747e-05
37362.1  5.280585e-05
37374.1  5.206006e-05
37386.1  5.277544e-05
37398.1  5.327256e-05
37410.1  5.307762e-05
37422.1  5.366689e-05
37434.1  5.406025e-05
37446.1  5.398345e-05
37458.1  5.424999e-05
37470.1  5.457172e-05
37482.1  5.344994e-05
37494.2  5.183760e-05
37506.2  5.134374e-05
37518.2  5.052654e-05
37530.2  5.037017e-05
37542.2  5.103184e-05
37554.2  5.113590e-05
37566.2  5.074304e-05
37578.2  5.114887e-05
37590.2  5.218839e-05
37602.2  5.229987e-05
37614.3  5.281954e-05
37626.3  5.274147e-05
37638.3  5.100310e-05
37650.3  4.945709e-05
37662.3  4.891739e-05
37674.3  4.869356e-05
37686.3  4.827415e-05
37698.3  4.854520e-05
37710.3  4.785251e-05
37722.3  4.653481e-05
37734.3  4.689884e-05
37746.4  4.792745e-05
37758.4  4.842873e-05
37770.4  4.854671e-05
37782.4  4.881079e-05
37794.4  4.839259e-05
37806.4  4.836219e-05
37818.4  4.927005e-05
37830.4  4.903112e-05
37842.4  4.807217e-05
37854.4  4.736209e-05
37866.5  4.670796e-05
37878.5  4.516750e-05
37890.5  4.421727e-05
37902.5  4.400073e-05
37914.5  4.310732e-05
37926.5  4.284984e-05
37938.5  4.312346e-05
37950.5  4.300196e-05
37962.5  4.238119e-05
37974.5  4.295454e-05
37986.6  4.340811e-05
37998.6  4.242636e-05
38010.6  4.203520e-05
38022.6  4.193222e-05
38034.6  4.153844e-05
38046.6  4.117371e-05
38058.6  4.169143e-05
38070.6  4.112479e-05
38082.6  3.987816e-05
38094.6  3.998836e-05
38106.6  4.019196e-05
38118.7  3.985579e-05
38130.7  3.954888e-05
38142.7  4.002677e-05
38154.7  3.947922e-05
38166.7  3.922365e-05
38178.7  3.996797e-05
38190.7  4.005773e-05
38202.7  3.945196e-05
38214.7  3.909867e-05
38226.7  3.934564e-05
38238.8  3.849329e-05
38250.8  3.860177e-05
38262.8  3.952231e-05
38274.8  3.999293e-05
38286.8  4.018021e-05
38298.8  4.094633e-05
38310.8  4.184701e-05
38322.8  4.158273e-05
38334.8  4.210691e-05
38346.8  4.258150e-05
38358.9  4.229797e-05
38370.9  4.183348e-05
38382.9  4.241204e-05
38394.9  4.271348e-05
38406.9  4.207925e-05
38418.9  4.206044e-05
38430.9  4.191485e-05
38442.9  4.141789e-05
38454.9  4.117964e-05
38466.9  4.192480e-05
38478.9  4.163221e-05
38491.0  4.126274e-05
38503.0  4.189495e-05
38515.0  4.278171e-05
38527.0  4.314005e-05
38539.0  4.370651e-05
38551.0  4.491710e-05
38563.0  4.527698e-05
38575.0  4.618891e-05
38587.0  4.778724e-05
38599.0  4.929613e-05
38611.1  4.966780e-05
38623.1  5.063057e-05
38635.1  5.170731e-05
38647.1  5.158617e-05
38659.1  5.112277e-05
38671.1  5.085663e-05
38683.1  5.048996e-05
38695.1  4.956026e-05
38707.1  4.971300e-05
38719.1  4.954285e-05
38731.2  4.850342e-05
38743.2  4.738002e-05
38755.2  4.753909e-05
38767.2  4.754919e-05
38779.2  4.697667e-05
38791.2  4.679332e-05
38803.2  4.643344e-05
38815.2  4.548147e-05
38827.2  4.464782e-05
38839.2  4.482334e-05
38851.2  4.401667e-05
38863.3  4.278752e-05
38875.3  4.188143e-05
38887.3  4.144920e-05
38899.3  4.010034e-05
38911.3  3.905925e-05
38923.3  3.852077e-05
38935.3  3.718481e-05
38947.3  3.536067e-05
38959.3  3.400025e-05
38971.3  3.305436e-05
38983.4  3.123324e-05
38995.4  3.002547e-05
39007.4  2.948190e-05
39019.4  2.919219e-05
39031.4  2.853521e-05
39043.4  2.863387e-05
39055.4  2.878606e-05
39067.4  2.845394e-05
39079.4  2.827316e-05
39091.4  2.860043e-05
39103.5  2.851851e-05
39115.5  2.793127e-05
39127.5  2.797077e-05
39139.5  2.828870e-05
39151.5  2.794636e-05
39163.5  2.722382e-05
39175.5  2.719569e-05
39187.5  2.708281e-05
39199.5  2.667304e-05
39211.5  2.611200e-05
39223.5  2.569153e-05
39235.6  2.439040e-05
39247.6  2.330663e-05
39259.6  2.260964e-05
39271.6  2.196543e-05
39283.6  2.044893e-05
39295.6  1.938776e-05
39307.6  1.904368e-05
39319.6  1.864142e-05
39331.6  1.854668e-05
39343.6  1.930550e-05
39355.7  2.075441e-05
39367.7  2.168883e-05
39379.7  2.308755e-05
39391.7  2.462030e-05
39403.7  2.561272e-05
39415.7  2.580738e-05
39427.7  2.591239e-05
39439.7  2.584066e-05
39451.7  2.482394e-05
39463.7  2.329347e-05
39475.8  2.258169e-05
39487.8  2.193258e-05
39499.8  2.116600e-05
39511.8  2.091865e-05
39523.8  2.142616e-05
39535.8  2.147162e-05
39547.8  2.143434e-05
39559.8  2.186106e-05
39571.8  2.203289e-05
39583.8  2.161145e-05
39595.8  2.134144e-05
39607.9  2.139917e-05
39619.9  2.108468e-05
39631.9  2.062537e-05
39643.9  2.058886e-05
39655.9  2.070654e-05
39667.9  2.046013e-05
39679.9  2.050406e-05
39691.9  2.152083e-05
39703.9  2.271090e-05
39715.9  2.302831e-05
39728.0  2.328530e-05
39740.0  2.350696e-05
39752.0  2.366410e-05
39764.0  2.355738e-05
39776.0  2.368296e-05
39788.0  2.333081e-05
39800.0  2.240751e-05
39812.0  2.168634e-05
39824.0  2.137340e-05
39836.0  2.094695e-05
39848.0  2.015602e-05
39860.1  1.943113e-05
39872.1  1.912592e-05
39884.1  1.859443e-05
39896.1  1.802969e-05
39908.1  1.772420e-05
39920.1  1.775898e-05
39932.1  1.731142e-05
39944.1  1.706474e-05
39956.1  1.717626e-05
39968.1  1.719785e-05
39980.2  1.662687e-05
39992.2  1.627743e-05
40004.2  1.634475e-05
40016.2  1.627992e-05
40028.2  1.641512e-05
40040.2  1.687784e-05
40052.2  1.741229e-05
40064.2  1.736196e-05
40076.2  1.721594e-05
40088.2  1.755060e-05
40100.3  1.810808e-05
40112.3  1.844010e-05
40124.3  1.894499e-05
40136.3  1.983889e-05
40148.3  2.074769e-05
40160.3  2.142131e-05
40172.3  2.217250e-05
40184.3  2.261210e-05
40196.3  2.237942e-05
40208.3  2.165242e-05
40220.3  2.096516e-05
40232.4  2.016970e-05
40244.4  1.882891e-05
40256.4  1.738510e-05
40268.4  1.642333e-05
40280.4  1.603373e-05
40292.4  1.581217e-05
40304.4  1.580777e-05
40316.4  1.599935e-05
40328.4  1.597079e-05
40340.4  1.599564e-05
40352.5  1.639422e-05
40364.5  1.694333e-05
40376.5  1.705586e-05
40388.5  1.690939e-05
40400.5  1.720823e-05
40412.5  1.780375e-05
40424.5  1.820414e-05
40436.5  1.828720e-05
40448.5  1.853766e-05
40460.5  1.885745e-05
40472.6  1.896899e-05
40484.6  1.902214e-05
40496.6  1.902243e-05
40508.6  1.890211e-05
40520.6  1.876771e-05
40532.6  1.903954e-05
40544.6  1.960390e-05
40556.6  2.002836e-05
40568.6  2.018444e-05
40580.6  2.034303e-05
40592.6  2.041459e-05
40604.7  2.017029e-05
40616.7  1.972851e-05
40628.7  1.937140e-05
40640.7  1.898370e-05
40652.7  1.825581e-05
40664.7  1.741808e-05
40676.7  1.674321e-05
40688.7  1.617166e-05
40700.7  1.555630e-05
40712.7  1.510444e-05
40724.8  1.504222e-05
40736.8  1.515151e-05
40748.8  1.527429e-05
40760.8  1.557191e-05
40772.8  1.612082e-05
40784.8  1.655711e-05
40796.8  1.663705e-05
40808.8  1.647897e-05
40820.8  1.619390e-05
40832.8  1.555089e-05
40844.9  1.470970e-05
40856.9  1.394504e-05
40868.9  1.347102e-05
40880.9  1.299563e-05
40892.9  1.251053e-05
40904.9  1.207192e-05
40916.9  1.182126e-05
40928.9  1.171250e-05
40940.9  1.197042e-05
40952.9  1.235999e-05
40964.9  1.285101e-05
40977.0  1.332350e-05
40989.0  1.420218e-05
41001.0  1.516564e-05
41013.0  1.588362e-05
41025.0  1.571393e-05
41037.0  1.528733e-05
41049.0  1.482526e-05
41061.0  1.463066e-05
41073.0  1.432917e-05
41085.0  1.406325e-05
41097.1  1.386886e-05
41109.1  1.381520e-05
41121.1  1.383683e-05
41133.1  1.386179e-05
41145.1  1.379096e-05
41157.1  1.342006e-05
41169.1  1.314851e-05
41181.1  1.302336e-05
41193.1  1.332485e-05
41205.1  1.374032e-05
41217.2  1.460728e-05
41229.2  1.570566e-05
41241.2  1.717174e-05
41253.2  1.836063e-05
41265.2  1.921281e-05
41277.2  1.967134e-05
41289.2  1.988860e-05
41301.2  1.956726e-05
41313.2  1.895228e-05
41325.2  1.813274e-05
41337.2  1.755838e-05
41349.3  1.697582e-05
41361.3  1.631324e-05
41373.3  1.545119e-05
41385.3  1.472716e-05
41397.3  1.432238e-05
41409.3  1.420521e-05
41421.3  1.434255e-05
41433.3  1.429442e-05
41445.3  1.427499e-05
41457.3  1.423755e-05
41469.4  1.464536e-05
41481.4  1.501820e-05
41493.4  1.542055e-05
41505.4  1.540406e-05
41517.4  1.533945e-05
41529.4  1.515571e-05
41541.4  1.519133e-05
41553.4  1.501140e-05
41565.4  1.465196e-05
41577.4  1.403416e-05
41589.5  1.343948e-05
41601.5  1.286837e-05
41613.5  1.233855e-05
41625.5  1.176886e-05
41637.5  1.105949e-05
41649.5  1.056301e-05
41661.5  1.014566e-05
41673.5  9.963928e-06
41685.5  9.663263e-06
41697.5  9.667323e-06
41709.5  9.597464e-06
41721.6  9.725600e-06
41733.6  9.692768e-06
41745.6  9.556670e-06
41757.6  9.462864e-06
41769.6  9.472088e-06
41781.6  9.512861e-06
41793.6  9.578365e-06
41805.6  9.583413e-06
41817.6  9.592924e-06
41829.6  9.985190e-06
41841.7  1.070002e-05
41853.7  1.150609e-05
41865.7  1.217755e-05
41877.7  1.299528e-05
41889.7  1.348039e-05
41901.7  1.392031e-05
41913.7  1.397196e-05
41925.7  1.380898e-05
41937.7  1.324771e-05
41949.7  1.249867e-05
41961.7  1.161964e-05
41973.8  1.088219e-05
41985.8  1.066138e-05
41997.8  1.062039e-05
42009.8  1.084688e-05
42021.8  1.102225e-05
42033.8  1.156101e-05
42045.8  1.182001e-05
42057.8  1.202436e-05
42069.8  1.169373e-05
42081.8  1.102893e-05
42093.9  1.005390e-05
42105.9  9.081690e-06
42117.9  8.608048e-06
42129.9  8.471556e-06
42141.9  8.681196e-06
42153.9  8.997949e-06
42165.9  1.006662e-05
42177.9  1.135786e-05
42189.9  1.275939e-05
42201.9  1.360157e-05
42214.0  1.394353e-05
42226.0  1.383466e-05
42238.0  1.353959e-05
42250.0  1.298878e-05
42262.0  1.212304e-05
42274.0  1.166521e-05
42286.0  1.132814e-05
42298.0  1.139550e-05
42310.0  1.159873e-05
42322.0  1.243067e-05
42334.0  1.289083e-05
42346.1  1.304856e-05
42358.1  1.273772e-05
42370.1  1.230471e-05
42382.1  1.194629e-05
42394.1  1.145672e-05
42406.1  1.108833e-05
42418.1  1.071205e-05
42430.1  1.086125e-05
42442.1  1.104595e-05
42454.1  1.127123e-05
42466.2  1.102514e-05
42478.2  1.063307e-05
42490.2  9.913607e-06
42502.2  8.856782e-06
42514.2  7.752474e-06
42526.2  7.090764e-06
42538.2  6.810312e-06
42550.2  6.546219e-06
42562.2  6.695713e-06
42574.2  7.261029e-06
42586.3  7.986910e-06
42598.3  8.253069e-06
42610.3  8.484309e-06
42622.3  8.789555e-06
42634.3  9.186628e-06
42646.3  9.711487e-06
42658.3  1.028683e-05
42670.3  1.130375e-05
42682.3  1.209889e-05
42694.3  1.275669e-05
42706.3  1.269889e-05
42718.4  1.242578e-05
42730.4  1.192601e-05
42742.4  1.115739e-05
42754.4  1.025411e-05
42766.4  9.061094e-06
42778.4  8.687447e-06
42790.4  8.540628e-06
42802.4  8.801610e-06
42814.4  9.142100e-06
42826.4  9.946460e-06
42838.5  1.074114e-05
42850.5  1.123317e-05
42862.5  1.163347e-05
42874.5  1.194713e-05
42886.5  1.263436e-05
42898.5  1.291112e-05
42910.5  1.276796e-05
42922.5  1.208505e-05
42934.5  1.147855e-05
42946.5  1.088800e-05
42958.6  1.009694e-05
42970.6  9.631166e-06
42982.6  9.011485e-06
42994.6  8.434865e-06
43006.6  7.645560e-06
43018.6  7.408059e-06
43030.6  7.583789e-06
43042.6  7.949150e-06
43054.6  8.029166e-06
43066.6  7.479021e-06
43078.6  7.329595e-06
43090.7  7.458797e-06
43102.7  8.071862e-06
43114.7  8.417854e-06
43126.7  8.709642e-06
43138.7  8.967848e-06
43150.7  9.132465e-06
43162.7  9.096361e-06
43174.7  8.776614e-06
43186.7  8.887211e-06
43198.7  8.726364e-06
43210.8  8.513336e-06
43222.8  8.229421e-06
43234.8  8.065037e-06
43246.8  8.254783e-06
43258.8  8.249228e-06
43270.8  8.430793e-06
43282.8  8.573108e-06
43294.8  9.209532e-06
43306.8  9.164528e-06
43318.8  8.944518e-06
43330.9  8.874317e-06
43342.9  8.964169e-06
43354.9  9.252123e-06
43366.9  8.954934e-06
43378.9  8.540514e-06
43390.9  7.994704e-06
43402.9  8.174463e-06
43414.9  8.118662e-06
43426.9  7.702829e-06
43438.9  7.428005e-06
43450.9  7.314102e-06
43463.0  7.384659e-06
43475.0  7.303444e-06
43487.0  7.360151e-06
43499.0  7.587818e-06
43511.0  8.027833e-06
43523.0  8.333150e-06
43535.0  8.431553e-06
43547.0  8.980538e-06
43559.0  9.798746e-06
43571.0  1.060604e-05
43583.1  1.136177e-05
43595.1  1.216796e-05
43607.1  1.317881e-05
43619.1  1.379305e-05
43631.1  1.401523e-05
43643.1  1.380791e-05
43655.1  1.379756e-05
43667.1  1.364567e-05
43679.1  1.300893e-05
43691.1  1.191703e-05
43703.2  1.057461e-05
43715.2  9.900473e-06
43727.2  9.167646e-06
43739.2  8.463666e-06
43751.2  7.856887e-06
43763.2  7.754813e-06
43775.2  8.120416e-06
43787.2  8.494267e-06
43799.2  8.866468e-06
43811.2  9.387671e-06
43823.2  1.011364e-05
43835.3  1.017750e-05
43847.3  9.800552e-06
43859.3  9.439696e-06
43871.3  9.144632e-06
43883.3  9.135738e-06
43895.3  9.119274e-06
43907.3  8.962580e-06
43919.3  9.309327e-06
43931.3  1.025308e-05
43943.3  1.109820e-05
43955.4  1.132710e-05
43967.4  1.163168e-05
43979.4  1.238659e-05
43991.4  1.334774e-05
44003.4  1.419336e-05
44015.4  1.456525e-05
44027.4  1.502479e-05
44039.4  1.493795e-05
44051.4  1.498467e-05
44063.4  1.495309e-05
44075.4  1.464940e-05
44087.5  1.516647e-05
44099.5  1.523024e-05
44111.5  1.488074e-05
44123.5  1.427137e-05
44135.5  1.440177e-05
44147.5  1.457560e-05
44159.5  1.419647e-05
44171.5  1.347176e-05
44183.5  1.192078e-05
44195.5  1.110143e-05
44207.6  1.070177e-05
44219.6  1.028862e-05
44231.6  9.967244e-06
44243.6  9.841751e-06
44255.6  1.017225e-05
44267.6  1.042234e-05
44279.6  1.049864e-05
44291.6  1.045757e-05
44303.6  1.056557e-05
44315.6  1.100237e-05
44327.7  1.085762e-05
44339.7  1.061121e-05
44351.7  1.058616e-05
44363.7  1.086378e-05
44375.7  1.131894e-05
44387.7  1.163369e-05
44399.7  1.190928e-05
44411.7  1.236963e-05
44423.7  1.299030e-05
44435.7  1.338849e-05
44447.7  1.334502e-05
44459.8  1.325851e-05
44471.8  1.315427e-05
44483.8  1.297017e-05
44495.8  1.257672e-05
44507.8  1.182237e-05
44519.8  1.152619e-05
44531.8  1.112848e-05
44543.8  1.076245e-05
44555.8  1.022173e-05
44567.8  9.628204e-06
44579.9  9.424909e-06
44591.9  9.322047e-06
44603.9  9.165718e-06
44615.9  8.937053e-06
44627.9  9.078294e-06
44639.9  9.329777e-06
44651.9  9.332494e-06
44663.9  9.328357e-06
44675.9  9.440509e-06
44687.9  9.689702e-06
44700.0  9.925382e-06
44712.0  9.908924e-06
44724.0  9.998277e-06
44736.0  1.060264e-05
44748.0  1.166754e-05
44760.0  1.260706e-05
44772.0  1.280186e-05
44784.0  1.300763e-05
44796.0  1.361792e-05
44808.0  1.432798e-05
44820.0  1.472908e-05
44832.1  1.436721e-05
44844.1  1.436221e-05
44856.1  1.492056e-05
44868.1  1.581416e-05
44880.1  1.645852e-05
44892.1  1.675807e-05
44904.1  1.755254e-05
44916.1  1.842711e-05
44928.1  1.897374e-05
44940.1  1.846738e-05
44952.2  1.730058e-05
44964.2  1.662805e-05
44976.2  1.622210e-05
44988.2  1.594226e-05
45000.2  1.522489e-05
45012.2  1.458800e-05
45024.2  1.447867e-05
45036.2  1.470050e-05
45048.2  1.492816e-05
45060.2  1.468077e-05
45072.3  1.434893e-05
45084.3  1.404734e-05
45096.3  1.365803e-05
45108.3  1.326505e-05
45120.3  1.311462e-05
45132.3  1.337268e-05
45144.3  1.399356e-05
45156.3  1.431091e-05
45168.3  1.451032e-05
45180.3  1.511203e-05
45192.3  1.619543e-05
45204.4  1.748063e-05
45216.4  1.804269e-05
45228.4  1.838882e-05
45240.4  1.880958e-05
45252.4  1.969107e-05
45264.4  2.070916e-05
45276.4  2.074657e-05
45288.4  2.020148e-05
45300.4  1.949245e-05
45312.4  1.944297e-05
45324.5  1.933049e-05
45336.5  1.868027e-05
45348.5  1.781855e-05
45360.5  1.705647e-05
45372.5  1.666024e-05
45384.5  1.634563e-05
45396.5  1.605114e-05
45408.5  1.581875e-05
45420.5  1.619427e-05
45432.5  1.674428e-05
45444.6  1.713949e-05
45456.6  1.730727e-05
45468.6  1.777071e-05
45480.6  1.879458e-05
45492.6  1.961431e-05
45504.6  2.001995e-05
45516.6  2.006053e-05
45528.6  2.055811e-05
45540.6  2.176824e-05
45552.6  2.279785e-05
45564.6  2.338193e-05
45576.7  2.352391e-05
45588.7  2.382346e-05
45600.7  2.435168e-05
45612.7  2.385312e-05
45624.7  2.286587e-05
45636.7  2.137938e-05
45648.7  2.016401e-05
45660.7  1.937439e-05
45672.7  1.868660e-05
45684.7  1.792325e-05
45696.8  1.713463e-05
45708.8  1.702720e-05
45720.8  1.678867e-05
45732.8  1.640376e-05
45744.8  1.600804e-05
45756.8  1.625902e-05
45768.8  1.720364e-05
45780.8  1.829498e-05
45792.8  1.887948e-05
45804.8  1.912095e-05
45816.9  1.967931e-05
45828.9  2.015195e-05
45840.9  2.023710e-05
45852.9  1.923010e-05
45864.9  1.731154e-05
45876.9  1.550532e-05
45888.9  1.475851e-05
45900.9  1.464034e-05
45912.9  1.469742e-05
45924.9  1.518632e-05
45936.9  1.637244e-05
45949.0  1.803899e-05
45961.0  1.934336e-05
45973.0  2.023172e-05
45985.0  2.051588e-05
45997.0  2.101327e-05
46009.0  2.174569e-05
46021.0  2.186119e-05
46033.0  2.148760e-05
46045.0  2.094709e-05
46057.0  2.108865e-05
46069.1  2.172010e-05
46081.1  2.195410e-05
46093.1  2.159585e-05
46105.1  2.086794e-05
46117.1  2.055222e-05
46129.1  2.043240e-05
46141.1  1.981463e-05
46153.1  1.877821e-05
46165.1  1.770967e-05
46177.1  1.731969e-05
46189.1  1.743412e-05
46201.2  1.752190e-05
46213.2  1.749482e-05
46225.2  1.783495e-05
46237.2  1.898749e-05
46249.2  2.028725e-05
46261.2  2.098545e-05
46273.2  2.098856e-05
46285.2  2.081895e-05
46297.2  2.089371e-05
46309.2  2.091672e-05
46321.3  2.040122e-05
46333.3  1.943586e-05
46345.3  1.885412e-05
46357.3  1.924407e-05
46369.3  2.013703e-05
46381.3  2.098506e-05
46393.3  2.154790e-05
46405.3  2.232312e-05
46417.3  2.346293e-05
46429.3  2.443493e-05
46441.4  2.470497e-05
46453.4  2.443015e-05
46465.4  2.426119e-05
46477.4  2.471214e-05
46489.4  2.548818e-05
46501.4  2.609244e-05
46513.4  2.648826e-05
46525.4  2.721893e-05
46537.4  2.853623e-05
46549.4  2.980833e-05
46561.4  3.048963e-05
46573.5  3.035231e-05
46585.5  2.991462e-05
46597.5  2.957201e-05
46609.5  2.919907e-05
46621.5  2.832261e-05
46633.5  2.705366e-05
46645.5  2.592092e-05
46657.5  2.530112e-05
46669.5  2.495730e-05
46681.5  2.449875e-05
46693.6  2.393037e-05
46705.6  2.382156e-05
46717.6  2.452150e-05
46729.6  2.547799e-05
46741.6  2.617867e-05
46753.6  2.655142e-05
46765.6  2.700256e-05
46777.6  2.784814e-05
46789.6  2.834454e-05
46801.6  2.797467e-05
46813.7  2.679001e-05
46825.7  2.557787e-05
46837.7  2.493504e-05
46849.7  2.449346e-05
46861.7  2.372067e-05
46873.7  2.242262e-05
46885.7  2.155807e-05
46897.7  2.169738e-05
46909.7  2.266966e-05
46921.7  2.363139e-05
46933.7  2.404110e-05
46945.8  2.433963e-05
46957.8  2.497189e-05
46969.8  2.600639e-05
46981.8  2.681884e-05
46993.8  2.696693e-05
47005.8  2.695038e-05
47017.8  2.728488e-05
47029.8  2.839643e-05
47041.8  2.933926e-05
47053.8  2.983531e-05
47065.9  3.014893e-05
47077.9  3.076327e-05
47089.9  3.159162e-05
47101.9  3.210142e-05
47113.9  3.184613e-05
47125.9  3.089333e-05
47137.9  3.037652e-05
47149.9  3.027279e-05
47161.9  3.032114e-05
47173.9  3.007318e-05
47186.0  2.960828e-05
47198.0  2.955707e-05
47210.0  3.000246e-05
47222.0  3.036429e-05
47234.0  3.004807e-05
47246.0  2.902673e-05
47258.0  2.798141e-05
47270.0  2.736859e-05
47282.0  2.675728e-05
47294.0  2.577152e-05
47306.0  2.447942e-05
47318.1  2.339760e-05
47330.1  2.325705e-05
47342.1  2.386530e-05
47354.1  2.451646e-05
47366.1  2.513421e-05
47378.1  2.605402e-05
47390.1  2.758779e-05
47402.1  2.956766e-05
47414.1  3.100339e-05
47426.1  3.148434e-05
47438.2  3.119876e-05
47450.2  3.068781e-05
47462.2  3.026882e-05
47474.2  2.920880e-05
47486.2  2.743059e-05
47498.2  2.558779e-05
47510.2  2.442808e-05
47522.2  2.434382e-05
47534.2  2.504718e-05
47546.2  2.564469e-05
47558.3  2.588815e-05
47570.3  2.648489e-05
47582.3  2.736066e-05
47594.3  2.834701e-05
47606.3  2.855956e-05
47618.3  2.803860e-05
47630.3  2.763154e-05
47642.3  2.780257e-05
47654.3  2.848647e-05
47666.3  2.920270e-05
47678.3  2.946219e-05
47690.4  2.937348e-05
47702.4  2.983222e-05
47714.4  3.065264e-05
47726.4  3.131884e-05
47738.4  3.147616e-05
47750.4  3.117311e-05
47762.4  3.106777e-05
47774.4  3.137054e-05
47786.4  3.155173e-05
47798.4  3.139837e-05
47810.5  3.072243e-05
47822.5  2.995633e-05
47834.5  2.962576e-05
47846.5  2.931583e-05
47858.5  2.876568e-05
47870.5  2.787237e-05
47882.5  2.698894e-05
47894.5  2.658825e-05
47906.5  2.653008e-05
47918.5  2.603155e-05
47930.6  2.501091e-05
47942.6  2.387670e-05
47954.6  2.304052e-05
47966.6  2.300682e-05
47978.6  2.318861e-05
47990.6  2.310406e-05
48002.6  2.290676e-05
48014.6  2.298412e-05
48026.6  2.355265e-05
48038.6  2.481070e-05
48050.6  2.565601e-05
48062.7  2.595404e-05
48074.7  2.637959e-05
48086.7  2.711270e-05
48098.7  2.817393e-05
48110.7  2.896306e-05
48122.7  2.910450e-05
48134.7  2.858603e-05
48146.7  2.822607e-05
48158.7  2.799767e-05
48170.7  2.807363e-05
48182.8  2.740147e-05
48194.8  2.623212e-05
48206.8  2.553325e-05
48218.8  2.530314e-05
48230.8  2.511838e-05
48242.8  2.469849e-05
48254.8  2.383373e-05
48266.8  2.256176e-05
48278.8  2.217736e-05
48290.8  2.222584e-05
48302.8  2.222444e-05
48314.9  2.193573e-05
48326.9  2.152264e-05
48338.9  2.176488e-05
48350.9  2.304726e-05
48362.9  2.443221e-05
48374.9  2.557564e-05
48386.9  2.641417e-05
48398.9  2.720743e-05
48410.9  2.861484e-05
48422.9  3.001686e-05
48435.0  3.057735e-05
48447.0  2.987035e-05
48459.0  2.845638e-05
48471.0  2.685274e-05
48483.0  2.551769e-05
48495.0  2.389957e-05
48507.0  2.157644e-05
48519.0  1.925744e-05
48531.0  1.723652e-05
48543.0  1.628299e-05
48555.1  1.643018e-05
48567.1  1.676328e-05
48579.1  1.708825e-05
48591.1  1.780727e-05
48603.1  1.905234e-05
48615.1  2.095574e-05
48627.1  2.328564e-05
48639.1  2.503285e-05
48651.1  2.619707e-05
48663.1  2.732429e-05
48675.1  2.864723e-05
48687.2  3.022900e-05
48699.2  3.136586e-05
48711.2  3.171645e-05
48723.2  3.172038e-05
48735.2  3.181801e-05
48747.2  3.177175e-05
48759.2  3.149732e-05
48771.2  3.033724e-05
48783.2  2.835949e-05
48795.2  2.688479e-05
48807.3  2.613809e-05
48819.3  2.553000e-05
48831.3  2.479587e-05
48843.3  2.366358e-05
48855.3  2.244409e-05
48867.3  2.201327e-05
48879.3  2.212395e-05
48891.3  2.209412e-05
48903.3  2.168470e-05
48915.3  2.105593e-05
48927.4  2.056639e-05
48939.4  2.075705e-05
48951.4  2.106888e-05
48963.4  2.094839e-05
48975.4  2.044753e-05
48987.4  1.961162e-05
48999.4  1.895143e-05
49011.4  1.881698e-05
49023.4  1.857996e-05
49035.4  1.802922e-05
49047.4  1.734968e-05
49059.5  1.673573e-05
49071.5  1.667047e-05
49083.5  1.722080e-05
49095.5  1.772988e-05
49107.5  1.803017e-05
49119.5  1.863573e-05
49131.5  1.966612e-05
49143.5  2.118104e-05
49155.5  2.319896e-05
49167.5  2.437487e-05
49179.6  2.480298e-05
49191.6  2.509147e-05
49203.6  2.534448e-05
49215.6  2.574233e-05
49227.6  2.596303e-05
49239.6  2.548700e-05
49251.6  2.447971e-05
49263.6  2.395359e-05
49275.6  2.376645e-05
49287.6  2.367000e-05
49299.7  2.329896e-05
49311.7  2.248213e-05
49323.7  2.173461e-05
49335.7  2.173646e-05
49347.7  2.212400e-05
49359.7  2.260811e-05
49371.7  2.288085e-05
49383.7  2.275979e-05
49395.7  2.277647e-05
49407.7  2.303603e-05
49419.7  2.322943e-05
49431.8  2.307855e-05
49443.8  2.252710e-05
49455.8  2.165658e-05
49467.8  2.106740e-05
49479.8  2.098885e-05
49491.8  2.101346e-05
49503.8  2.109002e-05
49515.8  2.114718e-05
49527.8  2.117651e-05
49539.8  2.171901e-05
49551.9  2.290155e-05
49563.9  2.357109e-05
49575.9  2.365423e-05
49587.9  2.289622e-05
49599.9  2.164725e-05
49611.9  2.038384e-05
49623.9  1.922683e-05
49635.9  1.753104e-05
49647.9  1.525342e-05
49659.9  1.340897e-05
49672.0  1.200475e-05
49684.0  1.162865e-05
49696.0  1.198444e-05
49708.0  1.221407e-05
49720.0  1.228724e-05
49732.0  1.261279e-05
49744.0  1.315563e-05
49756.0  1.382929e-05
49768.0  1.459822e-05
49780.0  1.495078e-05
49792.0  1.477507e-05
49804.1  1.500242e-05
49816.1  1.566805e-05
49828.1  1.654803e-05
49840.1  1.756830e-05
49852.1  1.791139e-05
49864.1  1.769050e-05
49876.1  1.731513e-05
49888.1  1.688492e-05
49900.1  1.619104e-05
49912.1  1.518987e-05
49924.2  1.387139e-05
49936.2  1.228525e-05
49948.2  1.124628e-05
49960.2  1.108364e-05
49972.2  1.112949e-05
49984.2  1.124720e-05
49996.2  1.113619e-05
50008.2  1.092459e-05
50020.2  1.120498e-05
50032.2  1.213743e-05
50044.3  1.304882e-05
50056.3  1.349960e-05
50068.3  1.354958e-05
50080.3  1.347085e-05
50092.3  1.361296e-05
50104.3  1.389985e-05
50116.3  1.382641e-05
50128.3  1.322165e-05
50140.3  1.274620e-05
50152.3  1.242323e-05
50164.3  1.290827e-05
50176.4  1.401360e-05
50188.4  1.478928e-05
50200.4  1.533656e-05
50212.4  1.572590e-05
50224.4  1.599232e-05
50236.4  1.617295e-05
50248.4  1.632513e-05
50260.4  1.606082e-05
50272.4  1.523684e-05
50284.4  1.464595e-05
50296.5  1.411769e-05
50308.5  1.369560e-05
50320.5  1.335963e-05
50332.5  1.271704e-05
50344.5  1.176823e-05
50356.5  1.088426e-05
50368.5  1.019016e-05
50380.5  9.722483e-06
50392.5  9.515188e-06
50404.5  9.395581e-06
50416.5  9.267225e-06
50428.6  9.420377e-06
50440.6  9.811264e-06
50452.6  1.027120e-05
50464.6  1.076907e-05
50476.6  1.144243e-05
50488.6  1.190979e-05
50500.6  1.242791e-05
50512.6  1.332362e-05
50524.6  1.446088e-05
50536.6  1.552255e-05
50548.7  1.631741e-05
50560.7  1.658249e-05
50572.7  1.638736e-05
50584.7  1.635233e-05
50596.7  1.630944e-05
50608.7  1.585504e-05
50620.7  1.498509e-05
50632.7  1.391114e-05
50644.7  1.300186e-05
50656.7  1.273569e-05
50668.8  1.294577e-05
50680.8  1.299688e-05
50692.8  1.291112e-05
50704.8  1.266848e-05
50716.8  1.242999e-05
50728.8  1.248416e-05
50740.8  1.279284e-05
50752.8  1.280989e-05
50764.8  1.246256e-05
50776.8  1.204484e-05
50788.8  1.152977e-05
50800.9  1.125577e-05
50812.9  1.125544e-05
50824.9  1.124400e-05
50836.9  1.106826e-05
50848.9  1.103150e-05
50860.9  1.109007e-05
50872.9  1.131557e-05
50884.9  1.176428e-05
50896.9  1.230441e-05
50908.9  1.258015e-05
50921.0  1.271348e-05
50933.0  1.285132e-05
50945.0  1.301009e-05
50957.0  1.329235e-05
50969.0  1.367521e-05
50981.0  1.367011e-05
50993.0  1.332919e-05
