# from http://www.stsci.edu/jwst/instruments/nircam/instrumentdesign/filters
# Retrieved Jan 18, 2017, dated Feb 5, 2016 (pre-flight)
# Uses modA or modB  filters+DBS+QE+OTE (nrc_plus_ote)
# Units of transmission are PCE (photon to electron conversion efficiency)
# 
20004.7  6.692717e-13
20020.7  1.476881e-13
20036.8  2.619634e-13
20052.9  4.312983e-13
20069.0  6.957465e-13
20085.1  9.518717e-13
20101.1  1.178560e-12
20117.2  1.095831e-12
20133.3  7.103555e-13
20149.4  3.332577e-13
20165.5  1.594489e-13
20181.6  7.558792e-14
20197.6  1.780146e-14
20213.7  3.423636e-15
20229.8  2.233450e-15
20245.9  2.132645e-15
20262.0  2.069507e-15
20278.0  2.014733e-15
20294.1  7.072441e-15
20310.2  1.675789e-13
20326.3  4.253917e-13
20342.4  3.163533e-13
20358.4  1.403962e-13
20374.5  6.737060e-14
20390.6  7.092216e-14
20406.7  1.506049e-13
20422.8  2.071006e-13
20438.8  2.254364e-13
20454.9  2.729035e-13
20471.0  3.468332e-13
20487.1  3.258303e-13
20503.2  2.653400e-13
20519.3  4.004218e-13
20535.3  9.128460e-13
20551.4  1.292731e-12
20567.5  1.689625e-12
20583.6  1.818587e-12
20599.7  1.725405e-12
20615.7  1.542308e-12
20631.8  1.323745e-12
20647.9  1.390867e-12
20664.0  1.898647e-12
20680.1  3.267434e-12
20696.1  4.127556e-12
20712.2  2.803241e-12
20728.3  1.960657e-12
20744.4  1.993452e-12
20760.5  2.885026e-12
20776.5  4.079082e-12
20792.6  5.571533e-12
20808.7  7.328106e-12
20824.8  8.596590e-12
20840.9  1.147996e-11
20857.0  1.163718e-11
20873.0  1.219205e-11
20889.1  1.375241e-11
20905.2  1.567594e-11
20921.3  1.631569e-11
20937.4  1.733473e-11
20953.4  1.125454e-11
20969.5  7.218928e-12
20985.6  1.137007e-11
21001.7  2.575129e-11
21017.8  3.704091e-11
21033.8  4.011614e-11
21049.9  3.590285e-11
21066.0  2.864588e-11
21082.1  2.699287e-11
21098.2  3.681451e-11
21114.2  4.613003e-11
21130.3  4.162215e-11
21146.4  3.753352e-11
21162.5  3.926478e-11
21178.6  5.136128e-11
21194.7  4.753482e-11
21210.7  5.604367e-11
21226.8  6.478850e-11
21242.9  7.363953e-11
21259.0  6.750401e-11
21275.1  5.575919e-11
21291.1  5.127641e-11
21307.2  5.595746e-11
21323.3  6.504081e-11
21339.4  5.482809e-11
21355.5  5.099947e-11
21371.5  4.583847e-11
21387.6  4.872170e-11
21403.7  5.783327e-11
21419.8  7.173928e-11
21435.9  6.591331e-11
21451.9  5.459171e-11
21468.0  5.076706e-11
21484.1  5.191514e-11
21500.2  5.790911e-11
21516.3  7.670824e-11
21532.4  1.005020e-10
21548.4  1.118950e-10
21564.5  1.253800e-10
21580.6  7.115603e-11
21596.7  4.668847e-11
21612.8  3.635226e-11
21628.8  3.029532e-11
21644.9  2.681034e-11
21661.0  2.659535e-11
21677.1  3.553597e-11
21693.2  3.910214e-11
21709.2  4.425945e-11
21725.3  4.776053e-11
21741.4  5.383460e-11
21757.5  3.563090e-11
21773.6  4.862588e-11
21789.6  7.179848e-11
21805.7  9.243951e-11
21821.8  1.173370e-10
21837.9  1.056827e-10
21854.0  9.711876e-11
21870.1  9.251143e-11
21886.1  1.035840e-10
21902.2  1.794576e-10
21918.3  2.310431e-10
21934.4  2.894382e-10
21950.5  3.187280e-10
21966.5  3.597700e-10
21982.6  3.494232e-10
21998.7  3.379154e-10
22014.8  2.364233e-10
22030.9  2.102412e-10
22046.9  2.156416e-10
22063.0  2.601446e-10
22079.1  3.599844e-10
22095.2  3.703317e-10
22111.3  3.633216e-10
22127.3  3.999980e-10
22143.4  5.056309e-10
22159.5  6.577193e-10
22175.6  6.181481e-10
22191.7  6.931679e-10
22207.7  5.910471e-10
22223.8  4.783876e-10
22239.9  4.938302e-10
22256.0  6.720702e-10
22272.1  9.987934e-10
22288.2  9.747569e-10
22304.2  1.096556e-09
22320.3  1.021707e-09
22336.4  9.073197e-10
22352.5  8.509207e-10
22368.6  7.936784e-10
22384.6  7.876153e-10
22400.7  1.142183e-09
22416.8  1.843169e-09
22432.9  1.956056e-09
22449.0  1.677309e-09
22465.0  2.031581e-09
22481.1  1.663894e-09
22497.2  1.469515e-09
22513.3  1.740537e-09
22529.4  2.345486e-09
22545.4  3.241810e-09
22561.5  4.826129e-09
22577.6  7.151506e-09
22593.7  8.686985e-09
22609.8  1.000719e-08
22625.9  7.380456e-09
22641.9  2.445526e-09
22658.0  8.149690e-10
22674.1  1.915434e-10
22690.2  5.909245e-11
22706.3  4.070379e-11
22722.3  4.274966e-11
22738.4  4.470796e-11
22754.5  4.657993e-11
22770.6  4.844758e-11
22786.7  1.135857e-10
22802.7  1.012430e-09
22818.8  1.048778e-08
22834.9  1.194899e-08
22851.0  1.409859e-08
22867.1  7.326515e-09
22883.1  2.495340e-09
22899.2  1.293003e-09
22915.3  3.103451e-09
22931.4  8.079536e-09
22947.5  1.689182e-08
22963.6  2.703814e-08
22979.6  5.051436e-08
22995.7  3.262285e-08
23011.8  2.209987e-08
23027.9  1.979280e-08
23044.0  2.674779e-08
23060.0  3.640510e-08
23076.1  2.960313e-08
23092.2  2.167544e-08
23108.3  1.049986e-08
23124.4  1.730114e-09
23140.4  4.704464e-10
23156.5  4.338456e-10
23172.6  5.171338e-10
23188.7  6.172573e-10
23204.8  7.370146e-10
23220.8  8.741138e-10
23236.9  1.028118e-09
23253.0  1.192268e-09
23269.1  1.365860e-09
23285.2  1.545065e-09
23301.3  1.729498e-09
23317.3  1.920116e-09
23333.4  2.109957e-09
23349.5  2.298318e-09
23365.6  2.470094e-09
23381.7  2.624384e-09
23397.7  2.943641e-09
23413.8  8.376848e-09
23429.9  3.926525e-08
23446.0  1.413072e-07
23462.1  3.299055e-07
23478.1  7.710300e-07
23494.2  1.049141e-07
23510.3  1.007155e-08
23526.4  3.083706e-09
23542.5  3.135931e-09
23558.5  3.200300e-09
23574.6  3.285832e-09
23590.7  3.383543e-09
23606.8  3.503533e-09
23622.9  3.630271e-09
23639.0  3.767809e-09
23655.0  3.904982e-09
23671.1  4.038685e-09
23687.2  4.166202e-09
23703.3  4.277198e-09
23719.4  4.369101e-09
23735.4  4.442367e-09
23751.5  4.463542e-09
23767.6  4.471456e-09
23783.7  4.748320e-09
23799.8  1.502061e-08
23815.8  8.500481e-08
23831.9  1.394353e-07
23848.0  2.321384e-08
23864.1  6.011228e-09
23880.2  4.528753e-09
23896.2  4.533011e-09
23912.3  4.537654e-09
23928.4  4.542416e-09
23944.5  4.549523e-09
23960.6  5.148147e-09
23976.7  2.147403e-08
23992.7  1.636014e-07
24008.8  6.829291e-07
24024.9  9.494353e-07
24041.0  1.319824e-06
24057.1  1.245209e-06
24073.1  9.300778e-07
24089.2  6.951664e-07
24105.3  1.083834e-07
24121.4  1.504000e-08
24137.5  4.804251e-09
24153.5  1.972944e-08
24169.6  1.625585e-07
24185.7  7.227444e-07
24201.8  3.613837e-07
24217.9  1.818304e-07
24233.9  6.422213e-08
24250.0  1.611650e-08
24266.1  5.878408e-09
24282.2  4.654158e-09
24298.3  4.659381e-09
24314.4  4.665273e-09
24330.4  9.983757e-09
24346.5  4.805779e-08
24362.6  2.963822e-07
24378.7  5.813668e-08
24394.8  1.162348e-08
24410.8  4.701260e-09
24426.9  4.707357e-09
24443.0  4.713458e-09
24459.1  4.719563e-09
24475.2  4.722877e-09
24491.2  4.725748e-09
24507.3  6.211666e-09
24523.4  2.301153e-08
24539.5  1.316704e-07
24555.6  2.441220e-07
24571.6  1.150512e-07
24587.7  5.516342e-08
24603.8  2.319165e-08
24619.9  9.863427e-09
24636.0  5.395369e-09
24652.0  4.702397e-09
24668.1  4.699337e-09
24684.2  4.697318e-09
24700.3  4.695776e-09
24716.4  4.695888e-09
24732.5  4.697405e-09
24748.5  4.701326e-09
24764.6  4.700534e-09
24780.7  4.699742e-09
24796.8  4.701434e-09
24812.9  4.698882e-09
24828.9  4.696450e-09
24845.0  4.696624e-09
24861.1  4.696809e-09
24877.2  4.698231e-09
24893.3  4.697166e-09
24909.3  4.698177e-09
24925.4  4.698892e-09
24941.5  4.699608e-09
24957.6  4.700323e-09
24973.7  4.701039e-09
24989.7  4.701754e-09
24997.8  6.690909e-06
25011.3  8.867781e-06
25024.8  4.841829e-06
25038.3  6.721407e-06
25051.8  1.145961e-05
25065.3  1.039462e-05
25078.9  4.494196e-06
25092.4  7.492791e-06
25105.9  7.683818e-06
25119.4  9.181632e-06
25132.9  7.138500e-06
25146.4  8.851188e-06
25159.9  8.290372e-06
25173.4  8.388161e-06
25187.0  8.988819e-06
25200.5  4.281081e-06
25214.0  3.859365e-06
25227.5  6.462838e-06
25241.0  2.594813e-06
25254.5  2.037087e-06
25268.0  2.682951e-06
25281.5  2.245013e-06
25295.1  3.088030e-06
25308.6  6.018112e-06
25322.1  6.858887e-06
25335.6  5.897943e-06
25349.1  5.904101e-06
25362.6  8.560451e-06
25376.1  8.505572e-06
25389.6  1.262185e-05
25403.2  9.131460e-06
25416.7  1.309957e-05
25430.2  1.083491e-05
25443.7  9.062120e-06
25457.2  1.343420e-05
25470.7  1.305858e-05
25484.2  7.254809e-06
25497.7  8.084156e-06
25511.2  8.822822e-06
25524.8  7.661176e-06
25538.3  1.106983e-05
25551.8  8.216643e-06
25565.3  8.387121e-06
25578.8  1.105392e-05
25592.3  1.168285e-05
25605.8  7.298947e-06
25619.3  4.523784e-06
25632.9  8.152605e-06
25646.4  6.586667e-06
25659.9  1.268284e-05
25673.4  8.788498e-06
25686.9  7.749644e-06
25700.4  7.642097e-06
25713.9  6.258052e-06
25727.4  7.758267e-06
25741.0  3.018653e-06
25754.5  3.232410e-06
25768.0  7.314390e-06
25781.5  4.862948e-06
25795.0  9.831242e-06
25808.5  7.021908e-06
25822.0  9.242813e-06
25835.5  8.322371e-06
25849.1  7.759310e-06
25862.6  6.651621e-06
25876.1  5.241782e-06
25889.6  5.515620e-06
25903.1  8.377598e-06
25916.6  6.086104e-06
25930.1  7.501907e-06
25943.6  8.185598e-06
25957.2  6.174433e-06
25970.7  4.041222e-06
25984.2  4.377235e-06
25997.7  7.447054e-06
26011.2  5.634925e-06
26024.7  6.365248e-06
26038.2  3.294023e-06
26051.7  3.328534e-07
26065.3  3.844716e-06
26078.8  3.941477e-06
26092.3  6.740448e-06
26105.8  5.143665e-06
26119.3  3.702351e-06
26132.8  3.578555e-06
26146.3  2.680495e-06
26159.8  2.502443e-06
26173.4  3.052528e-06
26186.9  9.116373e-07
26200.4  2.144057e-06
26213.9  2.952208e-06
26227.4  1.405877e-06
26240.9  2.183079e-06
26254.4  6.422518e-07
26267.9  1.593437e-06
26281.5  2.469534e-07
26295.0  2.320913e-06
26308.5  3.338565e-06
26322.0  1.328144e-06
26335.5  2.137155e-06
26349.0  4.212608e-06
26362.5  6.595009e-06
26376.0  2.624279e-06
26389.5  2.580601e-06
26403.1  1.534545e-06
26416.6  2.623074e-06
26430.1  4.306628e-07
26443.6  4.756571e-09
26457.1  2.417264e-07
26470.6  2.020889e-07
26484.1  6.595107e-07
26497.6  1.643852e-06
26511.2  9.866907e-07
26524.7  1.258008e-06
26538.2  3.568760e-06
26551.7  1.084034e-06
26565.2  3.584509e-07
26578.7  2.143646e-06
26592.2  5.786814e-07
26605.7  2.196305e-06
26619.3  4.270988e-07
26632.8  1.113881e-06
26646.3  4.722016e-09
26659.8  1.108668e-06
26673.3  9.366848e-08
26686.8  3.185746e-06
26700.3  3.103918e-06
26713.8  6.357822e-08
26727.4  1.372763e-06
26740.9  2.083731e-06
26754.4  4.130966e-08
26767.9  2.462050e-06
26781.4  1.041993e-08
26794.9  4.703708e-09
26808.4  6.132547e-07
26821.9  1.051493e-06
26835.5  2.535101e-06
26849.0  2.361299e-06
26862.5  2.332891e-06
26876.0  3.000076e-06
26889.5  3.825973e-06
26903.0  2.133333e-06
26916.5  4.040590e-06
26930.0  1.453221e-06
26943.6  8.024653e-07
26957.1  2.090672e-08
26970.6  1.965217e-08
26984.1  3.093434e-07
26997.6  2.226446e-07
27011.1  2.074291e-06
27024.6  8.760378e-07
27038.1  5.863630e-06
27051.7  2.042020e-06
27065.2  2.276372e-06
27078.7  1.257091e-08
27092.2  6.034269e-08
27105.7  1.551654e-06
27119.2  2.611947e-06
27132.7  1.145372e-06
27146.2  2.214202e-07
27159.8  2.233795e-06
27173.3  4.930785e-07
27186.8  6.204523e-08
27200.3  4.740649e-09
27213.8  4.744944e-09
27227.3  9.070640e-08
27240.8  2.032482e-08
27254.3  4.749482e-09
27267.9  4.751723e-09
27281.4  4.753963e-09
27294.9  4.756204e-09
27308.4  3.561463e-07
27321.9  4.761109e-09
27335.4  4.760603e-09
27348.9  4.760552e-09
27362.4  4.763051e-09
27375.9  4.765551e-09
27389.5  4.768051e-09
27403.0  4.772127e-09
27416.5  4.778271e-09
27430.0  4.780602e-09
27443.5  4.780971e-09
27457.0  4.779673e-09
27470.5  4.782001e-09
27484.0  4.784329e-09
27497.6  4.786657e-09
27511.1  4.781495e-09
27524.6  4.772122e-09
27538.1  4.762292e-09
27551.6  4.755486e-09
27565.1  4.745832e-09
27578.6  4.736320e-09
27592.1  4.730673e-09
27605.7  4.728265e-09
27619.2  4.716807e-09
27632.7  4.718153e-09
27646.2  4.718753e-09
27659.7  4.719508e-09
27673.2  4.714913e-09
27686.7  4.716022e-09
27700.2  4.717153e-09
27713.8  4.712622e-09
27727.3  4.713663e-09
27740.8  4.714873e-09
27754.3  4.713882e-09
27767.8  4.712257e-09
27781.3  4.714661e-09
27794.8  4.721161e-09
27808.3  4.718583e-09
27821.9  4.719904e-09
27835.4  4.722263e-09
27848.9  4.724718e-09
27862.4  4.721691e-09
27875.9  4.724308e-09
27889.4  4.726978e-09
27902.9  4.728154e-09
27916.4  4.727382e-09
27930.0  4.730567e-09
27943.5  4.731803e-09
27957.0  4.731293e-09
27970.5  4.734399e-09
27984.0  4.739589e-09
27997.5  4.741560e-09
28011.0  4.742386e-09
28024.5  4.744344e-09
28038.1  4.746186e-09
28051.6  4.742264e-09
28065.1  4.743810e-09
28078.6  4.745207e-09
28092.1  4.745242e-09
28105.6  4.741885e-09
28119.1  4.742880e-09
28132.6  4.743669e-09
28146.2  4.740802e-09
28159.7  4.739047e-09
28173.2  4.739243e-09
28186.7  4.742842e-09
28200.2  4.738796e-09
28213.7  4.737737e-09
28227.2  4.736508e-09
28240.7  4.735110e-09
28254.2  4.733533e-09
28267.8  4.731813e-09
28281.3  4.729951e-09
28294.8  4.727953e-09
28308.3  4.725489e-09
28321.8  4.722697e-09
28335.3  4.719819e-09
28348.8  4.716876e-09
28362.3  4.712561e-09
28375.9  4.705236e-09
28389.4  4.702187e-09
28402.9  4.700670e-09
28416.4  4.701421e-09
28429.9  4.698414e-09
28443.4  4.695455e-09
28456.9  4.692549e-09
28470.4  4.689708e-09
28484.0  4.686956e-09
28497.5  4.684290e-09
28511.0  4.678972e-09
28524.5  4.673139e-09
28538.0  4.667417e-09
28551.5  4.661821e-09
28565.0  4.656360e-09
28578.5  4.651021e-09
28592.1  4.645823e-09
28605.6  4.638262e-09
28619.1  4.632288e-09
28632.6  4.628906e-09
28646.1  4.628840e-09
28659.6  4.627729e-09
28673.1  4.624711e-09
28686.6  4.621797e-09
28700.2  4.618986e-09
28713.7  4.616906e-09
28727.2  4.614903e-09
28740.7  4.612970e-09
28754.2  4.611103e-09
28767.7  4.609281e-09
28781.2  4.607494e-09
28794.7  4.605731e-09
28808.3  4.603937e-09
28821.8  4.602113e-09
28835.3  4.600269e-09
28848.8  4.598396e-09
28862.3  4.590988e-09
28875.8  4.589007e-09
28889.3  4.586958e-09
28902.8  4.585110e-09
28916.4  4.584275e-09
28929.9  4.588440e-09
28943.4  4.587434e-09
28956.9  4.586234e-09
28970.4  4.584897e-09
28983.9  4.583393e-09
28997.4  4.581740e-09
29010.9  4.578927e-09
29024.5  4.575695e-09
29038.0  4.572300e-09
29051.5  4.568724e-09
29065.0  4.564960e-09
29078.5  4.561028e-09
29092.0  4.556909e-09
29105.5  4.549894e-09
29119.0  4.543709e-09
29132.5  4.539778e-09
29146.1  4.535687e-09
29159.6  4.531452e-09
29173.1  8.594613e-08
29186.6  4.522531e-09
29200.1  4.517871e-09
29213.6  9.505616e-08
29227.1  1.230962e-06
29240.6  6.011548e-09
29254.2  4.490540e-09
29267.7  8.730805e-07
29281.2  1.535046e-06
29294.7  7.706952e-07
29308.2  2.272467e-06
29321.7  2.925481e-06
29335.2  4.004333e-06
29348.7  4.240972e-06
29362.3  3.338785e-06
29375.8  2.882377e-06
29389.3  3.975178e-06
29402.8  4.660084e-06
29416.3  1.892371e-06
29429.8  2.917730e-06
29443.3  5.217892e-06
29456.8  2.488571e-06
29470.4  1.848018e-06
29483.9  4.508012e-06
29497.4  3.847579e-06
29510.9  5.696737e-06
29524.4  6.542036e-06
29537.9  7.833645e-06
29551.4  9.303676e-06
29564.9  1.019298e-05
29578.5  7.746689e-06
29592.0  8.465298e-06
29605.5  9.771756e-06
29619.0  9.357680e-06
29632.5  9.820631e-06
29646.0  1.092830e-05
29659.5  9.504186e-06
29673.0  1.264032e-05
29686.6  1.314010e-05
29700.1  1.166619e-05
29713.6  1.314343e-05
29727.1  1.329789e-05
29740.6  1.339712e-05
29754.1  1.560669e-05
29767.6  1.673928e-05
29781.1  1.996127e-05
29794.7  2.318856e-05
29808.2  2.718617e-05
29821.7  3.320326e-05
29835.2  2.922418e-05
29848.7  2.698886e-05
29862.2  2.341397e-05
29875.7  2.062545e-05
29889.2  1.912876e-05
29902.8  2.254101e-05
29916.3  3.289023e-05
29929.8  4.307829e-05
29943.3  4.752456e-05
29956.8  4.678332e-05
29970.3  4.609295e-05
29983.8  4.437034e-05
29997.3  4.451957e-05
30010.9  4.575569e-05
30024.4  4.697890e-05
30037.9  4.992463e-05
30051.4  4.770405e-05
30064.9  4.585886e-05
30078.4  5.006604e-05
30091.9  5.747996e-05
30105.4  6.038826e-05
30118.9  6.039152e-05
30132.5  6.208814e-05
30146.0  6.500219e-05
30159.5  6.994860e-05
30173.0  7.193976e-05
30186.5  7.500905e-05
30200.0  7.389074e-05
30213.5  7.381871e-05
30227.0  7.333653e-05
30240.6  7.078658e-05
30254.1  7.792352e-05
30267.6  8.372393e-05
30281.1  8.742020e-05
30294.6  9.473840e-05
30308.1  1.011125e-04
30321.6  1.034879e-04
30335.1  1.100076e-04
30348.7  1.174338e-04
30362.2  1.231830e-04
30375.7  1.298550e-04
30389.2  1.367225e-04
30402.7  1.459786e-04
30416.2  1.547208e-04
30429.7  1.656076e-04
30443.2  1.749380e-04
30456.8  1.896324e-04
30470.3  2.050146e-04
30483.8  2.206048e-04
30497.3  2.337562e-04
30510.8  2.465481e-04
30524.3  2.610152e-04
30537.8  2.794336e-04
30551.3  2.989933e-04
30564.9  3.190411e-04
30578.4  3.406872e-04
30591.9  3.699154e-04
30605.4  3.958583e-04
30618.9  4.236644e-04
30632.4  4.526347e-04
30645.9  4.842534e-04
30659.4  5.188099e-04
30673.0  5.505814e-04
30686.5  5.819588e-04
30700.0  6.184093e-04
30713.5  6.574291e-04
30727.0  6.961427e-04
30740.5  7.387115e-04
30754.0  7.854961e-04
30767.5  8.360546e-04
30781.1  8.866503e-04
30794.6  9.410750e-04
30808.1  9.945809e-04
30821.6  1.050286e-03
30835.1  1.110261e-03
30848.6  1.177096e-03
30862.1  1.248185e-03
30875.6  1.324655e-03
30889.2  1.401178e-03
30902.7  1.484657e-03
30916.2  1.575302e-03
30929.7  1.674351e-03
30943.2  1.780852e-03
30956.7  1.890322e-03
30970.2  2.009323e-03
30983.7  2.144943e-03
30997.2  2.297057e-03
31010.8  2.452698e-03
31024.3  2.617049e-03
31037.8  2.803977e-03
31051.3  3.008249e-03
31064.8  3.227576e-03
31078.3  3.475823e-03
31091.8  3.749131e-03
31105.3  4.048649e-03
31118.9  4.380042e-03
31132.4  4.746763e-03
31145.9  5.163645e-03
31159.4  5.633729e-03
31172.9  6.156974e-03
31186.4  6.737936e-03
31199.9  7.388455e-03
31213.4  8.136902e-03
31227.0  8.972391e-03
31240.5  9.910337e-03
31254.0  1.097423e-02
31267.5  1.217586e-02
31281.0  1.353258e-02
31294.5  1.506674e-02
31308.0  1.680351e-02
31321.5  1.877721e-02
31335.1  2.101258e-02
31348.6  2.354704e-02
31362.1  2.642947e-02
31375.6  2.970273e-02
31389.1  3.341472e-02
31402.6  3.761890e-02
31416.1  4.238973e-02
31429.6  4.778172e-02
31443.2  5.385663e-02
31456.7  6.067343e-02
31470.2  6.829283e-02
31483.7  7.684151e-02
31497.2  8.620376e-02
31510.7  9.643164e-02
31524.2  1.075432e-01
31537.7  1.194863e-01
31551.3  1.321561e-01
31564.8  1.455126e-01
31578.3  1.592481e-01
31591.8  1.733227e-01
31605.3  1.874342e-01
31618.8  2.013605e-01
31632.3  2.150519e-01
31645.8  2.280465e-01
31659.4  2.404728e-01
31672.9  2.520840e-01
31686.4  2.628087e-01
31699.9  2.727596e-01
31713.4  2.818907e-01
31726.9  2.905269e-01
31740.4  2.982937e-01
31753.9  3.052561e-01
31767.5  3.116988e-01
31781.0  3.175758e-01
31794.5  3.230649e-01
31808.0  3.281457e-01
31821.5  3.328854e-01
31835.0  3.374091e-01
31848.5  3.417416e-01
31862.0  3.459278e-01
31875.5  3.500262e-01
31889.1  3.539924e-01
31902.6  3.578772e-01
31916.1  3.616915e-01
31929.6  3.654247e-01
31943.1  3.690805e-01
31956.6  3.726450e-01
31970.1  3.761208e-01
31983.6  3.799452e-01
31997.2  3.832059e-01
32010.7  3.863136e-01
32024.2  3.892856e-01
32037.7  3.921045e-01
32051.2  3.947948e-01
32064.7  3.973274e-01
32078.2  3.997252e-01
32091.7  4.019782e-01
32105.3  4.040619e-01
32118.8  4.059943e-01
32132.3  4.073482e-01
32145.8  4.090007e-01
32159.3  4.105470e-01
32172.8  4.119711e-01
32186.3  4.132728e-01
32199.8  4.144739e-01
32213.4  4.158848e-01
32226.9  4.173785e-01
32240.4  4.184767e-01
32253.9  4.195102e-01
32267.4  4.204717e-01
32280.9  4.214023e-01
32294.4  4.222883e-01
32307.9  4.230033e-01
32321.5  4.235882e-01
32335.0  4.241672e-01
32348.5  4.247242e-01
32362.0  4.252761e-01
32375.5  4.258145e-01
32389.0  4.263489e-01
32402.5  4.268602e-01
32416.0  4.273169e-01
32429.6  4.277690e-01
32443.1  4.283751e-01
32456.6  4.291776e-01
32470.1  4.296099e-01
32483.6  4.300431e-01
32497.1  4.304595e-01
32510.6  4.309637e-01
32524.1  4.314887e-01
32537.7  4.320209e-01
32551.2  4.325425e-01
32564.7  4.330581e-01
32578.2  4.335557e-01
32591.7  4.340522e-01
32605.2  4.345210e-01
32618.7  4.349250e-01
32632.2  4.353178e-01
32645.8  4.356901e-01
32659.3  4.360639e-01
32672.8  4.365725e-01
32686.3  4.373011e-01
32699.8  4.376449e-01
32713.3  4.378797e-01
32726.8  4.381009e-01
32740.3  4.383095e-01
32753.9  4.385156e-01
32767.4  4.387233e-01
32780.9  4.389397e-01
32794.4  4.391486e-01
32807.9  4.393560e-01
32821.4  4.395577e-01
32834.9  4.397698e-01
32848.4  4.399807e-01
32861.9  4.401998e-01
32875.5  4.404229e-01
32889.0  4.406591e-01
32902.5  4.414248e-01
32916.0  4.416768e-01
32929.5  4.419380e-01
32943.0  4.421993e-01
32956.5  4.424768e-01
32970.0  4.427533e-01
32983.6  4.430520e-01
32997.1  4.433520e-01
33010.6  4.435475e-01
33024.1  4.437298e-01
33037.6  4.439254e-01
33051.1  4.441316e-01
33064.6  4.443367e-01
33078.1  4.445692e-01
33091.7  4.448005e-01
33105.2  4.450141e-01
33118.7  4.456621e-01
33132.2  4.459510e-01
33145.7  4.461781e-01
33159.2  4.464032e-01
33172.7  4.466471e-01
33186.2  4.468967e-01
33199.8  4.471539e-01
33213.3  4.473597e-01
33226.8  4.475859e-01
33240.3  4.478305e-01
33253.8  4.480922e-01
33267.3  4.483693e-01
33280.8  4.486434e-01
33294.3  4.489228e-01
33307.9  4.488695e-01
33321.4  4.485997e-01
33334.9  4.483410e-01
33348.4  4.485392e-01
33361.9  4.483824e-01
33375.4  4.481458e-01
33388.9  4.479264e-01
33402.4  4.474865e-01
33416.0  4.460838e-01
33429.5  4.446635e-01
33443.0  4.432453e-01
33456.5  4.418412e-01
33470.0  4.404383e-01
33483.5  4.390371e-01
33497.0  4.376297e-01
33510.5  4.346581e-01
33524.1  4.312278e-01
33537.6  4.277900e-01
33551.1  4.243360e-01
33564.6  4.208703e-01
33578.1  4.174014e-01
33591.6  4.139247e-01
33605.1  4.119541e-01
33618.6  4.124282e-01
33632.2  4.128938e-01
33645.7  4.133479e-01
33659.2  4.137886e-01
33672.7  4.142235e-01
33686.2  4.146457e-01
33699.7  4.150678e-01
33713.2  4.188927e-01
33726.7  4.231100e-01
33740.2  4.276583e-01
33753.8  4.315474e-01
33767.3  4.354282e-01
33780.8  4.392994e-01
33794.3  4.431826e-01
33807.8  4.454879e-01
33821.3  4.466461e-01
33834.8  4.478041e-01
33848.3  4.489640e-01
33861.9  4.501201e-01
33875.4  4.512672e-01
33888.9  4.524242e-01
33902.4  4.533098e-01
33915.9  4.529914e-01
33929.4  4.526776e-01
33942.9  4.523671e-01
33956.4  4.520632e-01
33970.0  4.517508e-01
33983.5  4.514426e-01
33997.0  4.511360e-01
34010.5  4.507920e-01
34024.0  4.504329e-01
34037.5  4.500688e-01
34051.0  4.497127e-01
34064.5  4.493533e-01
34078.1  4.490040e-01
34091.6  4.487338e-01
34105.1  4.488840e-01
34118.6  4.487066e-01
34132.1  4.485252e-01
34145.6  4.483411e-01
34159.1  4.485966e-01
34172.6  4.484288e-01
34186.2  4.482023e-01
34199.7  4.479531e-01
34213.2  4.480564e-01
34226.7  4.481388e-01
34240.2  4.481969e-01
34253.7  4.482245e-01
34267.2  4.482271e-01
34280.7  4.482136e-01
34294.3  4.481806e-01
34307.8  4.480436e-01
34321.3  4.478275e-01
34334.8  4.476103e-01
34348.3  4.473386e-01
34361.8  4.469868e-01
34375.3  4.465983e-01
34388.8  4.461888e-01
34402.4  4.457322e-01
34415.9  4.450971e-01
34429.4  4.444557e-01
34442.9  4.443374e-01
34456.4  4.436916e-01
34469.9  4.430535e-01
34483.4  4.425830e-01
34496.9  4.422753e-01
34510.5  4.418668e-01
34524.0  4.415354e-01
34537.5  4.412334e-01
34551.0  4.409660e-01
34564.5  4.407568e-01
34578.0  4.406057e-01
34591.5  4.404940e-01
34605.0  4.405741e-01
34618.5  4.409448e-01
34632.1  4.413950e-01
34645.6  4.419260e-01
34659.1  4.425227e-01
34672.6  4.431986e-01
34686.1  4.439464e-01
34699.6  4.447815e-01
34713.1  4.453921e-01
34726.6  4.460552e-01
34740.2  4.468012e-01
34753.7  4.476036e-01
34767.2  4.488301e-01
34780.7  4.498685e-01
34794.2  4.510066e-01
34807.7  4.524410e-01
34821.2  4.537156e-01
34834.7  4.549675e-01
34848.3  4.561678e-01
34861.8  4.572912e-01
34875.3  4.583205e-01
34888.8  4.592108e-01
34902.3  4.599431e-01
34915.8  4.605797e-01
34929.3  4.609789e-01
34942.8  4.611156e-01
34956.4  4.609387e-01
34969.9  4.604139e-01
34983.4  4.594935e-01
34996.9  4.580871e-01
35010.4  4.561700e-01
35023.9  4.537342e-01
35037.4  4.507764e-01
35050.9  4.472753e-01
35064.5  4.432095e-01
35078.0  4.389925e-01
35091.5  4.338157e-01
35105.0  4.282156e-01
35118.5  4.220865e-01
35132.0  4.151672e-01
35145.5  4.077480e-01
35159.0  3.998877e-01
35172.6  3.916474e-01
35186.1  3.830124e-01
35199.6  3.739797e-01
35213.1  3.645731e-01
35226.6  3.548952e-01
35240.1  3.450055e-01
35253.6  3.349639e-01
35267.1  3.248191e-01
35280.7  3.146284e-01
35294.2  3.044086e-01
35307.7  2.942067e-01
35321.2  2.840793e-01
35334.7  2.740602e-01
35348.2  2.644508e-01
35361.7  2.548232e-01
35375.2  2.453432e-01
35388.8  2.360909e-01
35402.3  2.270593e-01
35415.8  2.182185e-01
35429.3  2.098685e-01
35442.8  2.015761e-01
35456.3  1.935365e-01
35469.8  1.857670e-01
35483.3  1.782641e-01
35496.8  1.710280e-01
35510.4  1.640446e-01
35523.9  1.574798e-01
35537.4  1.509811e-01
35550.9  1.447165e-01
35564.4  1.386788e-01
35577.9  1.328615e-01
35591.4  1.272575e-01
35604.9  1.218639e-01
35618.5  1.166695e-01
35632.0  1.116572e-01
35645.5  1.068218e-01
35659.0  1.021534e-01
35672.5  9.765019e-02
35686.0  9.337187e-02
35699.5  8.921761e-02
35713.0  8.515233e-02
35726.6  8.122282e-02
35740.1  7.743043e-02
35753.6  7.377405e-02
35767.1  7.024760e-02
35780.6  6.692481e-02
35794.1  6.364399e-02
35807.6  6.047652e-02
35821.1  5.743011e-02
35834.7  5.450483e-02
35848.2  5.174547e-02
35861.7  4.905907e-02
35875.2  4.647140e-02
35888.7  4.399330e-02
35902.2  4.162344e-02
35915.7  3.935977e-02
35929.2  3.720665e-02
35942.8  3.515251e-02
35956.3  3.319646e-02
35969.8  3.133927e-02
35983.3  2.957591e-02
35996.8  2.790507e-02
36010.3  2.632255e-02
36023.8  2.482539e-02
36037.3  2.343213e-02
36050.9  2.210093e-02
36064.4  2.083910e-02
36077.9  1.965299e-02
36091.4  1.853173e-02
36104.9  1.747444e-02
36118.4  1.648030e-02
36131.9  1.554663e-02
36145.4  1.467248e-02
36159.0  1.385025e-02
36172.5  1.307675e-02
36186.0  1.235223e-02
36199.5  1.168297e-02
36213.0  1.104245e-02
36226.5  1.044198e-02
36240.0  9.879492e-03
36253.5  9.354286e-03
36267.1  8.859859e-03
36280.6  8.393849e-03
36294.1  7.959479e-03
36307.6  7.553820e-03
36321.1  7.176008e-03
36334.6  6.820479e-03
36348.1  6.482126e-03
36361.6  6.165891e-03
36375.2  5.869586e-03
36388.7  5.590395e-03
36402.2  5.332393e-03
36415.7  5.090036e-03
36429.2  4.857858e-03
36442.7  4.639970e-03
36456.2  4.435879e-03
36469.7  4.243916e-03
36483.2  4.063429e-03
36496.8  3.897327e-03
36510.3  3.741666e-03
36523.8  3.590817e-03
36537.3  3.447210e-03
36550.8  3.316012e-03
36564.3  3.191102e-03
36577.8  3.071470e-03
36591.3  2.959792e-03
36604.9  2.853922e-03
36618.4  2.755229e-03
36631.9  2.660614e-03
36645.4  2.566094e-03
36658.9  2.478380e-03
36672.4  2.398348e-03
36685.9  2.321288e-03
36699.4  2.250951e-03
36713.0  2.182777e-03
36726.5  2.117685e-03
36740.0  2.055047e-03
36753.5  1.992731e-03
36767.0  1.934779e-03
36780.5  1.882583e-03
36794.0  1.831181e-03
36807.5  1.780908e-03
36821.1  1.732514e-03
36834.6  1.687866e-03
36848.1  1.650623e-03
36861.6  1.612654e-03
36875.1  1.569000e-03
36888.6  1.527092e-03
36902.1  1.489910e-03
36915.6  1.457688e-03
36929.2  1.428244e-03
36942.7  1.397458e-03
36956.2  1.364901e-03
36969.7  1.335087e-03
36983.2  1.305098e-03
36996.7  1.276392e-03
37010.2  1.249495e-03
37023.7  1.221862e-03
37037.3  1.193779e-03
37050.8  1.165138e-03
37064.3  1.138313e-03
37077.8  1.116204e-03
37091.3  1.093747e-03
37104.8  1.067105e-03
37118.3  1.039009e-03
37131.8  1.011423e-03
37145.4  9.853701e-04
37158.9  9.608901e-04
37172.4  9.382038e-04
37185.9  9.178413e-04
37199.4  8.960697e-04
37212.9  8.723366e-04
37226.4  8.507627e-04
37239.9  8.288302e-04
37253.5  8.051578e-04
37267.0  7.834856e-04
37280.5  7.612545e-04
37294.0  7.365711e-04
37307.5  7.124027e-04
37321.0  6.883768e-04
37334.5  6.656874e-04
37348.0  6.450847e-04
37361.5  6.232316e-04
37375.1  6.003669e-04
37388.6  5.799789e-04
37402.1  5.583899e-04
37415.6  5.352303e-04
37429.1  5.117891e-04
37442.6  4.905580e-04
37456.1  4.747756e-04
37469.6  4.599595e-04
37483.2  4.409705e-04
37496.7  4.225475e-04
37510.2  4.056660e-04
37523.7  3.877573e-04
37537.2  3.721392e-04
37550.7  3.576946e-04
37564.2  3.412873e-04
37577.7  3.271251e-04
37591.3  3.162460e-04
37604.8  3.059906e-04
37618.3  2.963752e-04
37631.8  2.849260e-04
37645.3  2.710131e-04
37658.8  2.589724e-04
37672.3  2.478453e-04
37685.8  2.345734e-04
37699.4  2.217582e-04
37712.9  2.117769e-04
37726.4  2.046381e-04
37739.9  1.996691e-04
37753.4  1.946583e-04
37766.9  1.885318e-04
37780.4  1.808851e-04
37793.9  1.706145e-04
37807.5  1.607219e-04
37821.0  1.556592e-04
37834.5  1.533113e-04
37848.0  1.498408e-04
37861.5  1.454629e-04
37875.0  1.405886e-04
37888.5  1.359119e-04
37902.0  1.320038e-04
37915.6  1.270908e-04
37929.1  1.221658e-04
37942.6  1.189895e-04
37956.1  1.155738e-04
37969.6  1.132409e-04
37983.1  1.142867e-04
37996.6  1.135123e-04
38010.1  1.091238e-04
38023.7  1.062302e-04
38037.2  1.054223e-04
38050.7  1.043770e-04
38064.2  1.027305e-04
38077.7  1.006536e-04
38091.2  9.853055e-05
38104.7  9.549237e-05
38118.2  9.162267e-05
38131.8  8.858791e-05
38145.3  8.649665e-05
38158.8  8.495439e-05
38172.3  8.373628e-05
38185.8  8.175453e-05
38199.3  7.963565e-05
38212.8  7.910270e-05
38226.3  7.922702e-05
38239.8  7.945151e-05
38253.4  8.077130e-05
38266.9  8.175260e-05
38280.4  8.038297e-05
38293.9  7.899831e-05
38307.4  7.816071e-05
38320.9  7.635120e-05
38334.4  7.627850e-05
38347.9  7.834732e-05
38361.5  7.736207e-05
38375.0  7.389236e-05
38388.5  6.979551e-05
38402.0  6.550020e-05
38415.5  6.459211e-05
38429.0  6.575697e-05
38442.5  6.621822e-05
38456.0  6.690245e-05
38469.6  6.646541e-05
38483.1  6.317917e-05
38496.6  6.092383e-05
38510.1  6.227488e-05
38523.6  6.521768e-05
38537.1  6.731614e-05
38550.6  6.896411e-05
38564.1  6.870673e-05
38577.7  6.511234e-05
38591.2  6.004768e-05
38604.7  5.497046e-05
38618.2  5.207508e-05
38631.7  5.257655e-05
38645.2  5.290374e-05
38658.7  5.238449e-05
38672.2  5.179192e-05
38685.8  5.198483e-05
38699.3  5.218174e-05
38712.8  5.176208e-05
38726.3  5.153677e-05
38739.8  5.216889e-05
38753.3  5.469346e-05
38766.8  5.497233e-05
38780.3  5.213269e-05
38793.9  5.026045e-05
38807.4  5.045575e-05
38820.9  5.091615e-05
38834.4  5.031457e-05
38847.9  4.710927e-05
38861.4  4.264446e-05
38874.9  3.957193e-05
38888.4  3.926777e-05
38902.0  4.134968e-05
38915.5  4.586015e-05
38929.0  4.853398e-05
38942.5  4.865071e-05
38956.0  4.910844e-05
38969.5  4.956979e-05
38983.0  4.743391e-05
38996.5  4.507300e-05
39010.1  4.415180e-05
39023.6  4.329234e-05
39037.1  4.497938e-05
39050.6  4.714723e-05
39064.1  4.682841e-05
39077.6  4.711094e-05
39091.1  5.015243e-05
39104.6  5.250900e-05
39118.2  5.200577e-05
39131.7  5.102120e-05
39145.2  5.052592e-05
39158.7  4.969873e-05
39172.2  5.124338e-05
39185.7  5.308870e-05
39199.2  5.318181e-05
39212.7  5.396599e-05
39226.2  5.546741e-05
39239.8  5.636628e-05
39253.3  5.659358e-05
39266.8  5.578698e-05
39280.3  5.410119e-05
39293.8  5.245415e-05
39307.3  5.146007e-05
39320.8  4.812185e-05
39334.3  4.478818e-05
39347.9  4.480841e-05
39361.4  4.707088e-05
39374.9  5.109741e-05
39388.4  5.563181e-05
39401.9  5.810729e-05
39415.4  5.737408e-05
39428.9  5.537516e-05
39442.4  5.357998e-05
39456.0  5.249038e-05
39469.5  5.382468e-05
39483.0  5.470810e-05
39496.5  5.394014e-05
39510.0  5.386996e-05
39523.5  5.421999e-05
39537.0  5.394095e-05
39550.5  5.349142e-05
39564.1  5.502465e-05
39577.6  5.857459e-05
39591.1  6.351336e-05
39604.6  6.672663e-05
39618.1  6.451986e-05
39631.6  6.091470e-05
39645.1  5.972438e-05
39658.6  5.987211e-05
39672.2  5.995481e-05
39685.7  6.113004e-05
39699.2  6.367660e-05
39712.7  6.271820e-05
39726.2  6.157358e-05
39739.7  6.331864e-05
39753.2  6.342770e-05
39766.7  6.115057e-05
39780.3  5.895273e-05
39793.8  5.787493e-05
39807.3  5.776847e-05
39820.8  5.914071e-05
39834.3  6.143942e-05
39847.8  6.254463e-05
39861.3  6.392165e-05
39874.8  6.427375e-05
39888.4  6.242113e-05
39901.9  5.962903e-05
39915.4  5.830416e-05
39928.9  5.946183e-05
39942.4  6.346079e-05
39955.9  6.818984e-05
39969.4  6.773139e-05
39982.9  6.469874e-05
39996.5  6.405018e-05
40010.0  6.566548e-05
40023.5  6.639895e-05
40037.0  6.543893e-05
40050.5  6.561094e-05
40064.0  6.504082e-05
40077.5  6.418435e-05
40091.0  6.462987e-05
40104.5  6.499329e-05
40118.1  6.460425e-05
40131.6  6.401368e-05
40145.1  6.351792e-05
40158.6  6.141661e-05
40172.1  5.982339e-05
40185.6  5.897408e-05
40199.1  5.685184e-05
40212.6  5.516197e-05
40226.2  5.567720e-05
40239.7  5.827741e-05
40253.2  6.067371e-05
40266.7  6.247881e-05
40280.2  6.339616e-05
40293.7  6.387796e-05
40307.2  6.504722e-05
40320.7  6.644983e-05
40334.3  6.659568e-05
40347.8  6.569043e-05
40361.3  6.734820e-05
40374.8  7.016285e-05
40388.3  7.221980e-05
40401.8  7.325908e-05
40415.3  7.262949e-05
40428.8  6.998637e-05
40442.4  6.656953e-05
40455.9  6.517536e-05
40469.4  6.629758e-05
40482.9  6.954375e-05
40496.4  7.304684e-05
40509.9  7.479377e-05
40523.4  7.479498e-05
40536.9  7.526130e-05
40550.5  7.589947e-05
40564.0  7.419124e-05
40577.5  7.264519e-05
40591.0  7.167590e-05
40604.5  7.096252e-05
40618.0  7.043555e-05
40631.5  7.106786e-05
40645.0  7.007186e-05
40658.6  6.733723e-05
40672.1  6.667233e-05
40685.6  6.796386e-05
40699.1  6.983804e-05
40712.6  7.111643e-05
40726.1  7.328794e-05
40739.6  7.379000e-05
40753.1  7.212892e-05
40766.7  7.006615e-05
40780.2  6.818615e-05
40793.7  6.670263e-05
40807.2  6.660138e-05
40820.7  6.941151e-05
40834.2  7.104157e-05
40847.7  7.120019e-05
40861.2  7.095037e-05
40874.8  7.127960e-05
40888.3  7.218803e-05
40901.8  7.429499e-05
40915.3  7.553925e-05
40928.8  7.477613e-05
40942.3  7.328982e-05
40955.8  7.180335e-05
40969.3  6.985497e-05
40982.8  6.774579e-05
40996.4  6.983697e-05
41009.9  7.219673e-05
41023.4  7.159987e-05
41036.9  6.829212e-05
41050.4  6.536898e-05
41063.9  6.378411e-05
41077.4  6.188802e-05
41090.9  6.189781e-05
41104.5  6.292634e-05
41118.0  6.327213e-05
41131.5  6.140675e-05
41145.0  6.012925e-05
41158.5  5.974157e-05
41172.0  5.986017e-05
41185.5  6.102657e-05
41199.0  6.329584e-05
41212.6  6.551990e-05
41226.1  6.677162e-05
41239.6  6.746082e-05
41253.1  6.665798e-05
41266.6  6.478988e-05
41280.1  6.270292e-05
41293.6  6.087764e-05
41307.1  5.868403e-05
41320.7  5.852476e-05
41334.2  5.967992e-05
41347.7  6.093926e-05
41361.2  6.036647e-05
41374.7  5.916244e-05
41388.2  5.744021e-05
41401.7  5.529229e-05
41415.2  5.401538e-05
41428.8  5.430724e-05
41442.3  5.475737e-05
41455.8  5.363572e-05
41469.3  5.341534e-05
41482.8  5.361408e-05
41496.3  5.350502e-05
41509.8  5.273372e-05
41523.3  5.342733e-05
41536.9  5.360527e-05
41550.4  5.321171e-05
41563.9  5.307115e-05
41577.4  5.397946e-05
41590.9  5.501214e-05
41604.4  5.658990e-05
41617.9  5.844103e-05
41631.4  5.907696e-05
41645.0  5.773447e-05
41658.5  5.596459e-05
41672.0  5.529276e-05
41685.5  5.392994e-05
41699.0  5.271550e-05
41712.5  5.259225e-05
41726.0  5.427495e-05
41739.5  5.511297e-05
41753.1  5.533520e-05
41766.6  5.415555e-05
41780.1  5.152623e-05
41793.6  4.789937e-05
41807.1  4.823164e-05
41820.6  4.947900e-05
41834.1  4.952655e-05
41847.6  4.816592e-05
41861.1  4.749630e-05
41874.7  4.747131e-05
41888.2  4.708139e-05
41901.7  4.744069e-05
41915.2  4.855568e-05
41928.7  4.917738e-05
41942.2  4.757826e-05
41955.7  4.601535e-05
41969.2  4.501738e-05
41982.8  4.483313e-05
41996.3  4.583674e-05
42009.8  4.676514e-05
42023.3  4.681027e-05
42036.8  4.764974e-05
42050.3  5.046221e-05
42063.8  5.385815e-05
42077.3  5.236545e-05
42090.9  5.014435e-05
42104.4  4.880674e-05
42117.9  4.898436e-05
42131.4  4.781189e-05
42144.9  4.791811e-05
42158.4  4.929622e-05
42171.9  5.057147e-05
42185.4  4.970941e-05
42199.0  4.846459e-05
42212.5  4.815119e-05
42226.0  4.796323e-05
42239.5  4.755824e-05
42253.0  4.766106e-05
42266.5  4.655972e-05
42280.0  4.482485e-05
42293.5  4.381477e-05
42307.1  4.459388e-05
42320.6  4.539011e-05
42334.1  4.444153e-05
42347.6  4.404413e-05
42361.1  4.407837e-05
42374.6  4.412790e-05
42388.1  4.445709e-05
42401.6  4.565566e-05
42415.2  4.544416e-05
42428.7  4.296807e-05
42442.2  3.953333e-05
42455.7  3.939871e-05
42469.2  3.958917e-05
42482.7  3.928008e-05
42496.2  3.842862e-05
42509.7  4.031433e-05
42523.3  4.228131e-05
42536.8  4.396362e-05
42550.3  4.501687e-05
42563.8  4.568913e-05
42577.3  4.469416e-05
42590.8  4.330329e-05
42604.3  4.181080e-05
42617.8  4.023799e-05
42631.4  3.731784e-05
42644.9  3.576391e-05
42658.4  3.573007e-05
42671.9  3.732148e-05
42685.4  3.805991e-05
42698.9  3.776096e-05
42712.4  3.614752e-05
42725.9  3.345486e-05
42739.5  3.101065e-05
42753.0  3.167561e-05
42766.5  3.311462e-05
42780.0  3.465342e-05
42793.5  3.540857e-05
42807.0  3.639542e-05
42820.5  3.604737e-05
42834.0  3.442495e-05
42847.5  3.204911e-05
42861.1  3.101114e-05
42874.6  3.001609e-05
42888.1  2.910205e-05
42901.6  2.888480e-05
42915.1  2.975117e-05
42928.6  2.975523e-05
42942.1  2.992645e-05
42955.6  3.074423e-05
42969.2  3.239536e-05
42982.7  3.208659e-05
42996.2  3.147339e-05
43009.7  3.127025e-05
43023.2  3.213949e-05
43036.7  3.181595e-05
43050.2  3.130000e-05
43063.7  3.026248e-05
43077.3  2.783271e-05
43090.8  2.362973e-05
43104.3  2.250276e-05
43117.8  2.443834e-05
43131.3  2.955049e-05
43144.8  3.081854e-05
43158.3  2.946078e-05
43171.8  2.686321e-05
43185.4  2.453040e-05
43198.9  2.409425e-05
43212.4  2.432342e-05
43225.9  2.418089e-05
43239.4  2.171585e-05
43252.9  1.798604e-05
43266.4  1.654349e-05
43279.9  1.719170e-05
43293.5  1.846450e-05
43307.0  1.872422e-05
43320.5  1.923103e-05
43334.0  2.004739e-05
43347.5  2.099472e-05
43361.0  2.207932e-05
43374.5  2.260962e-05
43388.0  2.246838e-05
43401.6  1.916169e-05
43415.1  1.661409e-05
43428.6  1.720653e-05
43442.1  2.050447e-05
43455.6  2.330546e-05
43469.1  2.430635e-05
43482.6  2.555902e-05
43496.1  2.591634e-05
43509.7  2.559644e-05
43523.2  2.589779e-05
43536.7  2.667949e-05
43550.2  2.747842e-05
43563.7  2.619747e-05
43577.2  2.354600e-05
43590.7  2.115721e-05
43604.2  1.870859e-05
43617.8  1.521276e-05
43631.3  1.495232e-05
43644.8  1.379444e-05
43658.3  1.151386e-05
43671.8  9.914557e-06
43685.3  1.303310e-05
43698.8  1.628928e-05
43712.3  1.662581e-05
43725.8  1.231914e-05
43739.4  8.656620e-06
43752.9  6.945106e-06
43766.4  7.147657e-06
43779.9  9.203883e-06
43793.4  1.365197e-05
43806.9  1.504318e-05
43820.4  1.212766e-05
43833.9  1.163194e-05
43847.5  1.245424e-05
43861.0  1.469327e-05
43874.5  1.485960e-05
43888.0  1.476851e-05
43901.5  1.509527e-05
43915.0  1.436437e-05
43928.5  1.201528e-05
43942.0  1.054679e-05
43955.6  1.075875e-05
43969.1  1.249836e-05
43982.6  1.350944e-05
43996.1  1.430123e-05
44009.6  1.508842e-05
44023.1  1.414903e-05
44036.6  1.205401e-05
44050.1  8.763501e-06
44063.7  6.271313e-06
44077.2  6.910551e-06
44090.7  8.691515e-06
44104.2  1.083549e-05
44117.7  1.257426e-05
44131.2  1.340559e-05
44144.7  1.568463e-05
44158.2  1.400459e-05
44171.8  1.234932e-05
44185.3  1.282188e-05
44198.8  1.397320e-05
44212.3  1.387176e-05
44225.8  1.480094e-05
44239.3  1.573542e-05
44252.8  1.556072e-05
44266.3  1.356133e-05
44279.9  1.185570e-05
44293.4  1.060418e-05
44306.9  1.028651e-05
44320.4  1.052835e-05
44333.9  1.117260e-05
44347.4  1.211279e-05
44360.9  1.385546e-05
44374.4  1.519959e-05
44388.0  1.746703e-05
44401.5  1.950511e-05
44415.0  1.992251e-05
44428.5  1.875300e-05
44442.0  1.569607e-05
44455.5  1.254440e-05
44469.0  1.081283e-05
44482.5  1.080067e-05
44496.1  1.065273e-05
44509.6  1.083900e-05
44523.1  1.029940e-05
44536.6  9.680669e-06
44550.1  9.463053e-06
44563.6  9.030238e-06
44577.1  7.900316e-06
44590.6  7.140064e-06
44604.1  6.682333e-06
44617.7  7.429789e-06
44631.2  6.708645e-06
44644.7  5.040494e-06
44658.2  4.115563e-06
44671.7  4.164084e-06
44685.2  3.583034e-06
44698.7  2.896502e-06
44712.2  2.913125e-06
44725.8  4.301194e-06
44739.3  5.283584e-06
44752.8  6.131612e-06
44766.3  7.202722e-06
44779.8  8.674159e-06
44793.3  9.624730e-06
44806.8  7.745108e-06
44820.3  6.452040e-06
44833.9  6.795421e-06
44847.4  9.767398e-06
44860.9  1.316473e-05
44874.4  1.543639e-05
44887.9  1.649019e-05
44901.4  1.379937e-05
44914.9  1.185841e-05
44928.4  1.023290e-05
44942.0  1.104743e-05
44955.5  1.132259e-05
44969.0  1.147395e-05
44982.5  8.868589e-06
44996.0  7.395461e-06
45009.5  5.647259e-06
45023.0  5.039776e-06
45036.5  3.632247e-06
45050.1  3.818011e-06
45063.6  6.392947e-06
45077.1  8.837196e-06
45090.6  1.134154e-05
45104.1  1.345243e-05
45117.6  1.417275e-05
45131.1  1.164352e-05
45144.6  8.023253e-06
45158.2  4.450235e-06
45171.7  4.902063e-06
45185.2  8.725307e-06
45198.7  1.265835e-05
45212.2  1.402607e-05
45225.7  1.444040e-05
45239.2  1.448287e-05
45252.7  1.452343e-05
45266.3  1.404630e-05
45279.8  1.310126e-05
45293.3  9.966334e-06
45306.8  9.341391e-06
45320.3  9.609671e-06
45333.8  8.561997e-06
45347.3  6.451450e-06
45360.8  4.573132e-06
45374.4  4.401966e-06
45387.9  6.092080e-06
45401.4  1.312358e-05
45414.9  1.638907e-05
45428.4  1.576363e-05
45441.9  1.317100e-05
45455.4  1.013945e-05
45468.9  6.788034e-06
45482.5  3.450281e-06
45496.0  2.820335e-06
45509.5  2.949061e-06
45523.0  3.393188e-06
45536.5  2.886248e-06
45550.0  1.844658e-06
45563.5  1.538988e-06
45577.0  1.545729e-06
45590.5  2.098414e-06
45604.1  3.090151e-06
45617.6  4.194901e-06
45631.1  4.173728e-06
45644.6  3.844493e-06
45658.1  3.289856e-06
45671.6  3.956194e-06
45685.1  4.140598e-06
45698.6  4.145702e-06
45712.2  2.646953e-06
45725.7  1.802036e-06
45739.2  1.314607e-06
45752.7  2.046323e-06
45766.2  4.613644e-06
45779.7  6.291900e-06
45793.2  7.037846e-06
45806.7  7.160557e-06
45820.3  6.520572e-06
45833.8  5.317687e-06
45847.3  6.256956e-06
45860.8  8.073941e-06
45874.3  8.512401e-06
45887.8  8.179680e-06
45901.3  7.080288e-06
45914.8  4.954282e-06
45928.4  3.775050e-06
45941.9  2.862453e-06
45955.4  2.357158e-06
45968.9  4.248335e-06
45982.4  7.324720e-06
45995.9  6.185675e-06
46009.4  4.128941e-06
46022.9  2.659170e-06
46036.5  6.477858e-07
46050.0  2.917066e-06
46063.5  3.353070e-06
46077.0  2.475296e-06
46090.5  1.864380e-06
46104.0  1.504508e-06
46117.5  2.838686e-08
46131.0  4.833022e-09
46144.6  4.829971e-09
46158.1  9.727856e-08
46171.6  2.201609e-06
46185.1  2.938581e-06
46198.6  1.875397e-06
46212.1  6.654319e-07
46225.6  1.643871e-06
46239.1  1.754377e-06
46252.7  9.740815e-07
46266.2  2.761339e-07
46279.7  4.969554e-07
46293.2  1.489542e-06
46306.7  2.011602e-06
46320.2  2.438758e-06
46333.7  2.741703e-06
46347.2  3.150947e-06
46360.8  2.803884e-06
46374.3  1.589964e-06
46387.8  7.237404e-07
46401.3  5.995331e-07
46414.8  1.471359e-06
46428.3  1.053157e-06
46441.8  1.370980e-06
46455.3  1.690860e-06
46468.8  2.452507e-06
46482.4  3.067733e-06
46495.9  2.931562e-06
46509.4  2.342616e-06
46522.9  2.279019e-06
46536.4  3.030934e-06
46549.9  3.904750e-06
46563.4  4.715410e-06
46576.9  4.944328e-06
46590.5  4.032238e-06
46604.0  2.371782e-06
46617.5  8.959659e-07
46631.0  7.554032e-07
46644.5  8.751441e-07
46658.0  1.468363e-06
46671.5  2.233540e-06
46685.0  3.002206e-06
46698.6  3.266437e-06
46712.1  3.179776e-06
46725.6  2.611694e-06
46739.1  5.893966e-07
46752.6  7.605994e-08
46766.1  7.233665e-09
46779.6  4.630426e-09
46793.1  4.625599e-09
46806.7  4.620713e-09
46820.2  2.018060e-08
46833.7  1.600766e-06
46847.2  1.864087e-06
46860.7  1.119995e-06
46874.2  3.158868e-07
46887.7  1.989878e-08
46901.2  4.586011e-09
46914.8  4.581091e-09
46928.3  4.576168e-09
46941.8  5.517203e-09
46955.3  1.389820e-07
46968.8  9.167518e-07
46982.3  1.082879e-06
46995.8  1.554569e-06
47009.3  1.997064e-06
47022.9  2.147361e-06
47036.4  2.343500e-06
47049.9  2.642935e-06
47063.4  3.273852e-06
47076.9  3.221949e-06
47090.4  2.480290e-06
47103.9  4.216212e-07
47117.4  4.390781e-08
47131.0  2.156268e-08
47144.5  7.634925e-09
47158.0  4.500961e-09
47171.5  4.496736e-09
47185.0  4.492520e-09
47198.5  5.858275e-09
47212.0  2.476073e-07
47225.5  2.188202e-06
47239.1  3.674311e-06
47252.6  3.118511e-06
47266.1  1.973117e-06
47279.6  7.111292e-07
47293.1  3.443497e-08
47306.6  4.450139e-09
47320.1  4.445416e-09
47333.6  4.440708e-09
47347.1  4.439480e-09
47360.7  4.436172e-09
47374.2  4.431495e-09
47387.7  4.426829e-09
47401.2  4.422178e-09
47414.7  4.417576e-09
47428.2  4.412986e-09
47441.7  4.408408e-09
47455.2  4.403844e-09
47468.8  4.399291e-09
47482.3  4.394751e-09
47495.8  4.390225e-09
47509.3  4.385709e-09
47522.8  4.381207e-09
47536.3  4.376716e-09
47549.8  4.372236e-09
47563.3  4.367772e-09
47576.9  4.363317e-09
47590.4  4.358874e-09
47603.9  4.354458e-09
47617.4  4.350086e-09
47630.9  4.345557e-09
47644.4  4.341001e-09
47657.9  4.336454e-09
47671.4  4.331919e-09
47685.0  4.327395e-09
47698.5  4.322880e-09
47712.0  4.318358e-09
47725.5  4.313843e-09
47739.0  4.309336e-09
47752.5  4.304839e-09
47766.0  4.300351e-09
47779.5  4.295869e-09
47793.1  4.291398e-09
47806.6  4.286893e-09
47820.1  4.282353e-09
47833.6  4.277821e-09
47847.1  4.273295e-09
47860.6  4.268774e-09
47874.1  4.264260e-09
47887.6  4.259750e-09
47901.2  4.255246e-09
47914.7  4.250770e-09
47928.2  4.246297e-09
47941.7  4.241827e-09
47955.2  4.237360e-09
47968.7  4.232894e-09
47982.2  4.228430e-09
47995.7  4.223967e-09
48009.3  4.219535e-09
48022.8  4.215117e-09
48036.3  4.210699e-09
48049.8  4.206279e-09
48063.3  4.201857e-09
48076.8  4.197433e-09
48090.3  4.197588e-09
48103.8  4.193127e-09
48117.4  4.188596e-09
48130.9  4.184061e-09
48144.4  4.179521e-09
48157.9  4.174975e-09
48171.4  4.170423e-09
48184.9  4.165865e-09
48198.4  4.161298e-09
48211.9  4.156799e-09
48225.5  4.152300e-09
48239.0  4.147792e-09
48252.5  4.143275e-09
48266.0  4.138747e-09
48279.5  4.134208e-09
48293.0  4.129658e-09
48306.5  4.125074e-09
48320.0  4.120455e-09
48333.5  4.115824e-09
48347.1  4.111179e-09
48360.6  4.106520e-09
48374.1  4.101846e-09
48387.6  4.097158e-09
48401.1  4.092453e-09
48414.6  4.087719e-09
48428.1  4.082970e-09
48441.6  4.078203e-09
48455.2  4.073419e-09
48468.7  4.068617e-09
48482.2  4.063797e-09
48495.7  4.058958e-09
48509.2  4.054167e-09
48522.7  4.049388e-09
48536.2  4.044589e-09
48549.7  4.039770e-09
48563.3  4.034929e-09
48576.8  4.030066e-09
48590.3  4.025183e-09
48603.8  4.020271e-09
48617.3  4.015324e-09
48630.8  4.010354e-09
48644.3  4.005361e-09
48657.8  4.000345e-09
48671.4  3.995304e-09
48684.9  3.990239e-09
48698.4  3.985150e-09
48711.9  3.979988e-09
48725.4  3.974793e-09
48738.9  3.969574e-09
48752.4  3.964330e-09
48765.9  3.961628e-09
48779.5  3.958080e-09
48793.0  3.951159e-09
48806.5  3.944174e-09
48820.0  3.937195e-09
48833.5  3.930194e-09
48847.0  3.923172e-09
48860.5  3.916129e-09
48874.0  3.909063e-09
48887.6  3.901976e-09
48901.1  3.894866e-09
48914.6  3.887717e-09
48928.1  3.880546e-09
48941.6  3.873353e-09
48955.1  3.866138e-09
48968.6  3.858902e-09
48982.1  3.851644e-09
48995.7  3.844364e-09
49009.2  3.837057e-09
49022.7  3.829725e-09
49036.2  3.822371e-09
49049.7  3.814997e-09
49063.2  3.807600e-09
49076.7  3.800181e-09
49090.2  3.792743e-09
49103.8  3.785287e-09
49117.3  3.777823e-09
49130.8  3.770339e-09
49144.3  3.762833e-09
49157.8  3.755307e-09
49171.3  3.747760e-09
49184.8  3.740192e-09
49198.3  3.732605e-09
49211.8  3.724965e-09
49225.4  3.717299e-09
49238.9  3.709615e-09
49252.4  3.701910e-09
49265.9  3.694187e-09
49279.4  3.686445e-09
49292.9  3.678684e-09
49306.4  3.670900e-09
49319.9  3.663093e-09
49333.5  3.655268e-09
49347.0  3.647425e-09
49360.5  3.639565e-09
49374.0  3.631687e-09
49387.5  3.623792e-09
49401.0  3.615883e-09
49414.5  3.609766e-09
49428.0  3.603991e-09
49441.6  3.596049e-09
49455.1  3.588090e-09
49468.6  3.580116e-09
49482.1  3.572127e-09
49495.6  3.564122e-09
49509.1  3.556107e-09
49522.6  3.548079e-09
49536.1  3.540037e-09
49549.7  3.531981e-09
49563.2  3.523910e-09
49576.7  3.515825e-09
49590.2  3.507728e-09
49603.7  3.499615e-09
49617.2  3.491486e-09
49630.7  3.483345e-09
49644.2  3.475190e-09
49657.8  3.467024e-09
49671.3  3.458845e-09
49684.8  3.450654e-09
49698.3  3.442451e-09
49711.8  3.434292e-09
49725.3  3.426129e-09
49738.8  3.417954e-09
49752.3  3.409769e-09
49765.9  3.401571e-09
49779.4  3.393364e-09
49792.9  3.385145e-09
49806.4  3.376907e-09
49819.9  3.368651e-09
49833.4  3.360384e-09
49846.9  3.352108e-09
49860.4  3.343821e-09
49874.0  3.335524e-09
49887.5  3.327218e-09
49901.0  3.318902e-09
49914.5  3.310576e-09
49928.0  3.302241e-09
49941.5  3.293896e-09
49955.0  3.285542e-09
49968.5  3.277179e-09
49982.1  3.268807e-09
49995.6  3.260426e-09
50009.1  3.252364e-09
50022.6  3.244452e-09
50036.1  3.236528e-09
50049.6  3.228591e-09
50063.1  3.220643e-09
50076.6  3.212683e-09
50090.1  3.208201e-09
50103.7  3.200208e-09
50117.2  3.192203e-09
50130.7  3.184186e-09
50144.2  3.176156e-09
50157.7  3.168115e-09
50171.2  3.160062e-09
50184.7  3.151996e-09
50198.2  3.143918e-09
50211.8  3.135828e-09
50225.3  3.127726e-09
50238.8  3.119611e-09
50252.3  3.111483e-09
50265.8  3.103343e-09
50279.3  3.095191e-09
50292.8  3.087025e-09
50306.3  3.078846e-09
50319.9  3.070655e-09
50333.4  3.062450e-09
50346.9  3.054232e-09
50360.4  3.046001e-09
50373.9  3.037756e-09
50387.4  3.029497e-09
50400.9  3.021225e-09
50414.4  3.012938e-09
50428.0  3.004637e-09
50441.5  2.996322e-09
50455.0  2.987992e-09
50468.5  2.979648e-09
50482.0  2.971289e-09
50495.5  2.962915e-09
50509.0  3.240094e-09
50522.5  8.654706e-09
50536.1  1.365121e-08
50549.6  4.164305e-09
50563.1  2.920804e-09
50576.6  2.912334e-09
50590.1  2.903848e-09
50603.6  2.895345e-09
50617.1  2.886825e-09
50630.6  2.878332e-09
50644.2  2.870687e-09
50657.7  2.863020e-09
50671.2  2.855330e-09
50684.7  2.847617e-09
50698.2  2.839881e-09
50711.7  5.543773e-09
50725.2  4.860693e-08
50738.7  1.914773e-08
50752.3  3.219868e-09
50765.8  2.800844e-09
50779.3  2.795783e-09
50792.8  2.788089e-09
50806.3  2.780150e-09
50819.8  2.772187e-09
50833.3  4.170733e-09
50846.8  3.923575e-08
50860.4  4.285956e-08
50873.9  1.608351e-08
50887.4  8.675125e-08
50900.9  6.137381e-07
50914.4  1.333971e-06
50927.9  2.124921e-06
50941.4  1.920245e-06
50954.9  1.172783e-06
50968.4  2.172260e-08
50982.0  2.674587e-09
50995.5  2.666278e-09
