# from http://www.stsci.edu/jwst/instruments/nircam/instrumentdesign/filters
# Retrieved Jan 18, 2017, dated Feb 5, 2016 (pre-flight)
# Uses modA or modB  filters+DBS+QE+OTE (nrc_plus_ote)
# Units of transmission are PCE (photon to electron conversion efficiency)
# 
20004.7  5.070450e-12
20020.7  5.719957e-12
20036.8  6.290473e-12
20052.9  4.729816e-12
20069.0  3.784455e-12
20085.1  3.562137e-12
20101.1  3.175383e-12
20117.2  2.433653e-12
20133.3  2.170652e-12
20149.4  2.039338e-12
20165.5  2.103199e-12
20181.6  2.549072e-12
20197.6  2.798591e-12
20213.7  2.424430e-12
20229.8  2.297345e-12
20245.9  2.429014e-12
20262.0  1.907691e-12
20278.0  1.590197e-12
20294.1  1.725607e-12
20310.2  2.382408e-12
20326.3  2.502325e-12
20342.4  1.993114e-12
20358.4  1.594895e-12
20374.5  1.356806e-12
20390.6  1.320087e-12
20406.7  1.417223e-12
20422.8  1.521068e-12
20438.8  1.679158e-12
20454.9  1.837213e-12
20471.0  2.148077e-12
20487.1  1.904916e-12
20503.2  1.445662e-12
20519.3  1.341137e-12
20535.3  1.553660e-12
20551.4  2.061516e-13
20567.5  8.294583e-15
20583.6  1.019250e-14
20599.7  1.495268e-13
20615.7  4.283897e-13
20631.8  6.184337e-13
20647.9  8.650960e-13
20664.0  1.171103e-12
20680.1  1.764104e-12
20696.1  2.376990e-12
20712.2  2.079297e-12
20728.3  1.231403e-12
20744.4  2.047390e-12
20760.5  3.851838e-12
20776.5  4.545756e-12
20792.6  2.358873e-12
20808.7  1.724223e-12
20824.8  2.655382e-12
20840.9  4.953603e-12
20857.0  4.657272e-12
20873.0  4.555372e-12
20889.1  4.568655e-12
20905.2  6.549069e-12
20921.3  9.717077e-12
20937.4  1.472561e-11
20953.4  1.533272e-11
20969.5  1.556316e-11
20985.6  2.235782e-11
21001.7  3.579920e-11
21017.8  2.776900e-11
21033.8  1.942034e-11
21049.9  1.848781e-11
21066.0  2.193603e-11
21082.1  2.389484e-11
21098.2  2.681995e-11
21114.2  3.237629e-11
21130.3  3.101135e-11
21146.4  3.734776e-11
21162.5  3.325082e-11
21178.6  2.886443e-11
21194.7  2.749766e-11
21210.7  2.586651e-11
21226.8  3.487125e-11
21242.9  5.658966e-11
21259.0  4.603715e-11
21275.1  3.080652e-11
21291.1  3.136306e-11
21307.2  4.885224e-11
21323.3  7.868134e-11
21339.4  6.581191e-11
21355.5  5.819495e-11
21371.5  7.014463e-11
21387.6  8.454349e-11
21403.7  6.636722e-11
21419.8  6.370980e-11
21435.9  5.916146e-11
21451.9  5.396700e-11
21468.0  4.199075e-11
21484.1  3.058914e-11
21500.2  3.698323e-11
21516.3  2.456271e-11
21532.4  2.183223e-11
21548.4  3.816101e-11
21564.5  1.046487e-10
21580.6  6.281244e-11
21596.7  4.314554e-11
21612.8  5.081530e-11
21628.8  7.796739e-11
21644.9  1.014066e-10
21661.0  1.131003e-10
21677.1  1.503733e-10
21693.2  1.548527e-10
21709.2  1.641194e-10
21725.3  1.964159e-10
21741.4  2.425516e-10
21757.5  2.280691e-10
21773.6  1.868353e-10
21789.6  1.681059e-10
21805.7  1.729776e-10
21821.8  1.570343e-10
21837.9  5.591695e-11
21854.0  3.135135e-11
21870.1  3.698639e-11
21886.1  7.589394e-11
21902.2  1.434489e-10
21918.3  1.510264e-10
21934.4  1.780369e-10
21950.5  1.827387e-10
21966.5  1.899021e-10
21982.6  2.176895e-10
21998.7  2.535183e-10
22014.8  2.683877e-10
22030.9  2.633950e-10
22046.9  2.772608e-10
22063.0  3.599896e-10
22079.1  4.702436e-10
22095.2  4.624552e-10
22111.3  4.438473e-10
22127.3  4.731362e-10
22143.4  5.700727e-10
22159.5  8.462376e-10
22175.6  8.704181e-10
22191.7  9.737989e-10
22207.7  1.378518e-09
22223.8  2.014769e-09
22239.9  2.847045e-09
22256.0  3.827537e-09
22272.1  4.863933e-09
22288.2  4.859664e-09
22304.2  4.765124e-09
22320.3  4.807470e-09
22336.4  5.165512e-09
22352.5  4.733137e-09
22368.6  3.691450e-09
22384.6  3.515004e-09
22400.7  4.181581e-09
22416.8  5.446415e-09
22432.9  6.748837e-09
22449.0  6.298706e-09
22465.0  6.199242e-09
22481.1  8.004239e-09
22497.2  1.076903e-08
22513.3  1.153633e-08
22529.4  1.171799e-08
22545.4  1.182571e-08
22561.5  1.029451e-08
22577.6  8.926935e-09
22593.7  1.292031e-08
22609.8  2.204364e-08
22625.9  3.244660e-08
22641.9  3.448025e-08
22658.0  3.731265e-08
22674.1  3.969159e-08
22690.2  4.317072e-08
22706.3  3.729138e-08
22722.3  2.647106e-08
22738.4  1.957759e-08
22754.5  1.890636e-08
22770.6  2.211052e-08
22786.7  2.923621e-08
22802.7  2.500261e-08
22818.8  2.332336e-08
22834.9  3.122832e-08
22851.0  4.245979e-08
22867.1  5.316599e-08
22883.1  6.241259e-08
22899.2  7.745794e-08
22915.3  5.709854e-08
22931.4  4.160944e-08
22947.5  4.060353e-08
22963.6  5.784234e-08
22979.6  9.191655e-08
22995.7  4.966996e-08
23011.8  3.703339e-08
23027.9  3.998444e-08
23044.0  6.264886e-08
23060.0  1.005826e-07
23076.1  3.705358e-08
23092.2  1.981942e-08
23108.3  3.806163e-08
23124.4  5.889000e-08
23140.4  1.079294e-07
23156.5  1.763532e-07
23172.6  2.619206e-07
23188.7  3.686291e-07
23204.8  2.419104e-07
23220.8  1.624653e-07
23236.9  2.012315e-07
23253.0  4.116306e-07
23269.1  8.334400e-07
23285.2  6.866473e-07
23301.3  7.432506e-07
23317.3  8.633679e-07
23333.4  1.106628e-06
23349.5  1.917541e-06
23365.6  2.229864e-06
23381.7  1.831076e-06
23397.7  1.595619e-06
23413.8  1.750397e-06
23429.9  2.152813e-06
23446.0  2.441750e-06
23462.1  2.148021e-06
23478.1  1.927950e-06
23494.2  1.176144e-06
23510.3  1.006860e-06
23526.4  1.074331e-06
23542.5  1.266531e-06
23558.5  1.578128e-06
23574.6  9.840534e-07
23590.7  7.548328e-07
23606.8  7.681983e-07
23622.9  1.179448e-06
23639.0  2.117693e-06
23655.0  4.418527e-06
23671.1  2.933583e-06
23687.2  2.044900e-06
23703.3  1.873378e-06
23719.4  2.359948e-06
23735.4  3.353421e-06
23751.5  3.544520e-06
23767.6  3.536231e-06
23783.7  3.549589e-06
23799.8  2.394182e-06
23815.8  1.990100e-06
23831.9  1.904430e-06
23848.0  2.257757e-06
23864.1  2.961212e-06
23880.2  2.235460e-06
23896.2  1.346200e-06
23912.3  8.938416e-07
23928.4  1.371772e-06
23944.5  2.377916e-06
23960.6  3.502416e-06
23976.7  1.578554e-06
23992.7  9.417856e-07
24008.8  6.613225e-07
24024.9  5.983985e-07
24041.0  1.003339e-06
24057.1  1.073848e-06
24073.1  7.896728e-07
24089.2  6.862898e-07
24105.3  8.030159e-07
24121.4  9.883427e-07
24137.5  1.203779e-06
24153.5  1.249991e-06
24169.6  1.586167e-06
24185.7  2.997246e-06
24201.8  2.062046e-06
24217.9  1.442598e-06
24233.9  1.515399e-06
24250.0  2.611945e-06
24266.1  4.497976e-06
24282.2  2.947906e-06
24298.3  1.588965e-06
24314.4  9.746178e-07
24330.4  1.348893e-06
24346.5  2.352641e-06
24362.6  4.550615e-06
24378.7  4.488524e-06
24394.8  4.353966e-06
24410.8  4.430907e-06
24426.9  5.224815e-06
24443.0  6.172424e-06
24459.1  7.004245e-06
24475.2  6.916056e-06
24491.2  6.846270e-06
24507.3  6.285679e-06
24523.4  5.032440e-06
24539.5  4.055263e-06
24555.6  4.073902e-06
24571.6  5.227297e-06
24587.7  6.718749e-06
24603.8  6.453454e-06
24619.9  5.017956e-06
24636.0  3.935294e-06
24652.0  4.261550e-06
24668.1  5.459266e-06
24684.2  7.069975e-06
24700.3  4.448491e-06
24716.4  3.014142e-06
24732.5  2.284154e-06
24748.5  2.102445e-06
24764.6  2.081002e-06
24780.7  2.656552e-06
24796.8  2.897943e-06
24812.9  2.992370e-06
24828.9  3.167268e-06
24845.0  3.752337e-06
24861.1  4.500305e-06
24877.2  5.422028e-06
24893.3  6.763561e-06
24909.3  8.477239e-06
24925.4  1.066185e-05
24941.5  7.936034e-06
24957.6  6.136597e-06
24973.7  4.911865e-06
24989.7  5.830793e-06
24997.8  1.274544e-05
25011.3  1.025673e-05
25024.8  8.257294e-06
25038.3  8.330158e-06
25051.8  7.937549e-06
25065.3  7.200934e-06
25078.9  7.487618e-06
25092.4  9.969087e-06
25105.9  6.336963e-06
25119.4  6.338820e-06
25132.9  4.575418e-06
25146.4  3.791803e-06
25159.9  4.894371e-06
25173.4  5.096027e-06
25187.0  1.958155e-06
25200.5  4.958236e-06
25214.0  4.099007e-06
25227.5  5.972264e-06
25241.0  8.604655e-06
25254.5  8.894168e-06
25268.0  8.660967e-06
25281.5  7.864442e-06
25295.1  1.018728e-05
25308.6  1.104400e-05
25322.1  6.324196e-06
25335.6  4.251085e-06
25349.1  4.387932e-06
25362.6  1.694695e-06
25376.1  6.389381e-06
25389.6  7.455797e-06
25403.2  4.061400e-06
25416.7  5.410067e-06
25430.2  7.267166e-06
25443.7  4.233834e-06
25457.2  8.880987e-07
25470.7  4.501221e-06
25484.2  9.890614e-06
25497.7  7.562091e-06
25511.2  3.451572e-06
25524.8  2.524474e-06
25538.3  5.174602e-06
25551.8  4.855698e-06
25565.3  5.973565e-06
25578.8  5.300427e-06
25592.3  3.539679e-06
25605.8  3.419098e-06
25619.3  5.360256e-06
25632.9  8.006914e-06
25646.4  4.495493e-06
25659.9  4.544633e-06
25673.4  3.179553e-06
25686.9  8.186570e-06
25700.4  7.595308e-06
25713.9  4.607635e-06
25727.4  5.402089e-06
25741.0  4.677145e-06
25754.5  4.168799e-06
25768.0  2.884112e-06
25781.5  6.543360e-06
25795.0  5.577125e-06
25808.5  8.718942e-06
25822.0  6.866141e-06
25835.5  7.026489e-06
25849.1  1.008504e-05
25862.6  1.041116e-05
25876.1  3.763140e-06
25889.6  4.539935e-06
25903.1  5.313715e-06
25916.6  4.943322e-06
25930.1  7.282642e-06
25943.6  3.613903e-06
25957.2  2.791180e-06
25970.7  3.737894e-06
25984.2  5.680072e-06
25997.7  3.316275e-06
26011.2  7.274089e-06
26024.7  7.285328e-06
26038.2  5.739527e-06
26051.7  6.042888e-06
26065.3  5.048634e-06
26078.8  4.012618e-06
26092.3  5.700485e-06
26105.8  3.449146e-06
26119.3  1.511563e-06
26132.8  7.898214e-06
26146.3  8.527517e-06
26159.8  3.220301e-06
26173.4  1.843596e-06
26186.9  2.262794e-06
26200.4  2.993285e-06
26213.9  4.267898e-06
26227.4  7.111106e-06
26240.9  6.856163e-06
26254.4  4.092683e-06
26267.9  2.964078e-06
26281.5  3.753544e-06
26295.0  2.909007e-06
26308.5  2.639159e-06
26322.0  3.546466e-06
26335.5  4.906618e-06
26349.0  6.501565e-06
26362.5  2.377081e-06
26376.0  5.296169e-06
26389.5  6.034514e-06
26403.1  5.287384e-06
26416.6  4.637697e-06
26430.1  7.426655e-06
26443.6  3.534459e-06
26457.1  4.127873e-06
26470.6  5.743201e-06
26484.1  7.531322e-06
26497.6  6.472170e-06
26511.2  6.140560e-06
26524.7  4.216283e-06
26538.2  3.563396e-06
26551.7  5.509590e-06
26565.2  3.230521e-06
26578.7  2.074136e-06
26592.2  1.413531e-06
26605.7  3.670440e-06
26619.3  5.141382e-06
26632.8  3.148823e-06
26646.3  3.362918e-06
26659.8  1.958934e-06
26673.3  4.289937e-07
26686.8  1.321586e-06
26700.3  2.880723e-06
26713.8  3.829036e-06
26727.4  3.223481e-06
26740.9  3.686875e-06
26754.4  1.938350e-06
26767.9  1.308125e-06
26781.4  3.317024e-08
26794.9  6.340460e-07
26808.4  4.565274e-07
26821.9  6.404800e-09
26835.5  2.359349e-06
26849.0  4.160436e-06
26862.5  2.433807e-06
26876.0  1.398427e-06
26889.5  1.161123e-06
26903.0  2.570380e-06
26916.5  1.601127e-06
26930.0  2.811665e-06
26943.6  3.404811e-06
26957.1  3.113869e-06
26970.6  1.016526e-06
26984.1  5.887551e-07
26997.6  4.147502e-06
27011.1  1.943156e-06
27024.6  1.075552e-07
27038.1  3.407176e-07
27051.7  2.500285e-06
27065.2  3.930125e-06
27078.7  1.374920e-06
27092.2  3.618153e-06
27105.7  2.478350e-06
27119.2  2.113748e-06
27132.7  3.751943e-06
27146.2  1.608548e-06
27159.8  3.064788e-06
27173.3  4.006580e-06
27186.8  4.698964e-06
27200.3  3.007417e-06
27213.8  4.113738e-07
27227.3  1.967877e-06
27240.8  1.801238e-06
27254.3  1.473181e-06
27267.9  6.156205e-07
27281.4  7.823964e-09
27294.9  1.339825e-06
27308.4  3.572392e-07
27321.9  6.290303e-09
27335.4  4.238278e-07
27348.9  2.174948e-06
27362.4  1.118742e-06
27375.9  3.626855e-07
27389.5  5.725081e-07
27403.0  4.349775e-09
27416.5  4.352843e-09
27430.0  2.062427e-07
27443.5  4.350043e-09
27457.0  4.346168e-09
27470.5  2.195790e-08
27484.0  4.344960e-09
27497.6  4.344361e-09
27511.1  4.343649e-09
27524.6  4.340622e-09
27538.1  4.337227e-09
27551.6  4.336656e-09
27565.1  4.333574e-09
27578.6  4.330708e-09
27592.1  4.331492e-09
27605.7  4.335373e-09
27619.2  4.331078e-09
27632.7  4.331176e-09
27646.2  4.331841e-09
27659.7  4.332651e-09
27673.2  4.328551e-09
27686.7  4.329691e-09
27700.2  4.330852e-09
27713.8  4.326819e-09
27727.3  4.327904e-09
27740.8  4.329146e-09
27754.3  4.328370e-09
27767.8  4.327014e-09
27781.3  4.329360e-09
27794.8  4.335470e-09
27808.3  4.333247e-09
27821.9  4.334606e-09
27835.4  4.336922e-09
27848.9  4.339327e-09
27862.4  4.336701e-09
27875.9  4.339261e-09
27889.4  4.341873e-09
27902.9  4.343114e-09
27916.4  4.342568e-09
27930.0  4.345660e-09
27943.5  4.346964e-09
27957.0  4.346667e-09
27970.5  4.349693e-09
27984.0  4.354637e-09
27997.5  4.356627e-09
28011.0  4.357567e-09
28024.5  4.359549e-09
28038.1  4.361428e-09
28051.6  4.358012e-09
28065.1  4.359623e-09
28078.6  4.361099e-09
28092.1  4.361327e-09
28105.6  4.358440e-09
28119.1  4.359554e-09
28132.6  4.360482e-09
28146.2  4.358050e-09
28159.7  4.356644e-09
28173.2  4.357033e-09
28186.7  4.360553e-09
28200.2  4.357047e-09
28213.7  4.356289e-09
28227.2  4.355377e-09
28240.7  4.354312e-09
28254.2  4.353084e-09
28267.8  4.351727e-09
28281.3  4.350242e-09
28294.8  4.348633e-09
28308.3  4.346599e-09
28321.8  4.344264e-09
28335.3  4.341852e-09
28348.8  4.339382e-09
28362.3  4.335652e-09
28375.9  4.329154e-09
28389.4  4.326592e-09
28402.9  4.325442e-09
28416.4  4.326381e-09
28429.9  4.323865e-09
28443.4  4.321393e-09
28456.9  4.318972e-09
28470.4  4.316614e-09
28484.0  4.314339e-09
28497.5  4.312145e-09
28511.0  4.307511e-09
28524.5  4.302405e-09
28538.0  4.297403e-09
28551.5  4.292518e-09
28565.0  4.287758e-09
28578.5  4.283114e-09
28592.1  4.278599e-09
28605.6  4.271910e-09
28619.1  4.266685e-09
28632.6  4.263848e-09
28646.1  4.264067e-09
28659.6  4.263326e-09
28673.1  4.260830e-09
28686.6  4.258431e-09
28700.2  4.256129e-09
28713.7  4.254503e-09
28727.2  4.252949e-09
28740.7  4.251461e-09
28754.2  4.250036e-09
28767.7  4.248654e-09
28781.2  4.247306e-09
28794.7  4.245983e-09
28808.3  4.244632e-09
28821.8  4.243255e-09
28835.3  4.100894e-07
28848.8  1.025365e-08
28862.3  4.233923e-09
28875.8  4.232408e-09
28889.3  4.230833e-09
28902.8  4.229444e-09
28916.4  4.228992e-09
28929.9  4.233154e-09
28943.4  4.232548e-09
28956.9  4.231764e-09
28970.4  4.230857e-09
28983.9  4.229796e-09
28997.4  4.228600e-09
29010.9  4.226335e-09
29024.5  4.223685e-09
29038.0  4.220886e-09
29051.5  4.217921e-09
29065.0  4.214783e-09
29078.5  1.055342e-07
29092.0  4.208030e-09
29105.5  4.201894e-09
29119.0  4.196526e-09
29132.5  4.193241e-09
29146.1  1.352791e-06
29159.6  1.497681e-06
29173.1  1.267958e-08
29186.6  1.195891e-08
29200.1  3.510999e-07
29213.6  4.749903e-08
29227.1  5.141519e-07
29240.6  1.528915e-06
29254.2  2.324108e-06
29267.7  1.715702e-06
29281.2  1.332902e-06
29294.7  2.086699e-06
29308.2  1.906913e-06
29321.7  3.544714e-06
29335.2  4.950311e-06
29348.7  5.202170e-06
29362.3  6.203817e-06
29375.8  5.019826e-06
29389.3  4.445445e-06
29402.8  4.823558e-06
29416.3  7.392990e-06
29429.8  7.934925e-06
29443.3  8.584363e-06
29456.8  1.048846e-05
29470.4  8.913243e-06
29483.9  1.231533e-05
29497.4  1.250842e-05
29510.9  1.238447e-05
29524.4  1.572082e-05
29537.9  1.677378e-05
29551.4  1.558320e-05
29564.9  1.333990e-05
29578.5  1.642160e-05
29592.0  2.088588e-05
29605.5  2.112128e-05
29619.0  2.251914e-05
29632.5  2.251967e-05
29646.0  2.561064e-05
29659.5  2.879881e-05
29673.0  2.964506e-05
29686.6  3.024955e-05
29700.1  3.413557e-05
29713.6  3.168605e-05
29727.1  3.300056e-05
29740.6  3.526832e-05
29754.1  3.985080e-05
29767.6  3.998727e-05
29781.1  4.336867e-05
29794.7  4.513875e-05
29808.2  4.448520e-05
29821.7  4.515232e-05
29835.2  4.829044e-05
29848.7  5.292071e-05
29862.2  5.552673e-05
29875.7  6.176320e-05
29889.2  6.776761e-05
29902.8  7.122887e-05
29916.3  7.080116e-05
29929.8  7.235172e-05
29943.3  7.640878e-05
29956.8  7.802582e-05
29970.3  8.521269e-05
29983.8  9.250955e-05
29997.3  9.893841e-05
30010.9  1.058259e-04
30024.4  1.157933e-04
30037.9  1.177951e-04
30051.4  1.173967e-04
30064.9  1.098930e-04
30078.4  1.135346e-04
30091.9  1.208964e-04
30105.4  1.215869e-04
30118.9  1.235028e-04
30132.5  1.271176e-04
30146.0  1.272059e-04
30159.5  1.188057e-04
30173.0  1.182490e-04
30186.5  1.162898e-04
30200.0  1.132754e-04
30213.5  1.077808e-04
30227.0  1.097946e-04
30240.6  1.081205e-04
30254.1  1.102914e-04
30267.6  1.144268e-04
30281.1  1.193941e-04
30294.6  1.238285e-04
30308.1  1.260217e-04
30321.6  1.278937e-04
30335.1  1.266134e-04
30348.7  1.265747e-04
30362.2  1.303306e-04
30375.7  1.351971e-04
30389.2  1.346361e-04
30402.7  1.379114e-04
30416.2  1.381072e-04
30429.7  1.438244e-04
30443.2  1.474203e-04
30456.8  1.532847e-04
30470.3  1.572172e-04
30483.8  1.650784e-04
30497.3  1.694345e-04
30510.8  1.766939e-04
30524.3  1.853495e-04
30537.8  1.936927e-04
30551.3  2.017078e-04
30564.9  2.066162e-04
30578.4  2.129230e-04
30591.9  2.178538e-04
30605.4  2.282211e-04
30618.9  2.370956e-04
30632.4  2.504433e-04
30645.9  2.634745e-04
30659.4  2.776302e-04
30673.0  2.881905e-04
30686.5  3.049793e-04
30700.0  3.142345e-04
30713.5  3.295246e-04
30727.0  3.460324e-04
30740.5  3.640983e-04
30754.0  3.750038e-04
30767.5  3.951095e-04
30781.1  4.116731e-04
30794.6  4.319567e-04
30808.1  4.537430e-04
30821.6  4.786368e-04
30835.1  4.981893e-04
30848.6  5.276038e-04
30862.1  5.542692e-04
30875.6  5.814338e-04
30889.2  6.078073e-04
30902.7  6.418825e-04
30916.2  6.759662e-04
30929.7  7.152668e-04
30943.2  7.511302e-04
30956.7  7.932084e-04
30970.2  8.381457e-04
30983.7  8.891374e-04
30997.2  9.452389e-04
31010.8  1.007523e-03
31024.3  1.066093e-03
31037.8  1.131512e-03
31051.3  1.200831e-03
31064.8  1.275865e-03
31078.3  1.357480e-03
31091.8  1.449452e-03
31105.3  1.551635e-03
31118.9  1.660850e-03
31132.4  1.778360e-03
31145.9  1.914749e-03
31159.4  2.061579e-03
31172.9  2.221090e-03
31186.4  2.394241e-03
31199.9  2.583991e-03
31213.4  2.801137e-03
31227.0  3.039233e-03
31240.5  3.299666e-03
31254.0  3.591101e-03
31267.5  3.911404e-03
31281.0  4.266213e-03
31294.5  4.656696e-03
31308.0  5.087913e-03
31321.5  5.565889e-03
31335.1  6.104382e-03
31348.6  6.696937e-03
31362.1  7.358727e-03
31375.6  8.088719e-03
31389.1  8.910097e-03
31402.6  9.821511e-03
31416.1  1.084709e-02
31429.6  1.198480e-02
31443.2  1.326859e-02
31456.7  1.469411e-02
31470.2  1.629060e-02
31483.7  1.808261e-02
31497.2  2.007493e-02
31510.7  2.228698e-02
31524.2  2.476516e-02
31537.7  2.751825e-02
31551.3  3.059770e-02
31564.8  3.400192e-02
31578.3  3.779401e-02
31591.8  4.197263e-02
31605.3  4.659690e-02
31618.8  5.167404e-02
31632.3  5.726325e-02
31645.8  6.334531e-02
31659.4  6.998743e-02
31672.9  7.716450e-02
31686.4  8.490023e-02
31699.9  9.318665e-02
31713.4  1.020614e-01
31726.9  1.115623e-01
31740.4  1.215034e-01
31753.9  1.318131e-01
31767.5  1.425301e-01
31781.0  1.534917e-01
31794.5  1.646906e-01
31808.0  1.760003e-01
31821.5  1.872650e-01
31835.0  1.985472e-01
31848.5  2.096410e-01
31862.0  2.205355e-01
31875.5  2.312019e-01
31889.1  2.414586e-01
31902.6  2.513916e-01
31916.1  2.609340e-01
31929.6  2.699991e-01
31943.1  2.786780e-01
31956.6  2.868673e-01
31970.1  2.946315e-01
31983.6  3.023652e-01
31997.2  3.092608e-01
32010.7  3.157794e-01
32024.2  3.219180e-01
32037.7  3.276556e-01
32051.2  3.330854e-01
32064.7  3.381988e-01
32078.2  3.429916e-01
32091.7  3.475366e-01
32105.3  3.517836e-01
32118.8  3.557904e-01
32132.3  3.591930e-01
32145.8  3.627471e-01
32159.3  3.661216e-01
32172.8  3.692949e-01
32186.3  3.722706e-01
32199.8  3.750864e-01
32213.4  3.780177e-01
32226.9  3.809340e-01
32240.4  3.834317e-01
32253.9  3.857705e-01
32267.4  3.879629e-01
32280.9  3.900356e-01
32294.4  3.920043e-01
32307.9  3.937268e-01
32321.5  3.952507e-01
32335.0  3.966689e-01
32348.5  3.979872e-01
32362.0  3.992395e-01
32375.5  4.003804e-01
32389.0  4.014463e-01
32402.5  4.024145e-01
32416.0  4.032710e-01
32429.6  4.040580e-01
32443.1  4.049486e-01
32456.6  4.059644e-01
32470.1  4.066023e-01
32483.6  4.071820e-01
32497.1  4.076879e-01
32510.6  4.082662e-01
32524.1  4.088545e-01
32537.7  4.094342e-01
32551.2  4.099825e-01
32564.7  4.105189e-01
32578.2  4.110353e-01
32591.7  4.115682e-01
32605.2  4.120568e-01
32618.7  4.124976e-01
32632.2  4.129400e-01
32645.8  4.133829e-01
32659.3  4.138411e-01
32672.8  4.144488e-01
32686.3  4.152977e-01
32699.8  4.158053e-01
32713.3  4.162298e-01
32726.8  4.166444e-01
32740.3  4.170838e-01
32753.9  4.175418e-01
32767.4  4.180300e-01
32780.9  4.185412e-01
32794.4  4.190734e-01
32807.9  4.196262e-01
32821.4  4.201802e-01
32834.9  4.207456e-01
32848.4  4.213126e-01
32861.9  4.219166e-01
32875.5  4.225188e-01
32889.0  4.231262e-01
32902.5  4.242391e-01
32916.0  4.248644e-01
32929.5  4.254900e-01
32943.0  4.261028e-01
32956.5  4.267100e-01
32970.0  4.272978e-01
32983.6  4.279063e-01
32997.1  4.284874e-01
33010.6  4.289413e-01
33024.1  4.293554e-01
33037.6  4.297709e-01
33051.1  4.301740e-01
33064.6  4.305548e-01
33078.1  4.309136e-01
33091.7  4.312485e-01
33105.2  4.315695e-01
33118.7  4.322809e-01
33132.2  4.326157e-01
33145.7  4.328694e-01
33159.2  4.331162e-01
33172.7  4.333530e-01
33186.2  4.335738e-01
33199.8  4.337948e-01
33213.3  4.339452e-01
33226.8  4.340981e-01
33240.3  4.342548e-01
33253.8  4.344265e-01
33267.3  4.346103e-01
33280.8  4.348008e-01
33294.3  4.349902e-01
33307.9  4.348538e-01
33321.4  4.345068e-01
33334.9  4.341791e-01
33348.4  4.343133e-01
33361.9  4.341094e-01
33375.4  4.338320e-01
33388.9  4.335711e-01
33402.4  4.331181e-01
33416.0  4.317364e-01
33429.5  4.303520e-01
33443.0  4.289958e-01
33456.5  4.276565e-01
33470.0  4.263362e-01
33483.5  4.250246e-01
33497.0  4.237158e-01
33510.5  4.208982e-01
33524.1  4.176491e-01
33537.6  4.144094e-01
33551.1  4.111552e-01
33564.6  4.078944e-01
33578.1  4.046257e-01
33591.6  4.013515e-01
33605.1  3.995410e-01
33618.6  4.001082e-01
33632.2  4.006556e-01
33645.7  4.011826e-01
33659.2  4.016993e-01
33672.7  4.022047e-01
33686.2  4.027015e-01
33699.7  4.031848e-01
33713.2  4.069684e-01
33726.7  4.111244e-01
33740.2  4.155858e-01
33753.8  4.193959e-01
33767.3  4.231906e-01
33780.8  4.269756e-01
33794.3  4.307455e-01
33807.8  4.329641e-01
33821.3  4.340552e-01
33834.8  4.351448e-01
33848.3  4.362400e-01
33861.9  4.373218e-01
33875.4  4.383924e-01
33888.9  4.394593e-01
33902.4  4.402711e-01
33915.9  4.399202e-01
33929.4  4.395695e-01
33942.9  4.392199e-01
33956.4  4.388686e-01
33970.0  4.385122e-01
33983.5  4.381593e-01
33997.0  4.378176e-01
34010.5  4.374665e-01
34024.0  4.371222e-01
34037.5  4.367929e-01
34051.0  4.364848e-01
34064.5  4.361939e-01
34078.1  4.359310e-01
34091.6  4.357721e-01
34105.1  4.360529e-01
34118.6  4.360409e-01
34132.1  4.360425e-01
34145.6  4.360544e-01
34159.1  4.365252e-01
34172.6  4.366037e-01
34186.2  4.366558e-01
34199.7  4.367115e-01
34213.2  4.371288e-01
34226.7  4.375631e-01
34240.2  4.379948e-01
34253.7  4.384178e-01
34267.2  4.388307e-01
34280.7  4.392547e-01
34294.3  4.396718e-01
34307.8  4.400017e-01
34321.3  4.403007e-01
34334.8  4.405814e-01
34348.3  4.407944e-01
34361.8  4.409002e-01
34375.3  4.409012e-01
34388.8  4.408818e-01
34402.4  4.408115e-01
34415.9  4.405691e-01
34429.4  4.403027e-01
34442.9  4.405189e-01
34456.4  4.402033e-01
34469.9  4.398407e-01
34483.4  4.396339e-01
34496.9  4.395775e-01
34510.5  4.393748e-01
34524.0  4.392304e-01
34537.5  4.390728e-01
34551.0  4.389271e-01
34564.5  4.387892e-01
34578.0  4.386621e-01
34591.5  4.385676e-01
34605.0  4.386295e-01
34618.5  4.389740e-01
34632.1  4.393497e-01
34645.6  4.397592e-01
34659.1  4.402338e-01
34672.6  4.407513e-01
34686.1  4.413341e-01
34699.6  4.419606e-01
34713.1  4.423437e-01
34726.6  4.427954e-01
34740.2  4.432693e-01
34753.7  4.437947e-01
34767.2  4.447307e-01
34780.7  4.454723e-01
34794.2  4.463061e-01
34807.7  4.473835e-01
34821.2  4.483136e-01
34834.7  4.491937e-01
34848.3  4.500104e-01
34861.8  4.507476e-01
34875.3  4.513359e-01
34888.8  4.517844e-01
34902.3  4.520251e-01
34915.8  4.521273e-01
34929.3  4.519729e-01
34942.8  4.514899e-01
34956.4  4.506737e-01
34969.9  4.494366e-01
34983.4  4.477463e-01
34996.9  4.455629e-01
35010.4  4.427661e-01
35023.9  4.394208e-01
35037.4  4.354997e-01
35050.9  4.309666e-01
35064.5  4.258580e-01
35078.0  4.204881e-01
35091.5  4.141403e-01
35105.0  4.073282e-01
35118.5  3.999226e-01
35132.0  3.917901e-01
35145.5  3.831837e-01
35159.0  3.742017e-01
35172.6  3.649090e-01
35186.1  3.552228e-01
35199.6  3.452328e-01
35213.1  3.349369e-01
35226.6  3.244606e-01
35240.1  3.138894e-01
35253.6  3.032504e-01
35267.1  2.926543e-01
35280.7  2.821144e-01
35294.2  2.716566e-01
35307.7  2.613796e-01
35321.2  2.512752e-01
35334.7  2.414296e-01
35348.2  2.320765e-01
35361.7  2.228113e-01
35375.2  2.138310e-01
35388.8  2.051370e-01
35402.3  1.967598e-01
35415.8  1.886828e-01
35429.3  1.810984e-01
35442.8  1.736836e-01
35456.3  1.665725e-01
35469.8  1.597740e-01
35483.3  1.532963e-01
35496.8  1.470861e-01
35510.4  1.411721e-01
35523.9  1.356712e-01
35537.4  1.302448e-01
35550.9  1.250855e-01
35564.4  1.201434e-01
35577.9  1.154237e-01
35591.4  1.109191e-01
35604.9  1.065955e-01
35618.5  1.024780e-01
35632.0  9.851342e-02
35645.5  9.469087e-02
35659.0  9.103042e-02
35672.5  8.748398e-02
35686.0  8.412993e-02
35699.5  8.086844e-02
35713.0  7.765276e-02
35726.6  7.455291e-02
35740.1  7.153631e-02
35753.6  6.861370e-02
35767.1  6.578745e-02
35780.6  6.308432e-02
35794.1  6.039590e-02
35807.6  5.777260e-02
35821.1  5.520850e-02
35834.7  5.273402e-02
35848.2  5.036503e-02
35861.7  4.802375e-02
35875.2  4.574653e-02
35888.7  4.352744e-02
35902.2  4.138938e-02
35915.7  3.930858e-02
35929.2  3.728923e-02
35942.8  3.535688e-02
35956.3  3.348211e-02
35969.8  3.168589e-02
35983.3  2.996854e-02
35996.8  2.831032e-02
36010.3  2.673205e-02
36023.8  2.522152e-02
36037.3  2.380092e-02
36050.9  2.244516e-02
36064.4  2.113631e-02
36077.9  1.990238e-02
36091.4  1.874120e-02
36104.9  1.762552e-02
36118.4  1.658433e-02
36131.9  1.560068e-02
36145.4  1.466967e-02
36159.0  1.380309e-02
36172.5  1.297991e-02
36186.0  1.221156e-02
36199.5  1.150638e-02
36213.0  1.082115e-02
36226.5  1.018508e-02
36240.0  9.586127e-03
36253.5  9.024130e-03
36267.1  8.513098e-03
36280.6  8.017667e-03
36294.1  7.550431e-03
36307.6  7.126751e-03
36321.1  6.719232e-03
36334.6  6.346630e-03
36348.1  6.001480e-03
36361.6  5.666039e-03
36375.2  5.356337e-03
36388.7  5.065990e-03
36402.2  4.799370e-03
36415.7  4.557975e-03
36429.2  4.318223e-03
36442.7  4.095231e-03
36456.2  3.891938e-03
36469.7  3.693537e-03
36483.2  3.514990e-03
36496.8  3.344480e-03
36510.3  3.174996e-03
36523.8  3.030525e-03
36537.3  2.887362e-03
36550.8  2.750672e-03
36564.3  2.631913e-03
36577.8  2.508317e-03
36591.3  2.396058e-03
36604.9  2.298418e-03
36618.4  2.197716e-03
36631.9  2.107401e-03
36645.4  2.021572e-03
36658.9  1.934396e-03
36672.4  1.858278e-03
36685.9  1.782018e-03
36699.4  1.711802e-03
36713.0  1.651094e-03
36726.5  1.584557e-03
36740.0  1.522828e-03
36753.5  1.468687e-03
36767.0  1.409243e-03
36780.5  1.359826e-03
36794.0  1.315351e-03
36807.5  1.267417e-03
36821.1  1.230471e-03
36834.6  1.188995e-03
36848.1  1.143953e-03
36861.6  1.112542e-03
36875.1  1.071452e-03
36888.6  1.028433e-03
36902.1  9.981222e-04
36915.6  9.636017e-04
36929.2  9.330440e-04
36942.7  9.092070e-04
36956.2  8.777234e-04
36969.7  8.514311e-04
36983.2  8.258320e-04
36996.7  7.934568e-04
37010.2  7.675195e-04
37023.7  7.424118e-04
37037.3  7.164783e-04
37050.8  6.980415e-04
37064.3  6.761118e-04
37077.8  6.519774e-04
37091.3  6.318216e-04
37104.8  6.080842e-04
37118.3  5.872045e-04
37131.8  5.691795e-04
37145.4  5.469231e-04
37158.9  5.311258e-04
37172.4  5.173181e-04
37185.9  4.964506e-04
37199.4  4.795631e-04
37212.9  4.643804e-04
37226.4  4.472258e-04
37239.9  4.329784e-04
37253.5  4.136719e-04
37267.0  3.935890e-04
37280.5  3.806519e-04
37294.0  3.649487e-04
37307.5  3.503306e-04
37321.0  3.395637e-04
37334.5  3.227130e-04
37348.0  3.086276e-04
37361.5  2.987867e-04
37375.1  2.828190e-04
37388.6  2.714545e-04
37402.1  2.629895e-04
37415.6  2.484863e-04
37429.1  2.375601e-04
37442.6  2.264063e-04
37456.1  2.098679e-04
37469.6  1.991200e-04
37483.2  1.880344e-04
37496.7  1.738711e-04
37510.2  1.670664e-04
37523.7  1.593582e-04
37537.2  1.485822e-04
37550.7  1.424401e-04
37564.2  1.318425e-04
37577.7  1.183899e-04
37591.3  1.110837e-04
37604.8  1.012556e-04
37618.3  9.033646e-05
37631.8  8.500368e-05
37645.3  7.929207e-05
37658.8  7.496642e-05
37672.3  7.329849e-05
37685.8  6.745220e-05
37699.4  6.282735e-05
37712.9  6.126416e-05
37726.4  5.528948e-05
37739.9  5.039454e-05
37753.4  4.821182e-05
37766.9  4.213881e-05
37780.4  3.853577e-05
37793.9  3.535311e-05
37807.5  3.144842e-05
37821.0  3.081982e-05
37834.5  3.166779e-05
37848.0  2.904167e-05
37861.5  2.806255e-05
37875.0  2.750638e-05
37888.5  2.289956e-05
37902.0  2.200572e-05
37915.6  2.282800e-05
37929.1  1.791476e-05
37942.6  1.621675e-05
37956.1  1.841506e-05
37969.6  1.638997e-05
37983.1  1.755670e-05
37996.6  2.069893e-05
38010.1  1.880367e-05
38023.7  1.927676e-05
38037.2  1.827406e-05
38050.7  1.531290e-05
38064.2  1.887416e-05
38077.7  1.817926e-05
38091.2  1.154013e-05
38104.7  1.300784e-05
38118.2  1.577513e-05
38131.8  1.423846e-05
38145.3  1.369965e-05
38158.8  1.189527e-05
38172.3  9.213894e-06
38185.8  1.021894e-05
38199.3  1.120105e-05
38212.8  9.934388e-06
38226.3  9.919926e-06
38239.8  1.151314e-05
38253.4  1.074679e-05
38266.9  1.285023e-05
38280.4  1.632191e-05
38293.9  1.582426e-05
38307.4  1.575749e-05
38320.9  1.646983e-05
38334.4  1.446626e-05
38347.9  1.644608e-05
38361.5  1.767583e-05
38375.0  1.160067e-05
38388.5  1.057663e-05
38402.0  1.384408e-05
38415.5  1.331833e-05
38429.0  1.621598e-05
38442.5  1.469674e-05
38456.0  8.273373e-06
38469.6  7.561571e-06
38483.1  9.112987e-06
38496.6  9.473787e-06
38510.1  1.067930e-05
38523.6  1.132227e-05
38537.1  4.142624e-06
38550.6  2.152062e-06
38564.1  5.351472e-06
38577.7  8.612178e-06
38591.2  1.211692e-05
38604.7  1.763072e-05
38618.2  1.439645e-05
38631.7  1.417321e-05
38645.2  1.886429e-05
38658.7  1.866170e-05
38672.2  1.882418e-05
38685.8  1.991335e-05
38699.3  1.750386e-05
38712.8  1.621517e-05
38726.3  1.631659e-05
38739.8  1.347311e-05
38753.3  1.074686e-05
38766.8  1.151183e-05
38780.3  1.052711e-05
38793.9  8.236616e-06
38807.4  1.208005e-05
38820.9  1.530992e-05
38834.4  1.428593e-05
38847.9  1.549012e-05
38861.4  1.465392e-05
38874.9  1.211004e-05
38888.4  1.141561e-05
38902.0  1.204785e-05
38915.5  1.137175e-05
38929.0  1.466870e-05
38942.5  2.114290e-05
38956.0  2.175510e-05
38969.5  2.160401e-05
38983.0  2.193146e-05
38996.5  1.979717e-05
39010.1  2.171799e-05
39023.6  2.127059e-05
39037.1  1.582324e-05
39050.6  1.512567e-05
39064.1  1.779319e-05
39077.6  1.861809e-05
39091.1  2.061062e-05
39104.6  2.311585e-05
39118.2  2.103030e-05
39131.7  1.926573e-05
39145.2  2.469802e-05
39158.7  2.388308e-05
39172.2  1.730063e-05
39185.7  2.047337e-05
39199.2  2.351860e-05
39212.7  2.365509e-05
39226.2  2.396980e-05
39239.8  2.160137e-05
39253.3  1.905985e-05
39266.8  2.068580e-05
39280.3  2.481111e-05
39293.8  2.396134e-05
39307.3  2.455601e-05
39320.8  2.645029e-05
39334.3  2.582924e-05
39347.9  2.855249e-05
39361.4  3.292702e-05
39374.9  3.493487e-05
39388.4  3.591780e-05
39401.9  3.769288e-05
39415.4  3.811235e-05
39428.9  3.672922e-05
39442.4  3.769760e-05
39456.0  3.655424e-05
39469.5  3.435520e-05
39483.0  3.681290e-05
39496.5  3.598874e-05
39510.0  3.398333e-05
39523.5  3.677421e-05
39537.0  4.289857e-05
39550.5  4.580903e-05
39564.1  4.690929e-05
39577.6  4.768811e-05
39591.1  4.044369e-05
39604.6  3.758906e-05
39618.1  4.175000e-05
39631.6  4.225124e-05
39645.1  4.215769e-05
39658.6  4.537213e-05
39672.2  4.830454e-05
39685.7  4.566055e-05
39699.2  4.488040e-05
39712.7  4.774569e-05
39726.2  4.566970e-05
39739.7  4.867466e-05
39753.2  5.332579e-05
39766.7  5.315594e-05
39780.3  5.117213e-05
39793.8  5.164460e-05
39807.3  5.225014e-05
39820.8  4.973301e-05
39834.3  5.203466e-05
39847.8  5.371082e-05
39861.3  5.289494e-05
39874.8  5.527218e-05
39888.4  5.744244e-05
39901.9  5.596966e-05
39915.4  5.363070e-05
39928.9  5.537206e-05
39942.4  5.512781e-05
39955.9  5.178780e-05
39969.4  5.136476e-05
39982.9  5.072462e-05
39996.5  5.042716e-05
40010.0  5.069740e-05
40023.5  4.925224e-05
40037.0  4.448475e-05
40050.5  4.222908e-05
40064.0  4.319008e-05
40077.5  4.401510e-05
40091.0  4.912196e-05
40104.5  5.438354e-05
40118.1  5.479784e-05
40131.6  5.215784e-05
40145.1  5.359480e-05
40158.6  5.329023e-05
40172.1  4.648672e-05
40185.6  4.475392e-05
40199.1  4.385430e-05
40212.6  4.106143e-05
40226.2  3.917155e-05
40239.7  4.171778e-05
40253.2  4.348315e-05
40266.7  4.145366e-05
40280.2  4.138980e-05
40293.7  3.973787e-05
40307.2  3.874553e-05
40320.7  4.045737e-05
40334.3  4.318435e-05
40347.8  4.105655e-05
40361.3  4.072272e-05
40374.8  4.702784e-05
40388.3  5.065978e-05
40401.8  5.145317e-05
40415.3  5.051244e-05
40428.8  4.823009e-05
40442.4  4.511652e-05
40455.9  4.865050e-05
40469.4  5.250533e-05
40482.9  5.112843e-05
40496.4  5.082160e-05
40509.9  5.272814e-05
40523.4  5.393431e-05
40536.9  5.239517e-05
40550.5  5.476121e-05
40564.0  5.466274e-05
40577.5  5.212212e-05
40591.0  5.209026e-05
40604.5  5.305833e-05
40618.0  5.076692e-05
40631.5  4.682106e-05
40645.0  5.182626e-05
40658.6  5.597952e-05
40672.1  5.729891e-05
40685.6  5.745260e-05
40699.1  5.649220e-05
40712.6  5.290187e-05
40726.1  5.222052e-05
40739.6  5.608829e-05
40753.1  5.597716e-05
40766.7  5.493828e-05
40780.2  5.518267e-05
40793.7  5.553308e-05
40807.2  5.153825e-05
40820.7  5.191330e-05
40834.2  5.425373e-05
40847.7  5.276321e-05
40861.2  5.042987e-05
40874.8  5.012006e-05
40888.3  4.996199e-05
40901.8  4.551178e-05
40915.3  4.699511e-05
40928.8  5.020566e-05
40942.3  5.172083e-05
40955.8  5.183867e-05
40969.3  5.478151e-05
40982.8  5.524162e-05
40996.4  5.273841e-05
41009.9  5.420195e-05
41023.4  5.702868e-05
41036.9  5.813627e-05
41050.4  5.723330e-05
41063.9  5.911881e-05
41077.4  5.726474e-05
41090.9  5.492784e-05
41104.5  5.487201e-05
41118.0  5.643814e-05
41131.5  5.501006e-05
41145.0  5.405242e-05
41158.5  5.491220e-05
41172.0  5.220432e-05
41185.5  4.858857e-05
41199.0  4.758728e-05
41212.6  5.059133e-05
41226.1  5.000431e-05
41239.6  5.180191e-05
41253.1  5.521350e-05
41266.6  5.803626e-05
41280.1  5.796241e-05
41293.6  5.885354e-05
41307.1  5.726717e-05
41320.7  5.295524e-05
41334.2  5.066626e-05
41347.7  5.069623e-05
41361.2  4.916062e-05
41374.7  4.454580e-05
41388.2  4.677556e-05
41401.7  5.085755e-05
41415.2  5.350691e-05
41428.8  5.305473e-05
41442.3  5.248589e-05
41455.8  4.879584e-05
41469.3  4.626156e-05
41482.8  4.679816e-05
41496.3  4.927554e-05
41509.8  4.918898e-05
41523.3  5.024410e-05
41536.9  5.363303e-05
41550.4  5.365610e-05
41563.9  5.061594e-05
41577.4  4.753151e-05
41590.9  4.772366e-05
41604.4  4.583615e-05
41617.9  4.481031e-05
41631.4  4.500168e-05
41645.0  4.557033e-05
41658.5  4.465668e-05
41672.0  4.773497e-05
41685.5  5.026305e-05
41699.0  4.964316e-05
41712.5  4.685336e-05
41726.0  4.700230e-05
41739.5  4.736712e-05
41753.1  4.662107e-05
41766.6  4.709104e-05
41780.1  4.857994e-05
41793.6  4.720180e-05
41807.1  4.496745e-05
41820.6  4.747658e-05
41834.1  5.043031e-05
41847.6  5.102469e-05
41861.1  4.890345e-05
41874.7  4.768996e-05
41888.2  4.308353e-05
41901.7  3.912566e-05
41915.2  3.831055e-05
41928.7  4.336927e-05
41942.2  4.505878e-05
41955.7  4.555294e-05
41969.2  4.518097e-05
41982.8  4.331275e-05
41996.3  3.768693e-05
42009.8  3.770143e-05
42023.3  4.137775e-05
42036.8  4.435095e-05
42050.3  4.280270e-05
42063.8  3.974669e-05
42077.3  3.677525e-05
42090.9  3.325820e-05
42104.4  3.116428e-05
42117.9  3.257131e-05
42131.4  3.465267e-05
42144.9  3.408475e-05
42158.4  3.538626e-05
42171.9  3.845999e-05
42185.4  4.240843e-05
42199.0  4.531747e-05
42212.5  4.797097e-05
42226.0  4.730225e-05
42239.5  4.335686e-05
42253.0  3.972610e-05
42266.5  4.179711e-05
42280.0  4.147629e-05
42293.5  3.917230e-05
42307.1  3.639699e-05
42320.6  3.680179e-05
42334.1  3.447358e-05
42347.6  3.166575e-05
42361.1  3.013839e-05
42374.6  3.094718e-05
42388.1  3.075168e-05
42401.6  3.259665e-05
42415.2  3.522360e-05
42428.7  3.702662e-05
42442.2  3.434651e-05
42455.7  3.308988e-05
42469.2  3.262067e-05
42482.7  3.276382e-05
42496.2  3.248198e-05
42509.7  3.590816e-05
42523.3  3.635958e-05
42536.8  3.282320e-05
42550.3  2.732336e-05
42563.8  2.601577e-05
42577.3  2.565959e-05
42590.8  2.565935e-05
42604.3  2.683428e-05
42617.8  3.140725e-05
42631.4  3.176572e-05
42644.9  3.015865e-05
42658.4  2.950196e-05
42671.9  3.096186e-05
42685.4  2.935637e-05
42698.9  2.746925e-05
42712.4  2.678384e-05
42725.9  2.758458e-05
42739.5  2.537638e-05
42753.0  2.451187e-05
42766.5  2.589899e-05
42780.0  2.714281e-05
42793.5  2.438689e-05
42807.0  2.226050e-05
42820.5  2.264981e-05
42834.0  2.411000e-05
42847.5  2.446277e-05
42861.1  2.635296e-05
42874.6  2.803724e-05
42888.1  2.829765e-05
42901.6  2.654116e-05
42915.1  2.572665e-05
42928.6  2.283543e-05
42942.1  1.881111e-05
42955.6  1.766777e-05
42969.2  2.085859e-05
42982.7  2.370958e-05
42996.2  2.346794e-05
43009.7  2.143443e-05
43023.2  2.186453e-05
43036.7  2.161952e-05
43050.2  2.021472e-05
43063.7  2.008884e-05
43077.3  2.367595e-05
43090.8  2.638036e-05
43104.3  2.932366e-05
43117.8  3.252730e-05
43131.3  3.582305e-05
43144.8  3.243556e-05
43158.3  2.833311e-05
43171.8  2.461967e-05
43185.4  2.388398e-05
43198.9  2.063552e-05
43212.4  1.892917e-05
43225.9  1.853591e-05
43239.4  2.272160e-05
43252.9  2.467027e-05
43266.4  2.597774e-05
43279.9  2.710795e-05
43293.5  2.665352e-05
43307.0  2.036651e-05
43320.5  1.629869e-05
43334.0  1.355627e-05
43347.5  1.350276e-05
43361.0  1.424630e-05
43374.5  1.701969e-05
43388.0  1.993309e-05
43401.6  1.956654e-05
43415.1  1.623095e-05
43428.6  1.531388e-05
43442.1  1.632437e-05
43455.6  1.829576e-05
43469.1  1.972974e-05
43482.6  2.160946e-05
43496.1  2.340414e-05
43509.7  2.153640e-05
43523.2  1.821496e-05
43536.7  1.660753e-05
43550.2  1.623733e-05
43563.7  1.431339e-05
43577.2  1.288567e-05
43590.7  1.326624e-05
43604.2  1.542696e-05
43617.8  1.552100e-05
43631.3  1.482755e-05
43644.8  1.387417e-05
43658.3  1.323486e-05
43671.8  1.145986e-05
43685.3  1.226268e-05
43698.8  1.121135e-05
43712.3  1.332636e-05
43725.8  1.445257e-05
43739.4  1.456494e-05
43752.9  1.400827e-05
43766.4  1.395356e-05
43779.9  1.380022e-05
43793.4  1.412680e-05
43806.9  1.506517e-05
43820.4  1.326272e-05
43833.9  1.187931e-05
43847.5  1.124579e-05
43861.0  1.221126e-05
43874.5  1.415537e-05
43888.0  1.614869e-05
43901.5  1.782016e-05
43915.0  1.841103e-05
43928.5  1.605575e-05
43942.0  1.254760e-05
43955.6  8.985228e-06
43969.1  8.799894e-06
43982.6  9.659996e-06
43996.1  1.124222e-05
44009.6  1.277653e-05
44023.1  1.346367e-05
44036.6  1.284575e-05
44050.1  1.125657e-05
44063.7  1.057979e-05
44077.2  1.118062e-05
44090.7  1.176308e-05
44104.2  1.115369e-05
44117.7  1.029507e-05
44131.2  9.701047e-06
44144.7  9.034809e-06
44158.2  7.188876e-06
44171.8  6.980314e-06
44185.3  8.049332e-06
44198.8  1.116851e-05
44212.3  1.213521e-05
44225.8  1.187594e-05
44239.3  1.075590e-05
44252.8  9.443610e-06
44266.3  7.700487e-06
44279.9  6.263119e-06
44293.4  5.934162e-06
44306.9  5.332978e-06
44320.4  5.915601e-06
44333.9  6.903447e-06
44347.4  7.894670e-06
44360.9  7.980181e-06
44374.4  7.788948e-06
44388.0  7.568572e-06
44401.5  7.332964e-06
44415.0  6.419983e-06
44428.5  5.564957e-06
44442.0  6.639606e-06
44455.5  9.249832e-06
44469.0  1.227516e-05
44482.5  1.237611e-05
44496.1  8.933851e-06
44509.6  7.221627e-06
44523.1  7.238563e-06
44536.6  8.096816e-06
44550.1  9.108972e-06
44563.6  1.007586e-05
44577.1  1.096778e-05
44590.6  1.061355e-05
44604.1  1.172561e-05
44617.7  1.380181e-05
44631.2  1.447913e-05
44644.7  1.297566e-05
44658.2  1.033881e-05
44671.7  9.098256e-06
44685.2  9.489576e-06
44698.7  1.006255e-05
44712.2  9.896274e-06
44725.8  1.069674e-05
44739.3  1.088967e-05
44752.8  9.713309e-06
44766.3  7.140838e-06
44779.8  7.790442e-06
44793.3  9.249365e-06
44806.8  1.085284e-05
44820.3  1.185114e-05
44833.9  1.196980e-05
44847.4  1.208619e-05
44860.9  1.046087e-05
44874.4  1.084326e-05
44887.9  1.032097e-05
44901.4  8.426670e-06
44914.9  7.967581e-06
44928.4  9.371622e-06
44942.0  1.002916e-05
44955.5  1.103608e-05
44969.0  1.180328e-05
44982.5  1.062761e-05
44996.0  1.026747e-05
45009.5  1.034949e-05
45023.0  1.085226e-05
45036.5  9.492886e-06
45050.1  8.911287e-06
45063.6  9.572120e-06
45077.1  1.120437e-05
45090.6  1.172691e-05
45104.1  1.131751e-05
45117.6  1.207705e-05
45131.1  1.272279e-05
45144.6  1.254973e-05
45158.2  9.829333e-06
45171.7  8.511703e-06
45185.2  8.530312e-06
45198.7  1.043271e-05
45212.2  1.208353e-05
45225.7  1.361287e-05
45239.2  1.592105e-05
45252.7  1.594767e-05
45266.3  1.378023e-05
45279.8  1.217804e-05
45293.3  1.189859e-05
45306.8  1.176807e-05
45320.3  1.244414e-05
45333.8  1.488666e-05
45347.3  1.823490e-05
45360.8  2.176220e-05
45374.4  2.084127e-05
45387.9  1.958799e-05
45401.4  1.831395e-05
45414.9  1.776310e-05
45428.4  1.483663e-05
45441.9  1.205129e-05
45455.4  1.117819e-05
45468.9  1.159990e-05
45482.5  1.130130e-05
45496.0  9.125343e-06
45509.5  7.929873e-06
45523.0  7.301147e-06
45536.5  7.483599e-06
45550.0  6.336480e-06
45563.5  6.883905e-06
45577.0  9.096272e-06
45590.5  1.143699e-05
45604.1  1.243084e-05
45617.6  1.066575e-05
45631.1  1.120703e-05
45644.6  1.172837e-05
45658.1  1.175957e-05
45671.6  9.402725e-06
45685.1  9.849358e-06
45698.6  1.376441e-05
45712.2  1.450307e-05
45725.7  1.140648e-05
45739.2  8.565205e-06
45752.7  7.854362e-06
45766.2  6.545597e-06
45779.7  6.561621e-06
45793.2  6.522310e-06
45806.7  6.736271e-06
45820.3  9.669947e-06
45833.8  7.680008e-06
45847.3  5.613288e-06
45860.8  4.601303e-06
45874.3  4.319455e-06
45887.8  5.201940e-06
45901.3  4.645951e-06
45914.8  3.828090e-06
45928.4  5.659761e-06
45941.9  7.272623e-06
45955.4  5.643490e-06
45968.9  4.380848e-06
45982.4  4.865572e-06
45995.9  3.676539e-06
46009.4  3.094078e-06
46022.9  2.388018e-06
46036.5  2.672391e-06
46050.0  2.777727e-06
46063.5  4.079175e-06
46077.0  3.187628e-06
46090.5  2.762788e-06
46104.0  2.912181e-06
46117.5  3.603800e-06
46131.0  3.636896e-06
46144.6  2.594360e-06
46158.1  2.401004e-06
46171.6  2.596456e-06
46185.1  5.220535e-06
46198.6  6.486646e-06
46212.1  4.326924e-06
46225.6  4.392844e-06
46239.1  4.735391e-06
46252.7  5.087749e-06
46266.2  4.819778e-06
46279.7  6.682230e-06
46293.2  1.103884e-05
46306.7  1.235559e-05
46320.2  1.190917e-05
46333.7  1.088948e-05
46347.2  1.105656e-05
46360.8  1.033145e-05
46374.3  9.235994e-06
46387.8  8.546607e-06
46401.3  9.073479e-06
46414.8  1.086900e-05
46428.3  9.078678e-06
46441.8  7.155108e-06
46455.3  8.306485e-06
46468.8  1.014383e-05
46482.4  1.086830e-05
46495.9  1.054848e-05
46509.4  1.143495e-05
46522.9  1.107049e-05
46536.4  9.810836e-06
46549.9  6.408055e-06
46563.4  6.633797e-06
46576.9  7.917286e-06
46590.5  8.978087e-06
46604.0  1.050023e-05
46617.5  8.843474e-06
46631.0  7.808856e-06
46644.5  7.944433e-06
46658.0  7.447899e-06
46671.5  7.398524e-06
46685.0  6.219040e-06
46698.6  6.882430e-06
46712.1  8.430285e-06
46725.6  1.023552e-05
46739.1  1.128120e-05
46752.6  1.253264e-05
46766.1  1.394698e-05
46779.6  1.415486e-05
46793.1  1.352388e-05
46806.7  1.106841e-05
46820.2  9.539641e-06
46833.7  9.278959e-06
46847.2  8.866424e-06
46860.7  7.805004e-06
46874.2  7.818173e-06
46887.7  8.337767e-06
46901.2  7.899515e-06
46914.8  6.176657e-06
46928.3  4.984967e-06
46941.8  4.005388e-06
46955.3  3.662143e-06
46968.8  5.593424e-06
46982.3  6.057263e-06
46995.8  6.824429e-06
47009.3  6.556442e-06
47022.9  8.722025e-06
47036.4  9.449250e-06
47049.9  9.424346e-06
47063.4  9.600032e-06
47076.9  8.246157e-06
47090.4  6.511822e-06
47103.9  1.550020e-06
47117.4  8.668671e-07
47131.0  5.093159e-07
47144.5  6.941017e-07
47158.0  1.193755e-06
47171.5  1.499286e-06
47185.0  2.479590e-06
47198.5  4.822602e-06
47212.0  4.733409e-06
47225.5  2.199308e-06
47239.1  1.275082e-06
47252.6  1.260156e-06
47266.1  1.404678e-06
47279.6  1.975857e-06
47293.1  2.238744e-06
47306.6  2.645986e-06
47320.1  3.473110e-06
47333.6  3.892225e-06
47347.1  3.925554e-06
47360.7  3.534878e-06
47374.2  3.798770e-06
47387.7  4.407236e-06
47401.2  3.115491e-06
47414.7  2.983410e-06
47428.2  4.640036e-06
47441.7  6.882665e-06
47455.2  9.468145e-06
47468.8  7.957368e-06
47482.3  6.409091e-06
47495.8  5.027818e-06
47509.3  4.669492e-06
47522.8  5.318103e-06
47536.3  4.786060e-06
47549.8  3.267520e-06
47563.3  4.051664e-06
47576.9  4.231504e-06
47590.4  4.543956e-06
47603.9  3.134193e-06
47617.4  2.162646e-06
47630.9  1.469446e-06
47644.4  8.792886e-07
47657.9  1.177384e-06
47671.4  1.080609e-06
47685.0  4.592313e-08
47698.5  6.099372e-09
47712.0  2.578554e-08
47725.5  2.122963e-07
47739.0  2.105455e-06
47752.5  2.523515e-06
47766.0  1.878032e-06
47779.5  6.584562e-07
47793.1  4.784713e-08
47806.6  5.186967e-09
47820.1  5.184097e-09
47833.6  5.181244e-09
47847.1  5.178405e-09
47860.6  5.175578e-09
47874.1  6.819626e-09
47887.6  2.505311e-07
47901.2  1.420404e-06
47914.7  7.756837e-07
47928.2  3.140825e-08
47941.7  5.158979e-09
47955.2  5.156267e-09
47968.7  5.153562e-09
47982.2  5.150867e-09
47995.7  1.192554e-07
48009.3  1.804894e-06
48022.8  3.041174e-06
48036.3  2.177220e-06
48049.8  2.423848e-06
48063.3  2.741519e-06
48076.8  3.142146e-06
48090.3  3.686233e-06
48103.8  3.060971e-06
48117.4  1.668113e-06
48130.9  2.484448e-08
48144.4  5.124822e-09
48157.9  5.122128e-09
48171.4  5.119434e-09
48184.9  6.156070e-09
48198.4  2.296722e-07
48211.9  3.064397e-06
48225.5  4.633341e-06
48239.0  4.029082e-06
48252.5  2.952368e-06
48266.0  1.604671e-06
48279.5  1.883901e-07
48293.0  7.066479e-09
48306.5  5.093146e-09
48320.0  5.090459e-09
48333.5  5.087764e-09
48347.1  5.085061e-09
48360.6  5.082349e-09
48374.1  5.079627e-09
48387.6  7.111178e-09
48401.1  2.118162e-07
48414.6  1.789090e-06
48428.1  3.173851e-06
48441.6  4.070331e-06
48455.2  4.593331e-06
48468.7  4.106005e-06
48482.2  2.583207e-06
48495.7  1.032493e-06
48509.2  5.372509e-08
48522.7  5.514627e-09
48536.2  5.223459e-08
48549.7  9.634201e-08
48563.3  7.458063e-09
48576.8  5.037757e-09
48590.3  5.234723e-09
48603.8  8.313491e-08
48617.3  2.599521e-07
48630.8  9.409686e-09
48644.3  5.023273e-09
48657.8  5.020309e-09
48671.4  6.479399e-08
48684.9  9.389587e-07
48698.4  1.319803e-06
48711.9  8.682545e-07
48725.4  1.726076e-06
48738.9  1.278206e-06
48752.4  4.364898e-07
48765.9  1.399838e-08
48779.5  4.997695e-09
48793.0  4.992422e-09
48806.5  4.987074e-09
48820.0  5.804110e-09
48833.5  1.427429e-07
48847.0  1.918943e-06
48860.5  3.141425e-06
48874.0  3.876085e-06
48887.6  4.223341e-06
48901.1  3.992735e-06
48914.6  3.788331e-06
48928.1  3.884390e-06
48941.6  3.843973e-06
48955.1  2.640135e-06
48968.6  8.931830e-08
48982.1  4.915954e-09
48995.7  4.910322e-09
49009.2  4.904661e-09
49022.7  4.898975e-09
49036.2  4.893268e-09
49049.7  4.887541e-09
49063.2  4.881790e-09
49076.7  4.876020e-09
49090.2  4.870230e-09
49103.8  2.015550e-08
49117.3  1.020092e-06
49130.8  1.924436e-06
49144.3  1.166234e-06
49157.8  2.206666e-08
49171.3  4.835172e-09
49184.8  4.829260e-09
49198.3  4.823330e-09
49211.8  4.817337e-09
49225.4  4.811319e-09
49238.9  4.805282e-09
49252.4  4.799226e-09
49265.9  4.793152e-09
49279.4  4.787060e-09
49292.9  4.780949e-09
49306.4  4.774815e-09
49319.9  4.768658e-09
49333.5  4.762483e-09
49347.0  4.756291e-09
49360.5  4.750084e-09
49374.0  4.743859e-09
49387.5  4.737618e-09
49401.0  4.731365e-09
49414.5  4.727466e-09
49428.0  4.724025e-09
49441.6  4.717753e-09
49455.1  1.813789e-08
49468.6  7.260923e-07
49482.1  5.661895e-08
49495.6  4.692520e-09
49509.1  4.686185e-09
49522.6  4.679838e-09
49536.1  4.673480e-09
49549.7  4.667109e-09
49563.2  4.660726e-09
49576.7  4.654331e-09
49590.2  4.647924e-09
49603.7  4.641505e-09
49617.2  6.976909e-09
49630.7  6.915569e-08
49644.2  3.727102e-07
49657.8  8.907479e-07
49671.3  1.350412e-06
49684.8  2.441230e-06
49698.3  1.229080e-06
49711.8  9.924706e-07
49725.3  1.231226e-06
49738.8  1.896090e-06
49752.3  3.157662e-06
49765.9  3.212363e-06
49779.4  2.828019e-06
49792.9  2.164735e-06
49806.4  1.762852e-06
49819.9  1.791730e-06
49833.4  2.346992e-06
49846.9  2.360910e-06
49860.4  2.667135e-06
49874.0  3.300979e-06
49887.5  1.304209e-06
49901.0  6.780822e-07
49914.5  4.471184e-07
49928.0  4.721175e-07
49941.5  1.039883e-06
49955.0  1.051828e-06
49968.5  1.553861e-06
49982.1  5.166375e-07
49995.6  1.101677e-07
50009.1  2.166737e-07
50022.6  8.507053e-07
50036.1  1.143025e-06
50049.6  3.098274e-07
50063.1  1.150044e-08
50076.6  4.417165e-09
50090.1  4.416004e-09
50103.7  1.018384e-08
50117.2  4.859316e-08
50130.7  1.733400e-07
50144.2  5.218078e-07
50157.7  9.026182e-07
50171.2  1.257512e-06
50184.7  1.371295e-06
50198.2  1.445638e-06
50211.8  1.499142e-06
50225.3  1.033987e-06
50238.8  1.328292e-06
50252.3  3.943192e-08
50265.8  4.337643e-09
50279.3  4.331558e-09
50292.8  4.325463e-09
50306.3  4.319359e-09
50319.9  4.313247e-09
50333.4  4.307125e-09
50346.9  4.300994e-09
50360.4  4.483511e-09
50373.9  2.791530e-08
50387.4  2.582805e-07
50400.9  6.720894e-07
50414.4  1.356044e-06
50428.0  2.050321e-06
50441.5  1.973128e-06
50455.0  1.524067e-06
50468.5  7.385800e-08
50482.0  4.393823e-09
50495.5  4.232861e-09
50509.0  4.226597e-09
50522.5  4.220319e-09
50536.1  4.214028e-09
50549.6  4.207725e-09
50563.1  4.201407e-09
50576.6  4.195076e-09
50590.1  4.188732e-09
50603.6  4.182372e-09
50617.1  2.665700e-08
50630.6  6.098664e-07
50644.2  8.704125e-07
50657.7  5.635006e-07
50671.2  1.702334e-08
50684.7  4.149213e-09
50698.2  4.144048e-09
50711.7  4.138862e-09
50725.2  4.133654e-09
50738.7  4.128426e-09
50752.3  4.123175e-09
50765.8  4.117902e-09
50779.3  4.116760e-09
50792.8  4.111758e-09
50806.3  4.106411e-09
50819.8  4.101041e-09
50833.3  4.095644e-09
50846.8  4.090225e-09
50860.4  4.084782e-09
50873.9  4.079311e-09
50887.4  4.073817e-09
50900.9  4.068297e-09
50914.4  4.062750e-09
50927.9  4.057177e-09
50941.4  4.051578e-09
50954.9  4.045950e-09
50968.4  4.040297e-09
50982.0  4.034615e-09
50995.5  4.028904e-09
