# from http://www.stsci.edu/jwst/instruments/nircam/instrumentdesign/filters
# Retrieved March, 2023, dated Nov, 2022 (post-flight)
# Uses modA or modB  filters+DBS+QE+OTE (nrc_plus_ote)
# Units of transmission are PCE (photon to electron conversion efficiency)
# 
36469.7  0.000000e+00
36483.2  0.000000e+00
36496.8  2.659948e-05
36510.3  2.697107e-05
36523.8  2.734467e-05
36537.3  2.739406e-05
36550.8  2.729704e-05
36564.3  2.729655e-05
36577.8  2.732890e-05
36591.3  2.760297e-05
36604.9  2.809396e-05
36618.4  2.854752e-05
36631.9  2.909845e-05
36645.4  2.971758e-05
36658.9  3.049858e-05
36672.4  3.147153e-05
36685.9  3.235045e-05
36699.4  3.296739e-05
36713.0  3.359255e-05
36726.5  3.445965e-05
36740.0  3.553412e-05
36753.5  3.666506e-05
36767.0  3.784661e-05
36780.5  3.911283e-05
36794.0  4.042212e-05
36807.5  4.193097e-05
36821.1  4.332062e-05
36834.6  4.418537e-05
36848.1  4.498588e-05
36861.6  4.600984e-05
36875.1  4.706855e-05
36888.6  4.835548e-05
36902.1  4.993194e-05
36915.6  5.167102e-05
36929.2  5.395800e-05
36942.7  5.672855e-05
36956.2  5.978037e-05
36969.7  6.331702e-05
36983.2  6.697104e-05
36996.7  7.042358e-05
37010.2  7.391220e-05
37023.7  7.751465e-05
37037.3  8.150855e-05
37050.8  8.577865e-05
37064.3  8.992484e-05
37077.8  9.409127e-05
37091.3  9.887423e-05
37104.8  1.043785e-04
37118.3  1.103831e-04
37131.8  1.167095e-04
37145.4  1.233505e-04
37158.9  1.309594e-04
37172.4  1.396299e-04
37185.9  1.490088e-04
37199.4  1.586858e-04
37212.9  1.687713e-04
37226.4  1.800828e-04
37239.9  1.927121e-04
37253.5  2.058170e-04
37267.0  2.191872e-04
37280.5  2.331088e-04
37294.0  2.479988e-04
37307.5  2.646705e-04
37321.0  2.829759e-04
37334.5  3.021515e-04
37348.0  3.223825e-04
37361.5  3.440482e-04
37375.1  3.673742e-04
37388.6  3.925824e-04
37402.1  4.190390e-04
37415.6  4.463829e-04
37429.1  4.752344e-04
37442.6  5.057672e-04
37456.1  5.380709e-04
37469.6  5.725348e-04
37483.2  6.089886e-04
37496.7  6.476985e-04
37510.2  6.894580e-04
37523.7  7.338542e-04
37537.2  7.806482e-04
37550.7  8.300928e-04
37564.2  8.821649e-04
37577.7  9.373987e-04
37591.3  9.960697e-04
37604.8  1.057614e-03
37618.3  1.122328e-03
37631.8  1.190750e-03
37645.3  1.262755e-03
37658.8  1.338740e-03
37672.3  1.418931e-03
37685.8  1.503119e-03
37699.4  1.591935e-03
37712.9  1.685583e-03
37726.4  1.783581e-03
37739.9  1.886550e-03
37753.4  1.994995e-03
37766.9  2.108778e-03
37780.4  2.228793e-03
37793.9  2.355117e-03
37807.5  2.487888e-03
37821.0  2.628014e-03
37834.5  2.775723e-03
37848.0  2.931270e-03
37861.5  3.095682e-03
37875.0  3.269405e-03
37888.5  3.452884e-03
37902.0  3.647074e-03
37915.6  3.852439e-03
37929.1  4.069936e-03
37942.6  4.300998e-03
37956.1  4.546169e-03
37969.6  4.806591e-03
37983.1  5.084013e-03
37996.6  5.379075e-03
38010.1  5.693012e-03
38023.7  6.027851e-03
38037.2  6.385263e-03
38050.7  6.767205e-03
38064.2  7.176172e-03
38077.7  7.613744e-03
38091.2  8.082045e-03
38104.7  8.584731e-03
38118.2  9.124330e-03
38131.8  9.703433e-03
38145.3  1.032633e-02
38158.8  1.099659e-02
38172.3  1.171831e-02
38185.8  1.249739e-02
38199.3  1.333802e-02
38212.8  1.424495e-02
38226.3  1.522624e-02
38239.8  1.628809e-02
38253.4  1.743622e-02
38266.9  1.867976e-02
38280.4  2.002484e-02
38293.9  2.148301e-02
38307.4  2.306376e-02
38320.9  2.477623e-02
38334.4  2.663528e-02
38347.9  2.865259e-02
38361.5  3.083978e-02
38375.0  3.321573e-02
38388.5  3.579441e-02
38402.0  3.858940e-02
38415.5  4.162337e-02
38429.0  4.491206e-02
38442.5  4.847035e-02
38456.0  5.232499e-02
38469.6  5.649318e-02
38483.1  6.099122e-02
38496.6  6.584885e-02
38510.1  7.107699e-02
38523.6  7.670690e-02
38537.1  8.275394e-02
38550.6  8.922927e-02
38564.1  9.616213e-02
38577.7  1.035598e-01
38591.2  1.114229e-01
38604.7  1.197744e-01
38618.2  1.286104e-01
38631.7  1.379187e-01
38645.2  1.477121e-01
38658.7  1.579702e-01
38672.2  1.686638e-01
38685.8  1.797925e-01
38699.3  1.913196e-01
38712.8  2.031975e-01
38726.3  2.154095e-01
38739.8  2.278985e-01
38753.3  2.406002e-01
38766.8  2.534850e-01
38780.3  2.664709e-01
38793.9  2.795202e-01
38807.4  2.925563e-01
38820.9  3.055078e-01
38834.4  3.183439e-01
38847.9  3.309925e-01
38861.4  3.433895e-01
38874.9  3.555139e-01
38888.4  3.673061e-01
38902.0  3.787242e-01
38915.5  3.897606e-01
38929.0  4.003748e-01
38942.5  4.105409e-01
38956.0  4.202664e-01
38969.5  4.295267e-01
38983.0  4.383157e-01
38996.5  4.466503e-01
39010.1  4.545298e-01
39023.6  4.619659e-01
39037.1  4.689749e-01
39050.6  4.755755e-01
39064.1  4.817734e-01
39077.6  4.875998e-01
39091.1  4.930831e-01
39104.6  4.982182e-01
39118.2  5.030364e-01
39131.7  5.075678e-01
39145.2  5.117963e-01
39158.7  5.157548e-01
39172.2  5.194784e-01
39185.7  5.229416e-01
39199.2  5.261761e-01
39212.7  5.292219e-01
39226.2  5.320410e-01
39239.8  5.346667e-01
39253.3  5.371454e-01
39266.8  5.394281e-01
39280.3  5.415776e-01
39293.8  5.435500e-01
39307.3  5.453774e-01
39320.8  5.470996e-01
39334.3  5.486632e-01
39347.9  5.501079e-01
39361.4  5.514723e-01
39374.9  5.526950e-01
39388.4  5.538224e-01
39401.9  5.548928e-01
39415.4  5.558395e-01
39428.9  5.567103e-01
39442.4  5.575456e-01
39456.0  5.582702e-01
39469.5  5.589343e-01
39483.0  5.595828e-01
39496.5  5.601323e-01
39510.0  5.606821e-01
39523.5  5.611449e-01
39537.0  5.615638e-01
39550.5  5.619978e-01
39564.1  5.623571e-01
39577.6  5.626869e-01
39591.1  5.630419e-01
39604.6  5.633324e-01
39618.1  5.636012e-01
39631.6  5.638978e-01
39645.1  5.641384e-01
39658.6  5.643640e-01
39672.2  5.646223e-01
39685.7  5.648300e-01
39699.2  5.650275e-01
39712.7  5.652618e-01
39726.2  5.654484e-01
39739.7  5.656340e-01
39753.2  5.658591e-01
39766.7  5.660380e-01
39780.3  5.662636e-01
39793.8  5.664368e-01
39807.3  5.666082e-01
39820.8  5.668239e-01
39834.3  5.669911e-01
39847.8  5.671551e-01
39861.3  5.673629e-01
39874.8  5.675266e-01
39888.4  5.676843e-01
39901.9  5.678872e-01
39915.4  5.680484e-01
39928.9  5.682050e-01
39942.4  5.684045e-01
39955.9  5.685637e-01
39969.4  5.687190e-01
39982.9  5.689112e-01
39996.5  5.690651e-01
40010.0  5.692142e-01
40023.5  5.693638e-01
40037.0  5.694939e-01
40050.5  5.696453e-01
40064.0  5.697714e-01
40077.5  5.698988e-01
40091.0  5.700521e-01
40104.5  5.701790e-01
40118.1  5.703058e-01
40131.6  5.704607e-01
40145.1  5.705884e-01
40158.6  5.707142e-01
40172.1  5.708647e-01
40185.6  5.709903e-01
40199.1  5.711110e-01
40212.6  5.712592e-01
40226.2  5.713869e-01
40239.7  5.715108e-01
40253.2  5.716636e-01
40266.7  5.717934e-01
40280.2  5.719499e-01
40293.7  5.720773e-01
40307.2  5.722087e-01
40320.7  5.723692e-01
40334.3  5.724946e-01
40347.8  5.726223e-01
40361.3  5.727820e-01
40374.8  5.729072e-01
40388.3  5.730319e-01
40401.8  5.731967e-01
40415.3  5.733244e-01
40428.8  5.734501e-01
40442.4  5.736187e-01
40455.9  5.737479e-01
40469.4  5.738732e-01
40482.9  5.740392e-01
40496.4  5.741644e-01
40509.9  5.742817e-01
40523.4  5.744422e-01
40536.9  5.745586e-01
40550.5  5.747196e-01
40564.0  5.748295e-01
40577.5  5.749404e-01
40591.0  5.751051e-01
40604.5  5.752110e-01
40618.0  5.753179e-01
40631.5  5.754814e-01
40645.0  5.755826e-01
40658.6  5.756780e-01
40672.1  5.758335e-01
40685.6  5.759241e-01
40699.1  5.760055e-01
40712.6  5.761525e-01
40726.1  5.762319e-01
40739.6  5.763067e-01
40753.1  5.764491e-01
40766.7  5.765255e-01
40780.2  5.766705e-01
40793.7  5.767391e-01
40807.2  5.768099e-01
40820.7  5.769559e-01
40834.2  5.770195e-01
40847.7  5.770802e-01
40861.2  5.772219e-01
40874.8  5.772794e-01
40888.3  5.773358e-01
40901.8  5.774771e-01
40915.3  5.775367e-01
40928.8  5.775933e-01
40942.3  5.777379e-01
40955.8  5.778020e-01
40969.3  5.778625e-01
40982.8  5.780119e-01
40996.4  5.780757e-01
41009.9  5.781392e-01
41023.4  5.782886e-01
41036.9  5.783502e-01
41050.4  5.785053e-01
41063.9  5.785659e-01
41077.4  5.786272e-01
41090.9  5.787874e-01
41104.5  5.788552e-01
41118.0  5.789216e-01
41131.5  5.790883e-01
41145.0  5.791611e-01
41158.5  5.792312e-01
41172.0  5.793936e-01
41185.5  5.794637e-01
41199.0  5.795292e-01
41212.6  5.796854e-01
41226.1  5.797464e-01
41239.6  5.798075e-01
41253.1  5.799587e-01
41266.6  5.800147e-01
41280.1  5.801684e-01
41293.6  5.802253e-01
41307.1  5.802796e-01
41320.7  5.804249e-01
41334.2  5.804769e-01
41347.7  5.805206e-01
41361.2  5.806509e-01
41374.7  5.806884e-01
41388.2  5.807203e-01
41401.7  5.808308e-01
41415.2  5.808517e-01
41428.8  5.808705e-01
41442.3  5.809673e-01
41455.8  5.809776e-01
41469.3  5.809883e-01
41482.8  5.810751e-01
41496.3  5.810728e-01
41509.8  5.810692e-01
41523.3  5.811381e-01
41536.9  5.811240e-01
41550.4  5.811761e-01
41563.9  5.811527e-01
41577.4  5.811224e-01
41590.9  5.811542e-01
41604.4  5.811141e-01
41617.9  5.810740e-01
41631.4  5.810918e-01
41645.0  5.810411e-01
41658.5  5.809910e-01
41672.0  5.809969e-01
41685.5  5.809333e-01
41699.0  5.808677e-01
41712.5  5.808510e-01
41726.0  5.807788e-01
41739.5  5.807028e-01
41753.1  5.806686e-01
41766.6  5.805888e-01
41780.1  5.805433e-01
41793.6  5.804579e-01
41807.1  5.803744e-01
41820.6  5.803250e-01
41834.1  5.802373e-01
41847.6  5.801526e-01
41861.1  5.800984e-01
41874.7  5.800117e-01
41888.2  5.799228e-01
41901.7  5.798602e-01
41915.2  5.797711e-01
41928.7  5.796794e-01
41942.2  5.796088e-01
41955.7  5.795210e-01
41969.2  5.794331e-01
41982.8  5.793611e-01
41996.3  5.792797e-01
42009.8  5.792025e-01
42023.3  5.791378e-01
42036.8  5.790634e-01
42050.3  5.790024e-01
42063.8  5.789328e-01
42077.3  5.788639e-01
42090.9  5.788024e-01
42104.4  5.787389e-01
42117.9  5.786739e-01
42131.4  5.786114e-01
42144.9  5.785504e-01
42158.4  5.784926e-01
42171.9  5.784333e-01
42185.4  5.783769e-01
42199.0  5.783247e-01
42212.5  5.782721e-01
42226.0  5.782217e-01
42239.5  5.781746e-01
42253.0  5.781245e-01
42266.5  5.780756e-01
42280.0  5.780179e-01
42293.5  5.779652e-01
42307.1  5.779094e-01
42320.6  5.778409e-01
42334.1  5.777739e-01
42347.6  5.777074e-01
42361.1  5.776342e-01
42374.6  5.775687e-01
42388.1  5.775101e-01
42401.6  5.774531e-01
42415.2  5.774065e-01
42428.7  5.773641e-01
42442.2  5.773234e-01
42455.7  5.772915e-01
42469.2  5.772579e-01
42482.7  5.772187e-01
42496.2  5.771846e-01
42509.7  5.771469e-01
42523.3  5.771017e-01
42536.8  5.770598e-01
42550.3  5.770175e-01
42563.8  5.769766e-01
42577.3  5.769352e-01
42590.8  5.768950e-01
42604.3  5.768562e-01
42617.8  5.768152e-01
42631.4  5.767752e-01
42644.9  5.767335e-01
42658.4  5.766884e-01
42671.9  5.766414e-01
42685.4  5.765863e-01
42698.9  5.765285e-01
42712.4  5.764728e-01
42725.9  5.764058e-01
42739.5  5.763372e-01
42753.0  5.762777e-01
42766.5  5.762071e-01
42780.0  5.761350e-01
42793.5  5.760766e-01
42807.0  5.760078e-01
42820.5  5.759499e-01
42834.0  5.758755e-01
42847.5  5.757988e-01
42861.1  5.757348e-01
42874.6  5.756487e-01
42888.1  5.755592e-01
42901.6  5.754875e-01
42915.1  5.753942e-01
42928.6  5.752980e-01
42942.1  5.752232e-01
42955.6  5.751278e-01
42969.2  5.750312e-01
42982.7  5.749573e-01
42996.2  5.748600e-01
43009.7  5.747619e-01
43023.2  5.746865e-01
43036.7  5.745825e-01
43050.2  5.745056e-01
43063.7  5.744002e-01
43077.3  5.742920e-01
43090.8  5.742111e-01
43104.3  5.741021e-01
43117.8  5.739924e-01
43131.3  5.739117e-01
43144.8  5.738005e-01
43158.3  5.736900e-01
43171.8  5.736099e-01
43185.4  5.734965e-01
43198.9  5.733822e-01
43212.4  5.733000e-01
43225.9  5.731835e-01
43239.4  5.730639e-01
43252.9  5.729756e-01
43266.4  5.728536e-01
43279.9  5.727293e-01
43293.5  5.726355e-01
43307.0  5.725091e-01
43320.5  5.724149e-01
43334.0  5.722865e-01
43347.5  5.721566e-01
43361.0  5.720595e-01
43374.5  5.719296e-01
43388.0  5.717982e-01
43401.6  5.716956e-01
43415.1  5.715604e-01
43428.6  5.714212e-01
43442.1  5.713082e-01
43455.6  5.711601e-01
43469.1  5.710099e-01
43482.6  5.708840e-01
43496.1  5.707127e-01
43509.7  5.705373e-01
43523.2  5.703744e-01
43536.7  5.701927e-01
43550.2  5.700199e-01
43563.7  5.698288e-01
43577.2  5.696338e-01
43590.7  5.694431e-01
43604.2  5.692342e-01
43617.8  5.690182e-01
43631.3  5.688042e-01
43644.8  5.685738e-01
43658.3  5.683362e-01
43671.8  5.680986e-01
43685.3  5.678482e-01
43698.8  5.675921e-01
43712.3  5.673336e-01
43725.8  5.670666e-01
43739.4  5.667943e-01
43752.9  5.665184e-01
43766.4  5.662352e-01
43779.9  5.659490e-01
43793.4  5.656566e-01
43806.9  5.653615e-01
43820.4  5.650574e-01
43833.9  5.647534e-01
43847.5  5.644461e-01
43861.0  5.641315e-01
43874.5  5.638196e-01
43888.0  5.635076e-01
43901.5  5.631866e-01
43915.0  5.628742e-01
43928.5  5.625628e-01
43942.0  5.622434e-01
43955.6  5.619364e-01
43969.1  5.616316e-01
43982.6  5.613924e-01
43996.1  5.611298e-01
44009.6  5.608704e-01
44023.1  5.606370e-01
44036.6  5.603839e-01
44050.1  5.601562e-01
44063.7  5.599114e-01
44077.2  5.596713e-01
44090.7  5.594595e-01
44104.2  5.592324e-01
44117.7  5.590135e-01
44131.2  5.588202e-01
44144.7  5.586147e-01
44158.2  5.584148e-01
44171.8  5.582399e-01
44185.3  5.580512e-01
44198.8  5.578669e-01
44212.3  5.577054e-01
44225.8  5.575301e-01
44239.3  5.573601e-01
44252.8  5.572115e-01
44266.3  5.570514e-01
44279.9  5.568944e-01
44293.4  5.567606e-01
44306.9  5.566125e-01
44320.4  5.564875e-01
44333.9  5.563473e-01
44347.4  5.562122e-01
44360.9  5.560988e-01
44374.4  5.559701e-01
44388.0  5.558439e-01
44401.5  5.557403e-01
44415.0  5.556203e-01
44428.5  5.555014e-01
44442.0  5.554063e-01
44455.5  5.552718e-01
44469.0  5.551395e-01
44482.5  5.550103e-01
44496.1  5.548784e-01
44509.6  5.547457e-01
44523.1  5.546209e-01
44536.6  5.544878e-01
44550.1  5.543623e-01
44563.6  5.542279e-01
44577.1  5.540929e-01
44590.6  5.539679e-01
44604.1  5.538301e-01
44617.7  5.536927e-01
44631.2  5.535679e-01
44644.7  5.534297e-01
44658.2  5.532874e-01
44671.7  5.531615e-01
44685.2  5.530159e-01
44698.7  5.528688e-01
44712.2  5.527377e-01
44725.8  5.525848e-01
44739.3  5.524292e-01
44752.8  5.522941e-01
44766.3  5.521324e-01
44779.8  5.519660e-01
44793.3  5.518251e-01
44806.8  5.516528e-01
44820.3  5.515071e-01
44833.9  5.513262e-01
44847.4  5.511431e-01
44860.9  5.509880e-01
44874.4  5.507965e-01
44887.9  5.506013e-01
44901.4  5.504403e-01
44914.9  5.502402e-01
44928.4  5.500343e-01
44942.0  5.498653e-01
44955.5  5.496425e-01
44969.0  5.494175e-01
44982.5  5.492206e-01
44996.0  5.489852e-01
45009.5  5.487449e-01
45023.0  5.485396e-01
45036.5  5.482903e-01
45050.1  5.480744e-01
45063.6  5.478148e-01
45077.1  5.475495e-01
45090.6  5.473232e-01
45104.1  5.470458e-01
45117.6  5.467648e-01
45131.1  5.465239e-01
45144.6  5.462347e-01
45158.2  5.459393e-01
45171.7  5.456870e-01
45185.2  5.453845e-01
45198.7  5.450766e-01
45212.2  5.448134e-01
45225.7  5.444937e-01
45239.2  5.441719e-01
45252.7  5.438948e-01
45266.3  5.435620e-01
45279.8  5.432229e-01
45293.3  5.429330e-01
45306.8  5.425888e-01
45320.3  5.422929e-01
45333.8  5.419423e-01
45347.3  5.415886e-01
45360.8  5.412897e-01
45374.4  5.409341e-01
45387.9  5.405764e-01
45401.4  5.402689e-01
45414.9  5.399085e-01
45428.4  5.395464e-01
45441.9  5.392319e-01
45455.4  5.388629e-01
45468.9  5.384897e-01
45482.5  5.381671e-01
45496.0  5.377925e-01
45509.5  5.374187e-01
45523.0  5.370929e-01
45536.5  5.367209e-01
45550.0  5.363957e-01
45563.5  5.360235e-01
45577.0  5.356552e-01
45590.5  5.353318e-01
45604.1  5.349659e-01
45617.6  5.345978e-01
45631.1  5.342737e-01
45644.6  5.339107e-01
45658.1  5.335492e-01
45671.6  5.332270e-01
45685.1  5.328657e-01
45698.6  5.325099e-01
45712.2  5.321893e-01
45725.7  5.318352e-01
45739.2  5.314793e-01
45752.7  5.311570e-01
45766.2  5.308062e-01
45779.7  5.304550e-01
45793.2  5.301307e-01
45806.7  5.297780e-01
45820.3  5.294521e-01
45833.8  5.291007e-01
45847.3  5.287486e-01
45860.8  5.284126e-01
45874.3  5.280568e-01
45887.8  5.277004e-01
45901.3  5.273514e-01
45914.8  5.269876e-01
45928.4  5.266220e-01
45941.9  5.262657e-01
45955.4  5.258962e-01
45968.9  5.255226e-01
45982.4  5.251501e-01
45995.9  5.247728e-01
46009.4  5.243949e-01
46022.9  5.240066e-01
46036.5  5.236175e-01
46050.0  5.232242e-01
46063.5  5.228183e-01
46077.0  5.224126e-01
46090.5  5.219851e-01
46104.0  5.215659e-01
46117.5  5.211401e-01
46131.0  5.206890e-01
46144.6  5.202457e-01
46158.1  5.197974e-01
46171.6  5.193214e-01
46185.1  5.188642e-01
46198.6  5.184012e-01
46212.1  5.178997e-01
46225.6  5.174242e-01
46239.1  5.169425e-01
46252.7  5.164180e-01
46266.2  5.159205e-01
46279.7  5.154170e-01
46293.2  5.148694e-01
46306.7  5.143531e-01
46320.2  5.137851e-01
46333.7  5.132538e-01
46347.2  5.127198e-01
46360.8  5.121323e-01
46374.3  5.115853e-01
46387.8  5.110340e-01
46401.3  5.104246e-01
46414.8  5.098682e-01
46428.3  5.093068e-01
46441.8  5.086827e-01
46455.3  5.081142e-01
46468.8  5.075452e-01
46482.4  5.069148e-01
46495.9  5.063402e-01
46509.4  5.057639e-01
46522.9  5.051197e-01
46536.4  5.045408e-01
46549.9  5.039613e-01
46563.4  5.033083e-01
46576.9  5.027287e-01
46590.5  5.020796e-01
46604.0  5.015059e-01
46617.5  5.009337e-01
46631.0  5.002904e-01
46644.5  4.997291e-01
46658.0  4.991731e-01
46671.5  4.985465e-01
46685.0  4.979981e-01
46698.6  4.974576e-01
46712.1  4.968494e-01
46725.6  4.963243e-01
46739.1  4.958052e-01
46752.6  4.952131e-01
46766.1  4.947084e-01
46779.6  4.942117e-01
46793.1  4.936418e-01
46806.7  4.931563e-01
46820.2  4.926010e-01
46833.7  4.921352e-01
46847.2  4.916773e-01
46860.7  4.911506e-01
46874.2  4.907105e-01
46887.7  4.902825e-01
46901.2  4.897926e-01
46914.8  4.893853e-01
46928.3  4.889866e-01
46941.8  4.885238e-01
46955.3  4.881468e-01
46968.8  4.877797e-01
46982.3  4.873460e-01
46995.8  4.869929e-01
47009.3  4.866488e-01
47022.9  4.862458e-01
47036.4  4.859183e-01
47049.9  4.855945e-01
47063.4  4.852146e-01
47076.9  4.849098e-01
47090.4  4.845502e-01
47103.9  4.842584e-01
47117.4  4.839711e-01
47131.0  4.836332e-01
47144.5  4.833618e-01
47158.0  4.830956e-01
47171.5  4.827741e-01
47185.0  4.825118e-01
47198.5  4.822544e-01
47212.0  4.819468e-01
47225.5  4.816913e-01
47239.1  4.814341e-01
47252.6  4.811323e-01
47266.1  4.808803e-01
47279.6  4.806259e-01
47293.1  4.803275e-01
47306.6  4.800694e-01
47320.1  4.797755e-01
47333.6  4.795200e-01
47347.1  4.792593e-01
47360.7  4.789616e-01
47374.2  4.786944e-01
47387.7  4.784265e-01
47401.2  4.781264e-01
47414.7  4.778468e-01
47428.2  4.775612e-01
47441.7  4.772486e-01
47455.2  4.769555e-01
47468.8  4.766533e-01
47482.3  4.763248e-01
47495.8  4.760075e-01
47509.3  4.756847e-01
47522.8  4.753464e-01
47536.3  4.750105e-01
47549.8  4.746664e-01
47563.3  4.743129e-01
47576.9  4.739618e-01
47590.4  4.736046e-01
47603.9  4.732402e-01
47617.4  4.728692e-01
47630.9  4.724822e-01
47644.4  4.720874e-01
47657.9  4.716860e-01
47671.4  4.712677e-01
47685.0  4.708529e-01
47698.5  4.704355e-01
47712.0  4.700113e-01
47725.5  4.695845e-01
47739.0  4.691510e-01
47752.5  4.687188e-01
47766.0  4.682849e-01
47779.5  4.678475e-01
47793.1  4.674137e-01
47806.6  4.669703e-01
47820.1  4.665403e-01
47833.6  4.661026e-01
47847.1  4.656630e-01
47860.6  4.652370e-01
47874.1  4.647969e-01
47887.6  4.643613e-01
47901.2  4.639473e-01
47914.7  4.635138e-01
47928.2  4.630802e-01
47941.7  4.626714e-01
47955.2  4.622458e-01
47968.7  4.618230e-01
47982.2  4.614255e-01
47995.7  4.610049e-01
48009.3  4.605885e-01
48022.8  4.602068e-01
48036.3  4.597991e-01
48049.8  4.593914e-01
48063.3  4.590192e-01
48076.8  4.586220e-01
48090.3  4.582643e-01
48103.8  4.578763e-01
48117.4  4.574891e-01
48130.9  4.571420e-01
48144.4  4.567659e-01
48157.9  4.563933e-01
48171.4  4.560575e-01
48184.9  4.556834e-01
48198.4  4.553113e-01
48211.9  4.549800e-01
48225.5  4.546098e-01
48239.0  4.542362e-01
48252.5  4.538983e-01
48266.0  4.535224e-01
48279.5  4.531472e-01
48293.0  4.528078e-01
48306.5  4.524233e-01
48320.0  4.520738e-01
48333.5  4.516841e-01
48347.1  4.512930e-01
48360.6  4.509343e-01
48374.1  4.505269e-01
48387.6  4.501108e-01
48401.1  4.497283e-01
48414.6  4.492988e-01
48428.1  4.488559e-01
48441.6  4.484376e-01
48455.2  4.479680e-01
48468.7  4.474887e-01
48482.2  4.470359e-01
48495.7  4.465287e-01
48509.2  4.460067e-01
48522.7  4.455077e-01
48536.2  4.449620e-01
48549.7  4.444041e-01
48563.3  4.438625e-01
48576.8  4.432708e-01
48590.3  4.426982e-01
48603.8  4.420811e-01
48617.3  4.414505e-01
48630.8  4.408322e-01
48644.3  4.401672e-01
48657.8  4.394881e-01
48671.4  4.388248e-01
48684.9  4.381178e-01
48698.4  4.373928e-01
48711.9  4.366788e-01
48725.4  4.359272e-01
48738.9  4.351657e-01
48752.4  4.344144e-01
48765.9  4.336264e-01
48779.5  4.328285e-01
48793.0  4.319097e-01
48806.5  4.309653e-01
48820.0  4.300130e-01
48833.5  4.289356e-01
48847.0  4.279694e-01
48860.5  4.268837e-01
48874.0  4.259146e-01
48887.6  4.249413e-01
48901.1  4.238433e-01
48914.6  4.228643e-01
48928.1  4.218882e-01
48941.6  4.207908e-01
48955.1  4.198149e-01
48968.6  4.188382e-01
48982.1  4.177386e-01
48995.7  4.167697e-01
49009.2  4.158057e-01
49022.7  4.147169e-01
49036.2  4.137576e-01
49049.7  4.128044e-01
49063.2  4.117297e-01
49076.7  4.107901e-01
49090.2  4.097210e-01
49103.8  4.087840e-01
49117.3  4.078509e-01
49130.8  4.067885e-01
49144.3  4.058607e-01
49157.8  4.049285e-01
49171.3  4.038555e-01
49184.8  4.029128e-01
49198.3  4.019658e-01
49211.8  4.008719e-01
49225.4  3.998996e-01
49238.9  3.989102e-01
49252.4  3.977637e-01
49265.9  3.967397e-01
49279.4  3.956897e-01
49292.9  3.944703e-01
49306.4  3.933576e-01
49319.9  3.922115e-01
49333.5  3.908889e-01
49347.0  3.896626e-01
49360.5  3.882464e-01
49374.0  3.869132e-01
49387.5  3.855259e-01
49401.0  3.839330e-01
49414.5  3.824151e-01
49428.0  3.808246e-01
49441.6  3.790049e-01
49455.1  3.772543e-01
49468.6  3.754132e-01
49482.1  3.733431e-01
49495.6  3.713199e-01
49509.1  3.691970e-01
49522.6  3.668366e-01
49536.1  3.645127e-01
49549.7  3.620937e-01
49563.2  3.594141e-01
49576.7  3.567725e-01
49590.2  3.538782e-01
49603.7  3.510173e-01
49617.2  3.480518e-01
49630.7  3.448275e-01
49644.2  3.416425e-01
49657.8  3.383380e-01
49671.3  3.348022e-01
49684.8  3.312962e-01
49698.3  3.276877e-01
49711.8  3.238497e-01
49725.3  3.200436e-01
49738.8  3.161601e-01
49752.3  3.120485e-01
49765.9  3.079932e-01
49779.4  3.038522e-01
49792.9  2.995166e-01
49806.4  2.952425e-01
49819.9  2.909026e-01
49833.4  2.863927e-01
49846.9  2.819393e-01
49860.4  2.773349e-01
49874.0  2.728028e-01
49887.5  2.682428e-01
49901.0  2.635412e-01
49914.5  2.589263e-01
49928.0  2.542982e-01
49941.5  2.495469e-01
49955.0  2.449073e-01
49968.5  2.402569e-01
49982.1  2.355138e-01
49995.6  2.308762e-01
50009.1  2.262530e-01
50022.6  2.216095e-01
50036.1  2.170499e-01
50049.6  2.125163e-01
50063.1  2.079385e-01
50076.6  2.034469e-01
50090.1  1.989408e-01
50103.7  1.945362e-01
50117.2  1.901680e-01
50130.7  1.857687e-01
50144.2  1.814880e-01
50157.7  1.772507e-01
50171.2  1.730056e-01
50184.7  1.688621e-01
50198.2  1.647726e-01
50211.8  1.606799e-01
50225.3  1.566963e-01
50238.8  1.527652e-01
50252.3  1.488381e-01
50265.8  1.450148e-01
50279.3  1.412424e-01
50292.8  1.374824e-01
50306.3  1.338178e-01
50319.9  1.302087e-01
50333.4  1.266045e-01
50346.9  1.230959e-01
50360.4  1.195974e-01
50373.9  1.161907e-01
50387.4  1.128347e-01
50400.9  1.094885e-01
50414.4  1.062323e-01
50428.0  1.030213e-01
50441.5  9.983109e-02
50455.0  9.672030e-02
50468.5  9.366057e-02
50482.0  9.061569e-02
50495.5  8.765212e-02
50509.0  8.473739e-02
50522.5  8.184117e-02
50536.1  7.902436e-02
50549.6  7.625167e-02
50563.1  7.350617e-02
50576.6  7.083255e-02
50590.1  6.818828e-02
50603.6  6.561497e-02
50617.1  6.309333e-02
50630.6  6.059932e-02
50644.2  5.819363e-02
50657.7  5.584046e-02
50671.2  5.353069e-02
50684.7  5.128410e-02
50698.2  4.908878e-02
50711.7  4.694652e-02
50725.2  4.486556e-02
50738.7  4.284525e-02
50752.3  4.087516e-02
50765.8  3.897151e-02
50779.3  3.712691e-02
50792.8  3.533679e-02
50806.3  3.361304e-02
50819.8  3.194822e-02
50833.3  3.033940e-02
50846.8  2.879376e-02
50860.4  2.730469e-02
50873.9  2.587831e-02
50887.4  2.451160e-02
50900.9  2.319733e-02
50914.4  2.194505e-02
50927.9  2.074852e-02
50941.4  1.960334e-02
50954.9  1.851594e-02
50968.4  1.748050e-02
50982.0  1.649270e-02
50995.5  1.555728e-02
51009.0  1.467028e-02
51022.5  1.382638e-02
51036.0  1.303072e-02
51049.5  1.227778e-02
51063.0  1.156358e-02
51076.5  1.089145e-02
51090.1  1.025465e-02
51103.6  9.656301e-03
51117.1  9.092040e-03
51130.6  8.557929e-03
51144.1  8.056635e-03
51157.6  7.584504e-03
51171.1  7.138009e-03
51184.6  6.719762e-03
51198.2  6.326288e-03
51211.7  5.954527e-03
51225.2  5.606760e-03
51238.7  5.279945e-03
51252.2  4.971531e-03
51265.7  4.683324e-03
51279.2  4.412702e-03
51292.7  4.157288e-03
51306.3  3.918811e-03
51319.8  3.694944e-03
51333.3  3.483516e-03
51346.8  3.286017e-03
51360.3  3.099305e-03
51373.8  2.924899e-03
51387.3  2.761057e-03
51400.8  2.606252e-03
51414.4  2.461702e-03
51427.9  2.325947e-03
51441.4  2.197563e-03
51454.9  2.077847e-03
51468.4  1.965391e-03
51481.9  1.858924e-03
51495.4  1.759414e-03
51508.9  1.665755e-03
51522.5  1.576928e-03
51536.0  1.494006e-03
51549.5  1.415952e-03
51563.0  1.341753e-03
51576.5  1.272299e-03
51590.0  1.206261e-03
51603.5  1.144559e-03
51617.0  1.086432e-03
51630.6  1.031218e-03
51644.1  9.795470e-04
51657.6  9.308251e-04
51671.1  8.845146e-04
51684.6  8.412863e-04
51698.1  8.005153e-04
51711.6  7.615375e-04
51725.1  7.248822e-04
51738.7  6.900896e-04
51752.2  6.567044e-04
51765.7  6.252480e-04
51779.2  5.952498e-04
51792.7  5.663026e-04
51806.2  5.389752e-04
51819.7  5.131547e-04
51833.2  4.885324e-04
51846.8  4.655402e-04
51860.3  4.435660e-04
51873.8  4.230216e-04
51887.3  4.036464e-04
51900.8  3.853174e-04
51914.3  3.683788e-04
51927.8  3.523665e-04
51941.3  3.370003e-04
51954.8  3.225675e-04
51968.4  0.000000e+00
51981.9  0.000000e+00
