# from http://www.stsci.edu/jwst/instruments/nircam/instrumentdesign/filters
# Retrieved Jan 18, 2017, dated Feb 5, 2016 (pre-flight)
# Uses modA or modB  filters+DBS+QE+OTE (nrc_plus_ote)
# Units of transmission are PCE (photon to electron conversion efficiency)
# 
5505.0  4.543274e-13
5515.0  4.724595e-13
5525.0  6.790133e-11
5535.0  2.049278e-10
5545.0  7.254185e-13
5555.0  7.004296e-13
5565.0  3.285317e-10
5575.0  8.348623e-10
5585.0  9.278806e-10
5595.0  1.101952e-09
5605.0  4.314252e-10
5615.0  1.861259e-10
5625.0  3.950800e-10
5635.0  1.903180e-12
5645.0  2.006612e-12
5655.0  2.085314e-12
5665.0  2.144694e-12
5675.0  4.111338e-10
5685.0  2.221589e-12
5695.0  2.259558e-12
5705.0  6.336713e-10
5715.0  3.508344e-09
5725.0  2.026089e-09
5735.0  3.910723e-09
5745.0  4.881561e-09
5755.0  4.567490e-09
5765.0  5.183838e-09
5775.0  3.390347e-12
5785.0  3.760523e-12
5795.0  4.179717e-12
5805.0  4.611115e-12
5815.0  2.207236e-09
5825.0  3.301929e-09
5835.0  9.072434e-10
5845.0  6.308843e-12
5855.0  1.622551e-09
5865.0  5.527470e-09
5875.0  1.495173e-08
5885.0  1.256060e-09
5895.0  8.138287e-09
5905.0  4.285011e-09
5915.0  4.251042e-09
5925.0  5.246238e-09
5935.0  9.226110e-12
5945.0  9.373440e-12
5955.0  3.471452e-09
5965.0  9.633693e-12
5975.0  8.011243e-10
5985.0  1.244436e-08
5995.0  9.967899e-12
6005.0  1.861441e-08
6015.0  1.980425e-09
6025.0  7.742177e-09
6035.0  5.753090e-09
6045.0  2.794103e-09
6055.0  5.912702e-09
6065.0  9.346995e-09
6075.0  1.497960e-08
6085.0  3.487342e-09
6095.0  2.427463e-09
6105.0  1.206118e-11
6115.0  1.086996e-08
6125.0  2.498866e-09
6135.0  1.362530e-08
6145.0  1.002324e-08
6155.0  1.204703e-08
6165.0  1.151900e-08
6175.0  1.970815e-08
6185.0  2.570868e-08
6195.0  1.175176e-08
6205.0  2.076723e-08
6215.0  1.334327e-08
6225.0  1.649898e-08
6235.0  3.281598e-08
6245.0  4.090990e-08
6255.0  3.830719e-09
6265.0  2.408197e-08
6275.0  3.520222e-08
6285.0  3.697185e-08
6295.0  1.506090e-11
6305.0  1.596651e-08
6315.0  5.111306e-08
6325.0  2.421254e-08
6335.0  4.698782e-08
6345.0  4.342190e-08
6355.0  7.674547e-08
6365.0  4.942738e-08
6375.0  8.484941e-08
6385.0  5.720945e-08
6395.0  1.142684e-07
6405.0  8.172919e-08
6415.0  7.982249e-08
6425.0  7.097453e-08
6435.0  1.255580e-07
6445.0  1.377576e-07
6455.0  1.743505e-07
6465.0  2.083494e-07
6475.0  2.231781e-07
6485.0  2.308830e-07
6495.0  3.243584e-07
6505.0  3.007291e-07
6515.0  3.916754e-07
6525.0  2.920311e-07
6535.0  3.751112e-07
6545.0  4.097661e-07
6555.0  4.476526e-07
6565.0  5.092303e-07
6575.0  5.041599e-07
6585.0  5.810737e-07
6595.0  5.537421e-07
6605.0  5.654013e-07
6615.0  5.732935e-07
6625.0  5.499711e-07
6635.0  5.637727e-07
6645.0  6.013585e-07
6655.0  6.905954e-07
6665.0  8.280731e-07
6675.0  8.721522e-07
6685.0  9.668417e-07
6695.0  1.033908e-06
6705.0  1.001310e-06
6715.0  1.063185e-06
6725.0  1.070446e-06
6735.0  1.098235e-06
6745.0  9.863594e-07
6755.0  8.822676e-07
6765.0  7.006700e-07
6775.0  6.532666e-07
6785.0  5.104231e-07
6795.0  4.134502e-07
6805.0  3.245924e-07
6815.0  1.964793e-07
6825.0  1.641966e-07
6835.0  1.610102e-07
6845.0  8.370182e-08
6855.0  1.084322e-07
6865.0  1.202172e-07
6875.0  9.324083e-08
6885.0  1.439552e-07
6895.0  1.515962e-07
6905.0  2.707230e-07
6915.0  3.335365e-07
6925.0  2.917537e-07
6935.0  3.272864e-07
6945.0  2.186091e-07
6955.0  2.204101e-07
6965.0  1.956215e-07
6975.0  2.130184e-07
6985.0  2.439556e-07
6995.0  2.977103e-07
7005.0  2.757523e-07
7015.0  1.960061e-07
7025.0  2.329816e-07
7035.0  2.870386e-07
7045.0  3.408536e-07
7055.0  4.372823e-07
7065.0  4.642524e-07
7075.0  5.413770e-07
7085.0  4.386894e-07
7095.0  4.370979e-07
7105.0  2.980763e-07
7115.0  2.940094e-07
7125.0  1.951373e-07
7135.0  1.882167e-07
7145.0  1.699483e-07
7155.0  1.200711e-07
7165.0  1.190644e-07
7175.0  1.539985e-07
7185.0  1.455290e-07
7195.0  1.668185e-07
7205.0  2.723988e-07
7215.0  2.902397e-07
7225.0  1.670330e-07
7235.0  1.524027e-07
7245.0  7.258113e-08
7255.0  8.708517e-08
7265.0  1.676022e-08
7275.0  2.070086e-09
7285.0  7.801062e-09
7295.0  3.055101e-08
7305.0  9.697247e-08
7315.0  4.164528e-08
7325.0  2.409034e-11
7335.0  4.179636e-08
7345.0  3.440786e-08
7355.0  1.239699e-08
7365.0  3.304975e-08
7375.0  8.754682e-09
7385.0  6.199233e-08
7395.0  2.852124e-09
7405.0  2.478828e-11
7415.0  1.806107e-08
7425.0  4.370079e-08
7435.0  1.461642e-08
7445.0  3.687034e-08
7455.0  3.040355e-08
7465.0  2.527445e-11
7475.0  2.118080e-08
7485.0  1.779586e-08
7495.0  3.042565e-08
7505.0  1.114575e-07
7515.0  8.711390e-09
7525.0  9.893062e-08
7535.0  3.385221e-08
7545.0  3.339403e-08
7555.0  2.591369e-11
7565.0  2.597034e-11
7575.0  1.576969e-08
7585.0  9.255318e-08
7595.0  1.271853e-08
7605.0  3.870879e-08
7615.0  1.870497e-08
7625.0  5.459708e-08
7635.0  4.591960e-08
7645.0  6.892272e-08
7655.0  7.832708e-08
7665.0  6.026306e-08
7675.0  2.658831e-11
7685.0  3.410719e-08
7695.0  6.920229e-08
7705.0  4.773019e-09
7715.0  8.586274e-09
7725.0  5.628788e-08
7735.0  5.888730e-08
7745.0  4.374823e-08
7755.0  5.784306e-08
7765.0  2.839967e-08
7775.0  8.944128e-08
7785.0  2.712882e-11
7795.0  2.094306e-08
7805.0  5.313385e-08
7815.0  4.973050e-08
7825.0  1.375624e-07
7835.0  1.975622e-07
7845.0  3.088013e-07
7855.0  1.256566e-07
7865.0  2.272988e-07
7875.0  1.423053e-07
7885.0  1.268647e-07
7895.0  1.057027e-07
7905.0  9.558125e-08
7915.0  1.322708e-07
7925.0  3.049412e-08
7935.0  1.556060e-07
7945.0  6.154964e-08
7955.0  1.966109e-07
7965.0  5.634237e-08
7975.0  7.195914e-08
7985.0  2.427281e-07
7995.0  3.035616e-09
8005.0  4.813689e-08
8015.0  2.731482e-08
8025.0  5.525750e-08
8035.0  7.042382e-08
8045.0  7.254246e-08
8055.0  4.036347e-08
8065.0  6.646714e-08
8075.0  2.092058e-08
8085.0  5.398145e-08
8095.0  3.990756e-08
8105.0  3.014326e-08
8115.0  5.188046e-08
8125.0  2.750249e-08
8135.0  6.430825e-08
8145.0  1.045038e-08
8155.0  7.286849e-08
8165.0  4.929727e-08
8175.0  7.002189e-08
8185.0  1.046449e-07
8195.0  4.853775e-08
8205.0  4.577848e-08
8215.0  5.734000e-08
8225.0  8.467793e-08
8235.0  5.149489e-08
8245.0  9.629057e-08
8255.0  9.863901e-08
8265.0  3.762460e-08
8275.0  5.229142e-08
8285.0  6.642696e-08
8295.0  9.302419e-09
8305.0  3.473254e-08
8315.0  7.489558e-08
8325.0  7.488449e-08
8335.0  6.311302e-08
8345.0  5.857962e-08
8355.0  6.730045e-08
8365.0  1.100883e-07
8375.0  1.257609e-07
8385.0  1.494976e-07
8395.0  8.812521e-08
8405.0  6.421884e-08
8415.0  1.244412e-07
8425.0  1.383912e-07
8435.0  9.821223e-08
8445.0  3.857002e-08
8455.0  7.993465e-08
8465.0  1.094395e-07
8475.0  1.026505e-07
8485.0  1.345650e-07
8495.0  7.394058e-08
8505.0  1.163314e-07
8515.0  1.483256e-07
8525.0  9.635462e-08
8535.0  1.130274e-07
8545.0  1.306397e-07
8555.0  9.599156e-08
8565.0  5.191158e-08
8575.0  1.771242e-07
8585.0  1.507447e-07
8595.0  1.436055e-07
8605.0  1.115138e-07
8615.0  6.110255e-09
8625.0  1.147717e-07
8635.0  2.100529e-07
8645.0  1.817644e-07
8655.0  1.506633e-07
8665.0  9.253647e-08
8675.0  7.998069e-08
8685.0  5.265371e-08
8695.0  7.757978e-08
8705.0  3.047516e-11
8715.0  7.280471e-08
8725.0  3.062848e-11
8735.0  3.068319e-11
8745.0  3.073773e-11
8755.0  8.447375e-08
8765.0  3.084625e-11
8775.0  1.042652e-07
8785.0  2.894083e-07
8795.0  3.470100e-07
8805.0  3.104311e-11
8815.0  3.106707e-11
8825.0  3.583672e-07
8835.0  8.449886e-08
8845.0  7.707484e-08
8855.0  2.918086e-07
8865.0  3.039638e-07
8875.0  2.414043e-07
8885.0  6.531779e-07
8895.0  4.366400e-07
8905.0  8.240496e-09
8915.0  6.351443e-07
8925.0  3.140121e-11
8935.0  8.874577e-07
8945.0  3.151285e-11
8955.0  3.154001e-11
8965.0  7.992660e-07
8975.0  3.156929e-11
8985.0  1.448543e-06
8995.0  3.163371e-11
9005.0  1.308773e-07
9015.0  3.925108e-08
9025.0  1.140667e-07
9035.0  2.013316e-08
9045.0  7.363811e-08
9055.0  3.041703e-08
9065.0  8.507615e-08
9075.0  1.358933e-07
9085.0  1.369840e-07
9095.0  9.567736e-08
9105.0  5.946964e-08
9115.0  9.705290e-08
9125.0  1.187808e-07
9135.0  1.822558e-08
9145.0  1.123684e-07
9155.0  1.879905e-07
9165.0  8.152929e-08
9175.0  1.306408e-07
9185.0  8.276976e-08
9195.0  1.312352e-07
9205.0  1.166227e-07
9215.0  7.075056e-08
9225.0  1.572345e-07
9235.0  1.141180e-07
9245.0  1.202684e-07
9255.0  1.684441e-07
9265.0  1.166252e-07
9275.0  1.577293e-07
9285.0  1.456968e-07
9295.0  7.645960e-08
9305.0  1.795570e-07
9315.0  2.412212e-07
9325.0  2.434616e-07
9335.0  1.255434e-07
9345.0  2.135085e-07
9355.0  2.471767e-07
9365.0  1.477684e-07
9375.0  2.152985e-07
9385.0  2.273075e-07
9395.0  2.436306e-07
9405.0  2.008748e-07
9415.0  2.499733e-07
9425.0  1.618424e-07
9435.0  1.823410e-07
9445.0  1.523010e-07
9455.0  2.164846e-07
9465.0  2.058634e-07
9475.0  1.563700e-07
9485.0  1.143949e-07
9495.0  2.277906e-07
9505.0  2.375311e-07
9515.0  2.323233e-07
9525.0  1.484467e-07
9535.0  2.548456e-07
9545.0  2.251796e-07
9555.0  2.536148e-07
9565.0  3.091430e-07
9575.0  2.347224e-07
9585.0  2.333023e-07
9595.0  2.553180e-07
9605.0  3.374045e-07
9615.0  2.701795e-07
9625.0  2.005209e-07
9635.0  2.239778e-07
9645.0  2.401493e-07
9655.0  1.384641e-07
9665.0  2.145559e-07
9675.0  2.033708e-07
9685.0  2.623540e-07
9695.0  2.256569e-07
9705.0  1.827956e-07
9715.0  3.133430e-07
9725.0  2.701882e-07
9735.0  2.458464e-07
9745.0  2.774772e-07
9755.0  3.147443e-07
9765.0  2.191112e-07
9775.0  2.219366e-07
9785.0  2.746048e-07
9795.0  2.278249e-07
9805.0  1.775323e-07
9815.0  1.130491e-07
9825.0  2.158230e-07
9835.0  1.925474e-07
9845.0  2.244465e-07
9855.0  1.389823e-07
9865.0  1.595752e-07
9875.0  1.917744e-07
9885.0  2.242276e-07
9895.0  2.915913e-07
9905.0  1.430122e-07
9915.0  2.416376e-07
9925.0  2.966676e-07
9935.0  2.483162e-07
9945.0  1.973715e-07
9955.0  2.148235e-07
9965.0  2.298652e-07
9975.0  2.580233e-07
9985.0  2.551871e-07
9995.0  2.343170e-07
10005.0  2.449826e-07
10015.0  5.398442e-07
10025.0  2.605868e-07
10035.0  2.204011e-07
10045.0  3.845019e-07
10055.0  2.101733e-08
10065.0  1.531777e-08
10075.0  1.073243e-07
10085.0  9.849531e-07
10095.0  3.682516e-07
10105.0  2.750708e-07
10115.0  1.203635e-07
10125.0  8.796694e-07
10135.0  1.304240e-06
10145.0  8.016338e-07
10155.0  3.255166e-11
10165.0  3.257247e-11
10175.0  2.580770e-07
10185.0  1.009787e-06
10195.0  3.271797e-11
10205.0  1.064618e-06
10215.0  2.518904e-07
10225.0  2.679728e-07
10235.0  3.146227e-06
10245.0  8.159833e-07
10255.0  1.371215e-07
10265.0  1.603081e-06
10275.0  3.708217e-07
10285.0  1.401739e-06
10295.0  3.323270e-11
10305.0  3.406633e-07
10315.0  5.469946e-07
10325.0  2.352175e-06
10335.0  3.336180e-08
10345.0  3.519612e-07
10355.0  4.557410e-07
10365.0  2.383329e-07
10375.0  5.746728e-07
10385.0  8.570446e-07
10395.0  3.344746e-11
10405.0  3.959785e-07
10415.0  3.344032e-11
10425.0  1.711731e-07
10435.0  9.476034e-07
10445.0  2.668700e-07
10455.0  5.417983e-07
10465.0  7.009458e-07
10475.0  1.206709e-06
10485.0  1.093860e-06
10495.0  3.936071e-07
10505.0  6.049825e-07
10515.0  7.376222e-07
10525.0  4.400273e-07
10535.0  1.023530e-07
10545.0  1.127684e-06
10555.0  1.291696e-06
10565.0  3.195375e-07
10575.0  4.748179e-07
10585.0  1.280281e-06
10595.0  1.252469e-06
10605.0  1.684629e-07
10615.0  4.036144e-07
10625.0  7.040634e-07
10635.0  2.465305e-06
10645.0  4.770186e-07
10655.0  2.819841e-07
10665.0  6.236028e-07
10675.0  1.121377e-06
10685.0  5.906894e-07
10695.0  1.458892e-06
10705.0  2.345664e-06
10715.0  7.041609e-07
10725.0  1.769885e-07
10735.0  9.888606e-07
10745.0  2.774295e-07
10755.0  1.263317e-06
10765.0  1.488524e-06
10775.0  1.094786e-06
10785.0  3.515453e-11
10795.0  2.810076e-07
10805.0  1.293459e-06
10815.0  1.418305e-06
10825.0  5.613707e-08
10835.0  6.521818e-07
10845.0  7.990969e-07
10855.0  5.304700e-07
10865.0  1.005556e-06
10875.0  6.128815e-07
10885.0  1.041474e-06
10895.0  5.262096e-07
10905.0  2.056131e-07
10915.0  1.192511e-06
10925.0  6.322222e-07
10935.0  7.105373e-08
10945.0  3.159983e-07
10955.0  9.823793e-07
10965.0  7.777306e-07
10975.0  1.648394e-06
10985.0  4.244437e-07
10995.0  6.622508e-08
11005.0  1.120174e-06
11015.0  1.140444e-06
11025.0  4.765241e-07
11035.0  6.758676e-08
11045.0  8.949778e-07
11055.0  1.661253e-06
11065.0  5.458702e-07
11075.0  1.051045e-06
11085.0  1.693908e-06
11095.0  4.937988e-07
11105.0  9.862429e-07
11115.0  7.586269e-07
11125.0  2.835856e-07
11135.0  1.129841e-06
11145.0  7.522092e-07
11155.0  8.660792e-07
11165.0  3.426991e-07
11175.0  2.073531e-06
11185.0  1.901429e-07
11195.0  4.545478e-07
11205.0  3.132167e-07
11215.0  3.312527e-07
11225.0  6.731465e-07
11235.0  1.384992e-06
11245.0  7.464859e-07
11255.0  4.675018e-07
11265.0  1.410023e-06
11275.0  2.015713e-07
11285.0  2.795975e-07
11295.0  4.890107e-07
11305.0  2.675074e-07
11315.0  5.355243e-07
11325.0  6.134932e-07
11335.0  7.753321e-07
11345.0  4.874988e-07
11355.0  3.735148e-11
11365.0  1.047815e-06
11375.0  3.173475e-07
11385.0  7.110712e-07
11395.0  2.318952e-07
11405.0  1.130255e-06
11415.0  3.164459e-07
11425.0  1.662027e-06
11435.0  9.548323e-08
11445.0  8.416520e-07
11455.0  1.189558e-08
11465.0  3.784845e-11
11475.0  1.903476e-07
11485.0  1.018104e-06
11495.0  1.321420e-07
11505.0  3.797157e-11
11515.0  6.081204e-07
11525.0  8.320306e-07
11535.0  9.586258e-07
11545.0  1.125225e-06
11555.0  9.402490e-08
11565.0  7.916107e-07
11575.0  6.090156e-07
11585.0  3.677781e-07
11595.0  2.659378e-07
11605.0  7.188826e-07
11615.0  5.144578e-07
11625.0  1.955380e-08
11635.0  2.556729e-07
11645.0  3.826473e-11
11655.0  3.392451e-07
11665.0  8.553588e-07
11675.0  4.923484e-07
11685.0  7.140379e-07
11695.0  1.112042e-06
11705.0  2.504708e-07
11715.0  7.923507e-07
11725.0  1.083808e-06
11735.0  9.802563e-07
11745.0  4.161287e-07
11755.0  5.766417e-07
11765.0  3.603050e-08
11775.0  7.657062e-08
11785.0  7.746055e-07
11795.0  6.342332e-07
11805.0  9.971332e-07
11815.0  3.801464e-11
11825.0  1.897614e-07
11835.0  1.086400e-06
11845.0  6.161601e-07
11855.0  6.232748e-07
11865.0  2.958329e-07
11875.0  5.601905e-07
11885.0  2.172182e-07
11895.0  3.381847e-07
11905.0  6.613159e-08
11915.0  5.875355e-07
11925.0  5.284398e-07
11935.0  3.710531e-07
11945.0  1.834877e-07
11955.0  5.499624e-07
11965.0  3.473675e-07
11975.0  3.847836e-11
11985.0  3.019290e-07
11995.0  1.592764e-06
12005.0  8.633264e-07
12015.0  3.885133e-11
12025.0  2.674720e-07
12035.0  1.155861e-07
12045.0  2.605097e-07
12055.0  8.656890e-07
12065.0  9.878073e-07
12075.0  6.173802e-07
12085.0  6.183244e-07
12095.0  5.471982e-07
12105.0  1.531843e-06
12115.0  1.585923e-07
12125.0  7.489447e-07
12135.0  8.102327e-07
12145.0  2.433645e-07
12155.0  8.633565e-07
12165.0  2.008336e-07
12175.0  9.505227e-07
12185.0  2.900866e-07
12195.0  7.139764e-08
12205.0  2.497435e-07
12215.0  6.408677e-07
12225.0  2.168901e-07
12235.0  3.164685e-07
12245.0  2.166897e-07
12255.0  3.965088e-11
12265.0  2.117198e-06
12275.0  1.298811e-07
12285.0  2.185828e-07
12295.0  3.972184e-11
12305.0  9.211367e-07
12315.0  3.439497e-07
12325.0  8.633127e-07
12335.0  3.977499e-11
12345.0  1.015264e-06
12355.0  5.902853e-07
12365.0  7.239893e-07
12375.0  4.237270e-07
12385.0  5.790624e-08
12395.0  4.454105e-07
12405.0  1.151197e-06
12415.0  1.929301e-07
12425.0  6.505415e-07
12435.0  1.888154e-07
12445.0  6.591907e-07
12455.0  4.204387e-07
12465.0  2.914079e-08
12475.0  9.079801e-07
12485.0  8.324857e-07
12495.0  3.317420e-07
12505.0  2.161002e-07
12515.0  5.494594e-07
12525.0  3.465355e-07
12535.0  1.220881e-07
12545.0  3.731888e-07
12555.0  4.356118e-07
12565.0  1.190421e-06
12575.0  3.038795e-07
12585.0  4.007011e-11
12595.0  1.706875e-06
12605.0  3.080888e-07
12615.0  4.006623e-11
12625.0  1.430348e-06
12635.0  2.379274e-07
12645.0  7.308872e-07
12655.0  3.030157e-07
12665.0  4.070229e-07
12675.0  1.045376e-06
12685.0  1.522539e-07
12695.0  1.204134e-06
12705.0  2.742436e-07
12715.0  3.977195e-11
12725.0  1.642475e-07
12735.0  3.970312e-11
12745.0  4.419269e-07
12755.0  1.318022e-06
12765.0  1.125414e-07
12775.0  4.796822e-07
12785.0  3.394138e-07
12795.0  4.816943e-07
12805.0  5.088576e-07
12815.0  3.699801e-07
12825.0  3.077552e-07
12835.0  4.023114e-08
12845.0  1.412189e-06
12855.0  4.767463e-07
12865.0  9.511616e-08
12875.0  5.801347e-07
12885.0  2.462811e-07
12895.0  1.511628e-06
12905.0  1.671421e-07
12915.0  7.158215e-07
12925.0  2.906180e-07
12935.0  5.430848e-07
12945.0  1.244950e-06
12955.0  1.217646e-07
12965.0  8.920255e-07
12975.0  1.844364e-06
12985.0  1.668732e-07
12995.0  5.429796e-07
13005.0  7.410920e-07
13015.0  7.576606e-07
13025.0  1.376744e-06
13035.0  6.343966e-07
13045.0  9.667846e-07
13055.0  4.430537e-07
13065.0  6.739012e-07
13075.0  2.298828e-07
13085.0  1.294617e-06
13095.0  1.962924e-06
13105.0  7.027310e-08
13115.0  6.683044e-07
13125.0  1.235700e-07
13135.0  8.169860e-07
13145.0  8.853230e-07
13155.0  2.412425e-07
13165.0  1.091522e-07
13175.0  9.448572e-07
13185.0  1.299213e-06
13195.0  1.238290e-06
13205.0  9.568923e-07
13215.0  7.916452e-07
13225.0  1.311948e-06
13235.0  1.257992e-06
13245.0  1.028110e-06
13255.0  1.065577e-06
13265.0  4.131773e-11
13275.0  2.075832e-06
13285.0  5.164661e-07
13295.0  9.046230e-07
13305.0  1.237825e-06
13315.0  6.413654e-07
13325.0  6.922576e-07
13335.0  9.656149e-07
13345.0  3.654170e-07
13355.0  1.416006e-07
13365.0  4.273241e-07
13375.0  7.785774e-07
13385.0  9.675703e-07
13395.0  1.571664e-06
13405.0  1.348701e-06
13415.0  1.186004e-06
13425.0  1.284678e-06
13435.0  1.050409e-06
13445.0  6.893125e-07
13455.0  6.006521e-07
13465.0  1.046192e-06
13475.0  1.833014e-07
13485.0  1.086181e-06
13495.0  3.489269e-07
13505.0  2.142476e-07
13515.0  1.829152e-06
13525.0  4.912419e-07
13535.0  6.327202e-07
13545.0  5.248235e-07
13555.0  7.408945e-07
13565.0  6.814990e-07
13575.0  1.062059e-06
13585.0  4.105901e-07
13595.0  9.016193e-07
13605.0  1.229416e-06
13615.0  2.812320e-07
13625.0  9.349609e-07
13635.0  5.376543e-07
13645.0  8.375386e-08
13655.0  1.126512e-06
13665.0  2.044324e-07
13675.0  4.802226e-07
13685.0  7.262928e-07
13695.0  4.383714e-07
13705.0  8.428541e-07
13715.0  5.588345e-08
13725.0  5.337981e-07
13735.0  4.238948e-07
13745.0  7.363416e-08
13755.0  2.478238e-07
13765.0  6.313134e-07
13775.0  2.254848e-06
13785.0  1.796526e-07
13795.0  2.987529e-07
13805.0  1.152156e-06
13815.0  2.340967e-07
13825.0  1.029607e-06
13835.0  4.183247e-11
13845.0  1.931643e-06
13855.0  9.968731e-07
13865.0  4.954388e-07
13875.0  6.004833e-07
13885.0  6.573577e-07
13895.0  7.146377e-07
13905.0  8.131465e-07
13915.0  4.334214e-07
13925.0  7.210055e-07
13935.0  1.535524e-06
13945.0  4.914671e-07
13955.0  2.340595e-07
13965.0  8.205868e-07
13975.0  1.865761e-06
13985.0  4.233577e-11
13995.0  9.677273e-08
14005.0  2.099208e-06
14015.0  1.186263e-07
14025.0  1.141664e-06
14035.0  1.333121e-06
14045.0  7.235810e-07
14055.0  1.198893e-06
14065.0  1.836281e-07
14075.0  3.480664e-07
14085.0  1.786794e-06
14095.0  2.041357e-06
14105.0  2.452024e-07
14115.0  7.545533e-07
14125.0  1.081865e-06
14135.0  5.141830e-07
14145.0  2.680120e-07
14155.0  2.710613e-06
14165.0  6.685084e-07
14175.0  3.917386e-07
14185.0  1.165018e-06
14195.0  6.386600e-07
14205.0  2.056088e-08
14215.0  1.166081e-06
14225.0  1.865698e-06
14235.0  2.706182e-07
14245.0  2.659439e-07
14255.0  6.084043e-07
14265.0  6.993234e-07
14275.0  7.579915e-07
14285.0  3.210831e-08
14295.0  1.321827e-07
14305.0  1.044981e-06
14315.0  9.059720e-07
14325.0  1.069584e-06
14335.0  9.712626e-07
14345.0  2.181299e-06
14355.0  4.340308e-11
14365.0  5.250899e-07
14375.0  1.340639e-07
14385.0  9.095435e-07
14395.0  3.445770e-07
14405.0  5.230418e-07
14415.0  8.818152e-07
14425.0  3.358545e-07
14435.0  2.546269e-07
14445.0  2.434261e-07
14455.0  3.977939e-07
14465.0  1.144242e-06
14475.0  7.957200e-07
14485.0  5.385960e-07
14495.0  1.349907e-06
14505.0  1.173621e-06
14515.0  7.220710e-08
14525.0  4.363353e-11
14535.0  3.080673e-07
14545.0  1.035976e-06
14555.0  7.263565e-07
14565.0  3.041732e-07
14575.0  6.542893e-07
14585.0  4.365581e-11
14595.0  2.007812e-06
14605.0  7.418740e-07
14615.0  6.979894e-07
14625.0  6.936318e-07
14635.0  9.198236e-07
14645.0  4.370458e-11
14655.0  1.147254e-06
14665.0  4.372578e-11
14675.0  1.506475e-06
14685.0  1.073068e-06
14695.0  1.467110e-06
14705.0  7.816682e-07
14715.0  1.192610e-06
14725.0  2.441197e-07
14735.0  6.610806e-07
14745.0  6.641265e-07
14755.0  7.361234e-07
14765.0  9.312022e-07
14775.0  1.078503e-06
14785.0  1.488191e-06
14795.0  4.389431e-11
14805.0  6.720590e-07
14815.0  6.109039e-07
14825.0  1.388882e-06
14835.0  1.003168e-07
14845.0  1.777518e-06
14855.0  4.372487e-07
14865.0  7.092531e-07
14875.0  1.370398e-06
14885.0  1.707056e-07
14895.0  1.662028e-06
14905.0  1.114159e-06
14915.0  9.032597e-07
14925.0  1.443198e-06
14935.0  6.117249e-07
14945.0  1.071648e-06
14955.0  1.729800e-06
14965.0  5.578612e-07
14975.0  3.724960e-07
14985.0  1.971757e-06
14995.0  5.467818e-07
15005.0  2.484175e-06
15015.0  9.072942e-07
15025.0  1.448658e-06
15035.0  1.966066e-06
15045.0  2.131314e-06
15055.0  4.462272e-11
15065.0  9.379271e-07
15075.0  1.815164e-06
15085.0  1.392846e-08
15095.0  1.085965e-06
15105.0  1.032889e-06
15115.0  6.710336e-07
15125.0  1.984028e-06
15135.0  1.562558e-06
15145.0  7.562025e-07
15155.0  1.765614e-06
15165.0  4.486313e-11
15175.0  1.418868e-07
15185.0  1.255803e-06
15195.0  4.336717e-08
15205.0  3.614589e-07
15215.0  1.670456e-06
15225.0  5.103709e-07
15235.0  1.825368e-06
15245.0  6.958516e-07
15255.0  1.061671e-06
15265.0  1.489879e-06
15275.0  8.504410e-07
15285.0  5.577500e-07
15295.0  5.402876e-07
15305.0  1.456214e-06
15315.0  1.398013e-06
15325.0  1.012269e-06
15335.0  9.392635e-08
15345.0  1.354817e-06
15355.0  1.192117e-06
15365.0  6.375874e-07
15375.0  1.864254e-07
15385.0  1.812908e-08
15395.0  1.488336e-06
15405.0  1.903763e-06
15415.0  3.700064e-07
15425.0  3.067408e-07
15435.0  1.166598e-06
15445.0  4.506070e-11
15455.0  6.109458e-07
15465.0  7.531757e-07
15475.0  2.152147e-06
15485.0  9.674566e-08
15495.0  5.954302e-07
15505.0  1.506093e-06
15515.0  8.664206e-07
15525.0  5.567865e-07
15535.0  2.445874e-06
15545.0  6.588902e-07
15555.0  1.200246e-06
15565.0  3.993079e-07
15575.0  4.474310e-11
15585.0  1.371949e-06
15595.0  2.423946e-06
15605.0  9.073004e-08
15615.0  1.009665e-06
15625.0  1.102432e-06
15635.0  2.231686e-06
15645.0  2.096523e-07
15655.0  1.382014e-06
15665.0  1.418391e-06
15675.0  4.469987e-11
15685.0  3.819521e-08
15695.0  7.576165e-07
15705.0  1.721338e-06
15715.0  4.487039e-11
15725.0  9.974319e-07
15735.0  5.149786e-07
15745.0  3.646873e-08
15755.0  1.400339e-07
15765.0  1.157802e-06
15775.0  3.878659e-07
15785.0  1.564028e-06
15795.0  3.239805e-07
15805.0  1.600908e-06
15815.0  5.296558e-07
15825.0  1.070574e-06
15835.0  1.643086e-06
15845.0  3.178534e-07
15855.0  2.006851e-06
15865.0  1.058134e-06
15875.0  2.076935e-06
15885.0  1.144430e-06
15895.0  4.391905e-07
15905.0  1.714161e-06
15915.0  3.680778e-07
15925.0  1.085374e-06
15935.0  5.026448e-07
15945.0  1.203504e-06
15955.0  4.373541e-07
15965.0  3.646476e-07
15975.0  1.148454e-06
15985.0  8.395957e-07
15995.0  6.130908e-07
16005.0  5.155437e-07
16015.0  7.511885e-07
16025.0  4.460816e-07
16035.0  9.739041e-07
16045.0  1.923008e-06
16055.0  3.720013e-08
16065.0  9.049901e-07
16075.0  1.316445e-06
16085.0  2.894011e-07
16095.0  1.300350e-06
16105.0  1.276538e-06
16115.0  1.026696e-06
16125.0  2.769702e-06
16135.0  1.183751e-06
16145.0  2.100639e-06
16155.0  1.209234e-06
16165.0  2.422518e-06
16175.0  2.426615e-06
16185.0  2.453057e-06
16195.0  1.083021e-06
16205.0  2.780920e-06
16215.0  1.347846e-06
16225.0  3.028946e-06
16235.0  3.779136e-06
16245.0  3.554924e-06
16255.0  5.119939e-06
16265.0  5.019041e-06
16275.0  3.887953e-06
16285.0  6.020935e-06
16295.0  7.446217e-06
16305.0  7.578767e-06
16315.0  8.211692e-06
16325.0  7.122889e-06
16335.0  9.291479e-06
16345.0  8.527416e-06
16355.0  1.083542e-05
16365.0  1.119741e-05
16375.0  1.216328e-05
16385.0  1.391355e-05
16395.0  1.491256e-05
16405.0  1.322623e-05
16415.0  1.687521e-05
16425.0  1.674057e-05
16435.0  1.928095e-05
16445.0  2.031609e-05
16455.0  2.280255e-05
16465.0  2.389917e-05
16475.0  2.475163e-05
16485.0  2.484388e-05
16495.0  2.719927e-05
16505.0  2.816123e-05
16515.0  3.079658e-05
16525.0  3.320894e-05
16535.0  3.796553e-05
16545.0  4.123795e-05
16555.0  4.053078e-05
16565.0  4.493797e-05
16575.0  5.262345e-05
16585.0  5.682119e-05
16595.0  6.258868e-05
16605.0  7.141220e-05
16615.0  7.966534e-05
16625.0  9.039816e-05
16635.0  1.035347e-04
16645.0  1.178648e-04
16655.0  1.370386e-04
16665.0  1.560303e-04
16675.0  1.854629e-04
16685.0  2.131065e-04
16695.0  2.455696e-04
16705.0  2.844927e-04
16715.0  3.254742e-04
16725.0  3.720005e-04
16735.0  4.222748e-04
16745.0  4.858268e-04
16755.0  5.567796e-04
16765.0  6.302503e-04
16775.0  7.071840e-04
16785.0  7.747439e-04
16795.0  8.804727e-04
16805.0  9.843656e-04
16815.0  1.099848e-03
16825.0  1.223695e-03
16835.0  1.347686e-03
16845.0  1.494032e-03
16855.0  1.631867e-03
16865.0  1.820194e-03
16875.0  1.993183e-03
16885.0  2.195941e-03
16895.0  2.492948e-03
16905.0  2.741141e-03
16915.0  3.099011e-03
16925.0  3.461150e-03
16935.0  3.946988e-03
16945.0  4.548188e-03
16955.0  5.111839e-03
16965.0  5.974781e-03
16975.0  7.161913e-03
16985.0  8.483230e-03
16995.0  1.029904e-02
17005.0  1.202898e-02
17015.0  1.463207e-02
17025.0  1.781935e-02
17035.0  2.118309e-02
17045.0  2.387474e-02
17055.0  2.626857e-02
17065.0  2.929190e-02
17075.0  3.224882e-02
17085.0  3.641279e-02
17095.0  4.182523e-02
17105.0  4.510338e-02
17115.0  5.311389e-02
17125.0  5.942208e-02
17135.0  7.032544e-02
17145.0  7.960361e-02
17155.0  9.622381e-02
17165.0  1.130000e-01
17175.0  1.340484e-01
17185.0  1.604843e-01
17195.0  1.791673e-01
17205.0  2.095282e-01
17215.0  2.386698e-01
17225.0  2.699677e-01
17235.0  2.946508e-01
17245.0  3.112062e-01
17255.0  3.353613e-01
17265.0  3.434388e-01
17275.0  3.489148e-01
17285.0  3.578875e-01
17295.0  3.635123e-01
17305.0  3.630265e-01
17315.0  3.779800e-01
17325.0  3.807310e-01
17335.0  3.866424e-01
17345.0  3.941325e-01
17355.0  4.014907e-01
17365.0  4.095258e-01
17375.0  4.219021e-01
17385.0  4.221660e-01
17395.0  4.295302e-01
17405.0  4.373620e-01
17415.0  4.369758e-01
17425.0  4.481199e-01
17435.0  4.520691e-01
17445.0  4.449350e-01
17455.0  4.540166e-01
17465.0  4.518238e-01
17475.0  4.494781e-01
17485.0  4.488777e-01
17495.0  4.420387e-01
17505.0  4.612712e-01
17515.0  4.501022e-01
17525.0  4.521869e-01
17535.0  4.502488e-01
17545.0  4.519151e-01
17555.0  4.520822e-01
17565.0  4.607880e-01
17575.0  4.582453e-01
17585.0  4.604138e-01
17595.0  4.570972e-01
17605.0  4.608743e-01
17615.0  4.654594e-01
17625.0  4.648064e-01
17635.0  4.642244e-01
17645.0  4.571664e-01
17655.0  4.628391e-01
17665.0  4.700393e-01
17675.0  4.678246e-01
17685.0  4.671720e-01
17695.0  4.600193e-01
17705.0  4.643366e-01
17715.0  4.702962e-01
17725.0  4.640335e-01
17735.0  4.579663e-01
17745.0  4.628046e-01
17755.0  4.619535e-01
17765.0  4.566360e-01
17775.0  4.683935e-01
17785.0  4.535724e-01
17795.0  4.632473e-01
17805.0  4.614862e-01
17815.0  4.568339e-01
17825.0  4.532985e-01
17835.0  4.572567e-01
17845.0  4.588522e-01
17855.0  4.543423e-01
17865.0  4.472249e-01
17875.0  4.486126e-01
17885.0  4.544215e-01
17895.0  4.451673e-01
17905.0  4.451839e-01
17915.0  4.435527e-01
17925.0  4.452533e-01
17935.0  4.451628e-01
17945.0  4.361599e-01
17955.0  4.459610e-01
17965.0  4.431393e-01
17975.0  4.389663e-01
17985.0  4.376676e-01
17995.0  4.437709e-01
18005.0  4.436942e-01
18015.0  4.431734e-01
18025.0  4.491984e-01
18035.0  4.459571e-01
18045.0  4.383644e-01
18055.0  4.437431e-01
18065.0  4.514772e-01
18075.0  4.609513e-01
18085.0  4.535817e-01
18095.0  4.564758e-01
18105.0  4.596176e-01
18115.0  4.607203e-01
18125.0  4.555781e-01
18135.0  4.649202e-01
18145.0  4.566714e-01
18155.0  4.646813e-01
18165.0  4.665889e-01
18175.0  4.680326e-01
18185.0  4.638356e-01
18195.0  4.763951e-01
18205.0  4.682320e-01
18215.0  4.679562e-01
18225.0  4.693754e-01
18235.0  4.718634e-01
18245.0  4.692437e-01
18255.0  4.687579e-01
18265.0  4.748871e-01
18275.0  4.685523e-01
18285.0  4.685248e-01
18295.0  4.667237e-01
18305.0  4.654584e-01
18315.0  4.807558e-01
18325.0  4.667803e-01
18335.0  4.639341e-01
18345.0  4.728574e-01
18355.0  4.637873e-01
18365.0  4.682006e-01
18375.0  4.672716e-01
18385.0  4.612540e-01
18395.0  4.636250e-01
18405.0  4.654184e-01
18415.0  4.597570e-01
18425.0  4.606280e-01
18435.0  4.658287e-01
18445.0  4.563016e-01
18455.0  4.608273e-01
18465.0  4.499526e-01
18475.0  4.603163e-01
18485.0  4.530796e-01
18495.0  4.546700e-01
18505.0  4.534327e-01
18515.0  4.511839e-01
18525.0  4.487987e-01
18535.0  4.498026e-01
18545.0  4.448003e-01
18555.0  4.461644e-01
18565.0  4.501243e-01
18575.0  4.480511e-01
18585.0  4.497761e-01
18595.0  4.511403e-01
18605.0  4.481505e-01
18615.0  4.481992e-01
18625.0  4.483933e-01
18635.0  4.475746e-01
18645.0  4.524701e-01
18655.0  4.520078e-01
18665.0  4.560541e-01
18675.0  4.568880e-01
18685.0  4.587308e-01
18695.0  4.614442e-01
18705.0  4.633434e-01
18715.0  4.585318e-01
18725.0  4.644718e-01
18735.0  4.668121e-01
18745.0  4.725024e-01
18755.0  4.742063e-01
18765.0  4.641059e-01
18775.0  4.765563e-01
18785.0  4.695174e-01
18795.0  4.734339e-01
18805.0  4.705453e-01
18815.0  4.733269e-01
18825.0  4.727186e-01
18835.0  4.724043e-01
18845.0  4.754515e-01
18855.0  4.715574e-01
18865.0  4.714323e-01
18875.0  4.774041e-01
18885.0  4.704085e-01
18895.0  4.730044e-01
18905.0  4.692723e-01
18915.0  4.685339e-01
18925.0  4.757150e-01
18935.0  4.661768e-01
18945.0  4.667736e-01
18955.0  4.681085e-01
18965.0  4.652005e-01
18975.0  4.691433e-01
18985.0  4.634913e-01
18995.0  4.584866e-01
19005.0  4.614556e-01
19015.0  4.620785e-01
19025.0  4.585546e-01
19035.0  4.516556e-01
19045.0  4.610645e-01
19055.0  4.534142e-01
19065.0  4.568502e-01
19075.0  4.511670e-01
19085.0  4.603083e-01
19095.0  4.586966e-01
19105.0  4.530199e-01
19115.0  4.591049e-01
19125.0  4.525246e-01
19135.0  4.537983e-01
19145.0  4.522781e-01
19155.0  4.567012e-01
19165.0  4.597974e-01
19175.0  4.565366e-01
19185.0  4.547236e-01
19195.0  4.597389e-01
19205.0  4.536077e-01
19215.0  4.650196e-01
19225.0  4.597787e-01
19235.0  4.610494e-01
19245.0  4.615213e-01
19255.0  4.668799e-01
19265.0  4.644309e-01
19275.0  4.688167e-01
19285.0  4.702667e-01
19295.0  4.753980e-01
19305.0  4.690417e-01
19315.0  4.771647e-01
19325.0  4.636538e-01
19335.0  4.784894e-01
19345.0  4.796920e-01
19355.0  4.695104e-01
19365.0  4.767004e-01
19375.0  4.700510e-01
19385.0  4.796384e-01
19395.0  4.765577e-01
19405.0  4.723746e-01
19415.0  4.758616e-01
19425.0  4.691737e-01
19435.0  4.806890e-01
19445.0  4.762614e-01
19455.0  4.820330e-01
19465.0  4.777598e-01
19475.0  4.741865e-01
19485.0  4.790202e-01
19495.0  4.761199e-01
19505.0  4.714915e-01
19515.0  4.804782e-01
19525.0  4.734253e-01
19535.0  4.633982e-01
19545.0  4.687479e-01
19555.0  4.572243e-01
19565.0  4.503430e-01
19575.0  4.361391e-01
19585.0  4.162403e-01
19595.0  4.041101e-01
19605.0  3.816337e-01
19615.0  3.689509e-01
19625.0  3.558585e-01
19635.0  3.329466e-01
19645.0  3.095474e-01
19655.0  2.865844e-01
19665.0  2.670326e-01
19675.0  2.405898e-01
19685.0  2.226743e-01
19695.0  1.996480e-01
19705.0  1.804009e-01
19715.0  1.627319e-01
19725.0  1.462787e-01
19735.0  1.332326e-01
19745.0  1.183408e-01
19755.0  1.065977e-01
19765.0  9.985993e-02
19775.0  8.765574e-02
19785.0  8.133601e-02
19795.0  7.336241e-02
19805.0  6.641506e-02
19815.0  5.973506e-02
19825.0  5.382997e-02
19835.0  4.701679e-02
19845.0  4.278357e-02
19855.0  3.754460e-02
19865.0  3.259621e-02
19875.0  2.784157e-02
19885.0  2.538318e-02
19895.0  2.143121e-02
19905.0  1.944557e-02
19915.0  1.668734e-02
19925.0  1.463724e-02
19935.0  1.274503e-02
19945.0  1.109585e-02
19955.0  9.746960e-03
19965.0  8.274121e-03
19975.0  7.620478e-03
19985.0  6.387730e-03
19995.0  5.710656e-03
20005.0  5.006228e-03
20015.0  4.494562e-03
20025.0  3.872377e-03
20035.0  3.445842e-03
20045.0  3.080571e-03
20055.0  2.727917e-03
20065.0  2.400101e-03
20075.0  2.148948e-03
20085.0  1.891951e-03
20095.0  1.739024e-03
20105.0  1.527502e-03
20115.0  1.393170e-03
20125.0  1.252229e-03
20135.0  1.117543e-03
20145.0  1.013495e-03
20155.0  8.956404e-04
20165.0  8.490419e-04
20175.0  7.722918e-04
20185.0  6.886066e-04
20195.0  6.202600e-04
20205.0  5.807690e-04
20215.0  5.232100e-04
20225.0  4.843302e-04
20235.0  4.464856e-04
20245.0  4.125218e-04
20255.0  3.694305e-04
20265.0  3.488422e-04
20275.0  3.197292e-04
20285.0  3.006931e-04
20295.0  2.803385e-04
20305.0  2.632641e-04
20315.0  2.384101e-04
20325.0  2.323187e-04
20335.0  2.114427e-04
20345.0  1.984477e-04
20355.0  1.816078e-04
20365.0  1.757896e-04
20375.0  1.594333e-04
20385.0  1.481834e-04
20395.0  1.404519e-04
20405.0  1.386567e-04
20415.0  1.314587e-04
20425.0  1.215902e-04
20435.0  1.139444e-04
20445.0  1.100476e-04
20455.0  9.652160e-05
20465.0  8.974504e-05
20475.0  8.450264e-05
20485.0  8.395717e-05
20495.0  7.121237e-05
20505.0  7.210958e-05
20515.0  6.931913e-05
20525.0  5.988413e-05
20535.0  5.501692e-05
20545.0  5.912104e-05
20555.0  4.783699e-05
20565.0  5.197789e-05
20575.0  5.047667e-05
20585.0  3.312006e-05
20595.0  3.748189e-05
20605.0  4.015521e-05
20615.0  3.606126e-05
20625.0  3.816745e-05
20635.0  3.602406e-05
20645.0  1.634907e-05
20655.0  3.109839e-05
20665.0  2.903233e-05
20675.0  2.407167e-05
20685.0  1.759901e-05
20695.0  2.156534e-05
20705.0  2.210617e-05
20715.0  2.094042e-05
20725.0  1.120056e-05
20735.0  1.430403e-05
20745.0  1.021683e-05
20755.0  1.214618e-05
20765.0  3.570036e-06
20775.0  1.628097e-05
20785.0  1.787105e-05
20795.0  1.223018e-05
20805.0  3.315696e-06
20815.0  1.028892e-05
20825.0  9.753326e-06
20835.0  1.103622e-05
20845.0  8.030639e-06
20855.0  8.704769e-06
20865.0  8.674930e-06
20875.0  1.711621e-06
20885.0  3.930919e-06
20895.0  1.433196e-05
20905.0  5.479913e-06
20915.0  6.235176e-06
20925.0  1.819271e-06
20935.0  9.358126e-06
20945.0  3.402302e-06
20955.0  2.725252e-06
20965.0  6.053818e-06
20975.0  5.677979e-06
20985.0  4.927574e-11
20995.0  9.262150e-06
21005.0  2.260098e-06
21015.0  2.526644e-06
21025.0  3.480129e-06
21035.0  1.018699e-05
21045.0  7.738715e-06
21055.0  3.388764e-06
21065.0  5.681832e-06
21075.0  1.828534e-06
21085.0  3.479054e-06
21095.0  3.897356e-06
21105.0  5.841002e-06
21115.0  1.152365e-05
21125.0  7.545371e-07
21135.0  8.114186e-07
21145.0  7.998701e-06
21155.0  5.285092e-06
21165.0  5.092836e-06
21175.0  5.635764e-06
21185.0  7.212754e-07
21195.0  6.577717e-06
21205.0  5.750277e-06
21215.0  4.090225e-06
21225.0  8.503660e-06
21235.0  9.061808e-07
21245.0  6.105503e-06
21255.0  1.008280e-05
21265.0  4.886219e-06
21275.0  4.457038e-06
21285.0  4.933173e-11
21295.0  4.465832e-06
21305.0  8.496739e-06
21315.0  1.086550e-05
21325.0  1.409932e-05
21335.0  4.949196e-11
21345.0  3.135740e-06
21355.0  2.921902e-06
21365.0  6.048759e-06
21375.0  3.647231e-06
21385.0  3.023770e-06
21395.0  8.073710e-06
21405.0  1.926461e-06
21415.0  2.303685e-07
21425.0  3.178891e-06
21435.0  2.447098e-06
21445.0  4.971388e-06
21455.0  4.978587e-11
21465.0  1.899006e-06
21475.0  5.050374e-07
21485.0  5.187376e-06
21495.0  3.989051e-07
21505.0  4.677413e-06
21515.0  4.992085e-11
21525.0  3.695825e-06
21535.0  1.671047e-06
21545.0  1.292216e-06
21555.0  7.380637e-06
21565.0  1.761292e-06
21575.0  6.522735e-07
21585.0  4.673521e-06
21595.0  1.337394e-06
21605.0  4.947396e-06
21615.0  7.909332e-06
21625.0  1.714972e-06
21635.0  6.577383e-06
21645.0  1.059206e-06
21655.0  9.859166e-07
21665.0  4.998217e-11
21675.0  1.204819e-05
21685.0  1.418713e-05
21695.0  3.085457e-07
21705.0  5.768223e-06
21715.0  2.559683e-06
21725.0  1.563424e-06
21735.0  8.138273e-06
21745.0  5.393275e-06
21755.0  1.600866e-06
21765.0  2.095332e-06
21775.0  2.684547e-06
21785.0  4.217628e-06
21795.0  5.003628e-11
21805.0  3.366721e-06
21815.0  5.605319e-06
21825.0  4.657537e-06
21835.0  2.057500e-06
21845.0  3.359247e-06
21855.0  1.611912e-06
21865.0  4.718576e-06
21875.0  4.769561e-06
21885.0  6.720067e-06
21895.0  9.370938e-07
21905.0  2.396813e-06
21915.0  1.981429e-06
21925.0  2.788573e-06
21935.0  5.001845e-11
21945.0  4.316273e-06
21955.0  5.810416e-06
21965.0  6.566533e-06
21975.0  1.168134e-05
21985.0  5.000461e-11
21995.0  1.214751e-05
22005.0  2.327432e-06
22015.0  8.746977e-06
22025.0  1.149720e-05
22035.0  4.988877e-11
22045.0  3.913985e-06
22055.0  5.410824e-06
22065.0  8.312557e-06
22075.0  4.309236e-07
22085.0  4.829951e-06
22095.0  1.644036e-06
22105.0  8.354236e-06
22115.0  5.258520e-06
22125.0  2.074180e-06
22135.0  5.713000e-06
22145.0  4.235612e-06
22155.0  2.532574e-05
22165.0  4.918880e-11
22175.0  1.119058e-05
22185.0  9.971644e-06
22195.0  1.664337e-05
22205.0  4.103301e-06
22215.0  6.531024e-06
22225.0  7.291931e-06
22235.0  1.701784e-06
22245.0  2.323741e-06
22255.0  1.059867e-05
22265.0  6.067254e-06
22275.0  1.297970e-05
22285.0  4.798124e-11
22295.0  3.949111e-06
22305.0  3.347548e-06
22315.0  4.833929e-11
22325.0  4.876940e-06
22335.0  6.996407e-06
22345.0  5.517683e-06
22355.0  9.862623e-06
22365.0  5.559505e-06
22375.0  5.944162e-06
22385.0  9.316904e-06
22395.0  4.919564e-11
22405.0  2.359059e-05
22415.0  6.519745e-06
22425.0  1.100981e-05
22435.0  6.515349e-08
22445.0  9.975059e-06
22455.0  4.930473e-11
22465.0  1.359968e-05
22475.0  2.710412e-06
22485.0  5.834138e-06
22495.0  1.075268e-05
22505.0  6.462550e-06
22515.0  1.303471e-05
22525.0  1.009206e-05
22535.0  9.036110e-06
22545.0  4.998726e-06
22555.0  1.009243e-06
22565.0  9.032932e-07
22575.0  5.168498e-06
22585.0  8.243663e-06
22595.0  8.740401e-07
22605.0  1.385749e-05
22615.0  1.953088e-06
22625.0  7.723561e-06
22635.0  4.880718e-11
22645.0  1.362064e-05
22655.0  2.919646e-07
22665.0  1.348199e-05
22675.0  4.498873e-07
22685.0  2.080776e-06
22695.0  8.819541e-06
22705.0  4.551538e-06
22715.0  3.155568e-06
22725.0  3.865745e-06
22735.0  5.604401e-06
22745.0  3.579901e-06
22755.0  1.186317e-05
22765.0  4.885233e-11
22775.0  2.121704e-06
22785.0  3.690537e-06
22795.0  4.886839e-11
22805.0  7.280074e-06
22815.0  3.166141e-06
22825.0  3.924858e-06
22835.0  3.524889e-06
22845.0  5.443200e-06
22855.0  2.526685e-07
22865.0  4.625887e-07
22875.0  3.752376e-07
22885.0  3.940060e-06
22895.0  2.979993e-06
22905.0  4.648483e-06
22915.0  4.878095e-11
22925.0  5.412990e-06
22935.0  7.766802e-07
22945.0  4.870123e-11
22955.0  1.792041e-06
22965.0  3.211108e-07
22975.0  1.812453e-06
22985.0  3.811903e-07
22995.0  4.839909e-11
23005.0  1.263227e-06
23015.0  5.581583e-06
23025.0  1.974299e-06
23035.0  4.792883e-11
23045.0  7.582589e-07
23055.0  1.441955e-06
23065.0  2.507626e-07
23075.0  3.019229e-06
23085.0  4.697529e-11
23095.0  4.311574e-07
23105.0  5.838108e-06
23115.0  1.489963e-06
23125.0  1.686935e-06
23135.0  2.118419e-06
23145.0  1.267546e-06
23155.0  4.662284e-07
23165.0  4.374913e-11
23175.0  1.897922e-06
23185.0  4.234967e-11
23195.0  1.030955e-06
23205.0  2.535010e-06
23215.0  7.959004e-07
23225.0  3.396088e-07
23235.0  4.436560e-07
23245.0  1.039901e-06
23255.0  1.131160e-06
23265.0  1.356382e-06
23275.0  2.307691e-06
23285.0  3.176788e-11
23295.0  3.060555e-11
23305.0  1.384960e-06
23315.0  7.415663e-07
23325.0  2.679374e-07
23335.0  2.587594e-11
23345.0  1.427137e-06
23355.0  9.855573e-07
23365.0  2.178101e-06
23375.0  2.148217e-11
23385.0  2.057609e-11
23395.0  1.570811e-06
23405.0  8.620746e-07
23415.0  8.158084e-07
23425.0  1.310338e-06
23435.0  7.638511e-07
23445.0  4.051118e-07
23455.0  1.704766e-06
23465.0  7.146857e-08
23475.0  2.686961e-06
23485.0  2.464720e-06
23495.0  1.700436e-11
23505.0  6.194363e-07
23515.0  7.803403e-07
23525.0  8.968609e-07
23535.0  5.446142e-07
23545.0  1.361904e-06
23555.0  1.513529e-07
23565.0  1.914330e-07
23575.0  4.993461e-07
23585.0  5.862041e-07
23595.0  7.632038e-08
23605.0  3.124289e-07
23615.0  5.047264e-07
23625.0  2.178309e-07
23635.0  8.559354e-07
23645.0  9.366258e-12
23655.0  3.737863e-07
23665.0  7.563030e-12
23675.0  9.443704e-08
23685.0  9.166072e-08
23695.0  1.544792e-07
23705.0  3.461105e-07
23715.0  2.907180e-07
23725.0  3.129938e-12
23735.0  1.640203e-07
23745.0  5.512249e-08
23755.0  4.835952e-08
23765.0  5.770136e-08
23775.0  3.161271e-08
23785.0  9.921696e-09
23795.0  8.756160e-08
23805.0  1.157891e-07
23815.0  8.508638e-08
23825.0  1.115483e-12
23835.0  2.048989e-07
23845.0  8.493329e-09
23855.0  1.643116e-07
23865.0  3.880764e-08
23875.0  1.077213e-07
23885.0  2.313306e-08
23895.0  7.898736e-09
23905.0  2.592082e-08
23915.0  3.462508e-08
23925.0  6.117309e-08
23935.0  2.155399e-08
23945.0  1.023556e-08
23955.0  2.353180e-08
23965.0  5.902487e-08
23975.0  4.128865e-13
23985.0  3.728926e-13
23995.0  3.185890e-08
24005.0  1.401309e-08
24015.0  1.775151e-09
24025.0  2.056600e-08
24035.0  3.204987e-09
24045.0  1.846290e-13
24055.0  2.381075e-08
24065.0  1.559941e-08
24075.0  1.077444e-09
24085.0  7.055666e-09
24095.0  4.102478e-09
24105.0  8.085290e-09
24115.0  7.825439e-09
24125.0  4.662536e-10
24135.0  2.154918e-09
24145.0  6.173417e-10
24155.0  3.749674e-14
24165.0  1.835124e-10
24175.0  6.680095e-10
24185.0  2.059677e-09
24195.0  3.886612e-09
24205.0  1.816166e-14
24215.0  1.591682e-14
24225.0  1.236464e-10
24235.0  9.416057e-10
24245.0  1.044020e-10
24255.0  8.802185e-10
24265.0  3.018958e-09
24275.0  8.119364e-15
24285.0  2.089664e-11
24295.0  9.784257e-11
24305.0  9.150342e-10
24315.0  5.677502e-15
24325.0  5.150470e-10
24335.0  5.769710e-11
24345.0  4.425419e-15
24355.0  4.073795e-15
24365.0  4.644800e-10
24375.0  2.509627e-10
24385.0  2.543629e-10
24395.0  2.895568e-15
24405.0  3.162477e-10
24415.0  4.611956e-10
24425.0  2.201341e-15
24435.0  8.483517e-11
24445.0  7.301522e-11
24455.0  1.640835e-15
24465.0  2.108441e-10
24475.0  4.448825e-10
24485.0  6.581373e-11
24495.0  1.073059e-15
24505.0  1.740684e-10
24515.0  8.555765e-16
24525.0  8.867050e-11
24535.0  2.657099e-11
24545.0  9.059613e-11
24555.0  5.293292e-16
24565.0  2.161469e-11
24575.0  1.066436e-11
24585.0  3.611286e-16
24595.0  2.680011e-11
24605.0  8.628569e-11
24615.0  1.833358e-11
24625.0  2.421894e-11
24635.0  1.840034e-16
24645.0  5.458622e-11
24655.0  9.529146e-12
24665.0  5.453924e-12
24675.0  5.851647e-12
24685.0  1.824067e-11
24695.0  6.284384e-12
24705.0  1.563937e-11
24715.0  4.122885e-12
24725.0  1.188646e-12
24735.0  3.653369e-12
24745.0  4.660471e-12
24755.0  3.345906e-17
24765.0  4.646399e-12
24775.0  1.063651e-12
24785.0  8.980776e-13
24795.0  7.778403e-13
24805.0  2.688314e-12
24815.0  9.076816e-13
24825.0  1.332964e-17
24835.0  7.241572e-13
24845.0  7.311188e-13
24855.0  3.695067e-12
24865.0  8.434264e-18
24875.0  4.340966e-13
24885.0  1.042503e-12
24895.0  6.213002e-18
24905.0  1.480047e-13
24915.0  7.132453e-13
24925.0  2.814695e-13
24935.0  1.405713e-12
24945.0  3.028330e-13
24955.0  4.546582e-13
24965.0  2.015718e-13
24975.0  3.132467e-18
24985.0  6.362947e-13
24995.0  2.145460e-14
25005.0  3.169452e-13
25015.0  2.332873e-18
25025.0  4.685020e-13
25035.0  4.818909e-13
25045.0  4.083500e-14
25055.0  9.671316e-14
25065.0  2.451957e-13
25075.0  6.095555e-13
25085.0  1.441919e-18
25095.0  8.225096e-13
25105.0  1.261186e-18
25115.0  3.027655e-13
25125.0  3.490097e-14
25135.0  9.390484e-14
25145.0  3.686366e-14
25155.0  9.023816e-19
25165.0  4.026466e-13
25175.0  7.881502e-19
25185.0  7.361782e-19
25195.0  1.334252e-13
25205.0  6.414342e-19
25215.0  6.025334e-14
25225.0  5.574331e-19
25235.0  5.190549e-19
25245.0  2.113196e-13
25255.0  1.287293e-13
25265.0  4.180501e-19
25275.0  3.883992e-19
25285.0  2.119030e-14
25295.0  6.318849e-14
25305.0  3.100466e-19
25315.0  5.176467e-14
25325.0  5.017419e-15
25335.0  1.340593e-13
25345.0  4.841408e-14
25355.0  2.095613e-19
25365.0  1.932719e-19
25375.0  2.756591e-14
25385.0  9.877143e-15
25395.0  1.508251e-19
25405.0  1.003397e-14
25415.0  8.001275e-15
25425.0  1.619845e-14
25435.0  6.971021e-15
25445.0  8.115596e-15
25455.0  5.050469e-15
25465.0  3.668473e-14
25475.0  7.495785e-20
25485.0  6.843387e-20
25495.0  2.487403e-14
25505.0  7.416500e-15
25515.0  7.570742e-15
25525.0  4.718891e-20
25535.0  4.292516e-20
25545.0  3.902059e-20
25555.0  4.819026e-15
25565.0  4.414296e-15
25575.0  1.132553e-14
25585.0  7.843305e-15
25595.0  2.399837e-20
25605.0  2.672769e-16
25615.0  3.165604e-15
25625.0  1.780978e-20
25635.0  1.114438e-15
25645.0  3.795539e-15
25655.0  9.117797e-15
25665.0  1.188976e-20
25675.0  1.198328e-15
25685.0  3.776663e-15
25695.0  5.950754e-16
25705.0  7.889289e-21
25715.0  4.348640e-15
25725.0  4.174227e-16
25735.0  1.174944e-15
25745.0  5.208868e-21
25755.0  2.022259e-15
25765.0  6.205272e-16
25775.0  3.804759e-21
25785.0  3.424883e-21
25795.0  3.110465e-15
25805.0  2.773183e-21
25815.0  2.595269e-16
25825.0  2.243389e-21
25835.0  2.017020e-21
25845.0  1.623128e-15
25855.0  1.628406e-21
25865.0  4.987332e-17
25875.0  1.120652e-16
25885.0  1.022247e-15
25895.0  1.058369e-21
25905.0  5.616842e-16
25915.0  8.518427e-22
25925.0  7.638094e-22
25935.0  6.846062e-22
25945.0  6.130082e-22
25955.0  5.486587e-22
25965.0  2.601208e-16
25975.0  4.770131e-17
25985.0  3.929389e-22
25995.0  3.511973e-22
26005.0  2.358176e-16
