# from http://www.stsci.edu/jwst/instruments/nircam/instrumentdesign/filters
# Retrieved March, 2023, dated Nov, 2022 (post-flight)
# Uses modA or modB  filters+DBS+QE+OTE (nrc_plus_ote)
# Units of transmission are PCE (photon to electron conversion efficiency)
# 
29889.2  0.000000e+00
29902.8  0.000000e+00
29916.3  1.133933e-04
29929.8  1.221263e-04
29943.3  1.315793e-04
29956.8  1.409972e-04
29970.3  1.506735e-04
29983.8  1.615560e-04
29997.3  1.731815e-04
30010.9  1.858870e-04
30024.4  1.993039e-04
30037.9  2.131894e-04
30051.4  2.278253e-04
30064.9  2.439028e-04
30078.4  2.616005e-04
30091.9  2.803195e-04
30105.4  2.997870e-04
30118.9  3.206133e-04
30132.5  3.431057e-04
30146.0  3.671344e-04
30159.5  3.934137e-04
30173.0  4.207375e-04
30186.5  4.496321e-04
30200.0  4.805010e-04
30213.5  5.136361e-04
30227.0  5.485689e-04
30240.6  5.859871e-04
30254.1  6.259671e-04
30267.6  6.679286e-04
30281.1  7.132873e-04
30294.6  7.627250e-04
30308.1  8.155154e-04
30321.6  8.717922e-04
30335.1  9.325335e-04
30348.7  9.975983e-04
30362.2  1.067241e-03
30375.7  1.142809e-03
30389.2  1.224454e-03
30402.7  1.312044e-03
30416.2  1.407100e-03
30429.7  1.509780e-03
30443.2  1.621108e-03
30456.8  1.741896e-03
30470.3  1.872619e-03
30483.8  2.014390e-03
30497.3  2.168280e-03
30510.8  2.334179e-03
30524.3  2.515155e-03
30537.8  2.712046e-03
30551.3  2.925708e-03
30564.9  3.159194e-03
30578.4  3.413450e-03
30591.9  3.689976e-03
30605.4  3.992121e-03
30618.9  4.321742e-03
30632.4  4.680766e-03
30645.9  5.073402e-03
30659.4  5.501559e-03
30673.0  5.968895e-03
30686.5  6.480556e-03
30700.0  7.039983e-03
30713.5  7.651745e-03
30727.0  8.322085e-03
30740.5  9.055737e-03
30754.0  9.858859e-03
30767.5  1.073759e-02
30781.1  1.170081e-02
30794.6  1.275432e-02
30808.1  1.390732e-02
30821.6  1.517071e-02
30835.1  1.655090e-02
30848.6  1.806048e-02
30862.1  1.971512e-02
30875.6  2.151929e-02
30889.2  2.348876e-02
30902.7  2.564454e-02
30916.2  2.799003e-02
30929.7  3.054645e-02
30943.2  3.333970e-02
30956.7  3.636774e-02
30970.2  3.967104e-02
30983.7  4.324472e-02
30997.2  4.711929e-02
31010.8  5.133243e-02
31024.3  5.586728e-02
31037.8  6.076074e-02
31051.3  6.605950e-02
31064.8  7.173132e-02
31078.3  7.781839e-02
31091.8  8.436929e-02
31105.3  9.133366e-02
31118.9  9.875543e-02
31132.4  1.066861e-01
31145.9  1.150469e-01
31159.4  1.238738e-01
31172.9  1.332205e-01
31186.4  1.429643e-01
31199.9  1.531450e-01
31213.4  1.637969e-01
31227.0  1.747698e-01
31240.5  1.861565e-01
31254.0  1.977769e-01
31267.5  2.096571e-01
31281.0  2.218119e-01
31294.5  2.340497e-01
31308.0  2.463760e-01
31321.5  2.588180e-01
31335.1  2.711527e-01
31348.6  2.833920e-01
31362.1  2.955673e-01
31375.6  3.074326e-01
31389.1  3.190267e-01
31402.6  3.303550e-01
31416.1  3.412137e-01
31429.6  3.516294e-01
31443.2  3.616201e-01
31456.7  3.710090e-01
31470.2  3.798888e-01
31483.7  3.881193e-01
31497.2  3.957448e-01
31510.7  4.028170e-01
31524.2  4.092237e-01
31537.7  4.150225e-01
31551.3  4.202932e-01
31564.8  4.249548e-01
31578.3  4.290933e-01
31591.8  4.327805e-01
31605.3  4.359695e-01
31618.8  4.387472e-01
31632.3  4.411760e-01
31645.8  4.432475e-01
31659.4  4.450244e-01
31672.9  4.465687e-01
31686.4  4.478693e-01
31699.9  4.489783e-01
31713.4  4.499385e-01
31726.9  4.507515e-01
31740.4  4.514616e-01
31753.9  4.520760e-01
31767.5  4.526173e-01
31781.0  4.531106e-01
31794.5  4.535557e-01
31808.0  4.539736e-01
31821.5  4.543709e-01
31835.0  4.547475e-01
31848.5  4.551103e-01
31862.0  4.554707e-01
31875.5  4.558246e-01
31889.1  4.561729e-01
31902.6  4.565179e-01
31916.1  4.568564e-01
31929.6  4.571971e-01
31943.1  4.575412e-01
31956.6  4.578809e-01
31970.1  4.582195e-01
31983.6  4.585527e-01
31997.2  4.588823e-01
32010.7  4.592164e-01
32024.2  4.595388e-01
32037.7  4.598568e-01
32051.2  4.601687e-01
32064.7  4.604735e-01
32078.2  4.607673e-01
32091.7  4.610552e-01
32105.3  4.613337e-01
32118.8  4.616099e-01
32132.3  4.618781e-01
32145.8  4.621445e-01
32159.3  4.624058e-01
32172.8  4.626596e-01
32186.3  4.629241e-01
32199.8  4.631897e-01
32213.4  4.634443e-01
32226.9  4.637069e-01
32240.4  4.639541e-01
32253.9  4.642200e-01
32267.4  4.644931e-01
32280.9  4.647384e-01
32294.4  4.650114e-01
32307.9  4.652836e-01
32321.5  4.655286e-01
32335.0  4.658104e-01
32348.5  4.660988e-01
32362.0  4.663466e-01
32375.5  4.666403e-01
32389.0  4.669410e-01
32402.5  4.671961e-01
32416.0  4.675073e-01
32429.6  4.678187e-01
32443.1  4.680766e-01
32456.6  4.683864e-01
32470.1  4.686350e-01
32483.6  4.689380e-01
32497.1  4.692426e-01
32510.6  4.694753e-01
32524.1  4.697725e-01
32537.7  4.700663e-01
32551.2  4.702894e-01
32564.7  4.705855e-01
32578.2  4.708810e-01
32591.7  4.711064e-01
32605.2  4.713971e-01
32618.7  4.716850e-01
32632.2  4.718949e-01
32645.8  4.721782e-01
32659.3  4.724545e-01
32672.8  4.726642e-01
32686.3  4.729393e-01
32699.8  4.732119e-01
32713.3  4.734236e-01
32726.8  4.737012e-01
32740.3  4.739283e-01
32753.9  4.742106e-01
32767.4  4.744965e-01
32780.9  4.747351e-01
32794.4  4.750274e-01
32807.9  4.753219e-01
32821.4  4.755933e-01
32834.9  4.758999e-01
32848.4  4.762102e-01
32861.9  4.765102e-01
32875.5  4.768352e-01
32889.0  4.771717e-01
32902.5  4.775143e-01
32916.0  4.778708e-01
32929.5  4.782307e-01
32943.0  4.786233e-01
32956.5  4.790057e-01
32970.0  4.794301e-01
32983.6  4.798286e-01
32997.1  4.802315e-01
33010.6  4.806964e-01
33024.1  4.811136e-01
33037.6  4.815390e-01
33051.1  4.820391e-01
33064.6  4.824793e-01
33078.1  4.829246e-01
33091.7  4.834735e-01
33105.2  4.839370e-01
33118.7  4.844039e-01
33132.2  4.849911e-01
33145.7  4.854699e-01
33159.2  4.859520e-01
33172.7  4.865588e-01
33186.2  4.870381e-01
33199.8  4.875107e-01
33213.3  4.881288e-01
33226.8  4.885987e-01
33240.3  4.892205e-01
33253.8  4.896832e-01
33267.3  4.901371e-01
33280.8  4.907607e-01
33294.3  4.912086e-01
33307.9  4.916559e-01
33321.4  4.922510e-01
33334.9  4.926726e-01
33348.4  4.930879e-01
33361.9  4.936730e-01
33375.4  4.940809e-01
33388.9  4.944786e-01
33402.4  4.950549e-01
33416.0  4.954396e-01
33429.5  4.958202e-01
33443.0  4.963802e-01
33456.5  4.967489e-01
33470.0  4.972982e-01
33483.5  4.976527e-01
33497.0  4.980086e-01
33510.5  4.985418e-01
33524.1  4.988890e-01
33537.6  4.992308e-01
33551.1  4.997484e-01
33564.6  5.000849e-01
33578.1  5.004192e-01
33591.6  5.009286e-01
33605.1  5.012566e-01
33618.6  5.015868e-01
33632.2  5.020810e-01
33645.7  5.024094e-01
33659.2  5.027408e-01
33672.7  5.032273e-01
33686.2  5.035606e-01
33699.7  5.038949e-01
33713.2  5.043821e-01
33726.7  5.047237e-01
33740.2  5.052057e-01
33753.8  5.055532e-01
33767.3  5.059019e-01
33780.8  5.063832e-01
33794.3  5.067404e-01
33807.8  5.071061e-01
33821.3  5.075882e-01
33834.8  5.079602e-01
33848.3  5.083370e-01
33861.9  5.088153e-01
33875.4  5.091969e-01
33888.9  5.095750e-01
33902.4  5.100419e-01
33915.9  5.104113e-01
33929.4  5.107745e-01
33942.9  5.112124e-01
33956.4  5.115588e-01
33970.0  5.119016e-01
33983.5  5.123041e-01
33997.0  5.126280e-01
34010.5  5.130102e-01
34024.0  5.133186e-01
34037.5  5.136235e-01
34051.0  5.139795e-01
34064.5  5.142742e-01
34078.1  5.145611e-01
34091.6  5.148958e-01
34105.1  5.151705e-01
34118.6  5.154364e-01
34132.1  5.157486e-01
34145.6  5.160003e-01
34159.1  5.162480e-01
34172.6  5.165384e-01
34186.2  5.167733e-01
34199.7  5.170045e-01
34213.2  5.172773e-01
34226.7  5.174990e-01
34240.2  5.177647e-01
34253.7  5.179783e-01
34267.2  5.181914e-01
34280.7  5.184562e-01
34294.3  5.186722e-01
34307.8  5.188832e-01
34321.3  5.191454e-01
34334.8  5.193408e-01
34348.3  5.195270e-01
34361.8  5.197696e-01
34375.3  5.199416e-01
34388.8  5.201086e-01
34402.4  5.203351e-01
34415.9  5.204941e-01
34429.4  5.206563e-01
34442.9  5.208934e-01
34456.4  5.210669e-01
34469.9  5.212416e-01
34483.4  5.214974e-01
34496.9  5.216771e-01
34510.5  5.219391e-01
34524.0  5.221248e-01
34537.5  5.223120e-01
34551.0  5.225935e-01
34564.5  5.227904e-01
34578.0  5.229886e-01
34591.5  5.232858e-01
34605.0  5.234909e-01
34618.5  5.237000e-01
34632.1  5.240090e-01
34645.6  5.242229e-01
34659.1  5.244402e-01
34672.6  5.247586e-01
34686.1  5.249796e-01
34699.6  5.252011e-01
34713.1  5.255284e-01
34726.6  5.257551e-01
34740.2  5.260874e-01
34753.7  5.263204e-01
34767.2  5.265568e-01
34780.7  5.269018e-01
34794.2  5.271446e-01
34807.7  5.273883e-01
34821.2  5.277409e-01
34834.7  5.279877e-01
34848.3  5.282335e-01
34861.8  5.285820e-01
34875.3  5.288226e-01
34888.8  5.290632e-01
34902.3  5.294010e-01
34915.8  5.296352e-01
34929.3  5.298682e-01
34942.8  5.301931e-01
34956.4  5.304197e-01
34969.9  5.306419e-01
34983.4  5.309533e-01
34996.9  5.311735e-01
35010.4  5.314840e-01
35023.9  5.317075e-01
35037.4  5.319282e-01
35050.9  5.322299e-01
35064.5  5.324447e-01
35078.0  5.326567e-01
35091.5  5.329479e-01
35105.0  5.331636e-01
35118.5  5.333799e-01
35132.0  5.336614e-01
35145.5  5.338628e-01
35159.0  5.340612e-01
35172.6  5.343191e-01
35186.1  5.345110e-01
35199.6  5.346973e-01
35213.1  5.349249e-01
35226.6  5.350881e-01
35240.1  5.352983e-01
35253.6  5.354599e-01
35267.1  5.356247e-01
35280.7  5.358302e-01
35294.2  5.359922e-01
35307.7  5.361553e-01
35321.2  5.363873e-01
35334.7  5.365680e-01
35348.2  5.367487e-01
35361.7  5.369770e-01
35375.2  5.371589e-01
35388.8  5.373405e-01
35402.3  5.375659e-01
35415.8  5.377497e-01
35429.3  5.379357e-01
35442.8  5.381643e-01
35456.3  5.383565e-01
35469.8  5.385519e-01
35483.3  5.387855e-01
35496.8  5.389837e-01
35510.4  5.392200e-01
35523.9  5.394246e-01
35537.4  5.396338e-01
35550.9  5.398805e-01
35564.4  5.400959e-01
35577.9  5.403161e-01
35591.4  5.405734e-01
35604.9  5.408014e-01
35618.5  5.410329e-01
35632.0  5.413005e-01
35645.5  5.415363e-01
35659.0  5.417753e-01
35672.5  5.420546e-01
35686.0  5.423016e-01
35699.5  5.425515e-01
35713.0  5.428443e-01
35726.6  5.431001e-01
35740.1  5.433985e-01
35753.6  5.436574e-01
35767.1  5.439173e-01
35780.6  5.442231e-01
35794.1  5.444843e-01
35807.6  5.447459e-01
35821.1  5.450582e-01
35834.7  5.453225e-01
35848.2  5.455882e-01
35861.7  5.459077e-01
35875.2  5.461722e-01
35888.7  5.464347e-01
35902.2  5.467554e-01
35915.7  5.470183e-01
35929.2  5.472810e-01
35942.8  5.476057e-01
35956.3  5.478682e-01
35969.8  5.481309e-01
35983.3  5.484611e-01
35996.8  5.487280e-01
36010.3  5.490376e-01
36023.8  5.492778e-01
36037.3  5.495167e-01
36050.9  5.498017e-01
36064.4  5.500403e-01
36077.9  5.502793e-01
36091.4  5.505673e-01
36104.9  5.508053e-01
36118.4  5.510425e-01
36131.9  5.513304e-01
36145.4  5.515670e-01
36159.0  5.518030e-01
36172.5  5.520920e-01
36186.0  5.523278e-01
36199.5  5.525630e-01
36213.0  5.528518e-01
36226.5  5.530891e-01
36240.0  5.533814e-01
36253.5  5.536205e-01
36267.1  5.538602e-01
36280.6  5.541521e-01
36294.1  5.543897e-01
36307.6  5.546269e-01
36321.1  5.549154e-01
36334.6  5.551502e-01
36348.1  5.553850e-01
36361.6  5.556733e-01
36375.2  5.559112e-01
36388.7  5.561497e-01
36402.2  5.564384e-01
36415.7  5.566766e-01
36429.2  5.569145e-01
36442.7  5.571992e-01
36456.2  5.574357e-01
36469.7  5.576709e-01
36483.2  5.579500e-01
36496.8  5.581850e-01
36510.3  5.584608e-01
36523.8  5.586918e-01
36537.3  5.589221e-01
36550.8  5.591890e-01
36564.3  5.594143e-01
36577.8  5.596388e-01
36591.3  5.598951e-01
36604.9  5.601117e-01
36618.4  5.603271e-01
36631.9  5.605735e-01
36645.4  5.607859e-01
36658.9  5.609961e-01
36672.4  5.612322e-01
36685.9  5.614356e-01
36699.4  5.616356e-01
36713.0  5.618588e-01
36726.5  5.620517e-01
36740.0  5.622403e-01
36753.5  5.624504e-01
36767.0  5.626331e-01
36780.5  5.628353e-01
36794.0  5.630138e-01
36807.5  5.631896e-01
36821.1  5.633842e-01
36834.6  5.635575e-01
36848.1  5.637272e-01
36861.6  5.639129e-01
36875.1  5.640780e-01
36888.6  5.642410e-01
36902.1  5.644222e-01
36915.6  5.645857e-01
36929.2  5.647468e-01
36942.7  5.649250e-01
36956.2  5.650851e-01
36969.7  5.652442e-01
36983.2  5.654218e-01
36996.7  5.655795e-01
37010.2  5.657531e-01
37023.7  5.659069e-01
37037.3  5.660606e-01
37050.8  5.662354e-01
37064.3  5.663926e-01
37077.8  5.665500e-01
37091.3  5.667293e-01
37104.8  5.668887e-01
37118.3  5.670483e-01
37131.8  5.672321e-01
37145.4  5.673927e-01
37158.9  5.675510e-01
37172.4  5.677344e-01
37185.9  5.678932e-01
37199.4  5.680523e-01
37212.9  5.682408e-01
37226.4  5.684027e-01
37239.9  5.685641e-01
37253.5  5.687559e-01
37267.0  5.689178e-01
37280.5  5.691102e-01
37294.0  5.692714e-01
37307.5  5.694301e-01
37321.0  5.696212e-01
37334.5  5.697783e-01
37348.0  5.699321e-01
37361.5  5.701196e-01
37375.1  5.702691e-01
37388.6  5.704127e-01
37402.1  5.705892e-01
37415.6  5.707232e-01
37429.1  5.708497e-01
37442.6  5.710092e-01
37456.1  5.711236e-01
37469.6  5.712306e-01
37483.2  5.713723e-01
37496.7  5.714684e-01
37510.2  5.715982e-01
37523.7  5.716818e-01
37537.2  5.717571e-01
37550.7  5.718642e-01
37564.2  5.719230e-01
37577.7  5.719722e-01
37591.3  5.720522e-01
37604.8  5.720837e-01
37618.3  5.721052e-01
37631.8  5.721579e-01
37645.3  5.721652e-01
37658.8  5.721648e-01
37672.3  5.721955e-01
37685.8  5.721829e-01
37699.4  5.721620e-01
37712.9  5.721693e-01
37726.4  5.721343e-01
37739.9  5.720913e-01
37753.4  5.720747e-01
37766.9  5.720212e-01
37780.4  5.719929e-01
37793.9  5.719320e-01
37807.5  5.718699e-01
37821.0  5.718315e-01
37834.5  5.717667e-01
37848.0  5.717027e-01
37861.5  5.716597e-01
37875.0  5.715949e-01
37888.5  5.715309e-01
37902.0  5.714844e-01
37915.6  5.714248e-01
37929.1  5.713714e-01
37942.6  5.713360e-01
37956.1  5.712970e-01
37969.6  5.712657e-01
37983.1  5.712472e-01
37996.6  5.712310e-01
38010.1  5.712259e-01
38023.7  5.712250e-01
38037.2  5.712353e-01
38050.7  5.712524e-01
38064.2  5.712814e-01
38077.7  5.713257e-01
38091.2  5.713762e-01
38104.7  5.714482e-01
38118.2  5.715365e-01
38131.8  5.716237e-01
38145.3  5.717364e-01
38158.8  5.718634e-01
38172.3  5.719815e-01
38185.8  5.721269e-01
38199.3  5.722837e-01
38212.8  5.724262e-01
38226.3  5.726034e-01
38239.8  5.727935e-01
38253.4  5.729644e-01
38266.9  5.731726e-01
38280.4  5.733576e-01
38293.9  5.735807e-01
38307.4  5.738072e-01
38320.9  5.740013e-01
38334.4  5.742315e-01
38347.9  5.744601e-01
38361.5  5.746477e-01
38375.0  5.748709e-01
38388.5  5.750901e-01
38402.0  5.752639e-01
38415.5  5.754729e-01
38429.0  5.756708e-01
38442.5  5.758141e-01
38456.0  5.759889e-01
38469.6  5.761477e-01
38483.1  5.762474e-01
38496.6  5.763711e-01
38510.1  5.764279e-01
38523.6  5.765099e-01
38537.1  5.765706e-01
38550.6  5.765625e-01
38564.1  5.765759e-01
38577.7  5.765624e-01
38591.2  5.764755e-01
38604.7  5.764039e-01
38618.2  5.763011e-01
38631.7  5.761228e-01
38645.2  5.759556e-01
38658.7  5.757567e-01
38672.2  5.754845e-01
38685.8  5.752226e-01
38699.3  5.749323e-01
38712.8  5.745749e-01
38726.3  5.742265e-01
38739.8  5.738491e-01
38753.3  5.734059e-01
38766.8  5.729664e-01
38780.3  5.724691e-01
38793.9  5.719734e-01
38807.4  5.714514e-01
38820.9  5.708801e-01
38834.4  5.703121e-01
38847.9  5.697250e-01
38861.4  5.691024e-01
38874.9  5.684856e-01
38888.4  5.678539e-01
38902.0  5.671949e-01
38915.5  5.665391e-01
38929.0  5.658708e-01
38942.5  5.651841e-01
38956.0  5.644986e-01
38969.5  5.638033e-01
38983.0  5.630974e-01
38996.5  5.623915e-01
39010.1  5.616795e-01
39023.6  5.609662e-01
39037.1  5.602485e-01
39050.6  5.595275e-01
39064.1  5.587963e-01
39077.6  5.580567e-01
39091.1  5.573131e-01
39104.6  5.565457e-01
39118.2  5.557605e-01
39131.7  5.549658e-01
39145.2  5.541308e-01
39158.7  5.532648e-01
39172.2  5.523800e-01
39185.7  5.514329e-01
39199.2  5.504357e-01
39212.7  5.494019e-01
39226.2  5.482740e-01
39239.8  5.470671e-01
39253.3  5.457963e-01
39266.8  5.443957e-01
39280.3  5.429106e-01
39293.8  5.412654e-01
39307.3  5.394751e-01
39320.8  5.375603e-01
39334.3  5.354406e-01
39347.9  5.331318e-01
39361.4  5.306556e-01
39374.9  5.279265e-01
39388.4  5.249622e-01
39401.9  5.217879e-01
39415.4  5.183153e-01
39428.9  5.145593e-01
39442.4  5.105452e-01
39456.0  5.061845e-01
39469.5  5.015026e-01
39483.0  4.965285e-01
39496.5  4.911782e-01
39510.0  4.855220e-01
39523.5  4.794770e-01
39537.0  4.730879e-01
39550.5  4.663901e-01
39564.1  4.593048e-01
39577.6  4.518770e-01
39591.1  4.441500e-01
39604.6  4.360602e-01
39618.1  4.276578e-01
39631.6  4.189935e-01
39645.1  4.100144e-01
39658.6  4.007781e-01
39672.2  3.913419e-01
39685.7  3.816569e-01
39699.2  3.717811e-01
39712.7  3.617705e-01
39726.2  3.515920e-01
39739.7  3.413026e-01
39753.2  3.309567e-01
39766.7  3.205284e-01
39780.3  3.100985e-01
39793.8  2.996485e-01
39807.3  2.892260e-01
39820.8  2.788776e-01
39834.3  2.685849e-01
39847.8  2.583940e-01
39861.3  2.483455e-01
39874.8  2.384217e-01
39888.4  2.286617e-01
39901.9  2.191014e-01
39915.4  2.097237e-01
39928.9  2.005602e-01
39942.4  1.916364e-01
39955.9  1.829351e-01
39969.4  1.744801e-01
39982.9  1.662907e-01
39996.5  1.583480e-01
40010.0  1.506697e-01
40023.5  1.432622e-01
40037.0  1.361195e-01
40050.5  1.292533e-01
40064.0  1.226515e-01
40077.5  1.163171e-01
40091.0  1.102519e-01
40104.5  1.044438e-01
40118.1  9.889188e-02
40131.6  9.359491e-02
40145.1  8.853994e-02
40158.6  8.372423e-02
40172.1  7.914407e-02
40185.6  7.478563e-02
40199.1  7.064472e-02
40212.6  6.671571e-02
40226.2  6.298578e-02
40239.7  5.945123e-02
40253.2  5.610549e-02
40266.7  5.293550e-02
40280.2  4.993914e-02
40293.7  4.710394e-02
40307.2  4.442442e-02
40320.7  4.189594e-02
40334.3  3.950603e-02
40347.8  3.724920e-02
40361.3  3.512200e-02
40374.8  3.311453e-02
40388.3  3.122210e-02
40401.8  2.943968e-02
40415.3  2.775840e-02
40428.8  2.617413e-02
40442.4  2.468347e-02
40455.9  2.327900e-02
40469.4  2.195697e-02
40482.9  2.071322e-02
40496.4  1.954007e-02
40509.9  1.843616e-02
40523.4  1.739821e-02
40536.9  1.641991e-02
40550.5  1.550117e-02
40564.0  1.463543e-02
40577.5  1.382015e-02
40591.0  1.305365e-02
40604.5  1.233135e-02
40618.0  1.165074e-02
40631.5  1.101094e-02
40645.0  1.040760e-02
40658.6  9.839235e-03
40672.1  9.304443e-03
40685.6  8.800141e-03
40699.1  8.325773e-03
40712.6  7.879323e-03
40726.1  7.457815e-03
40739.6  7.060868e-03
40753.1  6.687850e-03
40766.7  6.335802e-03
40780.2  6.005712e-03
40793.7  5.693715e-03
40807.2  5.398835e-03
40820.7  5.121467e-03
40834.2  4.859495e-03
40847.7  4.612091e-03
40861.2  4.378393e-03
40874.8  4.156744e-03
40888.3  3.946543e-03
40901.8  3.748347e-03
40915.3  3.561114e-03
40928.8  3.384912e-03
40942.3  3.218830e-03
40955.8  3.061680e-03
40969.3  2.913754e-03
40982.8  2.774170e-03
40996.4  2.641513e-03
41009.9  2.516177e-03
41023.4  2.398172e-03
41036.9  2.285464e-03
41050.4  2.179086e-03
41063.9  2.077985e-03
41077.4  1.981994e-03
41090.9  1.891152e-03
41104.5  1.805533e-03
41118.0  1.724697e-03
41131.5  1.647878e-03
41145.0  1.574777e-03
41158.5  1.505448e-03
41172.0  1.439650e-03
41185.5  1.376682e-03
41199.0  1.317481e-03
41212.6  1.261168e-03
41226.1  1.206966e-03
41239.6  1.155335e-03
41253.1  1.106855e-03
41266.6  1.060314e-03
41280.1  1.015942e-03
41293.6  9.737452e-04
41307.1  9.335213e-04
41320.7  8.954211e-04
41334.2  8.595694e-04
41347.7  8.259765e-04
41361.2  7.936592e-04
41374.7  7.626700e-04
41388.2  7.335041e-04
41401.7  7.058819e-04
41415.2  6.783100e-04
41428.8  6.514247e-04
41442.3  6.256657e-04
41455.8  6.012038e-04
41469.3  5.782512e-04
41482.8  5.570379e-04
41496.3  5.367500e-04
41509.8  5.171842e-04
41523.3  4.993298e-04
41536.9  4.827790e-04
41550.4  4.663737e-04
41563.9  4.494206e-04
41577.4  4.330813e-04
41590.9  4.175968e-04
41604.4  4.028464e-04
41617.9  3.885750e-04
41631.4  3.752015e-04
41645.0  3.620671e-04
41658.5  3.497297e-04
41672.0  3.386507e-04
41685.5  3.285189e-04
41699.0  3.184704e-04
41712.5  3.086411e-04
41726.0  2.994985e-04
41739.5  2.905242e-04
41753.1  2.815180e-04
41766.6  2.731332e-04
41780.1  2.655852e-04
41793.6  2.579373e-04
41807.1  2.502614e-04
41820.6  2.427637e-04
41834.1  2.356411e-04
41847.6  2.286912e-04
41861.1  2.224990e-04
41874.7  2.166802e-04
41888.2  2.107987e-04
41901.7  2.046460e-04
41915.2  1.990738e-04
41928.7  1.940622e-04
41942.2  1.891110e-04
41955.7  1.840886e-04
41969.2  1.794987e-04
41982.8  1.749132e-04
41996.3  1.701568e-04
42009.8  1.656691e-04
42023.3  1.616028e-04
42036.8  1.576127e-04
42050.3  1.538018e-04
42063.8  1.506697e-04
42077.3  1.478651e-04
42090.9  1.451264e-04
42104.4  1.427306e-04
42117.9  1.410240e-04
42131.4  1.393478e-04
42144.9  1.373171e-04
42158.4  1.349491e-04
42171.9  1.326954e-04
42185.4  1.303135e-04
42199.0  1.281205e-04
42212.5  1.260803e-04
42226.0  1.238781e-04
42239.5  1.211567e-04
42253.0  1.184939e-04
42266.5  1.162020e-04
42280.0  1.140199e-04
42293.5  1.119973e-04
42307.1  1.103854e-04
42320.6  1.090666e-04
42334.1  1.074792e-04
42347.6  1.057864e-04
42361.1  1.045851e-04
42374.6  1.035030e-04
42388.1  1.016972e-04
42401.6  9.885237e-05
42415.2  9.589587e-05
42428.7  9.306809e-05
42442.2  9.093533e-05
42455.7  8.966933e-05
42469.2  8.880158e-05
42482.7  8.775993e-05
42496.2  8.681291e-05
42509.7  8.630697e-05
42523.3  8.567945e-05
42536.8  8.429069e-05
42550.3  8.223934e-05
42563.8  7.984237e-05
42577.3  7.725582e-05
42590.8  7.459736e-05
42604.3  7.244229e-05
42617.8  7.095003e-05
42631.4  6.981443e-05
42644.9  6.891857e-05
42658.4  6.855448e-05
42671.9  6.850875e-05
42685.4  0.000000e+00
42698.9  0.000000e+00
