# from http://www.stsci.edu/jwst/instruments/nircam/instrumentdesign/filters
# Retrieved Jan 18, 2017, dated Feb 5, 2016 (pre-flight)
# Uses modA or modB  filters+DBS+QE+OTE (nrc_plus_ote)
# Units of transmission are PCE (photon to electron conversion efficiency)
# 
20004.7  1.429678e-12
20026.1  1.024792e-12
20047.5  6.728073e-13
20069.0  2.019679e-13
20090.4  1.403936e-14
20111.9  3.672639e-15
20133.3  2.239328e-14
20154.8  2.726978e-13
20176.2  4.628180e-13
20197.6  7.682506e-13
20219.1  1.051774e-12
20240.5  1.325362e-12
20262.0  1.007897e-12
20283.4  8.935268e-13
20304.8  3.201557e-13
20326.3  1.574087e-14
20347.7  1.864004e-15
20369.2  1.845979e-15
20390.6  1.845780e-15
20412.0  1.876413e-15
20433.5  1.900507e-15
20454.9  1.938946e-15
20476.4  1.992327e-15
20497.8  3.217956e-15
20519.3  2.146247e-14
20540.7  1.664941e-13
20562.1  2.883787e-13
20583.6  5.059144e-13
20605.0  6.524154e-13
20626.5  8.181529e-13
20647.9  8.527053e-13
20669.3  8.028338e-13
20690.8  8.552544e-13
20712.2  1.164857e-12
20733.7  1.973203e-12
20755.1  1.597028e-12
20776.5  1.682299e-12
20798.0  1.798695e-12
20819.4  1.914553e-12
20840.9  5.427731e-13
20862.3  4.791159e-14
20883.8  1.519594e-14
20905.2  1.831278e-14
20926.6  2.223605e-14
20948.1  1.178512e-13
20969.5  1.845903e-12
20991.0  7.836351e-12
21012.4  1.103203e-11
21033.8  1.583710e-11
21055.3  2.420334e-11
21076.7  3.634589e-11
21098.2  1.769864e-11
21119.6  7.468872e-12
21141.0  6.439011e-12
21162.5  9.644274e-12
21183.9  8.013205e-12
21205.4  8.911010e-13
21226.8  1.830721e-13
21248.3  1.549478e-13
21269.7  1.489647e-13
21291.1  1.426469e-13
21312.6  1.371794e-13
21334.0  1.317714e-13
21355.5  1.270842e-13
21376.9  1.236704e-13
21398.3  1.208076e-13
21419.8  1.182738e-13
21441.2  1.167438e-13
21462.7  1.157726e-13
21484.1  1.153672e-13
21505.5  4.133007e-13
21527.0  3.531676e-12
21548.4  3.217546e-12
21569.9  3.921203e-13
21591.3  1.273627e-13
21612.8  3.095630e-13
21634.2  1.178046e-12
21655.6  8.753824e-13
21677.1  1.881089e-12
21698.5  5.336530e-12
21720.0  7.227454e-13
21741.4  1.750434e-13
21762.8  4.236780e-13
21784.3  3.307076e-12
21805.7  6.617575e-12
21827.2  8.494718e-13
21848.6  2.123310e-13
21870.1  7.139511e-13
21891.5  6.672193e-12
21912.9  3.021740e-11
21934.4  4.165049e-11
21955.8  5.775515e-11
21977.3  5.241472e-11
21998.7  5.332968e-11
22020.1  2.544479e-11
22041.6  3.118603e-12
22063.0  5.240682e-13
22084.5  5.787926e-13
22105.9  6.770490e-13
22127.3  9.342767e-13
22148.8  1.781074e-12
22170.2  4.079423e-12
22191.7  1.328837e-11
22213.1  4.623097e-11
22234.6  1.319169e-10
22256.0  3.403269e-10
22277.4  1.137873e-09
22298.9  7.872274e-10
22320.3  5.329164e-10
22341.8  4.556477e-10
22363.2  5.846995e-10
22384.6  1.347456e-09
22406.1  1.519482e-09
22427.5  1.924680e-09
22449.0  2.380879e-09
22470.4  2.289599e-09
22491.8  2.545371e-09
22513.3  2.095817e-09
22534.7  2.354182e-09
22556.2  3.334660e-09
22577.6  2.276065e-09
22599.1  1.543911e-09
22620.5  1.007566e-09
22641.9  6.334629e-10
22663.4  3.963504e-10
22684.8  1.349151e-10
22706.3  5.710555e-11
22727.7  8.276540e-11
22749.1  1.043880e-09
22770.6  1.530421e-08
22792.0  2.406210e-08
22813.5  1.702062e-08
22834.9  1.200455e-08
22856.3  1.218421e-08
22877.8  1.722838e-08
22899.2  2.321449e-08
22920.7  2.876817e-08
22942.1  3.699838e-08
22963.6  4.324552e-08
22985.0  5.677335e-08
23006.4  8.831347e-08
23027.9  1.061540e-07
23049.3  1.291718e-07
23070.8  8.766215e-08
23092.2  6.668100e-08
23113.6  6.260851e-08
23135.1  8.877188e-08
23156.5  1.372166e-07
23178.0  2.066408e-07
23199.4  2.332549e-07
23220.8  3.026287e-07
23242.3  5.170656e-07
23263.7  7.937750e-07
23285.2  1.232086e-06
23306.6  1.332058e-06
23328.1  1.417626e-06
23349.5  1.574379e-06
23370.9  1.672957e-06
23392.4  1.852242e-06
23413.8  2.006605e-06
23435.3  2.131695e-06
23456.7  2.511424e-06
23478.1  2.746399e-06
23499.6  2.381339e-06
23521.0  2.081361e-06
23542.5  2.163738e-06
23563.9  2.320590e-06
23585.3  2.298149e-06
23606.8  1.842732e-06
23628.2  1.744992e-06
23649.7  1.750937e-06
23671.1  1.854170e-06
23692.6  1.954101e-06
23714.0  1.913066e-06
23735.4  1.786922e-06
23756.9  1.655517e-06
23778.3  1.934775e-06
23799.8  2.351228e-06
23821.2  2.833714e-06
23842.6  3.071492e-06
23864.1  3.336201e-06
23885.5  3.555651e-06
23907.0  3.522195e-06
23928.4  3.511664e-06
23949.8  3.653070e-06
23971.3  4.017488e-06
23992.7  4.700690e-06
24014.2  4.936509e-06
24035.6  4.446045e-06
24057.1  4.111800e-06
24078.5  4.133016e-06
24099.9  4.227783e-06
24121.4  4.324851e-06
24142.8  3.980428e-06
24164.3  3.662592e-06
24185.7  3.434581e-06
24207.1  3.754440e-06
24228.6  4.321268e-06
24250.0  4.871605e-06
24271.5  4.013734e-06
24292.9  3.437274e-06
24314.4  2.918651e-06
24335.8  2.438508e-06
24357.2  2.071019e-06
24378.7  2.160696e-06
24400.1  2.818218e-06
24421.6  3.777996e-06
24443.0  3.084858e-06
24464.4  2.730973e-06
24485.9  2.781131e-06
24507.3  2.984795e-06
24528.8  3.277442e-06
24550.2  3.675727e-06
24571.6  3.096808e-06
24593.1  2.410436e-06
24614.5  1.895510e-06
24636.0  2.160523e-06
24657.4  2.674538e-06
24678.9  3.309891e-06
24700.3  3.498340e-06
24721.7  3.615979e-06
24743.2  3.741269e-06
24764.6  3.269749e-06
24786.1  2.818395e-06
24807.5  2.429460e-06
24828.9  2.498019e-06
24850.4  2.590260e-06
24871.8  2.685448e-06
24893.3  2.336420e-06
24914.7  2.027129e-06
24936.1  1.758876e-06
24957.6  2.082829e-06
24979.0  4.132632e-06
25000.5  3.367826e-06
25021.9  7.608308e-06
25038.3  7.628264e-06
25051.8  1.718391e-06
25065.3  6.722451e-06
25078.9  5.846530e-06
25092.4  7.314408e-06
25105.9  6.120041e-06
25119.4  6.030323e-06
25132.9  6.986075e-06
25146.4  7.118283e-06
25159.9  7.741344e-06
25173.4  5.827388e-06
25187.0  1.226190e-05
25200.5  7.433584e-06
25214.0  9.074730e-06
25227.5  6.020114e-06
25241.0  9.230193e-06
25254.5  8.491006e-06
25268.0  8.000175e-06
25281.5  4.843418e-06
25295.1  8.099807e-06
25308.6  3.975589e-06
25322.1  7.370442e-06
25335.6  6.445454e-06
25349.1  8.208348e-06
25362.6  7.050627e-06
25376.1  9.624148e-06
25389.6  1.014844e-05
25403.2  2.520403e-06
25416.7  3.322287e-06
25430.2  5.999923e-06
25443.7  7.314956e-06
25457.2  2.919317e-06
25470.7  3.782513e-06
25484.2  2.532853e-06
25497.7  7.362536e-06
25511.2  9.342040e-06
25524.8  7.481123e-06
25538.3  8.594491e-06
25551.8  6.678620e-06
25565.3  3.433999e-06
25578.8  4.411989e-06
25592.3  6.733906e-06
25605.8  7.438033e-06
25619.3  1.189054e-05
25632.9  8.672667e-06
25646.4  5.585411e-06
25659.9  5.297572e-06
25673.4  4.159685e-06
25686.9  5.649410e-06
25700.4  5.046395e-06
25713.9  5.239893e-06
25727.4  6.184519e-06
25741.0  7.290362e-06
25754.5  6.605636e-06
25768.0  6.149140e-06
25781.5  9.381540e-06
25795.0  8.404557e-06
25808.5  7.143726e-06
25822.0  9.085690e-06
25835.5  7.994434e-06
25849.1  5.970477e-06
25862.6  8.583153e-06
25876.1  6.760462e-06
25889.6  9.279869e-06
25903.1  1.082568e-05
25916.6  8.425891e-06
25930.1  4.986574e-06
25943.6  3.171505e-06
25957.2  6.674385e-06
25970.7  8.039232e-06
25984.2  9.012745e-06
25997.7  5.790272e-06
26011.2  6.302267e-06
26024.7  4.524002e-06
26038.2  7.788221e-06
26051.7  6.979184e-06
26065.3  3.930549e-06
26078.8  5.355837e-06
26092.3  4.059048e-06
26105.8  7.830766e-06
26119.3  8.984314e-06
26132.8  6.798154e-06
26146.3  5.466397e-06
26159.8  6.981531e-06
26173.4  6.788225e-06
26186.9  7.646897e-06
26200.4  6.300413e-06
26213.9  7.529886e-06
26227.4  6.674030e-06
26240.9  6.961274e-06
26254.4  4.308792e-06
26267.9  3.156110e-06
26281.5  7.375370e-06
26295.0  1.207263e-05
26308.5  9.634798e-06
26322.0  1.025361e-05
26335.5  7.676161e-06
26349.0  9.811898e-06
26362.5  1.019885e-05
26376.0  1.214370e-05
26389.5  7.211873e-06
26403.1  4.344028e-06
26416.6  2.976117e-06
26430.1  7.913582e-06
26443.6  7.442033e-06
26457.1  8.487345e-06
26470.6  8.915324e-06
26484.1  9.003859e-06
26497.6  7.558224e-06
26511.2  2.860387e-06
26524.7  4.230691e-06
26538.2  5.782008e-06
26551.7  3.696459e-06
26565.2  3.563838e-06
26578.7  5.675599e-06
26592.2  1.110858e-05
26605.7  7.143522e-06
26619.3  5.374619e-06
26632.8  9.230748e-06
26646.3  9.460415e-06
26659.8  8.624413e-06
26673.3  6.670766e-06
26686.8  6.480507e-06
26700.3  5.862095e-06
26713.8  5.745504e-06
26727.4  5.185545e-06
26740.9  7.270267e-06
26754.4  9.706869e-06
26767.9  7.879793e-06
26781.4  8.450481e-06
26794.9  9.308787e-06
26808.4  7.818819e-06
26821.9  1.072430e-05
26835.5  8.222541e-06
26849.0  7.525858e-06
26862.5  7.862715e-06
26876.0  5.857217e-06
26889.5  7.334548e-06
26903.0  4.513613e-06
26916.5  6.798639e-06
26930.0  7.040389e-06
26943.6  8.489725e-06
26957.1  6.538760e-06
26970.6  5.138581e-06
26984.1  6.072054e-06
26997.6  4.421484e-06
27011.1  7.223382e-06
27024.6  8.211698e-06
27038.1  9.085336e-06
27051.7  5.614891e-06
27065.2  3.868386e-06
27078.7  3.538794e-06
27092.2  6.627346e-06
27105.7  5.758954e-06
27119.2  5.820306e-06
27132.7  6.681909e-06
27146.2  4.907492e-06
27159.8  2.753988e-06
27173.3  3.587138e-06
27186.8  7.125535e-06
27200.3  5.799913e-06
27213.8  4.130090e-06
27227.3  5.616172e-06
27240.8  4.748437e-06
27254.3  6.059967e-06
27267.9  6.229160e-06
27281.4  2.122505e-06
27294.9  4.529464e-06
27308.4  4.345917e-06
27321.9  3.380438e-07
27335.4  7.717217e-07
27348.9  1.244775e-06
27362.4  2.689288e-06
27375.9  5.129596e-06
27389.5  2.889769e-06
27403.0  1.521633e-06
27416.5  1.937743e-06
27430.0  5.682313e-06
27443.5  2.415055e-06
27457.0  2.469511e-06
27470.5  3.558249e-06
27484.0  2.150216e-06
27497.6  3.018231e-06
27511.1  3.058854e-06
27524.6  1.526928e-06
27538.1  4.035045e-07
27551.6  3.771767e-06
27565.1  4.151714e-06
27578.6  3.290772e-06
27592.1  2.487449e-06
27605.7  2.575078e-06
27619.2  4.154938e-06
27632.7  2.208047e-07
27646.2  2.389614e-08
27659.7  2.540372e-06
27673.2  2.106329e-06
27686.7  8.016997e-07
27700.2  1.876678e-06
27713.8  2.628067e-06
27727.3  2.086323e-06
27740.8  3.709628e-07
27754.3  1.941619e-06
27767.8  1.912611e-06
27781.3  5.318664e-08
27794.8  2.271220e-08
27808.3  1.870934e-08
27821.9  4.918418e-06
27835.4  6.968593e-07
27848.9  5.462523e-07
27862.4  1.384293e-06
27875.9  9.635059e-07
27889.4  2.510942e-06
27902.9  4.097960e-07
27916.4  4.568402e-07
27930.0  1.480567e-06
27943.5  1.167886e-07
27957.0  2.249907e-06
27970.5  3.674083e-06
27984.0  6.775812e-07
27997.5  5.010866e-07
28011.0  4.357567e-09
28024.5  4.359549e-09
28038.1  3.900958e-07
28051.6  2.774770e-06
28065.1  2.881547e-06
28078.6  2.607357e-06
28092.1  1.125767e-06
28105.6  1.525092e-06
28119.1  8.911848e-07
28132.6  2.574233e-06
28146.2  2.558524e-06
28159.7  1.786895e-06
28173.2  1.021347e-06
28186.7  3.373808e-06
28200.2  1.217163e-06
28213.7  6.736827e-09
28227.2  4.355377e-09
28240.7  1.273333e-06
28254.2  1.832354e-06
28267.8  3.078100e-06
28281.3  1.665054e-06
28294.8  1.633225e-06
28308.3  4.083348e-06
28321.8  3.482901e-06
28335.3  6.165939e-07
28348.8  1.449721e-06
28362.3  3.348180e-06
28375.9  3.051877e-06
28389.4  4.417592e-08
28402.9  1.176225e-06
28416.4  9.840246e-07
28429.9  1.506768e-06
28443.4  1.441449e-06
28456.9  1.525642e-06
28470.4  4.923635e-09
28484.0  1.283633e-07
28497.5  5.570957e-08
28511.0  3.950131e-07
28524.5  1.316078e-06
28538.0  1.765696e-06
28551.5  1.790657e-07
28565.0  4.287758e-09
28578.5  4.283114e-09
28592.1  4.268240e-08
28605.6  3.071836e-07
28619.1  4.266685e-09
28632.6  4.263848e-09
28646.1  7.729210e-09
28659.6  4.329119e-09
28673.1  4.260830e-09
28686.6  4.258431e-09
28700.2  5.297779e-09
28713.7  7.110385e-09
28727.2  4.252949e-09
28740.7  2.108691e-07
28754.2  3.811853e-08
28767.7  4.248654e-09
28781.2  4.247306e-09
28794.7  5.725356e-07
28808.3  4.244632e-09
28821.8  4.243255e-09
28835.3  4.241863e-09
28848.8  4.240444e-09
28862.3  4.233923e-09
28875.8  4.232408e-09
28889.3  4.230833e-09
28902.8  4.229444e-09
28916.4  1.313384e-06
28929.9  1.814541e-06
28943.4  6.602383e-07
28956.9  8.218402e-08
28970.4  4.230857e-09
28983.9  4.229796e-09
28997.4  7.308425e-07
29010.9  7.250332e-09
29024.5  4.223685e-09
29038.0  4.220886e-09
29051.5  4.217921e-09
29065.0  1.687690e-08
29078.5  4.211492e-09
29092.0  4.208030e-09
29105.5  4.201894e-09
29119.0  4.961367e-09
29132.5  2.479741e-07
29146.1  8.372733e-07
29159.6  3.205143e-06
29173.1  2.139475e-08
29186.6  4.178704e-09
29200.1  4.174752e-09
29213.6  4.168911e-09
29227.1  6.027447e-07
29240.6  1.620591e-06
29254.2  2.386022e-06
29267.7  2.120693e-06
29281.2  2.056753e-06
29294.7  6.729637e-07
29308.2  4.648876e-09
29321.7  1.527340e-06
29335.2  4.326586e-06
29348.7  2.942538e-06
29362.3  5.061495e-06
29375.8  2.045361e-06
29389.3  1.422485e-06
29402.8  3.544676e-06
29416.3  6.527231e-06
29429.8  1.794519e-06
29443.3  1.459044e-06
29456.8  1.874231e-06
29470.4  2.699843e-06
29483.9  2.230492e-06
29497.4  3.023411e-06
29510.9  5.352113e-06
29524.4  4.876960e-06
29537.9  1.713547e-06
29551.4  2.886251e-06
29564.9  3.852421e-06
29578.5  2.090782e-06
29592.0  1.729590e-06
29605.5  3.015987e-06
29619.0  3.901975e-06
29632.5  2.985431e-06
29646.0  1.480397e-06
29659.5  3.417547e-06
29673.0  3.733844e-06
29686.6  3.410096e-06
29700.1  2.725519e-06
29713.6  5.182725e-06
29727.1  2.958953e-06
29740.6  1.653107e-06
29754.1  1.191556e-06
29767.6  2.823012e-06
29781.1  2.921188e-06
29794.7  5.390357e-07
29808.2  8.255579e-07
29821.7  3.152327e-06
29835.2  1.049853e-06
29848.7  1.500610e-07
29862.2  3.131620e-08
29875.7  2.576686e-06
29889.2  5.521996e-06
29902.8  5.765697e-06
29916.3  6.541817e-06
29929.8  7.507775e-06
29943.3  5.174686e-06
29956.8  2.346183e-06
29970.3  1.450634e-06
29983.8  2.757076e-06
29997.3  4.126432e-06
30010.9  5.321973e-06
30024.4  5.778232e-06
30037.9  6.929841e-06
30051.4  5.200941e-06
30064.9  2.648466e-06
30078.4  7.865714e-07
30091.9  3.415075e-06
30105.4  5.848273e-06
30118.9  6.420603e-06
30132.5  6.168559e-06
30146.0  6.345936e-06
30159.5  7.042031e-06
30173.0  6.798744e-06
30186.5  6.002686e-06
30200.0  5.815519e-06
30213.5  5.515630e-06
30227.0  4.330427e-06
30240.6  2.614794e-06
30254.1  3.687764e-06
30267.6  5.747905e-06
30281.1  6.705053e-06
30294.6  5.837943e-06
30308.1  3.680883e-06
30321.6  2.913859e-06
30335.1  4.615450e-06
30348.7  4.081179e-06
30362.2  2.634231e-06
30375.7  3.744848e-06
30389.2  4.726761e-06
30402.7  4.394711e-06
30416.2  5.515745e-06
30429.7  6.249317e-06
30443.2  5.891677e-06
30456.8  5.085747e-06
30470.3  4.998715e-06
30483.8  8.147211e-06
30497.3  6.435445e-06
30510.8  6.378855e-06
30524.3  4.763151e-06
30537.8  4.849540e-06
30551.3  5.578198e-06
30564.9  5.543100e-06
30578.4  6.804844e-06
30591.9  6.198219e-06
30605.4  6.781126e-06
30618.9  8.349106e-06
30632.4  8.840775e-06
30645.9  7.973462e-06
30659.4  5.551311e-06
30673.0  4.246796e-06
30686.5  5.118582e-06
30700.0  5.965526e-06
30713.5  6.204187e-06
30727.0  6.034005e-06
30740.5  6.548087e-06
30754.0  5.913198e-06
30767.5  7.821602e-06
30781.1  8.379148e-06
30794.6  7.736095e-06
30808.1  8.199844e-06
30821.6  7.743002e-06
30835.1  6.498110e-06
30848.6  7.633579e-06
30862.1  8.712888e-06
30875.6  1.002742e-05
30889.2  9.790025e-06
30902.7  8.470227e-06
30916.2  8.234352e-06
30929.7  9.703501e-06
30943.2  1.028340e-05
30956.7  1.055984e-05
30970.2  1.150277e-05
30983.7  1.092595e-05
30997.2  1.023695e-05
31010.8  1.247981e-05
31024.3  1.218445e-05
31037.8  1.080447e-05
31051.3  1.108198e-05
31064.8  1.262202e-05
31078.3  1.304933e-05
31091.8  1.104219e-05
31105.3  1.145072e-05
31118.9  1.435501e-05
31132.4  1.360470e-05
31145.9  1.274794e-05
31159.4  1.457245e-05
31172.9  1.539662e-05
31186.4  1.577469e-05
31199.9  1.400659e-05
31213.4  1.227886e-05
31227.0  1.564873e-05
31240.5  1.529527e-05
31254.0  1.505062e-05
31267.5  1.391138e-05
31281.0  1.438210e-05
31294.5  1.693797e-05
31308.0  1.632002e-05
31321.5  1.657082e-05
31335.1  1.770042e-05
31348.6  2.074354e-05
31362.1  2.502378e-05
31375.6  2.423031e-05
31389.1  2.654653e-05
31402.6  2.747562e-05
31416.1  2.766924e-05
31429.6  3.027843e-05
31443.2  3.297906e-05
31456.7  3.550490e-05
31470.2  3.413927e-05
31483.7  3.290071e-05
31497.2  3.475265e-05
31510.7  3.644264e-05
31524.2  3.648169e-05
31537.7  3.854224e-05
31551.3  4.251857e-05
31564.8  4.381530e-05
31578.3  4.263962e-05
31591.8  4.302887e-05
31605.3  4.573390e-05
31618.8  5.007989e-05
31632.3  5.089548e-05
31645.8  4.849181e-05
31659.4  4.862316e-05
31672.9  5.327753e-05
31686.4  5.725405e-05
31699.9  5.919472e-05
31713.4  5.942212e-05
31726.9  5.991473e-05
31740.4  5.927828e-05
31753.9  5.983997e-05
31767.5  6.169539e-05
31781.0  6.447341e-05
31794.5  6.518228e-05
31808.0  6.374945e-05
31821.5  6.505292e-05
31835.0  6.476262e-05
31848.5  6.312437e-05
31862.0  6.171771e-05
31875.5  6.385694e-05
31889.1  6.373514e-05
31902.6  6.296308e-05
31916.1  6.191992e-05
31929.6  6.209191e-05
31943.1  6.504034e-05
31956.6  6.564777e-05
31970.1  6.600021e-05
31983.6  6.326924e-05
31997.2  5.885511e-05
32010.7  5.857989e-05
32024.2  6.469951e-05
32037.7  6.461873e-05
32051.2  6.074342e-05
32064.7  6.125440e-05
32078.2  6.241388e-05
32091.7  6.278413e-05
32105.3  6.591670e-05
32118.8  6.943725e-05
32132.3  6.739383e-05
32145.8  6.658396e-05
32159.3  6.627901e-05
32172.8  6.722030e-05
32186.3  6.937161e-05
32199.8  6.931211e-05
32213.4  6.787878e-05
32226.9  6.804399e-05
32240.4  6.835256e-05
32253.9  6.904681e-05
32267.4  7.024560e-05
32280.9  7.301298e-05
32294.4  7.722514e-05
32307.9  7.705745e-05
32321.5  7.579978e-05
32335.0  7.483700e-05
32348.5  7.502341e-05
32362.0  7.583646e-05
32375.5  8.006777e-05
32389.0  8.344613e-05
32402.5  8.264012e-05
32416.0  8.427475e-05
32429.6  8.639390e-05
32443.1  9.083852e-05
32456.6  9.612421e-05
32470.1  1.003238e-04
32483.6  1.020976e-04
32497.1  1.024985e-04
32510.6  1.089821e-04
32524.1  1.149500e-04
32537.7  1.171281e-04
32551.2  1.200075e-04
32564.7  1.269453e-04
32578.2  1.348049e-04
32591.7  1.383193e-04
32605.2  1.442156e-04
32618.7  1.550293e-04
32632.2  1.676721e-04
32645.8  1.790797e-04
32659.3  1.885635e-04
32672.8  1.970180e-04
32686.3  2.076999e-04
32699.8  2.218864e-04
32713.3  2.390133e-04
32726.8  2.545582e-04
32740.3  2.678960e-04
32753.9  2.872141e-04
32767.4  3.112983e-04
32780.9  3.379813e-04
32794.4  3.672031e-04
32807.9  3.979041e-04
32821.4  4.306833e-04
32834.9  4.679351e-04
32848.4  5.088639e-04
32861.9  5.527075e-04
32875.5  6.020254e-04
32889.0  6.598283e-04
32902.5  7.284396e-04
32916.0  8.000277e-04
32929.5  8.773929e-04
32943.0  9.667579e-04
32956.5  1.065722e-03
32970.0  1.175540e-03
32983.6  1.297604e-03
32997.1  1.429141e-03
33010.6  1.572103e-03
33024.1  1.733072e-03
33037.6  1.906585e-03
33051.1  2.090705e-03
33064.6  2.286463e-03
33078.1  2.491945e-03
33091.7  2.713085e-03
33105.2  2.945547e-03
33118.7  3.183105e-03
33132.2  3.421377e-03
33145.7  3.663191e-03
33159.2  3.900291e-03
33172.7  4.130393e-03
33186.2  4.355675e-03
33199.8  4.575070e-03
33213.3  4.786856e-03
33226.8  4.981461e-03
33240.3  5.160582e-03
33253.8  5.324653e-03
33267.3  5.476690e-03
33280.8  5.618721e-03
33294.3  5.751412e-03
33307.9  5.873239e-03
33321.4  5.985249e-03
33334.9  6.090558e-03
33348.4  6.197247e-03
33361.9  6.296096e-03
33375.4  6.392774e-03
33388.9  6.492826e-03
33402.4  6.593966e-03
33416.0  6.685812e-03
33429.5  6.785610e-03
33443.0  6.893307e-03
33456.5  7.008392e-03
33470.0  7.131071e-03
33483.5  7.268151e-03
33497.0  7.418946e-03
33510.5  7.554460e-03
33524.1  7.695180e-03
33537.6  7.855786e-03
33551.1  8.029716e-03
33564.6  8.212762e-03
33578.1  8.413013e-03
33591.6  8.637065e-03
33605.1  8.914155e-03
33618.6  9.268852e-03
33632.2  9.653179e-03
33645.7  1.007148e-02
33659.2  1.052519e-02
33672.7  1.101795e-02
33686.2  1.154944e-02
33699.7  1.212727e-02
33713.2  1.286283e-02
33726.7  1.367458e-02
33740.2  1.457266e-02
33753.8  1.553015e-02
33767.3  1.657538e-02
33780.8  1.771807e-02
33794.3  1.897059e-02
33807.8  2.027066e-02
33821.3  2.164014e-02
33834.8  2.313682e-02
33848.3  2.477217e-02
33861.9  2.656351e-02
33875.4  2.852596e-02
33888.9  3.068371e-02
33902.4  3.303212e-02
33915.9  3.551101e-02
33929.4  3.822800e-02
33942.9  4.121223e-02
33956.4  4.447941e-02
33970.0  4.804705e-02
33983.5  5.194880e-02
33997.0  5.622059e-02
34010.5  6.089226e-02
34024.0  6.598512e-02
34037.5  7.153576e-02
34051.0  7.759222e-02
34064.5  8.418099e-02
34078.1  9.132764e-02
34091.6  9.908139e-02
34105.1  1.075525e-01
34118.6  1.165914e-01
34132.1  1.262662e-01
34145.6  1.365634e-01
34159.1  1.476322e-01
34172.6  1.591668e-01
34186.2  1.712282e-01
34199.7  1.837270e-01
34213.2  1.967143e-01
34226.7  2.099784e-01
34240.2  2.233915e-01
34253.7  2.368142e-01
34267.2  2.500574e-01
34280.7  2.629147e-01
34294.3  2.753249e-01
34307.8  2.871023e-01
34321.3  2.981539e-01
34334.8  3.084462e-01
34348.3  3.177989e-01
34361.8  3.262927e-01
34375.3  3.339014e-01
34388.8  3.406102e-01
34402.4  3.464196e-01
34415.9  3.512199e-01
34429.4  3.552491e-01
34442.9  3.590470e-01
34456.4  3.618348e-01
34469.9  3.641097e-01
34483.4  3.660960e-01
34496.9  3.678092e-01
34510.5  3.691407e-01
34524.0  3.702891e-01
34537.5  3.712602e-01
34551.0  3.721025e-01
34564.5  3.728626e-01
34578.0  3.735893e-01
34591.5  3.742929e-01
34605.0  3.751297e-01
34618.5  3.761981e-01
34632.1  3.773089e-01
34645.6  3.784986e-01
34659.1  3.797672e-01
34672.6  3.811247e-01
34686.1  3.825721e-01
34699.6  3.841125e-01
34713.1  3.854907e-01
34726.6  3.869487e-01
34740.2  3.885028e-01
34753.7  3.901340e-01
34767.2  3.921700e-01
34780.7  3.940856e-01
34794.2  3.961257e-01
34807.7  3.984755e-01
34821.2  4.007453e-01
34834.7  4.030574e-01
34848.3  4.054148e-01
34861.8  4.078028e-01
34875.3  4.102217e-01
34888.8  4.126493e-01
34902.3  4.150897e-01
34915.8  4.176237e-01
34929.3  4.201202e-01
34942.8  4.225814e-01
34956.4  4.249962e-01
34969.9  4.273584e-01
34983.4  4.296618e-01
34996.9  4.318726e-01
35010.4  4.339581e-01
35023.9  4.359377e-01
35037.4  4.378216e-01
35050.9  4.396145e-01
35064.5  4.412983e-01
35078.0  4.433048e-01
35091.5  4.448976e-01
35105.0  4.465513e-01
35118.5  4.481426e-01
35132.0  4.493557e-01
35145.5  4.504530e-01
35159.0  4.514374e-01
35172.6  4.523214e-01
35186.1  4.531247e-01
35199.6  4.538234e-01
35213.1  4.543677e-01
35226.6  4.548366e-01
35240.1  4.552383e-01
35253.6  4.555736e-01
35267.1  4.558278e-01
35280.7  4.560195e-01
35294.2  4.561626e-01
35307.7  4.562150e-01
35321.2  4.562186e-01
35334.7  4.561964e-01
35348.2  4.565888e-01
35361.7  4.566291e-01
35375.2  4.565609e-01
35388.8  4.564964e-01
35402.3  4.564105e-01
35415.8  4.562219e-01
35429.3  4.565446e-01
35442.8  4.564538e-01
35456.3  4.563654e-01
35469.8  4.563188e-01
35483.3  4.563083e-01
35496.8  4.563514e-01
35510.4  4.564261e-01
35523.9  4.570464e-01
35537.4  4.572093e-01
35550.9  4.574170e-01
35564.4  4.576985e-01
35577.9  4.580474e-01
35591.4  4.584567e-01
35604.9  4.589560e-01
35618.5  4.595719e-01
35632.0  4.602627e-01
35645.5  4.610305e-01
35659.0  4.618498e-01
35672.5  4.627165e-01
35686.0  4.639464e-01
35699.5  4.651141e-01
35713.0  4.660554e-01
35726.6  4.670298e-01
35740.1  4.680397e-01
35753.6  4.690673e-01
35767.1  4.701082e-01
35780.6  4.717009e-01
35794.1  4.727618e-01
35807.6  4.737923e-01
35821.1  4.747999e-01
35834.7  4.757862e-01
35848.2  4.772156e-01
35861.7  4.782740e-01
35875.2  4.791958e-01
35888.7  4.800811e-01
35902.2  4.809046e-01
35915.7  4.816262e-01
35929.2  4.822878e-01
35942.8  4.828782e-01
35956.3  4.834207e-01
35969.8  4.838920e-01
35983.3  4.842891e-01
35996.8  4.846206e-01
36010.3  4.848964e-01
36023.8  4.851242e-01
36037.3  4.856866e-01
36050.9  4.858935e-01
36064.4  4.858793e-01
36077.9  4.857883e-01
36091.4  4.856204e-01
36104.9  4.853559e-01
36118.4  4.849736e-01
36131.9  4.845327e-01
36145.4  4.840292e-01
36159.0  4.834576e-01
36172.5  4.828415e-01
36186.0  4.821772e-01
36199.5  4.819770e-01
36213.0  4.812462e-01
36226.5  4.804408e-01
36240.0  4.796146e-01
36253.5  4.787768e-01
36267.1  4.779203e-01
36280.6  4.770632e-01
36294.1  4.761929e-01
36307.6  4.753528e-01
36321.1  4.745640e-01
36334.6  4.737842e-01
36348.1  4.730198e-01
36361.6  4.722812e-01
36375.2  4.715675e-01
36388.7  4.708930e-01
36402.2  4.702696e-01
36415.7  4.697634e-01
36429.2  4.693269e-01
36442.7  4.689284e-01
36456.2  4.685831e-01
36469.7  4.683019e-01
36483.2  4.680677e-01
36496.8  4.682658e-01
36510.3  4.683892e-01
36523.8  4.683993e-01
36537.3  4.684843e-01
36550.8  4.686349e-01
36564.3  4.688449e-01
36577.8  4.691317e-01
36591.3  4.694769e-01
36604.9  4.698553e-01
36618.4  4.702578e-01
36631.9  4.707071e-01
36645.4  4.712162e-01
36658.9  4.717905e-01
36672.4  4.724132e-01
36685.9  4.730917e-01
36699.4  4.743123e-01
36713.0  4.751611e-01
36726.5  4.760268e-01
36740.0  4.769270e-01
36753.5  4.778609e-01
36767.0  4.788324e-01
36780.5  4.798200e-01
36794.0  4.808305e-01
36807.5  4.818626e-01
36821.1  4.828965e-01
36834.6  4.839899e-01
36848.1  4.850899e-01
36861.6  4.861721e-01
36875.1  4.872551e-01
36888.6  4.883228e-01
36902.1  4.893547e-01
36915.6  4.902798e-01
36929.2  4.911807e-01
36942.7  4.926220e-01
36956.2  4.934797e-01
36969.7  4.943006e-01
36983.2  4.950896e-01
36996.7  4.958501e-01
37010.2  4.965664e-01
37023.7  4.972469e-01
37037.3  4.978935e-01
37050.8  4.984965e-01
37064.3  4.990685e-01
37077.8  4.996000e-01
37091.3  5.000872e-01
37104.8  5.005651e-01
37118.3  5.010434e-01
37131.8  5.014824e-01
37145.4  5.018908e-01
37158.9  5.022555e-01
37172.4  5.025872e-01
37185.9  5.028920e-01
37199.4  5.031623e-01
37212.9  5.034158e-01
37226.4  5.036470e-01
37239.9  5.038392e-01
37253.5  5.040354e-01
37267.0  5.042251e-01
37280.5  5.043823e-01
37294.0  5.045306e-01
37307.5  5.046710e-01
37321.0  5.047908e-01
37334.5  5.048986e-01
37348.0  5.049896e-01
37361.5  5.056506e-01
37375.1  5.057189e-01
37388.6  5.057598e-01
37402.1  5.058839e-01
37415.6  5.062609e-01
37429.1  5.061580e-01
37442.6  5.060220e-01
37456.1  5.058546e-01
37469.6  5.056416e-01
37483.2  5.053956e-01
37496.7  5.051098e-01
37510.2  5.047512e-01
37523.7  5.043213e-01
37537.2  5.038130e-01
37550.7  5.032105e-01
37564.2  5.025147e-01
37577.7  5.017021e-01
37591.3  5.007455e-01
37604.8  4.996535e-01
37618.3  4.984125e-01
37631.8  4.969954e-01
37645.3  4.953976e-01
37658.8  4.935916e-01
37672.3  4.915493e-01
37685.8  4.892730e-01
37699.4  4.867377e-01
37712.9  4.839052e-01
37726.4  4.807767e-01
37739.9  4.773275e-01
37753.4  4.735341e-01
37766.9  4.697667e-01
37780.4  4.654150e-01
37793.9  4.605084e-01
37807.5  4.552553e-01
37821.0  4.496351e-01
37834.5  4.436050e-01
37848.0  4.371644e-01
37861.5  4.302981e-01
37875.0  4.230132e-01
37888.5  4.153327e-01
37902.0  4.072399e-01
37915.6  3.986671e-01
37929.1  3.897396e-01
37942.6  3.804683e-01
37956.1  3.708814e-01
37969.6  3.610169e-01
37983.1  3.508896e-01
37996.6  3.405332e-01
38010.1  3.300631e-01
38023.7  3.194447e-01
38037.2  3.086839e-01
38050.7  2.978431e-01
38064.2  2.869575e-01
38077.7  2.760695e-01
38091.2  2.652135e-01
38104.7  2.544042e-01
38118.2  2.436724e-01
38131.8  2.330766e-01
38145.3  2.226463e-01
38158.8  2.124166e-01
38172.3  2.024661e-01
38185.8  1.928712e-01
38199.3  1.833587e-01
38212.8  1.741323e-01
38226.3  1.652014e-01
38239.8  1.565782e-01
38253.4  1.482729e-01
38266.9  1.402858e-01
38280.4  1.326175e-01
38293.9  1.252737e-01
38307.4  1.182533e-01
38320.9  1.115516e-01
38334.4  1.051678e-01
38347.9  9.909655e-02
38361.5  9.332616e-02
38375.0  8.784690e-02
38388.5  8.273461e-02
38402.0  7.783218e-02
38415.5  7.318194e-02
38429.0  6.878734e-02
38442.5  6.463991e-02
38456.0  6.073112e-02
38469.6  5.704836e-02
38483.1  5.357715e-02
38496.6  5.030768e-02
38510.1  4.723167e-02
38523.6  4.434059e-02
38537.1  4.162553e-02
38550.6  3.907733e-02
38564.1  3.668329e-02
38577.7  3.446035e-02
38591.2  3.234696e-02
38604.7  3.035789e-02
38618.2  2.849508e-02
38631.7  2.674830e-02
38645.2  2.510818e-02
38658.7  2.356915e-02
38672.2  2.212816e-02
38685.8  2.077821e-02
38699.3  1.951152e-02
38712.8  1.832288e-02
38726.3  1.720815e-02
38739.8  1.616221e-02
38753.3  1.518157e-02
38766.8  1.426322e-02
38780.3  1.340188e-02
38793.9  1.259230e-02
38807.4  1.183203e-02
38820.9  1.111888e-02
38834.4  1.045007e-02
38847.9  9.822120e-03
38861.4  9.234590e-03
38874.9  8.688466e-03
38888.4  8.178644e-03
38902.0  7.697423e-03
38915.5  7.241972e-03
38929.0  6.812916e-03
38942.5  6.409810e-03
38956.0  6.031481e-03
38969.5  5.677735e-03
38983.0  5.353286e-03
38996.5  5.042638e-03
39010.1  4.751391e-03
39023.6  4.478350e-03
39037.1  4.221685e-03
39050.6  3.979294e-03
39064.1  3.748893e-03
39077.6  3.531009e-03
39091.1  3.326836e-03
39104.6  3.135980e-03
39118.2  2.957680e-03
39131.7  2.792082e-03
39145.2  2.639632e-03
39158.7  2.495071e-03
39172.2  2.355694e-03
39185.7  2.223550e-03
39199.2  2.100203e-03
39212.7  1.986167e-03
39226.2  1.877415e-03
39239.8  1.770691e-03
39253.3  1.667757e-03
39266.8  1.572364e-03
39280.3  1.485766e-03
39293.8  1.406279e-03
39307.3  1.331146e-03
39320.8  1.256979e-03
39334.3  1.186302e-03
39347.9  1.122085e-03
39361.4  1.061597e-03
39374.9  1.004196e-03
39388.4  9.497977e-04
39401.9  8.977277e-04
39415.4  8.489319e-04
39428.9  8.048249e-04
39442.4  7.646130e-04
39456.0  7.231686e-04
39469.5  6.829916e-04
39483.0  6.484160e-04
39496.5  6.152313e-04
39510.0  5.814783e-04
39523.5  5.492308e-04
39537.0  5.201221e-04
39550.5  4.937402e-04
39564.1  4.688225e-04
39577.6  4.445221e-04
39591.1  4.218945e-04
39604.6  4.025332e-04
39618.1  3.824929e-04
39631.6  3.602169e-04
39645.1  3.384571e-04
39658.6  3.188258e-04
39672.2  3.009871e-04
39685.7  2.841855e-04
39699.2  2.685100e-04
39712.7  2.516310e-04
39726.2  2.347304e-04
39739.7  2.202298e-04
39753.2  2.066207e-04
39766.7  1.946326e-04
39780.3  1.856644e-04
39793.8  1.778028e-04
39807.3  1.681059e-04
39820.8  1.568520e-04
39834.3  1.481456e-04
39847.8  1.404001e-04
39861.3  1.310004e-04
39874.8  1.204385e-04
39888.4  1.106339e-04
39901.9  1.031512e-04
39915.4  9.780660e-05
39928.9  9.224413e-05
39942.4  8.809632e-05
39955.9  8.333168e-05
39969.4  7.571261e-05
39982.9  6.707720e-05
39996.5  6.067512e-05
40010.0  5.665121e-05
40023.5  5.368398e-05
40037.0  5.120627e-05
40050.5  5.073564e-05
40064.0  4.923031e-05
40077.5  4.436479e-05
40091.0  3.864964e-05
40104.5  3.400294e-05
40118.1  3.133955e-05
40131.6  3.050738e-05
40145.1  2.994426e-05
40158.6  2.656645e-05
40172.1  2.284539e-05
40185.6  2.161219e-05
40199.1  2.015374e-05
40212.6  1.728426e-05
40226.2  1.410691e-05
40239.7  1.224654e-05
40253.2  1.199394e-05
40266.7  1.417253e-05
40280.2  1.602795e-05
40293.7  1.458583e-05
40307.2  1.199934e-05
40320.7  1.108994e-05
40334.3  1.146443e-05
40347.8  9.207476e-06
40361.3  5.286671e-06
40374.8  3.356285e-06
40388.3  3.128085e-06
40401.8  4.074287e-06
40415.3  5.432432e-06
40428.8  5.273355e-06
40442.4  3.300126e-06
40455.9  1.995703e-06
40469.4  2.905467e-06
40482.9  2.991161e-06
40496.4  1.179400e-06
40509.9  7.030805e-08
40523.4  1.180723e-08
40536.9  1.671963e-06
40550.5  3.085033e-06
40564.0  3.497695e-06
40577.5  2.819383e-06
40591.0  1.154297e-06
40604.5  8.632449e-08
40618.0  9.119458e-09
40631.5  7.581489e-07
40645.0  2.192815e-06
40658.6  2.342130e-06
40672.1  2.066935e-06
40685.6  2.104255e-06
40699.1  1.827576e-06
40712.6  4.595728e-07
40726.1  6.430828e-09
40739.6  5.725692e-09
40753.1  5.727225e-09
40766.7  2.289948e-08
40780.2  5.298934e-08
40793.7  5.731907e-09
40807.2  5.733081e-09
40820.7  5.733902e-09
40834.2  5.734718e-09
40847.7  5.735546e-09
40861.2  1.951538e-08
40874.8  6.545755e-07
40888.3  7.418128e-07
40901.8  7.800780e-09
40915.3  5.739852e-09
40928.8  5.740739e-09
40942.3  5.741635e-09
40955.8  5.742540e-09
40969.3  5.743453e-09
40982.8  5.744373e-09
40996.4  5.745300e-09
41009.9  5.745686e-09
41023.4  5.745876e-09
41036.9  5.750616e-09
41050.4  5.752857e-09
41063.9  5.753058e-09
41077.4  5.753261e-09
41090.9  5.753464e-09
41104.5  5.753900e-09
41118.0  5.754802e-09
41131.5  5.755704e-09
41145.0  5.756605e-09
41158.5  5.757502e-09
41172.0  5.758397e-09
41185.5  5.762813e-09
41199.0  5.766544e-09
41212.6  5.767486e-09
41226.1  5.768426e-09
41239.6  5.769359e-09
41253.1  5.770283e-09
41266.6  5.771197e-09
41280.1  5.772103e-09
41293.6  5.772996e-09
41307.1  5.773467e-09
41320.7  5.773558e-09
41334.2  5.773634e-09
41347.7  5.773698e-09
41361.2  5.773745e-09
41374.7  5.773777e-09
41388.2  5.773792e-09
41401.7  5.773979e-09
41415.2  5.775433e-09
41428.8  5.776870e-09
41442.3  5.778286e-09
41455.8  5.779683e-09
41469.3  5.781060e-09
41482.8  5.789039e-09
41496.3  5.790374e-09
41509.8  5.791141e-09
41523.3  5.791678e-09
41536.9  5.792193e-09
41550.4  5.792684e-09
41563.9  5.793149e-09
41577.4  5.793591e-09
41590.9  5.794007e-09
41604.4  5.797248e-09
41617.9  5.801266e-09
41631.4  5.801681e-09
41645.0  5.802069e-09
41658.5  5.802431e-09
41672.0  5.802755e-09
41685.5  5.802996e-09
41699.0  5.803211e-09
41712.5  5.803442e-09
41726.0  5.803648e-09
41739.5  5.803829e-09
41753.1  5.803978e-09
41766.6  5.804101e-09
41780.1  5.804197e-09
41793.6  5.804263e-09
41807.1  5.804300e-09
41820.6  5.804307e-09
41834.1  5.804285e-09
41847.6  5.804237e-09
41861.1  5.804163e-09
41874.7  5.804059e-09
41888.2  5.803931e-09
41901.7  5.803768e-09
41915.2  5.803523e-09
41928.7  5.803254e-09
41942.2  5.809598e-09
41955.7  5.809277e-09
41969.2  5.808934e-09
41982.8  5.808565e-09
41996.3  5.808173e-09
42009.8  5.807722e-09
42023.3  5.807231e-09
42036.8  5.811085e-09
42050.3  5.812598e-09
42063.8  5.812045e-09
42077.3  5.811472e-09
42090.9  5.810881e-09
42104.4  5.810334e-09
42117.9  5.809905e-09
42131.4  5.809458e-09
42144.9  5.808994e-09
42158.4  5.808516e-09
42171.9  5.808022e-09
42185.4  5.807513e-09
42199.0  5.806991e-09
42212.5  5.806323e-09
42226.0  5.805632e-09
42239.5  5.804929e-09
42253.0  5.804216e-09
42266.5  5.803493e-09
42280.0  5.802761e-09
42293.5  5.802021e-09
42307.1  5.801297e-09
42320.6  5.800587e-09
42334.1  5.799872e-09
42347.6  5.799150e-09
42361.1  5.798425e-09
42374.6  5.797695e-09
42388.1  5.796962e-09
42401.6  5.796213e-09
42415.2  5.795367e-09
42428.7  5.800258e-09
42442.2  5.800292e-09
42455.7  5.799442e-09
42469.2  5.798593e-09
42482.7  1.165648e-08
42496.2  9.751503e-07
42509.7  1.233285e-07
42523.3  1.325851e-08
42536.8  5.800444e-09
42550.3  7.483310e-09
42563.8  4.780001e-07
42577.3  2.670538e-06
42590.8  4.727815e-06
42604.3  4.739107e-06
42617.8  3.339463e-06
42631.4  1.241940e-06
42644.9  1.067195e-06
42658.4  1.536941e-06
42671.9  2.299030e-06
42685.4  1.141060e-06
42698.9  3.554963e-07
42712.4  3.997345e-07
42725.9  2.051414e-06
42739.5  3.651376e-06
42753.0  4.932375e-06
42766.5  5.427602e-06
42780.0  4.910113e-06
42793.5  3.609726e-06
42807.0  3.397700e-06
42820.5  3.831324e-06
42834.0  4.475186e-06
42847.5  4.596727e-06
42861.1  4.686991e-06
42874.6  5.682802e-06
42888.1  7.617393e-06
42901.6  1.046977e-05
42915.1  1.189424e-05
42928.6  1.149486e-05
42942.1  1.098273e-05
42955.6  1.115857e-05
42969.2  1.240652e-05
42982.7  1.154250e-05
42996.2  1.033728e-05
43009.7  1.094353e-05
43023.2  1.283966e-05
43036.7  1.386853e-05
43050.2  1.308471e-05
43063.7  1.082545e-05
43077.3  8.403192e-06
43090.8  7.454692e-06
43104.3  7.802598e-06
43117.8  9.174228e-06
43131.3  1.145852e-05
43144.8  1.409234e-05
43158.3  1.672541e-05
43171.8  1.914205e-05
43185.4  1.969140e-05
43198.9  1.952422e-05
43212.4  1.937911e-05
43225.9  1.935772e-05
43239.4  1.925260e-05
43252.9  1.976566e-05
43266.4  2.024148e-05
43279.9  2.054225e-05
43293.5  1.979995e-05
43307.0  1.981193e-05
43320.5  1.973693e-05
43334.0  1.835171e-05
43347.5  1.437787e-05
43361.0  9.826543e-06
43374.5  8.259978e-06
43388.0  9.444922e-06
43401.6  1.227310e-05
43415.1  1.591321e-05
43428.6  1.841918e-05
43442.1  1.902271e-05
43455.6  1.746650e-05
43469.1  1.830640e-05
43482.6  2.098230e-05
43496.1  2.263897e-05
43509.7  2.093573e-05
43523.2  1.845315e-05
43536.7  1.615846e-05
43550.2  1.455235e-05
43563.7  1.447928e-05
43577.2  1.663330e-05
43590.7  1.943860e-05
43604.2  2.175994e-05
43617.8  2.017383e-05
43631.3  1.824225e-05
43644.8  1.690629e-05
43658.3  1.606670e-05
43671.8  1.652645e-05
43685.3  1.973487e-05
43698.8  2.304954e-05
43712.3  2.291592e-05
43725.8  1.980769e-05
43739.4  1.797773e-05
43752.9  1.778194e-05
43766.4  1.958491e-05
43779.9  2.175010e-05
43793.4  2.335585e-05
43806.9  2.359467e-05
43820.4  1.824438e-05
43833.9  1.604072e-05
43847.5  1.461279e-05
43861.0  1.629286e-05
43874.5  1.742425e-05
43888.0  1.759758e-05
43901.5  1.731283e-05
43915.0  1.822715e-05
43928.5  1.920470e-05
43942.0  2.019338e-05
43955.6  2.111756e-05
43969.1  2.162265e-05
43982.6  2.139040e-05
43996.1  2.330509e-05
44009.6  2.563528e-05
44023.1  2.684910e-05
44036.6  2.766366e-05
44050.1  2.725857e-05
44063.7  2.517993e-05
44077.2  2.306385e-05
44090.7  1.968416e-05
44104.2  1.996026e-05
44117.7  1.983002e-05
44131.2  1.885991e-05
44144.7  1.739325e-05
44158.2  1.587119e-05
44171.8  1.646766e-05
44185.3  1.887883e-05
44198.8  2.225908e-05
44212.3  2.172742e-05
44225.8  2.001463e-05
44239.3  1.808459e-05
44252.8  1.750876e-05
44266.3  1.795166e-05
44279.9  1.889555e-05
44293.4  2.020991e-05
44306.9  2.099910e-05
44320.4  2.142622e-05
44333.9  2.220616e-05
44347.4  2.416999e-05
44360.9  2.532499e-05
44374.4  2.389829e-05
44388.0  2.068139e-05
44401.5  1.801647e-05
44415.0  1.781051e-05
44428.5  1.879639e-05
44442.0  2.228971e-05
44455.5  2.626207e-05
44469.0  2.724810e-05
44482.5  2.671715e-05
44496.1  2.629819e-05
44509.6  2.604603e-05
44523.1  2.517060e-05
44536.6  2.267769e-05
44550.1  2.146411e-05
44563.6  2.130155e-05
44577.1  2.003373e-05
44590.6  1.811343e-05
44604.1  1.668520e-05
44617.7  1.773458e-05
44631.2  1.910096e-05
44644.7  1.974169e-05
44658.2  2.048911e-05
44671.7  1.814047e-05
44685.2  1.659150e-05
44698.7  1.818300e-05
44712.2  2.095978e-05
44725.8  2.331710e-05
44739.3  2.433281e-05
44752.8  2.366882e-05
44766.3  2.132331e-05
44779.8  1.943164e-05
44793.3  1.790868e-05
44806.8  1.682551e-05
44820.3  1.613336e-05
44833.9  1.593879e-05
44847.4  1.645016e-05
44860.9  1.692121e-05
44874.4  1.689691e-05
44887.9  1.628559e-05
44901.4  1.594347e-05
44914.9  1.586799e-05
44928.4  1.871298e-05
44942.0  1.920302e-05
44955.5  1.977177e-05
44969.0  1.662239e-05
44982.5  1.596978e-05
44996.0  1.757856e-05
45009.5  1.993019e-05
45023.0  2.114709e-05
45036.5  2.025660e-05
45050.1  1.852818e-05
45063.6  1.729943e-05
45077.1  1.733936e-05
45090.6  1.780301e-05
45104.1  1.884574e-05
45117.6  2.045012e-05
45131.1  2.089999e-05
45144.6  2.249348e-05
45158.2  2.361995e-05
45171.7  2.423341e-05
45185.2  2.356010e-05
45198.7  2.262229e-05
45212.2  2.221156e-05
45225.7  2.191100e-05
45239.2  2.135803e-05
45252.7  2.034505e-05
45266.3  2.004191e-05
45279.8  2.110773e-05
45293.3  1.884310e-05
45306.8  1.883813e-05
45320.3  1.810133e-05
45333.8  1.611720e-05
45347.3  1.432114e-05
45360.8  1.326061e-05
45374.4  1.377994e-05
45387.9  1.514048e-05
45401.4  1.736628e-05
45414.9  1.921556e-05
45428.4  1.938609e-05
45441.9  2.002260e-05
45455.4  2.045069e-05
45468.9  1.971468e-05
45482.5  1.827037e-05
45496.0  1.605752e-05
45509.5  1.475361e-05
45523.0  1.427728e-05
45536.5  1.595653e-05
45550.0  1.797059e-05
45563.5  1.942438e-05
45577.0  2.041726e-05
45590.5  2.031047e-05
45604.1  1.951967e-05
45617.6  1.983231e-05
45631.1  1.941888e-05
45644.6  1.877058e-05
45658.1  1.843230e-05
45671.6  1.793447e-05
45685.1  1.744341e-05
45698.6  1.706443e-05
45712.2  1.724160e-05
45725.7  1.772815e-05
45739.2  1.912592e-05
45752.7  2.017816e-05
45766.2  2.051981e-05
45779.7  2.012541e-05
45793.2  1.952495e-05
45806.7  1.899805e-05
45820.3  1.853297e-05
45833.8  1.781775e-05
45847.3  1.747032e-05
45860.8  1.745278e-05
45874.3  1.768531e-05
45887.8  1.762816e-05
45901.3  1.730412e-05
45914.8  1.759993e-05
45928.4  1.965145e-05
45941.9  2.260085e-05
45955.4  2.180161e-05
45968.9  2.003377e-05
45982.4  1.834812e-05
45995.9  1.748328e-05
46009.4  1.714265e-05
46022.9  1.790339e-05
46036.5  1.826641e-05
46050.0  1.637626e-05
46063.5  1.611694e-05
46077.0  1.670114e-05
46090.5  1.767736e-05
46104.0  1.953981e-05
46117.5  2.104613e-05
46131.0  2.192356e-05
46144.6  1.989283e-05
46158.1  1.692830e-05
46171.6  1.529841e-05
46185.1  1.451727e-05
46198.6  1.431038e-05
46212.1  1.464878e-05
46225.6  1.609707e-05
46239.1  1.784634e-05
46252.7  2.041479e-05
46266.2  2.088973e-05
46279.7  1.905891e-05
46293.2  1.620714e-05
46306.7  1.272001e-05
46320.2  1.174516e-05
46333.7  1.311021e-05
46347.2  1.477351e-05
46360.8  1.582852e-05
46374.3  1.744681e-05
46387.8  1.777839e-05
46401.3  1.685777e-05
46414.8  1.665346e-05
46428.3  1.681546e-05
46441.8  1.741163e-05
46455.3  1.857366e-05
46468.8  1.811478e-05
46482.4  1.687993e-05
46495.9  1.505382e-05
46509.4  1.436518e-05
46522.9  1.345010e-05
46536.4  1.487811e-05
46549.9  1.549388e-05
46563.4  1.539647e-05
46576.9  1.435193e-05
46590.5  1.438521e-05
46604.0  1.486184e-05
46617.5  1.581281e-05
46631.0  1.704429e-05
46644.5  1.819340e-05
46658.0  1.866328e-05
46671.5  1.884254e-05
46685.0  1.865058e-05
46698.6  1.848756e-05
46712.1  1.863107e-05
46725.6  2.006649e-05
46739.1  2.026423e-05
46752.6  1.834647e-05
46766.1  1.608088e-05
46779.6  1.512751e-05
46793.1  1.458752e-05
46806.7  1.502170e-05
46820.2  1.477558e-05
46833.7  1.395612e-05
46847.2  1.302307e-05
46860.7  1.385345e-05
46874.2  1.624737e-05
46887.7  1.876134e-05
46901.2  2.070737e-05
46914.8  2.029315e-05
46928.3  1.897468e-05
46941.8  1.749194e-05
46955.3  1.680442e-05
46968.8  1.760651e-05
46982.3  1.911191e-05
46995.8  1.852040e-05
47009.3  1.791765e-05
47022.9  1.846862e-05
47036.4  1.977020e-05
47049.9  2.100566e-05
47063.4  2.138491e-05
47076.9  1.839641e-05
47090.4  1.711968e-05
47103.9  1.590521e-05
47117.4  1.556751e-05
47131.0  1.607072e-05
47144.5  1.669744e-05
47158.0  1.738471e-05
47171.5  1.815518e-05
47185.0  1.912024e-05
47198.5  2.086603e-05
47212.0  2.193007e-05
47225.5  2.255329e-05
47239.1  2.176741e-05
47252.6  2.072393e-05
47266.1  2.108102e-05
47279.6  2.222024e-05
47293.1  2.410528e-05
47306.6  2.649801e-05
47320.1  2.705887e-05
47333.6  2.555442e-05
47347.1  2.350771e-05
47360.7  2.110289e-05
47374.2  1.954909e-05
47387.7  1.885700e-05
47401.2  1.945356e-05
47414.7  2.070575e-05
47428.2  2.309985e-05
47441.7  2.415461e-05
47455.2  2.452403e-05
47468.8  2.220706e-05
47482.3  2.203925e-05
47495.8  2.254144e-05
47509.3  2.395538e-05
47522.8  2.498042e-05
47536.3  2.290687e-05
47549.8  2.121435e-05
47563.3  1.934250e-05
47576.9  1.873623e-05
47590.4  1.823345e-05
47603.9  1.775137e-05
47617.4  1.738760e-05
47630.9  1.724499e-05
47644.4  1.848180e-05
47657.9  2.037644e-05
47671.4  2.345076e-05
47685.0  2.608936e-05
47698.5  2.806606e-05
47712.0  2.576469e-05
47725.5  2.166166e-05
47739.0  1.790835e-05
47752.5  1.651197e-05
47766.0  1.632131e-05
47779.5  1.774178e-05
47793.1  1.954465e-05
47806.6  2.143849e-05
47820.1  2.155546e-05
47833.6  2.165333e-05
47847.1  2.159388e-05
47860.6  2.280947e-05
47874.1  2.435772e-05
47887.6  2.549519e-05
47901.2  2.515627e-05
47914.7  2.357144e-05
47928.2  2.265411e-05
47941.7  2.256258e-05
47955.2  2.425707e-05
47968.7  2.431292e-05
47982.2  2.325475e-05
47995.7  1.844329e-05
48009.3  1.534740e-05
48022.8  1.337561e-05
48036.3  1.316041e-05
48049.8  1.439196e-05
48063.3  1.622369e-05
48076.8  1.833228e-05
48090.3  2.065763e-05
48103.8  2.222640e-05
48117.4  2.330833e-05
48130.9  2.191749e-05
48144.4  1.984639e-05
48157.9  1.743777e-05
48171.4  1.649325e-05
48184.9  1.727966e-05
48198.4  1.895921e-05
48211.9  2.047692e-05
48225.5  2.105768e-05
48239.0  2.141040e-05
48252.5  2.170429e-05
48266.0  2.251452e-05
48279.5  2.336732e-05
48293.0  2.311887e-05
48306.5  2.119966e-05
48320.0  1.816856e-05
48333.5  1.558697e-05
48347.1  1.415064e-05
48360.6  1.316907e-05
48374.1  1.359765e-05
48387.6  1.452304e-05
48401.1  1.655680e-05
48414.6  1.850808e-05
48428.1  1.940484e-05
48441.6  1.866675e-05
48455.2  1.740758e-05
48468.7  1.530209e-05
48482.2  1.248422e-05
48495.7  1.023585e-05
48509.2  8.451113e-06
48522.7  6.993968e-06
48536.2  5.767095e-06
48549.7  6.113395e-06
48563.3  7.963396e-06
48576.8  9.249641e-06
48590.3  9.804434e-06
48603.8  8.039244e-06
48617.3  7.073335e-06
48630.8  7.112969e-06
48644.3  8.476940e-06
48657.8  1.093121e-05
48671.4  1.084556e-05
48684.9  1.048580e-05
48698.4  9.212926e-06
48711.9  8.178450e-06
48725.4  7.535434e-06
48738.9  7.688170e-06
48752.4  8.810049e-06
48765.9  8.298060e-06
48779.5  8.070820e-06
48793.0  8.125867e-06
48806.5  8.942634e-06
48820.0  9.876803e-06
48833.5  9.078935e-06
48847.0  6.368850e-06
48860.5  4.246028e-06
48874.0  3.482038e-06
48887.6  2.991181e-06
48901.1  3.809375e-06
48914.6  4.684958e-06
48928.1  5.220383e-06
48941.6  5.463247e-06
48955.1  5.458248e-06
48968.6  6.112897e-06
48982.1  6.871301e-06
48995.7  7.219446e-06
49009.2  7.546148e-06
49022.7  7.390333e-06
49036.2  7.160841e-06
49049.7  6.690178e-06
49063.2  5.503004e-06
49076.7  4.759432e-06
49090.2  4.266158e-06
49103.8  4.265249e-06
49117.3  4.511708e-06
49130.8  5.027514e-06
49144.3  5.537086e-06
49157.8  5.292749e-06
49171.3  4.851626e-06
49184.8  4.180353e-06
49198.3  3.143484e-06
49211.8  2.215903e-06
49225.4  1.278888e-07
49238.9  2.355788e-06
49252.4  3.258480e-06
49265.9  4.091977e-06
49279.4  5.511164e-06
49292.9  7.200633e-06
49306.4  8.459619e-06
49319.9  8.239495e-06
49333.5  7.749436e-06
49347.0  6.166335e-06
49360.5  5.059098e-06
49374.0  4.252672e-06
49387.5  3.837960e-06
49401.0  3.542487e-06
49414.5  3.153885e-06
49428.0  3.153692e-06
49441.6  3.780586e-06
49455.1  3.792006e-06
49468.6  3.550240e-06
49482.1  2.836856e-06
49495.6  2.309779e-06
49509.1  1.977324e-06
49522.6  1.568377e-06
49536.1  1.072255e-06
49549.7  1.105397e-07
49563.2  5.931922e-09
49576.7  4.091169e-08
49590.2  1.333143e-06
49603.7  2.538490e-06
49617.2  4.153119e-06
49630.7  4.928133e-06
49644.2  4.869977e-06
49657.8  4.471053e-06
49671.3  6.392290e-07
49684.8  1.801348e-07
49698.3  1.415561e-08
49711.8  7.486796e-09
49725.3  1.872831e-07
49738.8  1.398063e-06
49752.3  3.149466e-06
49765.9  3.244100e-06
49779.4  3.538519e-06
49792.9  1.098662e-06
49806.4  2.189879e-07
49819.9  1.188678e-08
49833.4  4.531639e-09
49846.9  4.525120e-09
49860.4  1.720282e-08
49874.0  3.992542e-07
49887.5  6.361242e-07
49901.0  7.734807e-07
49914.5  1.353529e-06
49928.0  2.310472e-06
49941.5  3.759097e-06
49955.0  4.669968e-06
49968.5  5.308670e-06
49982.1  4.395276e-06
49995.6  3.721322e-06
50009.1  2.544581e-06
50022.6  2.242149e-06
50036.1  1.422220e-06
50049.6  2.329379e-07
50063.1  2.961024e-07
50076.6  1.362386e-06
50090.1  1.922051e-06
50103.7  1.678140e-06
50117.2  1.361918e-06
50130.7  1.320821e-06
50144.2  1.405864e-06
50157.7  1.936921e-06
50171.2  2.286280e-06
50184.7  2.266509e-06
50198.2  1.147137e-06
50211.8  8.241791e-07
50225.3  1.298898e-06
50238.8  2.589438e-06
50252.3  1.925583e-06
50265.8  1.280094e-06
50279.3  6.301957e-07
50292.8  5.225569e-07
50306.3  7.833404e-07
50319.9  9.089003e-07
50333.4  9.250419e-07
50346.9  6.738188e-08
50360.4  4.956159e-07
50373.9  7.365913e-07
50387.4  4.296706e-07
50400.9  1.435947e-08
50414.4  4.270187e-09
50428.0  4.263994e-09
50441.5  4.257791e-09
50455.0  4.251576e-09
50468.5  4.245349e-09
50482.0  4.239111e-09
50495.5  1.643638e-08
50509.0  1.127296e-07
50522.5  2.386169e-07
50536.1  1.437711e-07
50549.6  9.213262e-09
50563.1  4.201407e-09
50576.6  4.195076e-09
50590.1  4.188732e-09
50603.6  4.182372e-09
50617.1  7.359596e-08
50630.6  3.145500e-06
50644.2  4.027641e-06
50657.7  5.000533e-06
50671.2  4.062669e-06
50684.7  2.932185e-06
50698.2  1.277987e-06
50711.7  1.368694e-07
50725.2  6.773482e-09
50738.7  4.128426e-09
50752.3  4.123175e-09
50765.8  3.818111e-08
50779.3  1.376167e-06
50792.8  3.376035e-08
50806.3  4.106411e-09
50819.8  4.101041e-09
50833.3  4.095644e-09
50846.8  4.090225e-09
50860.4  1.103220e-08
50873.9  3.387685e-07
50887.4  5.212021e-07
50900.9  1.321250e-07
50914.4  1.824277e-08
50927.9  4.247205e-09
50941.4  4.051578e-09
50954.9  4.530717e-09
50968.4  5.629899e-08
50982.0  7.595572e-07
50995.5  1.033228e-06
