# from http://www.stsci.edu/jwst/instruments/nircam/instrumentdesign/filters
# Retrieved March, 2023, dated Nov, 2022 (post-flight)
# Uses modA or modB  filters+DBS+QE+OTE (nrc_plus_ote)
# Units of transmission are PCE (photon to electron conversion efficiency)
# 
15985.0  0.000000e+00
15995.0  0.000000e+00
16005.0  5.748865e-07
16015.0  8.373045e-07
16025.0  4.970186e-07
16035.0  1.084693e-06
16045.0  2.140982e-06
16055.0  4.140257e-08
16065.0  1.006904e-06
16075.0  1.464273e-06
16085.0  3.218198e-07
16095.0  1.445747e-06
16105.0  1.419125e-06
16115.0  1.141383e-06
16125.0  3.079569e-06
16135.0  1.316629e-06
16145.0  2.336288e-06
16155.0  1.345098e-06
16165.0  2.697366e-06
16175.0  2.705188e-06
16185.0  2.738515e-06
16195.0  1.210973e-06
16205.0  3.114883e-06
16215.0  1.512542e-06
16225.0  3.405903e-06
16235.0  4.258550e-06
16245.0  4.014922e-06
16255.0  5.796003e-06
16265.0  5.695409e-06
16275.0  4.422445e-06
16285.0  6.864378e-06
16295.0  8.506986e-06
16305.0  8.673472e-06
16315.0  9.409577e-06
16325.0  8.167079e-06
16335.0  1.065294e-05
16345.0  9.769661e-06
16355.0  1.239723e-05
16365.0  1.278831e-05
16375.0  1.386221e-05
16385.0  1.582133e-05
16395.0  1.691893e-05
16405.0  1.497306e-05
16415.0  1.906505e-05
16425.0  1.887736e-05
16435.0  2.170469e-05
16445.0  2.283444e-05
16455.0  2.559327e-05
16465.0  2.679033e-05
16475.0  2.771443e-05
16485.0  2.778909e-05
16495.0  3.039507e-05
16505.0  3.144258e-05
16515.0  3.435675e-05
16525.0  3.701897e-05
16535.0  4.228910e-05
16545.0  4.589964e-05
16555.0  4.507837e-05
16565.0  4.994119e-05
16575.0  5.843488e-05
16585.0  6.304184e-05
16595.0  6.933969e-05
16605.0  7.899044e-05
16615.0  8.801527e-05
16625.0  9.974341e-05
16635.0  1.140748e-04
16645.0  1.296602e-04
16655.0  1.504957e-04
16665.0  1.710395e-04
16675.0  2.029169e-04
16685.0  2.327206e-04
16695.0  2.677000e-04
16705.0  3.096752e-04
16715.0  3.539349e-04
16725.0  4.046501e-04
16735.0  4.598383e-04
16745.0  5.297275e-04
16755.0  6.083132e-04
16765.0  6.903532e-04
16775.0  7.769038e-04
16785.0  8.538154e-04
16795.0  9.735119e-04
16805.0  1.092030e-03
16815.0  1.224312e-03
16825.0  1.366916e-03
16835.0  1.510772e-03
16845.0  1.680869e-03
16855.0  1.842494e-03
16865.0  2.062002e-03
16875.0  2.264363e-03
16885.0  2.499655e-03
16895.0  2.838483e-03
16905.0  3.118328e-03
16915.0  3.521007e-03
16925.0  3.924748e-03
16935.0  4.465340e-03
16945.0  5.133347e-03
16955.0  5.756636e-03
16965.0  6.714868e-03
16975.0  8.034760e-03
16985.0  9.502373e-03
16995.0  1.152192e-02
17005.0  1.344583e-02
17015.0  1.633797e-02
17025.0  1.987630e-02
17035.0  2.360409e-02
17045.0  2.657542e-02
17055.0  2.919228e-02
17065.0  3.249631e-02
17075.0  3.573052e-02
17085.0  4.028709e-02
17095.0  4.620427e-02
17105.0  4.974218e-02
17115.0  5.847330e-02
17125.0  6.530519e-02
17135.0  7.716843e-02
17145.0  8.724419e-02
17155.0  1.053847e-01
17165.0  1.237418e-01
17175.0  1.468553e-01
17185.0  1.759752e-01
17195.0  1.966990e-01
17205.0  2.303384e-01
17215.0  2.627244e-01
17225.0  2.975521e-01
17235.0  3.251276e-01
17245.0  3.437374e-01
17255.0  3.707319e-01
17265.0  3.799308e-01
17275.0  3.862145e-01
17285.0  3.963347e-01
17295.0  4.027178e-01
17305.0  4.023247e-01
17315.0  4.190447e-01
17325.0  4.222224e-01
17335.0  4.288916e-01
17345.0  4.373051e-01
17355.0  4.455698e-01
17365.0  4.548647e-01
17375.0  4.690046e-01
17385.0  4.694149e-01
17395.0  4.777337e-01
17405.0  4.865831e-01
17415.0  4.863008e-01
17425.0  4.988753e-01
17435.0  5.034705e-01
17445.0  4.957474e-01
17455.0  5.061206e-01
17465.0  5.039544e-01
17475.0  5.016326e-01
17485.0  5.012607e-01
17495.0  4.939004e-01
17505.0  5.156256e-01
17515.0  5.030228e-01
17525.0  5.051293e-01
17535.0  5.028842e-01
17545.0  5.045392e-01
17555.0  5.044086e-01
17565.0  5.137141e-01
17575.0  5.104226e-01
17585.0  5.123593e-01
17595.0  5.081968e-01
17605.0  5.119557e-01
17615.0  5.166462e-01
17625.0  5.155446e-01
17635.0  5.145443e-01
17645.0  5.063863e-01
17655.0  5.123367e-01
17665.0  5.199661e-01
17675.0  5.171662e-01
17685.0  5.160781e-01
17695.0  5.077944e-01
17705.0  5.121456e-01
17715.0  5.182717e-01
17725.0  5.109135e-01
17735.0  5.037800e-01
17745.0  5.086628e-01
17755.0  5.073373e-01
17765.0  5.011970e-01
17775.0  5.139203e-01
17785.0  4.976357e-01
17795.0  5.083972e-01
17805.0  5.067650e-01
17815.0  5.020768e-01
17825.0  4.986943e-01
17835.0  5.035988e-01
17845.0  5.059125e-01
17855.0  5.014692e-01
17865.0  4.940967e-01
17875.0  4.960690e-01
17885.0  5.028891e-01
17895.0  4.929913e-01
17905.0  4.933181e-01
17915.0  4.917876e-01
17925.0  4.939187e-01
17935.0  4.940358e-01
17945.0  4.842341e-01
17955.0  4.952885e-01
17965.0  4.920495e-01
17975.0  4.872973e-01
17985.0  4.859811e-01
17995.0  4.928751e-01
18005.0  4.928539e-01
18015.0  4.922881e-01
18025.0  4.989890e-01
18035.0  4.953925e-01
18045.0  4.869586e-01
18055.0  4.929303e-01
18065.0  5.012104e-01
18075.0  5.114073e-01
18085.0  5.032176e-01
18095.0  5.064125e-01
18105.0  5.099159e-01
18115.0  5.111917e-01
18125.0  5.055366e-01
18135.0  5.156407e-01
18145.0  5.062338e-01
18155.0  5.151615e-01
18165.0  5.173248e-01
18175.0  5.189739e-01
18185.0  5.143682e-01
18195.0  5.283458e-01
18205.0  5.193555e-01
18215.0  5.191273e-01
18225.0  5.207805e-01
18235.0  5.236218e-01
18245.0  5.207970e-01
18255.0  5.203421e-01
18265.0  5.272342e-01
18275.0  5.202919e-01
18285.0  5.203561e-01
18295.0  5.184550e-01
18305.0  5.171257e-01
18315.0  5.341754e-01
18325.0  5.187011e-01
18335.0  5.155896e-01
18345.0  5.255516e-01
18355.0  5.155057e-01
18365.0  5.204375e-01
18375.0  5.194254e-01
18385.0  5.127545e-01
18395.0  5.154101e-01
18405.0  5.174249e-01
18415.0  5.111539e-01
18425.0  5.121503e-01
18435.0  5.179659e-01
18445.0  5.074101e-01
18455.0  5.124852e-01
18465.0  5.004379e-01
18475.0  5.120169e-01
18485.0  5.037183e-01
18495.0  5.052420e-01
18505.0  5.039544e-01
18515.0  5.015677e-01
18525.0  4.990341e-01
18535.0  5.002746e-01
18545.0  4.945409e-01
18555.0  4.958940e-01
18565.0  5.004401e-01
18575.0  4.982867e-01
18585.0  5.003648e-01
18595.0  5.020504e-01
18605.0  4.989150e-01
18615.0  4.991856e-01
18625.0  4.996257e-01
18635.0  4.989432e-01
18645.0  5.046385e-01
18655.0  5.043650e-01
18665.0  5.091271e-01
18675.0  5.103071e-01
18685.0  5.126162e-01
18695.0  5.159006e-01
18705.0  5.182725e-01
18715.0  5.131296e-01
18725.0  5.200116e-01
18735.0  5.225385e-01
18745.0  5.287955e-01
18755.0  5.308884e-01
18765.0  5.197386e-01
18775.0  5.338174e-01
18785.0  5.260414e-01
18795.0  5.305143e-01
18805.0  5.273292e-01
18815.0  5.304682e-01
18825.0  5.297923e-01
18835.0  5.291135e-01
18845.0  5.321895e-01
18855.0  5.278104e-01
18865.0  5.276490e-01
18875.0  5.343139e-01
18885.0  5.264719e-01
18895.0  5.293748e-01
18905.0  5.251981e-01
18915.0  5.241032e-01
18925.0  5.318900e-01
18935.0  5.212920e-01
18945.0  5.217531e-01
18955.0  5.230924e-01
18965.0  5.200678e-01
18975.0  5.247669e-01
18985.0  5.187794e-01
18995.0  5.135083e-01
19005.0  5.170596e-01
19015.0  5.177737e-01
19025.0  5.136002e-01
19035.0  5.054628e-01
19045.0  5.154938e-01
19055.0  5.064686e-01
19065.0  5.095918e-01
19075.0  5.026254e-01
19085.0  5.125510e-01
19095.0  5.105586e-01
19105.0  5.041071e-01
19115.0  5.104885e-01
19125.0  5.028177e-01
19135.0  5.042064e-01
19145.0  5.025098e-01
19155.0  5.074313e-01
19165.0  5.108895e-01
19175.0  5.072918e-01
19185.0  5.053071e-01
19195.0  5.109122e-01
19205.0  5.041381e-01
19215.0  5.168681e-01
19225.0  5.110850e-01
19235.0  5.122641e-01
19245.0  5.125479e-01
19255.0  5.185202e-01
19265.0  5.155010e-01
19275.0  5.197426e-01
19285.0  5.210232e-01
19295.0  5.266795e-01
19305.0  5.195630e-01
19315.0  5.284330e-01
19325.0  5.133150e-01
19335.0  5.295415e-01
19345.0  5.306378e-01
19355.0  5.191267e-01
19365.0  5.268452e-01
19375.0  5.193455e-01
19385.0  5.299227e-01
19395.0  5.266627e-01
19405.0  5.223166e-01
19415.0  5.261977e-01
19425.0  5.188213e-01
19435.0  5.318690e-01
19445.0  5.272564e-01
19455.0  5.335984e-01
19465.0  5.288161e-01
19475.0  5.251300e-01
19485.0  5.307706e-01
19495.0  5.278709e-01
19505.0  5.231096e-01
19515.0  5.335464e-01
19525.0  5.262676e-01
19535.0  5.156960e-01
19545.0  5.222611e-01
19555.0  5.099304e-01
19565.0  5.029526e-01
19575.0  4.887938e-01
19585.0  4.693623e-01
19595.0  4.588236e-01
19605.0  4.342793e-01
19615.0  4.179416e-01
19625.0  4.003031e-01
19635.0  3.726449e-01
19645.0  3.455783e-01
19655.0  3.194946e-01
19665.0  2.974664e-01
19675.0  2.677337e-01
19685.0  2.475911e-01
19695.0  2.219630e-01
19705.0  2.005671e-01
19715.0  1.809427e-01
19725.0  1.626699e-01
19735.0  1.481835e-01
19745.0  1.316403e-01
19755.0  1.185956e-01
19765.0  1.111162e-01
19775.0  9.755079e-02
19785.0  9.047638e-02
19795.0  8.156924e-02
19805.0  7.380938e-02
19815.0  6.635264e-02
19825.0  5.979919e-02
19835.0  5.223522e-02
19845.0  4.753603e-02
19855.0  4.171796e-02
19865.0  3.622133e-02
19875.0  3.093857e-02
19885.0  2.819121e-02
19895.0  2.378714e-02
19905.0  2.157723e-02
19915.0  1.850717e-02
19925.0  1.621421e-02
19935.0  1.409130e-02
19945.0  1.224318e-02
19955.0  1.072561e-02
19965.0  9.067480e-03
19975.0  8.329909e-03
19985.0  7.002433e-03
19995.0  6.289003e-03
20005.0  5.531370e-03
20015.0  4.976220e-03
20025.0  4.293227e-03
20035.0  3.821913e-03
20045.0  3.417567e-03
20055.0  3.028578e-03
20065.0  2.666506e-03
20075.0  2.389139e-03
20085.0  2.103641e-03
20095.0  1.933844e-03
20105.0  1.699905e-03
20115.0  1.551620e-03
20125.0  1.395752e-03
20135.0  1.246613e-03
20145.0  1.131427e-03
20155.0  1.000007e-03
20165.0  9.480761e-04
20175.0  8.629239e-04
20185.0  7.698483e-04
20195.0  6.937629e-04
20205.0  6.498310e-04
20215.0  5.855816e-04
20225.0  5.421543e-04
20235.0  4.995245e-04
20245.0  4.612392e-04
20255.0  4.130176e-04
20265.0  3.897030e-04
20275.0  3.568894e-04
20285.0  3.355548e-04
20295.0  3.127507e-04
20305.0  2.936091e-04
20315.0  2.657995e-04
20325.0  2.589170e-04
20335.0  2.355658e-04
20345.0  2.210072e-04
20355.0  2.021776e-04
20365.0  1.956266e-04
20375.0  1.773566e-04
20385.0  1.645812e-04
20395.0  1.557469e-04
20405.0  1.536950e-04
20415.0  1.456579e-04
20425.0  1.346696e-04
20435.0  1.261519e-04
20445.0  1.217917e-04
20455.0  1.067843e-04
20465.0  9.925546e-05
20475.0  9.343187e-05
20485.0  9.280876e-05
20495.0  7.866205e-05
20505.0  7.960070e-05
20515.0  7.652263e-05
20525.0  6.607637e-05
20535.0  6.068400e-05
20545.0  6.523310e-05
20555.0  5.280573e-05
20565.0  5.740724e-05
20575.0  5.578327e-05
20585.0  3.662676e-05
20595.0  4.148073e-05
20605.0  4.444844e-05
20615.0  3.992738e-05
20625.0  4.229640e-05
20635.0  3.995633e-05
20645.0  1.814962e-05
20655.0  3.455339e-05
20665.0  3.226623e-05
20675.0  2.675960e-05
20685.0  1.958035e-05
20695.0  2.401261e-05
20705.0  2.463373e-05
20715.0  2.333780e-05
20725.0  1.248434e-05
20735.0  1.595465e-05
20745.0  1.140361e-05
20755.0  1.356621e-05
20765.0  3.990064e-06
20775.0  1.820844e-05
20785.0  1.999979e-05
20795.0  1.369587e-05
20805.0  3.713104e-06
20815.0  1.152185e-05
20825.0  1.092188e-05
20835.0  1.235832e-05
20845.0  8.997970e-06
20855.0  9.759139e-06
20865.0  9.731627e-06
20875.0  1.921317e-06
20885.0  4.415349e-06
20895.0  1.610887e-05
20905.0  6.163463e-06
20915.0  7.017715e-06
20925.0  2.049055e-06
20935.0  1.053545e-05
20945.0  3.828801e-06
20955.0  3.069422e-06
20965.0  6.824323e-06
20975.0  6.406581e-06
20985.0  5.565339e-11
20995.0  1.047180e-05
21005.0  2.557540e-06
21015.0  0.000000e+00
21025.0  0.000000e+00
