# from http://www.stsci.edu/jwst/instruments/nircam/instrumentdesign/filters
# Retrieved Jan 18, 2017, dated Feb 5, 2016 (pre-flight)
# Uses modA or modB  filters+DBS+QE+OTE (nrc_plus_ote)
# Units of transmission are PCE (photon to electron conversion efficiency)
# 
20004.7  8.416296e-15
20020.7  1.373587e-13
20036.8  7.724603e-13
20052.9  3.021698e-13
20069.0  3.421755e-13
20085.1  8.404103e-13
20101.1  1.361948e-12
20117.2  1.022367e-12
20133.3  4.358183e-13
20149.4  2.005192e-13
20165.5  1.684423e-13
20181.6  3.280669e-13
20197.6  6.720186e-13
20213.7  5.276559e-13
20229.8  4.925826e-13
20245.9  6.557186e-13
20262.0  1.497288e-13
20278.0  6.270518e-15
20294.1  1.437247e-14
20310.2  3.060647e-13
20326.3  8.320645e-13
20342.4  9.059020e-13
20358.4  1.138794e-12
20374.5  1.471569e-12
20390.6  1.740629e-12
20406.7  2.043936e-12
20422.8  1.066449e-12
20438.8  6.863285e-13
20454.9  7.687915e-13
20471.0  1.080449e-12
20487.1  7.208468e-13
20503.2  4.691109e-13
20519.3  4.716445e-13
20535.3  7.140786e-13
20551.4  8.656045e-13
20567.5  9.923963e-13
20583.6  1.064633e-12
20599.7  1.055526e-12
20615.7  8.655913e-13
20631.8  8.556893e-13
20647.9  7.448597e-13
20664.0  5.584453e-13
20680.1  5.241590e-13
20696.1  9.591575e-13
20712.2  2.908836e-12
20728.3  2.821109e-12
20744.4  3.205217e-12
20760.5  4.571607e-12
20776.5  4.993792e-12
20792.6  3.149629e-12
20808.7  2.695918e-12
20824.8  4.242481e-12
20840.9  7.004655e-12
20857.0  8.213720e-12
20873.0  9.446588e-12
20889.1  8.561532e-12
20905.2  8.635732e-12
20921.3  9.464969e-12
20937.4  1.324805e-11
20953.4  1.114340e-11
20969.5  9.727205e-12
20985.6  1.389887e-11
21001.7  2.785063e-11
21017.8  1.612665e-11
21033.8  7.224249e-12
21049.9  4.546753e-12
21066.0  9.942917e-12
21082.1  3.521572e-11
21098.2  3.057661e-11
21114.2  1.350623e-11
21130.3  4.093445e-12
21146.4  6.351497e-11
21162.5  7.224056e-11
21178.6  1.075569e-10
21194.7  2.669574e-11
21210.7  4.116623e-11
21226.8  8.542966e-11
21242.9  1.409188e-10
21259.0  1.162292e-10
21275.1  8.240745e-11
21291.1  6.516682e-11
21307.2  6.589726e-11
21323.3  8.821312e-11
21339.4  5.705112e-11
21355.5  4.986388e-11
21371.5  5.129548e-11
21387.6  7.771765e-11
21403.7  8.879417e-11
21419.8  9.932191e-11
21435.9  7.479165e-11
21451.9  5.091827e-11
21468.0  4.461309e-11
21484.1  4.715428e-11
21500.2  2.505562e-11
21516.3  1.460494e-11
21532.4  1.787731e-11
21548.4  3.724523e-11
21564.5  8.810826e-11
21580.6  5.146043e-11
21596.7  3.477911e-11
21612.8  3.132212e-11
21628.8  4.081728e-11
21644.9  6.268051e-11
21661.0  5.971162e-11
21677.1  6.005404e-11
21693.2  4.071314e-11
21709.2  3.253539e-11
21725.3  4.704422e-11
21741.4  8.237586e-11
21757.5  6.413969e-11
21773.6  4.000504e-11
21789.6  3.855803e-11
21805.7  7.293355e-11
21821.8  1.910201e-10
21837.9  1.408481e-10
21854.0  1.237309e-10
21870.1  1.411173e-10
21886.1  1.776659e-10
21902.2  1.514474e-10
21918.3  8.961057e-11
21934.4  5.593425e-11
21950.5  3.831811e-11
21966.5  3.042203e-11
21982.6  2.789149e-11
21998.7  2.608705e-11
22014.8  7.459217e-12
22030.9  1.068969e-12
22046.9  7.438875e-13
22063.0  1.121143e-11
22079.1  2.136467e-10
22095.2  2.196419e-10
22111.3  2.234633e-10
22127.3  2.324028e-10
22143.4  3.019295e-10
22159.5  9.097160e-10
22175.6  7.210708e-10
22191.7  8.446191e-10
22207.7  8.755531e-10
22223.8  1.005895e-09
22239.9  1.503455e-09
22256.0  2.292448e-09
22272.1  4.096171e-09
22288.2  3.635359e-09
22304.2  3.152159e-09
22320.3  3.580790e-09
22336.4  4.645797e-09
22352.5  5.845024e-09
22368.6  6.573333e-09
22384.6  7.512444e-09
22400.7  1.177983e-08
22416.8  1.938993e-08
22432.9  2.830190e-08
22449.0  3.684621e-08
22465.0  4.844876e-08
22481.1  6.459466e-08
22497.2  8.657216e-08
22513.3  1.138341e-07
22529.4  1.479365e-07
22545.4  1.902407e-07
22561.5  2.362096e-07
22577.6  2.922441e-07
22593.7  3.510159e-07
22609.8  4.171427e-07
22625.9  4.793322e-07
22641.9  5.211410e-07
22658.0  5.616147e-07
22674.1  6.118553e-07
22690.2  6.624066e-07
22706.3  7.000369e-07
22722.3  7.185349e-07
22738.4  7.344705e-07
22754.5  7.628405e-07
22770.6  7.919263e-07
22786.7  8.201408e-07
22802.7  8.487463e-07
22818.8  8.810054e-07
22834.9  9.170017e-07
22851.0  9.575463e-07
22867.1  1.007770e-06
22883.1  1.068277e-06
22899.2  1.139462e-06
22915.3  1.188082e-06
22931.4  1.243958e-06
22947.5  1.328732e-06
22963.6  1.453957e-06
22979.6  1.600178e-06
22995.7  1.723603e-06
23011.8  1.859384e-06
23027.9  2.054313e-06
23044.0  2.348622e-06
23060.0  2.705236e-06
23076.1  3.077267e-06
23092.2  3.509151e-06
23108.3  4.029136e-06
23124.4  4.636314e-06
23140.4  5.367768e-06
23156.5  6.280264e-06
23172.6  7.389294e-06
23188.7  8.698897e-06
23204.8  1.017991e-05
23220.8  1.183529e-05
23236.9  1.393106e-05
23253.0  1.645173e-05
23269.1  1.919245e-05
23285.2  2.114557e-05
23301.3  2.300000e-05
23317.3  2.513943e-05
23333.4  2.787864e-05
23349.5  3.065134e-05
23365.6  3.245786e-05
23381.7  3.368517e-05
23397.7  3.459732e-05
23413.8  3.624364e-05
23429.9  3.758386e-05
23446.0  3.849104e-05
23462.1  3.909653e-05
23478.1  3.962446e-05
23494.2  3.919057e-05
23510.3  3.865211e-05
23526.4  3.844264e-05
23542.5  3.940208e-05
23558.5  4.052981e-05
23574.6  4.109364e-05
23590.7  4.105388e-05
23606.8  4.126313e-05
23622.9  4.326599e-05
23639.0  4.575100e-05
23655.0  4.778963e-05
23671.1  4.742956e-05
23687.2  4.696035e-05
23703.3  4.613361e-05
23719.4  4.495857e-05
23735.4  4.362636e-05
23751.5  3.947202e-05
23767.6  3.495284e-05
23783.7  3.065987e-05
23799.8  2.509175e-05
23815.8  2.052427e-05
23831.9  1.733505e-05
23848.0  1.555806e-05
23864.1  1.401410e-05
23880.2  1.106403e-05
23896.2  8.094431e-06
23912.3  5.933903e-06
23928.4  5.615572e-06
23944.5  5.496430e-06
23960.6  4.476854e-06
23976.7  1.796872e-06
23992.7  9.890182e-07
24008.8  8.454842e-07
24024.9  1.319686e-06
24041.0  2.118376e-06
24057.1  2.268479e-06
24073.1  1.903902e-06
24089.2  1.619892e-06
24105.3  3.199949e-07
24121.4  4.971790e-07
24137.5  1.648541e-06
24153.5  1.472004e-06
24169.6  1.388024e-06
24185.7  7.340072e-07
24201.8  7.449479e-08
24217.9  2.420879e-08
24233.9  5.853580e-08
24250.0  2.421140e-07
24266.1  1.193702e-06
24282.2  7.864742e-07
24298.3  1.713369e-07
24314.4  4.470023e-08
24330.4  1.017303e-07
24346.5  4.427294e-07
24362.6  2.289627e-06
24378.7  1.219715e-06
24394.8  1.081294e-06
24410.8  1.222835e-06
24426.9  1.237240e-06
24443.0  1.296968e-06
24459.1  1.420892e-06
24475.2  1.430120e-06
24491.2  1.538171e-06
24507.3  7.435171e-07
24523.4  8.370912e-08
24539.5  1.062800e-08
24555.6  8.066869e-09
24571.6  4.143972e-08
24587.7  2.507708e-07
24603.8  2.867885e-07
24619.9  1.998416e-07
24636.0  2.182910e-07
24652.0  3.589669e-07
24668.1  7.846603e-07
24684.2  2.597222e-06
24700.3  3.203451e-06
24716.4  2.754387e-06
24732.5  2.579591e-06
24748.5  2.640800e-06
24764.6  2.852243e-06
24780.7  3.281330e-06
24796.8  3.169574e-06
24812.9  3.191230e-06
24828.9  3.448800e-06
24845.0  2.644712e-06
24861.1  2.240874e-06
24877.2  2.001724e-06
24893.3  1.911422e-06
24909.3  2.038468e-06
24925.4  3.257384e-06
24941.5  2.034863e-06
24957.6  1.313975e-06
24973.7  8.717451e-07
24989.7  1.266024e-06
24997.8  7.106749e-06
25011.3  5.349352e-06
25024.8  3.722758e-06
25038.3  4.619568e-06
25051.8  2.074644e-06
25065.3  2.739504e-06
25078.9  3.168210e-06
25092.4  2.210737e-06
25105.9  1.047870e-06
25119.4  2.066647e-06
25132.9  4.235879e-06
25146.4  7.395817e-06
25159.9  3.704404e-06
25173.4  3.702373e-06
25187.0  1.827399e-06
25200.5  3.730106e-06
25214.0  2.634250e-06
25227.5  3.238104e-06
25241.0  3.323563e-06
25254.5  2.617382e-06
25268.0  3.204581e-06
25281.5  6.006178e-06
25295.1  3.842891e-06
25308.6  4.761672e-06
25322.1  2.020266e-06
25335.6  8.778668e-07
25349.1  1.672876e-06
25362.6  2.854344e-06
25376.1  3.380759e-06
25389.6  5.702009e-06
25403.2  5.811623e-06
25416.7  5.662979e-06
25430.2  7.203067e-06
25443.7  4.187562e-06
25457.2  3.380698e-06
25470.7  2.643874e-06
25484.2  4.457622e-07
25497.7  2.401744e-06
25511.2  6.597545e-07
25524.8  3.583180e-07
25538.3  2.300342e-06
25551.8  7.232179e-06
25565.3  4.054775e-06
25578.8  5.534051e-06
25592.3  4.102187e-06
25605.8  7.131237e-06
25619.3  7.188013e-06
25632.9  3.675233e-06
25646.4  2.002168e-06
25659.9  4.036935e-06
25673.4  7.304008e-06
25686.9  4.142635e-06
25700.4  3.952441e-06
25713.9  6.149312e-06
25727.4  5.176031e-06
25741.0  8.520638e-07
25754.5  2.617555e-06
25768.0  8.781676e-06
25781.5  3.884771e-06
25795.0  1.538707e-06
25808.5  1.889802e-06
25822.0  3.423664e-06
25835.5  7.027244e-06
25849.1  7.380614e-06
25862.6  3.101139e-06
25876.1  6.019365e-06
25889.6  2.543931e-06
25903.1  4.565137e-06
25916.6  2.318604e-06
25930.1  1.947681e-06
25943.6  3.584164e-06
25957.2  6.352046e-06
25970.7  3.051226e-06
25984.2  6.761139e-06
25997.7  8.914706e-06
26011.2  5.282846e-06
26024.7  4.868745e-06
26038.2  1.787456e-06
26051.7  3.526316e-06
26065.3  4.781791e-06
26078.8  8.913841e-07
26092.3  4.312699e-09
26105.8  9.727988e-07
26119.3  1.084105e-06
26132.8  8.633641e-06
26146.3  1.182892e-05
26159.8  8.629310e-06
26173.4  8.437070e-06
26186.9  3.746410e-06
26200.4  9.004168e-08
26213.9  2.780198e-08
26227.4  6.523176e-08
26240.9  1.086150e-06
26254.4  5.073886e-06
26267.9  2.788108e-06
26281.5  2.123345e-06
26295.0  2.356078e-06
26308.5  2.624183e-06
26322.0  3.568287e-06
26335.5  5.742582e-07
26349.0  7.714011e-08
26362.5  1.773157e-06
26376.0  3.421931e-06
26389.5  1.509885e-06
26403.1  4.295133e-06
26416.6  3.546544e-06
26430.1  1.613354e-06
26443.6  1.405028e-06
26457.1  4.070106e-06
26470.6  3.484914e-06
26484.1  7.038080e-06
26497.6  8.713472e-06
26511.2  2.547316e-06
26524.7  3.663189e-06
26538.2  2.314044e-06
26551.7  1.318399e-06
26565.2  2.511291e-06
26578.7  1.684658e-06
26592.2  4.143848e-07
26605.7  3.686637e-06
26619.3  2.894688e-07
26632.8  1.452606e-08
26646.3  1.327380e-07
26659.8  1.235273e-06
26673.3  2.160653e-06
26686.8  3.217941e-06
26700.3  3.561408e-08
26713.8  3.655380e-08
26727.4  2.141724e-06
26740.9  2.664063e-06
26754.4  2.754712e-06
26767.9  1.738022e-06
26781.4  1.896692e-06
26794.9  5.335851e-07
26808.4  3.144750e-06
26821.9  3.105555e-06
26835.5  1.785795e-06
26849.0  2.062622e-06
26862.5  4.056337e-06
26876.0  5.387303e-07
26889.5  4.309152e-09
26903.0  4.309461e-09
26916.5  4.309510e-09
26930.0  6.646366e-08
26943.6  3.059942e-06
26957.1  2.676673e-06
26970.6  1.990460e-06
26984.1  2.993955e-06
26997.6  2.722560e-06
27011.1  1.044638e-06
27024.6  9.786025e-07
27038.1  3.442012e-06
27051.7  1.828430e-06
27065.2  1.364514e-06
27078.7  1.175747e-06
27092.2  7.795987e-08
27105.7  4.330413e-09
27119.2  2.530143e-08
27132.7  8.546932e-08
27146.2  8.893970e-09
27159.8  4.842536e-07
27173.3  1.519057e-06
27186.8  2.073864e-06
27200.3  1.356836e-06
27213.8  2.839345e-06
27227.3  5.131319e-06
27240.8  2.180705e-06
27254.3  9.242873e-07
27267.9  4.274574e-07
27281.4  1.279913e-06
27294.9  9.251261e-07
27308.4  1.354892e-06
27321.9  3.316216e-06
27335.4  1.750454e-06
27348.9  2.645178e-08
27362.4  5.710635e-09
27375.9  8.599574e-08
27389.5  3.415309e-07
27403.0  1.969898e-06
27416.5  5.574111e-09
27430.0  1.891816e-07
27443.5  4.350043e-09
27457.0  7.906617e-08
27470.5  3.202048e-06
27484.0  2.580222e-06
27497.6  2.920089e-06
27511.1  6.199214e-06
27524.6  2.194083e-06
27538.1  1.208920e-08
27551.6  1.731670e-06
27565.1  3.036385e-06
27578.6  3.266538e-06
27592.1  3.569291e-06
27605.7  4.454614e-06
27619.2  4.613188e-06
27632.7  1.825181e-06
27646.2  1.574953e-06
27659.7  4.641311e-09
27673.2  8.410521e-07
27686.7  2.493417e-06
27700.2  3.251736e-06
27713.8  3.668702e-08
27727.3  7.515252e-09
27740.8  7.240002e-07
27754.3  5.891821e-07
27767.8  1.554843e-06
27781.3  4.069857e-06
27794.8  2.999432e-06
27808.3  2.978087e-06
27821.9  9.579156e-06
27835.4  1.025849e-05
27848.9  6.329451e-06
27862.4  4.982793e-06
27875.9  2.038800e-06
27889.4  2.794885e-06
27902.9  2.042784e-06
27916.4  6.680689e-07
27930.0  1.965283e-06
27943.5  2.303519e-06
27957.0  3.334284e-07
27970.5  4.349693e-09
27984.0  1.315270e-07
27997.5  2.181912e-06
28011.0  2.070923e-06
28024.5  4.359549e-09
28038.1  5.626684e-08
28051.6  1.126830e-06
28065.1  8.920600e-08
28078.6  4.361099e-09
28092.1  4.361327e-09
28105.6  1.498111e-06
28119.1  1.366801e-06
28132.6  5.840877e-07
28146.2  2.625055e-07
28159.7  4.356644e-09
28173.2  2.711856e-07
28186.7  1.096358e-07
28200.2  4.877770e-09
28213.7  1.373629e-06
28227.2  1.911737e-07
28240.7  1.656978e-08
28254.2  2.683600e-06
28267.8  1.769281e-07
28281.3  9.079532e-07
28294.8  1.081503e-07
28308.3  2.667093e-06
28321.8  8.154347e-07
28335.3  5.791138e-07
28348.8  6.784307e-07
28362.3  1.872914e-07
28375.9  6.304153e-08
28389.4  6.767173e-07
28402.9  2.225121e-07
28416.4  4.326381e-09
28429.9  1.898977e-07
28443.4  1.491801e-06
28456.9  1.453795e-07
28470.4  5.023541e-07
28484.0  4.314339e-09
28497.5  4.312145e-09
28511.0  4.307511e-09
28524.5  4.302405e-09
28538.0  1.091025e-08
28551.5  1.212577e-08
28565.0  4.092280e-06
28578.5  2.587283e-06
28592.1  4.308357e-07
28605.6  5.765380e-09
28619.1  5.517218e-09
28632.6  3.353762e-08
28646.1  1.171723e-07
28659.6  7.386956e-07
28673.1  4.260830e-09
28686.6  4.258431e-09
28700.2  9.497088e-07
28713.7  2.605474e-06
28727.2  1.851099e-06
28740.7  3.606087e-07
28754.2  4.250036e-09
28767.7  4.432738e-07
28781.2  3.163750e-08
28794.7  4.872327e-07
28808.3  1.548934e-06
28821.8  5.569862e-08
28835.3  2.603253e-06
28848.8  2.257290e-06
28862.3  2.154188e-06
28875.8  4.232408e-09
28889.3  2.945667e-07
28902.8  3.092369e-06
28916.4  1.785632e-06
28929.9  7.688030e-07
28943.4  3.498317e-06
28956.9  3.069310e-06
28970.4  1.095652e-08
28983.9  6.266885e-07
28997.4  1.228710e-06
29010.9  6.385579e-07
29024.5  3.570051e-06
29038.0  1.927183e-06
29051.5  6.897258e-09
29065.0  4.214783e-09
29078.5  4.211492e-09
29092.0  3.388976e-07
29105.5  3.071842e-06
29119.0  1.040369e-06
29132.5  1.203899e-06
29146.1  8.449256e-07
29159.6  4.186245e-09
29173.1  4.104662e-08
29186.6  5.836403e-07
29200.1  7.495403e-07
29213.6  8.798713e-08
29227.1  3.661933e-06
29240.6  3.127857e-06
29254.2  3.049986e-06
29267.7  2.951085e-06
29281.2  1.922176e-06
29294.7  5.058413e-07
29308.2  3.375452e-06
29321.7  3.441886e-06
29335.2  1.596556e-06
29348.7  1.959908e-06
29362.3  2.431171e-06
29375.8  4.250732e-07
29389.3  4.332886e-07
29402.8  9.362611e-07
29416.3  5.373399e-07
29429.8  2.002186e-06
29443.3  5.278351e-06
29456.8  9.076105e-07
29470.4  4.049926e-09
29483.9  1.023757e-06
29497.4  2.578796e-06
29510.9  3.454834e-06
29524.4  2.091638e-06
29537.9  1.363544e-06
29551.4  8.718152e-07
29564.9  4.015047e-07
29578.5  1.251900e-06
29592.0  3.426611e-06
29605.5  5.714126e-06
29619.0  2.289292e-06
29632.5  1.833046e-07
29646.0  4.712973e-07
29659.5  7.397232e-07
29673.0  8.941325e-07
29686.6  1.547451e-06
29700.1  1.223338e-06
29713.6  2.419724e-06
29727.1  1.078546e-06
29740.6  3.949815e-09
29754.1  7.785718e-07
29767.6  1.723712e-06
29781.1  8.985419e-07
29794.7  7.257945e-07
29808.2  2.791334e-07
29821.7  1.407092e-06
29835.2  7.814114e-07
29848.7  1.725328e-06
29862.2  4.736049e-06
29875.7  1.775581e-06
29889.2  2.437298e-06
29902.8  2.413466e-06
29916.3  1.591886e-06
29929.8  3.082472e-06
29943.3  3.010080e-06
29956.8  1.762058e-06
29970.3  3.985096e-06
29983.8  4.014474e-06
29997.3  4.412671e-06
30010.9  1.692025e-06
30024.4  1.447618e-06
30037.9  9.615891e-07
30051.4  2.382153e-06
30064.9  3.093843e-06
30078.4  3.693268e-06
30091.9  4.357260e-06
30105.4  4.259618e-06
30118.9  2.328437e-06
30132.5  2.082937e-06
30146.0  2.066193e-06
30159.5  3.413293e-06
30173.0  4.918195e-06
30186.5  5.423587e-06
30200.0  1.620258e-06
30213.5  7.517531e-07
30227.0  7.762450e-07
30240.6  1.986236e-06
30254.1  2.273844e-06
30267.6  3.441442e-07
30281.1  9.030320e-07
30294.6  9.244834e-08
30308.1  8.670284e-07
30321.6  3.323045e-06
30335.1  2.933691e-06
30348.7  9.965929e-07
30362.2  1.479097e-06
30375.7  1.969644e-06
30389.2  2.694191e-06
30402.7  2.976028e-06
30416.2  2.421111e-06
30429.7  3.110032e-06
30443.2  5.128855e-06
30456.8  4.607143e-06
30470.3  1.781799e-06
30483.8  2.187384e-06
30497.3  2.432131e-06
30510.8  2.958195e-06
30524.3  3.308201e-06
30537.8  1.854970e-06
30551.3  2.389790e-06
30564.9  3.560774e-07
30578.4  3.694054e-09
30591.9  3.690110e-09
30605.4  3.860075e-09
30618.9  1.674078e-06
30632.4  2.925484e-06
30645.9  1.649230e-06
30659.4  7.586793e-07
30673.0  2.651732e-08
30686.5  4.630152e-07
30700.0  1.736729e-07
30713.5  1.826754e-06
30727.0  2.483488e-06
30740.5  3.090325e-06
30754.0  3.503097e-06
30767.5  4.057948e-06
30781.1  3.299710e-06
30794.6  5.908618e-06
30808.1  9.703883e-06
30821.6  1.214938e-05
30835.1  1.004106e-05
30848.6  9.952118e-06
30862.1  9.534109e-06
30875.6  9.636006e-06
30889.2  1.397582e-05
30902.7  1.762981e-05
30916.2  1.833051e-05
30929.7  2.200241e-05
30943.2  3.111502e-05
30956.7  4.344561e-05
30970.2  5.190572e-05
30983.7  5.392147e-05
30997.2  4.713826e-05
31010.8  4.299825e-05
31024.3  5.142821e-05
31037.8  6.222447e-05
31051.3  6.035249e-05
31064.8  5.463237e-05
31078.3  4.867992e-05
31091.8  4.093067e-05
31105.3  3.309620e-05
31118.9  3.134097e-05
31132.4  3.422431e-05
31145.9  3.778249e-05
31159.4  3.790257e-05
31172.9  3.480536e-05
31186.4  2.821039e-05
31199.9  2.553427e-05
31213.4  3.174437e-05
31227.0  3.646646e-05
31240.5  3.757446e-05
31254.0  3.649364e-05
31267.5  3.606531e-05
31281.0  3.863158e-05
31294.5  4.512210e-05
31308.0  4.922013e-05
31321.5  4.984730e-05
31335.1  5.215600e-05
31348.6  4.750734e-05
31362.1  3.743452e-05
31375.6  3.572983e-05
31389.1  4.272780e-05
31402.6  4.596663e-05
31416.1  4.463744e-05
31429.6  4.011833e-05
31443.2  3.236475e-05
31456.7  2.589188e-05
31470.2  2.218228e-05
31483.7  1.666595e-05
31497.2  1.129635e-05
31510.7  1.087315e-05
31524.2  1.289863e-05
31537.7  1.322599e-05
31551.3  1.165122e-05
31564.8  1.000467e-05
31578.3  8.794870e-06
31591.8  9.108324e-06
31605.3  9.941444e-06
31618.8  1.036885e-05
31632.3  8.211471e-06
31645.8  6.327253e-06
31659.4  6.402412e-06
31672.9  5.223573e-06
31686.4  2.555087e-06
31699.9  5.416559e-06
31713.4  6.550338e-06
31726.9  3.725160e-06
31740.4  2.938381e-06
31753.9  1.470897e-06
31767.5  4.347986e-07
31781.0  3.224690e-06
31794.5  5.647973e-06
31808.0  7.155507e-06
31821.5  5.508379e-06
31835.0  3.165620e-06
31848.5  4.422197e-06
31862.0  7.906764e-06
31875.5  6.661363e-06
31889.1  4.239612e-06
31902.6  6.947153e-06
31916.1  1.266489e-05
31929.6  1.133571e-05
31943.1  6.987794e-06
31956.6  7.528789e-06
31970.1  6.971780e-06
31983.6  4.834970e-06
31997.2  2.318307e-06
32010.7  2.000520e-06
32024.2  2.001600e-06
32037.7  2.976533e-06
32051.2  6.867143e-06
32064.7  5.292147e-06
32078.2  2.279218e-06
32091.7  2.403925e-06
32105.3  3.248249e-06
32118.8  3.515899e-06
32132.3  2.766688e-06
32145.8  3.745881e-06
32159.3  5.460805e-06
32172.8  4.224119e-06
32186.3  2.504087e-06
32199.8  2.376175e-06
32213.4  3.857259e-06
32226.9  6.081618e-06
32240.4  4.417812e-06
32253.9  5.547644e-06
32267.4  6.704428e-06
32280.9  7.194307e-06
32294.4  9.744640e-06
32307.9  1.085901e-05
32321.5  1.289697e-05
32335.0  1.156956e-05
32348.5  6.573121e-06
32362.0  4.338704e-06
32375.5  3.193603e-06
32389.0  4.077136e-06
32402.5  4.939403e-06
32416.0  7.517683e-06
32429.6  9.422224e-06
32443.1  9.923041e-06
32456.6  7.071019e-06
32470.1  1.449231e-06
32483.6  1.984871e-06
32497.1  2.409621e-06
32510.6  7.489176e-07
32524.1  2.436906e-07
32537.7  3.764919e-06
32551.2  8.328856e-06
32564.7  8.386307e-06
32578.2  8.031040e-06
32591.7  6.198702e-06
32605.2  5.616005e-06
32618.7  4.030100e-06
32632.2  2.224285e-06
32645.8  5.903795e-06
32659.3  8.219589e-06
32672.8  9.877262e-06
32686.3  9.089524e-06
32699.8  9.382423e-06
32713.3  1.066307e-05
32726.8  8.356922e-06
32740.3  4.214436e-06
32753.9  1.877095e-06
32767.4  2.056119e-06
32780.9  9.383261e-09
32794.4  5.485927e-07
32807.9  3.850657e-06
32821.4  5.537068e-06
32834.9  5.875371e-06
32848.4  6.996364e-07
32861.9  9.235753e-09
32875.5  4.651474e-09
32889.0  6.728678e-07
32902.5  1.115101e-05
32916.0  1.551680e-05
32929.5  1.080152e-05
32943.0  5.300522e-06
32956.5  1.504741e-06
32970.0  2.082431e-07
32983.6  7.063092e-07
32997.1  1.015453e-06
33010.6  4.044201e-06
33024.1  8.309101e-06
33037.6  8.146979e-06
33051.1  4.716333e-06
33064.6  5.086342e-06
33078.1  2.812289e-06
33091.7  4.172497e-06
33105.2  1.003881e-05
33118.7  1.291016e-05
33132.2  8.341272e-06
33145.7  3.976871e-06
33159.2  4.912996e-06
33172.7  7.153609e-06
33186.2  5.554780e-06
33199.8  2.337209e-06
33213.3  3.335285e-06
33226.8  3.492376e-07
33240.3  1.042814e-06
33253.8  1.201188e-06
33267.3  2.497505e-06
33280.8  2.393046e-06
33294.3  3.012992e-06
33307.9  1.392504e-06
33321.4  4.782376e-09
33334.9  4.780241e-09
33348.4  5.985854e-08
33361.9  1.488357e-06
33375.4  1.758063e-06
33388.9  2.299503e-06
33402.4  6.325016e-06
33416.0  6.861838e-06
33429.5  9.204861e-06
33443.0  8.502376e-06
33456.5  6.149638e-06
33470.0  5.591279e-06
33483.5  3.210146e-06
33497.0  4.044877e-06
33510.5  6.583952e-06
33524.1  5.867104e-06
33537.6  3.436391e-06
33551.1  2.491446e-06
33564.6  2.880085e-06
33578.1  2.200642e-06
33591.6  1.707069e-06
33605.1  1.267844e-06
33618.6  1.727000e-06
33632.2  2.098828e-06
33645.7  3.904434e-06
33659.2  3.795540e-06
33672.7  3.718561e-06
33686.2  4.052582e-06
33699.7  3.115379e-06
33713.2  5.461308e-06
33726.7  6.230757e-06
33740.2  4.061785e-06
33753.8  3.438493e-06
33767.3  4.311755e-06
33780.8  3.317633e-06
33794.3  2.532819e-06
33807.8  2.616809e-06
33821.3  5.638457e-07
33834.8  1.778048e-08
33848.3  7.300770e-07
33861.9  9.812245e-07
33875.4  1.423932e-06
33888.9  1.618850e-06
33902.4  1.052685e-06
33915.9  1.289515e-08
33929.4  4.850621e-09
33942.9  4.847629e-09
33956.4  2.767138e-08
33970.0  1.640699e-06
33983.5  2.197600e-06
33997.0  6.065992e-06
34010.5  3.550361e-06
34024.0  1.941146e-06
34037.5  2.717372e-06
34051.0  2.914346e-06
34064.5  3.413599e-06
34078.1  2.362787e-06
34091.6  1.587993e-06
34105.1  2.082381e-06
34118.6  4.164641e-07
34132.1  7.329453e-07
34145.6  1.680077e-06
34159.1  1.551862e-06
34172.6  1.695526e-08
34186.2  4.803007e-09
34199.7  4.800900e-09
34213.2  1.168967e-08
34226.7  1.116577e-06
34240.2  4.110673e-06
34253.7  4.734768e-06
34267.2  3.890875e-06
34280.7  2.388923e-07
34294.3  3.455631e-08
34307.8  2.200679e-06
34321.3  4.922171e-06
34334.8  2.550569e-06
34348.3  1.181793e-06
34361.8  4.722227e-06
34375.3  7.413113e-06
34388.8  5.424817e-06
34402.4  4.132785e-06
34415.9  5.074265e-06
34429.4  4.742537e-06
34442.9  3.988479e-06
34456.4  4.486925e-06
34469.9  7.904920e-06
34483.4  8.738696e-06
34496.9  5.622088e-06
34510.5  4.009603e-06
34524.0  4.436224e-06
34537.5  3.952783e-06
34551.0  5.440437e-06
34564.5  7.616204e-06
34578.0  8.669815e-06
34591.5  8.303026e-06
34605.0  9.916280e-06
34618.5  1.134329e-05
34632.1  9.157254e-06
34645.6  6.776937e-06
34659.1  7.023955e-06
34672.6  5.332707e-06
34686.1  4.611504e-06
34699.6  5.851995e-06
34713.1  6.887830e-06
34726.6  9.840726e-06
34740.2  7.570263e-06
34753.7  8.657070e-06
34767.2  7.701528e-06
34780.7  3.890004e-06
34794.2  3.462859e-06
34807.7  5.221162e-06
34821.2  1.023967e-05
34834.7  1.593492e-05
34848.3  2.027381e-05
34861.8  2.415234e-05
34875.3  2.756178e-05
34888.8  3.175004e-05
34902.3  3.488440e-05
34915.8  3.802784e-05
34929.3  4.130510e-05
34942.8  4.025463e-05
34956.4  3.717451e-05
34969.9  3.668064e-05
34983.4  4.035415e-05
34996.9  4.518467e-05
35010.4  4.645513e-05
35023.9  4.534028e-05
35037.4  4.084052e-05
35050.9  3.553359e-05
35064.5  3.412139e-05
35078.0  3.173286e-05
35091.5  2.576364e-05
35105.0  1.999606e-05
35118.5  1.607751e-05
35132.0  1.478737e-05
35145.5  1.459179e-05
35159.0  1.294373e-05
35172.6  1.119196e-05
35186.1  9.284937e-06
35199.6  6.854182e-06
35213.1  4.065605e-06
35226.6  8.256882e-07
35240.1  2.315358e-08
35253.6  1.539112e-07
35267.1  1.805561e-06
35280.7  2.094119e-06
35294.2  1.399853e-06
35307.7  2.492159e-06
35321.2  6.170153e-06
35334.7  9.965579e-06
35348.2  1.268282e-05
35361.7  1.281220e-05
35375.2  7.480358e-06
35388.8  4.194382e-06
35402.3  4.010385e-06
35415.8  3.392477e-06
35429.3  3.331055e-06
35442.8  1.577396e-06
35456.3  2.598586e-07
35469.8  1.024892e-08
35483.3  5.185761e-09
35496.8  5.188568e-09
35510.4  6.249500e-07
35523.9  1.330768e-06
35537.4  2.686914e-06
35550.9  5.664763e-06
35564.4  8.051326e-06
35577.9  8.598813e-06
35591.4  7.228490e-06
35604.9  7.224494e-06
35618.5  8.999263e-06
35632.0  1.002887e-05
35645.5  9.324028e-06
35659.0  7.553347e-06
35672.5  7.663559e-06
35686.0  8.358635e-06
35699.5  8.742738e-06
35713.0  7.065235e-06
35726.6  4.451791e-06
35740.1  1.502518e-06
35753.6  6.435715e-07
35767.1  1.155519e-06
35780.6  1.387419e-06
35794.1  3.500669e-06
35807.6  6.219585e-06
35821.1  6.009419e-06
35834.7  2.574967e-06
35848.2  5.493317e-08
35861.7  4.484449e-08
35875.2  1.471699e-06
35888.7  5.926730e-06
35902.2  8.438947e-06
35915.7  6.303290e-06
35929.2  5.126719e-06
35942.8  5.564006e-06
35956.3  4.779977e-06
35969.8  3.645786e-06
35983.3  6.162896e-06
35996.8  1.046057e-05
36010.3  1.406487e-05
36023.8  1.497901e-05
36037.3  1.415037e-05
36050.9  1.068843e-05
36064.4  7.927458e-06
36077.9  6.716509e-06
36091.4  6.328528e-06
36104.9  6.677199e-06
36118.4  8.176006e-06
36131.9  1.007821e-05
36145.4  1.041907e-05
36159.0  7.385904e-06
36172.5  5.601158e-06
36186.0  5.535624e-06
36199.5  4.813937e-06
36213.0  5.380836e-06
36226.5  7.235760e-06
36240.0  7.360654e-06
36253.5  6.327117e-06
36267.1  6.896297e-06
36280.6  8.192217e-06
36294.1  1.061935e-05
36307.6  1.125985e-05
36321.1  8.782860e-06
36334.6  7.606578e-06
36348.1  8.511239e-06
36361.6  5.657681e-06
36375.2  4.261118e-06
36388.7  3.499719e-06
36402.2  6.116528e-06
36415.7  8.046730e-06
36429.2  9.111216e-06
36442.7  9.929396e-06
36456.2  1.183902e-05
36469.7  1.534194e-05
36483.2  1.584040e-05
36496.8  1.317684e-05
36510.3  1.335653e-05
36523.8  1.741794e-05
36537.3  2.298518e-05
36550.8  2.712054e-05
36564.3  2.696760e-05
36577.8  2.613785e-05
36591.3  2.785938e-05
36604.9  2.970783e-05
36618.4  3.088620e-05
36631.9  3.201035e-05
36645.4  3.318196e-05
36658.9  3.450627e-05
36672.4  3.476020e-05
36685.9  3.303487e-05
36699.4  3.180833e-05
36713.0  3.135485e-05
36726.5  3.173709e-05
36740.0  3.486575e-05
36753.5  4.028303e-05
36767.0  4.445465e-05
36780.5  4.541864e-05
36794.0  4.497117e-05
36807.5  4.488853e-05
36821.1  4.526655e-05
36834.6  4.735294e-05
36848.1  4.986210e-05
36861.6  4.859452e-05
36875.1  4.617619e-05
36888.6  4.532938e-05
36902.1  4.354474e-05
36915.6  4.180217e-05
36929.2  4.049819e-05
36942.7  3.611980e-05
36956.2  3.064026e-05
36969.7  2.880883e-05
36983.2  2.955955e-05
36996.7  2.931773e-05
37010.2  2.693930e-05
37023.7  2.556587e-05
37037.3  2.632578e-05
37050.8  2.511872e-05
37064.3  2.091679e-05
37077.8  1.835957e-05
37091.3  1.796156e-05
37104.8  1.764172e-05
37118.3  1.574629e-05
37131.8  1.148925e-05
37145.4  8.220803e-06
37158.9  6.521694e-06
37172.4  5.331522e-06
37185.9  6.728075e-06
37199.4  5.660035e-06
37212.9  4.002207e-06
37226.4  5.442021e-06
37239.9  6.968270e-06
37253.5  5.827726e-06
37267.0  4.431668e-06
37280.5  5.556907e-06
37294.0  6.803095e-06
37307.5  4.827491e-06
37321.0  2.126952e-06
37334.5  2.053839e-06
37348.0  1.842283e-06
37361.5  5.764324e-06
37375.1  6.873809e-06
37388.6  7.408756e-06
37402.1  6.522321e-06
37415.6  2.403244e-06
37429.1  7.364074e-07
37442.6  1.392816e-06
37456.1  1.907279e-08
37469.6  5.344129e-08
37483.2  7.688671e-07
37496.7  1.315808e-06
37510.2  1.009716e-06
37523.7  8.231694e-07
37537.2  4.161629e-07
37550.7  1.459704e-08
37564.2  5.516936e-09
37577.7  5.518059e-09
37591.3  6.401387e-08
37604.8  1.182828e-07
37618.3  1.731541e-06
37631.8  5.979143e-07
37645.3  1.775371e-08
37658.8  5.524747e-09
37672.3  3.061503e-08
37685.8  3.737352e-07
37699.4  4.393096e-07
37712.9  2.267939e-08
37726.4  5.529919e-09
37739.9  5.530866e-09
37753.4  5.531796e-09
37766.9  5.537142e-09
37780.4  5.540014e-09
37793.9  5.540893e-09
37807.5  5.542225e-09
37821.0  5.543920e-09
37834.5  5.545594e-09
37848.0  5.547247e-09
37861.5  5.548879e-09
37875.0  5.550486e-09
37888.5  5.552072e-09
37902.0  5.553403e-09
37915.6  5.553415e-09
37929.1  5.553403e-09
37942.6  8.763447e-09
37956.1  6.881272e-07
37969.6  2.814816e-07
37983.1  1.436986e-07
37996.6  5.552941e-09
38010.1  5.553943e-09
38023.7  5.555305e-09
38037.2  5.556641e-09
38050.7  5.393199e-07
38064.2  2.293036e-06
38077.7  2.326579e-06
38091.2  1.516440e-06
38104.7  1.225431e-06
38118.2  1.102010e-06
38131.8  7.253620e-07
38145.3  3.061578e-07
38158.8  9.480273e-07
38172.3  3.795127e-08
38185.8  4.716741e-08
38199.3  9.500882e-07
38212.8  2.832304e-06
38226.3  5.118117e-06
38239.8  4.000328e-06
38253.4  2.683327e-06
38266.9  1.221422e-06
38280.4  9.754611e-07
38293.9  2.026526e-06
38307.4  5.078832e-06
38320.9  3.827369e-06
38334.4  3.662708e-06
38347.9  4.231439e-06
38361.5  3.006101e-06
38375.0  1.704989e-06
38388.5  2.577423e-06
38402.0  3.520942e-06
38415.5  3.491995e-06
38429.0  2.722103e-06
38442.5  1.887605e-06
38456.0  3.701929e-06
38469.6  4.800675e-06
38483.1  5.508693e-06
38496.6  5.858614e-06
38510.1  6.610095e-06
38523.6  6.478174e-06
38537.1  5.329682e-06
38550.6  5.219832e-06
38564.1  4.074859e-06
38577.7  3.008975e-06
38591.2  3.250733e-06
38604.7  3.866433e-06
38618.2  3.536123e-06
38631.7  1.802470e-06
38645.2  9.433625e-07
38658.7  3.511575e-06
38672.2  5.777913e-06
38685.8  6.820895e-06
38699.3  6.953877e-06
38712.8  7.516076e-06
38726.3  4.742071e-06
38739.8  3.471360e-06
38753.3  3.967909e-06
38766.8  5.456265e-06
38780.3  5.804005e-06
38793.9  4.954515e-06
38807.4  5.206834e-06
38820.9  4.319462e-06
38834.4  3.232892e-06
38847.9  3.610458e-06
38861.4  3.874999e-06
38874.9  5.838062e-06
38888.4  8.847775e-06
38902.0  1.180931e-05
38915.5  1.442267e-05
38929.0  1.294527e-05
38942.5  1.105933e-05
38956.0  1.143553e-05
38969.5  1.235858e-05
38983.0  9.911784e-06
38996.5  8.191823e-06
39010.1  8.069874e-06
39023.6  9.257965e-06
39037.1  1.104706e-05
39050.6  1.161177e-05
39064.1  9.687975e-06
39077.6  7.667477e-06
39091.1  6.593515e-06
39104.6  6.258789e-06
39118.2  6.625464e-06
39131.7  5.746853e-06
39145.2  4.678985e-06
39158.7  7.159784e-06
39172.2  9.812025e-06
39185.7  8.084918e-06
39199.2  5.173605e-06
39212.7  3.520516e-06
39226.2  2.738426e-06
39239.8  2.321561e-06
39253.3  3.689726e-06
39266.8  6.533479e-06
39280.3  7.887880e-06
39293.8  6.848476e-06
39307.3  5.167893e-06
39320.8  2.812669e-06
39334.3  2.067904e-06
39347.9  2.718192e-06
39361.4  2.542530e-06
39374.9  1.343815e-06
39388.4  3.248341e-06
39401.9  3.260247e-06
39415.4  2.936778e-06
39428.9  2.471108e-06
39442.4  2.372695e-06
39456.0  3.108203e-06
39469.5  4.690478e-06
39483.0  4.376117e-06
39496.5  3.284587e-06
39510.0  2.884593e-06
39523.5  2.538379e-06
39537.0  3.118306e-06
39550.5  5.815771e-06
39564.1  6.385221e-06
39577.6  3.728107e-06
39591.1  2.663751e-06
39604.6  7.181345e-06
39618.1  1.449632e-05
39631.6  2.231265e-05
39645.1  2.845412e-05
39658.6  3.069235e-05
39672.2  2.900693e-05
39685.7  2.564489e-05
39699.2  2.118119e-05
39712.7  1.445238e-05
39726.2  9.799068e-06
39739.7  8.202072e-06
39753.2  5.075184e-06
39766.7  1.381515e-06
39780.3  7.745551e-08
39793.8  1.569281e-08
39807.3  1.122027e-06
39820.8  2.130264e-06
39834.3  2.116286e-06
39847.8  1.740064e-06
39861.3  4.900172e-06
39874.8  7.514289e-06
39888.4  6.321945e-06
39901.9  4.700683e-06
39915.4  5.501492e-06
39928.9  5.564586e-06
39942.4  5.098133e-06
39955.9  5.448036e-06
39969.4  4.882207e-06
39982.9  4.952404e-06
39996.5  1.928783e-06
40010.0  6.140017e-07
40023.5  1.212818e-07
40037.0  9.117113e-08
40050.5  4.624423e-07
40064.0  2.459165e-06
40077.5  3.454036e-06
40091.0  3.581229e-06
40104.5  3.362588e-06
40118.1  2.809629e-06
40131.6  2.429764e-06
40145.1  5.260514e-06
40158.6  6.457021e-06
40172.1  4.106435e-06
40185.6  1.402880e-06
40199.1  1.406534e-07
40212.6  5.114749e-08
40226.2  1.596997e-07
40239.7  5.569226e-07
40253.2  8.377121e-07
40266.7  1.803510e-06
40280.2  2.186260e-06
40293.7  2.223489e-06
40307.2  4.473112e-06
40320.7  5.725641e-06
40334.3  3.274940e-06
40347.8  1.341803e-06
40361.3  1.897506e-06
40374.8  2.785128e-06
40388.3  3.391698e-06
40401.8  3.420260e-06
40415.3  3.094519e-06
40428.8  2.008458e-06
40442.4  3.363900e-06
40455.9  3.670332e-06
40469.4  3.600148e-06
40482.9  5.309565e-06
40496.4  8.128097e-06
40509.9  9.589603e-06
40523.4  8.754287e-06
40536.9  8.577951e-06
40550.5  1.096994e-05
40564.0  1.386518e-05
40577.5  1.324567e-05
40591.0  1.103487e-05
40604.5  9.795517e-06
40618.0  9.755484e-06
40631.5  1.029481e-05
40645.0  7.655268e-06
40658.6  5.843294e-06
40672.1  6.682706e-06
40685.6  8.554763e-06
40699.1  1.067689e-05
40712.6  1.081621e-05
40726.1  1.236208e-05
40739.6  1.436366e-05
40753.1  1.698309e-05
40766.7  2.099391e-05
40780.2  2.367650e-05
40793.7  2.398843e-05
40807.2  2.250869e-05
40820.7  2.188419e-05
40834.2  2.185856e-05
40847.7  2.174542e-05
40861.2  2.134281e-05
40874.8  1.870262e-05
40888.3  1.493352e-05
40901.8  1.345527e-05
40915.3  1.449800e-05
40928.8  1.618097e-05
40942.3  1.765869e-05
40955.8  1.759921e-05
40969.3  1.524625e-05
40982.8  1.226972e-05
40996.4  1.357893e-05
41009.9  1.701127e-05
41023.4  1.984641e-05
41036.9  2.082825e-05
41050.4  2.026473e-05
41063.9  1.701816e-05
41077.4  1.330357e-05
41090.9  1.274935e-05
41104.5  1.344613e-05
41118.0  1.289802e-05
41131.5  9.685108e-06
41145.0  6.949185e-06
41158.5  5.922729e-06
41172.0  5.881028e-06
41185.5  7.331016e-06
41199.0  9.097644e-06
41212.6  8.758868e-06
41226.1  7.129817e-06
41239.6  7.433373e-06
41253.1  1.174247e-05
41266.6  1.296986e-05
41280.1  1.222786e-05
41293.6  1.231927e-05
41307.1  1.127176e-05
41320.7  1.032804e-05
41334.2  1.050239e-05
41347.7  1.344156e-05
41361.2  1.519970e-05
41374.7  1.486938e-05
41388.2  1.390528e-05
41401.7  1.413895e-05
41415.2  1.156025e-05
41428.8  9.273641e-06
41442.3  8.572451e-06
41455.8  8.253343e-06
41469.3  1.044166e-05
41482.8  1.445702e-05
41496.3  1.525038e-05
41509.8  1.495624e-05
41523.3  1.401093e-05
41536.9  1.314477e-05
41550.4  1.185198e-05
41563.9  1.084929e-05
41577.4  1.097681e-05
41590.9  1.323547e-05
41604.4  1.441501e-05
41617.9  1.236307e-05
41631.4  9.459103e-06
41645.0  8.872725e-06
41658.5  1.038017e-05
41672.0  1.144268e-05
41685.5  1.104353e-05
41699.0  1.221586e-05
41712.5  1.429372e-05
41726.0  1.737659e-05
41739.5  2.091994e-05
41753.1  2.435080e-05
41766.6  2.652635e-05
41780.1  2.421466e-05
41793.6  1.913523e-05
41807.1  1.723068e-05
41820.6  1.708609e-05
41834.1  1.677929e-05
41847.6  1.697652e-05
41861.1  1.786650e-05
41874.7  1.550704e-05
41888.2  1.080424e-05
41901.7  9.509432e-06
41915.2  1.013511e-05
41928.7  1.307419e-05
41942.2  1.451606e-05
41955.7  1.402579e-05
41969.2  1.367635e-05
41982.8  1.159466e-05
41996.3  1.219596e-05
42009.8  1.544453e-05
42023.3  1.741995e-05
42036.8  1.855984e-05
42050.3  1.947146e-05
42063.8  2.070946e-05
42077.3  2.105350e-05
42090.9  2.243745e-05
42104.4  2.395287e-05
42117.9  2.530042e-05
42131.4  2.496937e-05
42144.9  2.445090e-05
42158.4  2.372793e-05
42171.9  2.286560e-05
42185.4  2.287494e-05
42199.0  2.517894e-05
42212.5  2.573126e-05
42226.0  2.351548e-05
42239.5  2.159973e-05
42253.0  2.035375e-05
42266.5  1.808589e-05
42280.0  1.800316e-05
42293.5  1.861428e-05
42307.1  2.025354e-05
42320.6  2.061100e-05
42334.1  1.917176e-05
42347.6  1.736770e-05
42361.1  1.797953e-05
42374.6  1.772808e-05
42388.1  1.628932e-05
42401.6  1.444361e-05
42415.2  1.158765e-05
42428.7  9.069937e-06
42442.2  8.159996e-06
42455.7  9.330432e-06
42469.2  1.101377e-05
42482.7  1.255800e-05
42496.2  1.685505e-05
42509.7  1.883105e-05
42523.3  1.944725e-05
42536.8  2.096405e-05
42550.3  2.492253e-05
42563.8  2.765258e-05
42577.3  2.300555e-05
42590.8  1.702696e-05
42604.3  1.281487e-05
42617.8  1.185994e-05
42631.4  1.255586e-05
42644.9  1.421207e-05
42658.4  1.637679e-05
42671.9  1.779789e-05
42685.4  1.662714e-05
42698.9  1.648513e-05
42712.4  1.693602e-05
42725.9  1.713703e-05
42739.5  1.588665e-05
42753.0  1.569205e-05
42766.5  1.631518e-05
42780.0  1.730248e-05
42793.5  1.789984e-05
42807.0  1.792507e-05
42820.5  1.755708e-05
42834.0  1.748020e-05
42847.5  1.852709e-05
42861.1  2.049869e-05
42874.6  2.065746e-05
42888.1  1.956731e-05
42901.6  1.765154e-05
42915.1  1.553958e-05
42928.6  1.355060e-05
42942.1  1.273756e-05
42955.6  1.329897e-05
42969.2  1.354424e-05
42982.7  1.088941e-05
42996.2  8.731267e-06
43009.7  7.427386e-06
43023.2  5.837756e-06
43036.7  5.750571e-07
43050.2  4.069673e-08
43063.7  5.785879e-09
43077.3  5.785203e-09
43090.8  5.784528e-09
43104.3  5.783843e-09
43117.8  5.783128e-09
43131.3  5.782415e-09
43144.8  5.781703e-09
43158.3  5.780991e-09
43171.8  5.780280e-09
43185.4  5.779568e-09
43198.9  5.778855e-09
43212.4  5.778299e-09
43225.9  5.777755e-09
43239.4  5.777208e-09
43252.9  5.776659e-09
43266.4  5.776106e-09
43279.9  5.775549e-09
43293.5  5.774987e-09
43307.0  5.774366e-09
43320.5  5.773688e-09
43334.0  5.773004e-09
43347.5  5.772313e-09
43361.0  5.771615e-09
43374.5  5.770909e-09
43388.0  5.770195e-09
43401.6  5.769470e-09
43415.1  5.768716e-09
43428.6  3.229754e-08
43442.1  2.421766e-06
43455.6  4.566881e-06
43469.1  6.562001e-06
43482.6  1.263350e-05
43496.1  1.534769e-05
43509.7  1.525874e-05
43523.2  1.562198e-05
43536.7  1.526256e-05
43550.2  1.419864e-05
43563.7  1.204643e-05
43577.2  1.119940e-05
43590.7  1.345814e-05
43604.2  1.499273e-05
43617.8  1.549577e-05
43631.3  1.764167e-05
43644.8  2.098045e-05
43658.3  2.465935e-05
43671.8  2.748380e-05
43685.3  2.898622e-05
43698.8  2.911499e-05
43712.3  2.816382e-05
43725.8  3.136557e-05
43739.4  3.724786e-05
43752.9  4.555592e-05
43766.4  5.071618e-05
43779.9  5.366149e-05
43793.4  5.543279e-05
43806.9  5.662477e-05
43820.4  5.753600e-05
43833.9  5.945412e-05
43847.5  6.240271e-05
43861.0  6.630002e-05
43874.5  7.053344e-05
43888.0  7.439840e-05
43901.5  7.742215e-05
43915.0  7.791643e-05
43928.5  7.992658e-05
43942.0  8.421076e-05
43955.6  9.168558e-05
43969.1  9.924188e-05
43982.6  1.082443e-04
43996.1  1.187799e-04
44009.6  1.309623e-04
44023.1  1.391121e-04
44036.6  1.460675e-04
44050.1  1.526023e-04
44063.7  1.615574e-04
44077.2  1.705140e-04
44090.7  1.809236e-04
44104.2  1.944412e-04
44117.7  2.106764e-04
44131.2  2.259736e-04
44144.7  2.407799e-04
44158.2  2.580016e-04
44171.8  2.792484e-04
44185.3  3.023678e-04
44198.8  3.260469e-04
44212.3  3.525128e-04
44225.8  3.807866e-04
44239.3  4.104301e-04
44252.8  4.396415e-04
44266.3  4.732625e-04
44279.9  5.101188e-04
44293.4  5.498714e-04
44306.9  5.891136e-04
44320.4  6.330360e-04
44333.9  6.819275e-04
44347.4  7.360191e-04
44360.9  7.938391e-04
44374.4  8.569899e-04
44388.0  9.267923e-04
44401.5  9.997627e-04
44415.0  1.077535e-03
44428.5  1.161665e-03
44442.0  1.257882e-03
44455.5  1.363511e-03
44469.0  1.478240e-03
44482.5  1.602050e-03
44496.1  1.738598e-03
44509.6  1.887232e-03
44523.1  2.049330e-03
44536.6  2.229627e-03
44550.1  2.431460e-03
44563.6  2.654961e-03
44577.1  2.900975e-03
44590.6  3.172616e-03
44604.1  3.472384e-03
44617.7  3.803600e-03
44631.2  4.170445e-03
44644.7  4.577580e-03
44658.2  5.029717e-03
44671.7  5.535118e-03
44685.2  6.101202e-03
44698.7  6.734484e-03
44712.2  7.446611e-03
44725.8  8.243827e-03
44739.3  9.133403e-03
44752.8  1.012741e-02
44766.3  1.126707e-02
44779.8  1.254774e-02
44793.3  1.398359e-02
44806.8  1.560377e-02
44820.3  1.743743e-02
44833.9  1.950755e-02
44847.4  2.186992e-02
44860.9  2.455040e-02
44874.4  2.758362e-02
44887.9  3.102800e-02
44901.4  3.495957e-02
44914.9  3.942570e-02
44928.4  4.450274e-02
44942.0  5.030470e-02
44955.5  5.690249e-02
44969.0  6.439459e-02
44982.5  7.290567e-02
44996.0  8.253658e-02
45009.5  9.340487e-02
45023.0  1.056371e-01
45036.5  1.192663e-01
45050.1  1.344225e-01
45063.6  1.512226e-01
45077.1  1.693141e-01
45090.6  1.888868e-01
45104.1  2.099438e-01
45117.6  2.316806e-01
45131.1  2.540386e-01
45144.6  2.770185e-01
45158.2  2.994942e-01
45171.7  3.209516e-01
45185.2  3.417534e-01
45198.7  3.608966e-01
45212.2  3.775263e-01
45225.7  3.926478e-01
45239.2  4.057449e-01
45252.7  4.158312e-01
45266.3  4.244173e-01
45279.8  4.314440e-01
45293.3  4.359888e-01
45306.8  4.395283e-01
45320.3  4.420772e-01
45333.8  4.432972e-01
45347.3  4.439046e-01
45360.8  4.440228e-01
45374.4  4.436174e-01
45387.9  4.429839e-01
45401.4  4.422031e-01
45414.9  4.412869e-01
45428.4  4.403963e-01
45441.9  4.395388e-01
45455.4  4.387502e-01
45468.9  4.380594e-01
45482.5  4.374617e-01
45496.0  4.370148e-01
45509.5  4.367252e-01
45523.0  4.365280e-01
45536.5  4.364434e-01
45550.0  4.365288e-01
45563.5  4.366855e-01
45577.0  4.369162e-01
45590.5  4.372325e-01
45604.1  4.375974e-01
45617.6  4.383800e-01
45631.1  4.389259e-01
45644.6  4.393617e-01
45658.1  4.398047e-01
45671.6  4.402684e-01
45685.1  4.407047e-01
45698.6  4.411094e-01
45712.2  4.415729e-01
45725.7  4.422954e-01
45739.2  4.425982e-01
45752.7  4.427956e-01
45766.2  4.429614e-01
45779.7  4.430957e-01
45793.2  4.431691e-01
45806.7  4.431875e-01
45820.3  4.431529e-01
45833.8  4.430644e-01
45847.3  4.429438e-01
45860.8  4.427909e-01
45874.3  4.425547e-01
45887.8  4.423084e-01
45901.3  4.420509e-01
45914.8  4.417471e-01
45928.4  4.414174e-01
45941.9  4.410610e-01
45955.4  4.407207e-01
45968.9  4.403698e-01
45982.4  4.400086e-01
45995.9  4.396281e-01
46009.4  4.392668e-01
46022.9  4.389267e-01
46036.5  4.385882e-01
46050.0  4.382518e-01
46063.5  4.379184e-01
46077.0  4.376286e-01
46090.5  4.373356e-01
46104.0  4.370536e-01
46117.5  4.368246e-01
46131.0  4.366138e-01
46144.6  4.364317e-01
46158.1  4.362470e-01
46171.6  4.360672e-01
46185.1  4.358998e-01
46198.6  4.357546e-01
46212.1  4.355432e-01
46225.6  4.353022e-01
46239.1  4.350675e-01
46252.7  4.348364e-01
46266.2  4.346151e-01
46279.7  4.343668e-01
46293.2  4.341072e-01
46306.7  4.338497e-01
46320.2  4.335799e-01
46333.7  4.332945e-01
46347.2  4.329597e-01
46360.8  4.326245e-01
46374.3  4.322869e-01
46387.8  4.319318e-01
46401.3  4.315480e-01
46414.8  4.311422e-01
46428.3  4.307316e-01
46441.8  4.303016e-01
46455.3  4.298501e-01
46468.8  4.293611e-01
46482.4  4.288711e-01
46495.9  4.283860e-01
46509.4  4.278611e-01
46522.9  4.277798e-01
46536.4  4.271984e-01
46549.9  4.266200e-01
46563.4  4.260336e-01
46576.9  4.254099e-01
46590.5  4.247692e-01
46604.0  4.241220e-01
46617.5  4.234940e-01
46631.0  4.228477e-01
46644.5  4.221847e-01
46658.0  4.215104e-01
46671.5  4.208396e-01
46685.0  4.201737e-01
46698.6  4.194686e-01
46712.1  4.187591e-01
46725.6  4.180482e-01
46739.1  4.173445e-01
46752.6  4.166332e-01
46766.1  4.158878e-01
46779.6  4.151380e-01
46793.1  4.143859e-01
46806.7  4.136188e-01
46820.2  4.128201e-01
46833.7  4.119973e-01
46847.2  4.111661e-01
46860.7  4.103238e-01
46874.2  4.094652e-01
46887.7  4.085503e-01
46901.2  4.076170e-01
46914.8  4.066637e-01
46928.3  4.056612e-01
46941.8  4.046273e-01
46955.3  4.035089e-01
46968.8  4.023544e-01
46982.3  4.016265e-01
46995.8  4.003084e-01
47009.3  3.989262e-01
47022.9  3.974476e-01
47036.4  3.958421e-01
47049.9  3.941546e-01
47063.4  3.922875e-01
47076.9  3.902415e-01
47090.4  3.880872e-01
47103.9  3.856727e-01
47117.4  3.830970e-01
47131.0  3.803219e-01
47144.5  3.771232e-01
47158.0  3.737309e-01
47171.5  3.700002e-01
47185.0  3.657985e-01
47198.5  3.613523e-01
47212.0  3.562642e-01
47225.5  3.507612e-01
47239.1  3.449651e-01
47252.6  3.382920e-01
47266.1  3.313153e-01
47279.6  3.238212e-01
47293.1  3.156144e-01
47306.6  3.071468e-01
47320.1  2.979093e-01
47333.6  2.882293e-01
47347.1  2.785824e-01
47360.7  2.679167e-01
47374.2  2.570878e-01
47387.7  2.459630e-01
47401.2  2.344450e-01
47414.7  2.230446e-01
47428.2  2.113442e-01
47441.7  1.997039e-01
47455.2  1.883130e-01
47468.8  1.767983e-01
47482.3  1.657117e-01
47495.8  1.548938e-01
47509.3  1.443541e-01
47522.8  1.343352e-01
47536.3  1.246347e-01
47549.8  1.154476e-01
47563.3  1.067804e-01
47576.9  9.852802e-02
47590.4  9.083937e-02
47603.9  8.363052e-02
47617.4  7.690497e-02
47630.9  7.067465e-02
47644.4  6.486814e-02
47657.9  5.951987e-02
47671.4  5.458955e-02
47685.0  5.004439e-02
47698.5  4.587082e-02
47712.0  4.203254e-02
47725.5  3.851733e-02
47739.0  3.529784e-02
47752.5  3.235667e-02
47766.0  2.966551e-02
47779.5  2.720551e-02
47793.1  2.495969e-02
47806.6  2.290476e-02
47820.1  2.103297e-02
47833.6  1.932175e-02
47847.1  1.775898e-02
47860.6  1.633737e-02
47874.1  1.503559e-02
47887.6  1.384769e-02
47901.2  1.275793e-02
47914.7  1.175771e-02
47928.2  1.084765e-02
47941.7  1.001294e-02
47955.2  9.251656e-03
47968.7  8.553053e-03
47982.2  7.910264e-03
47995.7  7.326058e-03
48009.3  6.788653e-03
48022.8  6.296813e-03
48036.3  5.842899e-03
48049.8  5.422943e-03
48063.3  5.036089e-03
48076.8  4.678055e-03
48090.3  4.351999e-03
48103.8  4.048389e-03
48117.4  3.768172e-03
48130.9  3.515759e-03
48144.4  3.281945e-03
48157.9  3.065813e-03
48171.4  2.864126e-03
48184.9  2.676087e-03
48198.4  2.502384e-03
48211.9  2.340799e-03
48225.5  2.190554e-03
48239.0  2.051685e-03
48252.5  1.922240e-03
48266.0  1.801880e-03
48279.5  1.688942e-03
48293.0  1.582954e-03
48306.5  1.487848e-03
48320.0  1.400002e-03
48333.5  1.320590e-03
48347.1  1.244504e-03
48360.6  1.171552e-03
48374.1  1.104907e-03
48387.6  1.043058e-03
48401.1  9.878656e-04
48414.6  9.344927e-04
48428.1  8.827856e-04
48441.6  8.338420e-04
48455.2  7.877652e-04
48468.7  7.453302e-04
48482.2  7.048130e-04
48495.7  6.660383e-04
48509.2  6.303280e-04
48522.7  5.968849e-04
48536.2  5.658411e-04
48549.7  5.370685e-04
48563.3  5.106951e-04
48576.8  4.880171e-04
48590.3  4.671797e-04
48603.8  4.442210e-04
48617.3  4.214698e-04
48630.8  3.982187e-04
48644.3  3.789044e-04
48657.8  3.618959e-04
48671.4  3.457512e-04
48684.9  3.302329e-04
48698.4  3.151084e-04
48711.9  3.026352e-04
48725.4  2.920039e-04
48738.9  2.799787e-04
48752.4  2.679488e-04
48765.9  2.553879e-04
48779.5  2.447434e-04
48793.0  2.356745e-04
48806.5  2.257274e-04
48820.0  2.159374e-04
48833.5  2.065740e-04
48847.0  1.988054e-04
48860.5  1.930254e-04
48874.0  1.856059e-04
48887.6  1.777274e-04
48901.1  1.688842e-04
48914.6  1.610535e-04
48928.1  1.549711e-04
48941.6  1.486389e-04
48955.1  1.422556e-04
48968.6  1.364881e-04
48982.1  1.309411e-04
48995.7  1.252749e-04
49009.2  1.183010e-04
49022.7  1.099255e-04
49036.2  1.031478e-04
49049.7  9.724111e-05
49063.2  9.370378e-05
49076.7  8.961345e-05
49090.2  8.428698e-05
49103.8  8.001334e-05
49117.3  7.643119e-05
49130.8  7.523574e-05
49144.3  7.445731e-05
49157.8  7.346206e-05
49171.3  7.257676e-05
49184.8  7.176923e-05
49198.3  7.092039e-05
49211.8  7.006407e-05
49225.4  6.984814e-05
49238.9  7.002219e-05
49252.4  7.134635e-05
49265.9  7.179628e-05
49279.4  7.131101e-05
49292.9  6.976498e-05
49306.4  6.793397e-05
49319.9  6.611974e-05
49333.5  6.361029e-05
49347.0  5.939778e-05
49360.5  5.514812e-05
49374.0  5.093850e-05
49387.5  4.815066e-05
49401.0  4.566804e-05
49414.5  4.211148e-05
49428.0  3.902315e-05
49441.6  3.641391e-05
49455.1  3.520207e-05
49468.6  3.496478e-05
49482.1  3.453195e-05
49495.6  3.410074e-05
49509.1  3.381999e-05
49522.6  3.349215e-05
49536.1  3.302619e-05
49549.7  3.228563e-05
49563.2  3.147259e-05
49576.7  3.159861e-05
49590.2  3.182711e-05
49603.7  3.035617e-05
49617.2  2.832188e-05
49630.7  2.523757e-05
49644.2  2.333788e-05
49657.8  2.221355e-05
49671.3  2.035103e-05
49684.8  1.852261e-05
49698.3  1.707407e-05
49711.8  1.687163e-05
49725.3  1.946383e-05
49738.8  2.104541e-05
49752.3  2.155238e-05
49765.9  1.975452e-05
49779.4  1.750783e-05
49792.9  1.709785e-05
49806.4  1.661946e-05
49819.9  1.569229e-05
49833.4  1.487874e-05
49846.9  1.430955e-05
49860.4  1.511486e-05
49874.0  1.663198e-05
49887.5  1.541757e-05
49901.0  1.445505e-05
49914.5  1.346032e-05
49928.0  1.397015e-05
49941.5  1.680257e-05
49955.0  1.810070e-05
49968.5  1.782421e-05
49982.1  1.447603e-05
49995.6  1.135259e-05
50009.1  7.549782e-06
50022.6  6.974719e-06
50036.1  6.649742e-06
50049.6  6.709488e-06
50063.1  7.325507e-06
50076.6  8.352074e-06
50090.1  9.758848e-06
50103.7  9.048893e-06
50117.2  8.068622e-06
50130.7  6.660977e-06
50144.2  6.213494e-06
50157.7  7.045367e-06
50171.2  7.967124e-06
50184.7  8.415751e-06
50198.2  8.820466e-06
50211.8  9.271289e-06
50225.3  8.535087e-06
50238.8  6.992822e-06
50252.3  3.844971e-06
50265.8  3.721415e-06
50279.3  3.604587e-06
50292.8  3.718637e-06
50306.3  2.875358e-06
50319.9  7.018609e-07
50333.4  1.016848e-06
50346.9  2.289185e-06
50360.4  3.519663e-06
50373.9  3.833951e-06
50387.4  4.221609e-06
50400.9  4.459208e-06
50414.4  4.784479e-06
50428.0  5.278967e-06
50441.5  5.164816e-06
50455.0  4.654591e-06
50468.5  4.139316e-06
50482.0  3.701860e-06
50495.5  2.790681e-06
50509.0  2.095266e-06
50522.5  9.797229e-07
50536.1  2.194272e-07
50549.6  1.018827e-08
50563.1  4.201407e-09
50576.6  4.195076e-09
50590.1  4.188732e-09
50603.6  4.182372e-09
50617.1  4.073018e-08
50630.6  1.643172e-06
50644.2  2.746299e-06
50657.7  3.865784e-06
50671.2  2.701333e-06
50684.7  5.049160e-07
50698.2  2.383357e-07
50711.7  1.615189e-06
50725.2  2.360045e-06
50738.7  9.015424e-07
50752.3  1.927418e-07
50765.8  1.969121e-08
50779.3  4.116760e-09
50792.8  4.111758e-09
50806.3  4.106411e-09
50819.8  4.101041e-09
50833.3  4.095644e-09
50846.8  4.090225e-09
50860.4  4.084782e-09
50873.9  4.079311e-09
50887.4  4.073817e-09
50900.9  4.068297e-09
50914.4  4.062750e-09
50927.9  4.057177e-09
50941.4  4.051578e-09
50954.9  4.045950e-09
50968.4  4.040297e-09
50982.0  5.037985e-09
50995.5  2.730507e-08
