# from http://www.stsci.edu/jwst/instruments/nircam/instrumentdesign/filters
# Retrieved March, 2023, dated Nov, 2022 (post-flight)
# Uses modA or modB  filters+DBS+QE+OTE (nrc_plus_ote)
# Units of transmission are PCE (photon to electron conversion efficiency)
# 
30970.2  0.000000e+00
30983.7  0.000000e+00
30997.2  7.947693e-06
31010.8  1.113349e-05
31024.3  1.266001e-05
31037.8  1.186539e-05
31051.3  1.042828e-05
31064.8  1.103815e-05
31078.3  1.203215e-05
31091.8  1.083024e-05
31105.3  1.180329e-05
31118.9  1.555232e-05
31132.4  1.472543e-05
31145.9  1.286844e-05
31159.4  1.245573e-05
31172.9  1.359634e-05
31186.4  1.556957e-05
31199.9  1.399651e-05
31213.4  1.231369e-05
31227.0  1.660564e-05
31240.5  1.722594e-05
31254.0  1.691470e-05
31267.5  1.599620e-05
31281.0  1.686471e-05
31294.5  2.110235e-05
31308.0  2.226022e-05
31321.5  2.362873e-05
31335.1  2.493807e-05
31348.6  2.695193e-05
31362.1  2.957433e-05
31375.6  2.797354e-05
31389.1  3.105820e-05
31402.6  3.417767e-05
31416.1  3.529571e-05
31429.6  3.622279e-05
31443.2  3.883264e-05
31456.7  4.060934e-05
31470.2  3.965183e-05
31483.7  3.946305e-05
31497.2  4.290697e-05
31510.7  4.528525e-05
31524.2  4.581327e-05
31537.7  4.671499e-05
31551.3  4.993442e-05
31564.8  5.237215e-05
31578.3  5.310881e-05
31591.8  5.317368e-05
31605.3  5.555055e-05
31618.8  5.994197e-05
31632.3  6.075678e-05
31645.8  6.085736e-05
31659.4  6.331884e-05
31672.9  6.695176e-05
31686.4  6.796799e-05
31699.9  7.077255e-05
31713.4  7.278699e-05
31726.9  7.179767e-05
31740.4  7.159527e-05
31753.9  7.235314e-05
31767.5  7.407460e-05
31781.0  7.826182e-05
31794.5  7.998631e-05
31808.0  7.860888e-05
31821.5  7.980824e-05
31835.0  8.167467e-05
31848.5  7.935723e-05
31862.0  7.553985e-05
31875.5  7.758396e-05
31889.1  7.999486e-05
31902.6  7.977231e-05
31916.1  7.845745e-05
31929.6  7.632377e-05
31943.1  7.901688e-05
31956.6  8.038524e-05
31970.1  8.109225e-05
31983.6  8.028364e-05
31997.2  7.653350e-05
32010.7  7.479131e-05
32024.2  7.637116e-05
32037.7  7.661121e-05
32051.2  7.508111e-05
32064.7  7.600417e-05
32078.2  7.924385e-05
32091.7  8.185816e-05
32105.3  8.333991e-05
32118.8  8.429952e-05
32132.3  8.248508e-05
32145.8  8.278016e-05
32159.3  8.316272e-05
32172.8  8.376464e-05
32186.3  8.479940e-05
32199.8  8.605290e-05
32213.4  8.674345e-05
32226.9  8.734479e-05
32240.4  8.705980e-05
32253.9  8.665899e-05
32267.4  8.725417e-05
32280.9  9.080344e-05
32294.4  9.661500e-05
32307.9  9.771350e-05
32321.5  9.749091e-05
32335.0  9.739884e-05
32348.5  9.939600e-05
32362.0  1.004638e-04
32375.5  1.031771e-04
32389.0  1.071204e-04
32402.5  1.099556e-04
32416.0  1.116694e-04
32429.6  1.127998e-04
32443.1  1.193968e-04
32456.6  1.245555e-04
32470.1  1.273868e-04
32483.6  1.292250e-04
32497.1  1.304679e-04
32510.6  1.364900e-04
32524.1  1.453145e-04
32537.7  1.516350e-04
32551.2  1.548937e-04
32564.7  1.605597e-04
32578.2  1.673616e-04
32591.7  1.729977e-04
32605.2  1.815003e-04
32618.7  1.932005e-04
32632.2  2.056872e-04
32645.8  2.179092e-04
32659.3  2.292937e-04
32672.8  2.398877e-04
32686.3  2.530629e-04
32699.8  2.699286e-04
32713.3  2.878200e-04
32726.8  3.044855e-04
32740.3  3.225921e-04
32753.9  3.453239e-04
32767.4  3.696884e-04
32780.9  3.973351e-04
32794.4  4.277651e-04
32807.9  4.601560e-04
32821.4  4.972005e-04
32834.9  5.394524e-04
32848.4  5.855886e-04
32861.9  6.346023e-04
32875.5  6.893130e-04
32889.0  7.529483e-04
32902.5  8.252566e-04
32916.0  9.025386e-04
32929.5  9.867038e-04
32943.0  1.083716e-03
32956.5  1.190822e-03
32970.0  1.307854e-03
32983.6  1.438396e-03
32997.1  1.582023e-03
33010.6  1.738515e-03
33024.1  1.908840e-03
33037.6  2.094562e-03
33051.1  2.297905e-03
33064.6  2.514605e-03
33078.1  2.740841e-03
33091.7  2.983293e-03
33105.2  3.238787e-03
33118.7  3.501972e-03
33132.2  3.773424e-03
33145.7  4.050256e-03
33159.2  4.325681e-03
33172.7  4.598602e-03
33186.2  4.869121e-03
33199.8  5.135210e-03
33213.3  5.394004e-03
33226.8  5.634498e-03
33240.3  5.863192e-03
33253.8  6.076673e-03
33267.3  6.277595e-03
33280.8  6.467966e-03
33294.3  6.644322e-03
33307.9  6.809684e-03
33321.4  6.969714e-03
33334.9  7.121652e-03
33348.4  7.265630e-03
33361.9  7.405528e-03
33375.4  7.540421e-03
33388.9  7.679654e-03
33402.4  7.825964e-03
33416.0  7.974772e-03
33429.5  8.132046e-03
33443.0  8.300857e-03
33456.5  8.475943e-03
33470.0  8.662039e-03
33483.5  8.860405e-03
33497.0  9.077381e-03
33510.5  9.315883e-03
33524.1  9.570804e-03
33537.6  9.850917e-03
33551.1  1.015573e-02
33564.6  1.047550e-02
33578.1  1.082124e-02
33591.6  1.120346e-02
33605.1  1.161362e-02
33618.6  1.205745e-02
33632.2  1.254197e-02
33645.7  1.306351e-02
33659.2  1.363090e-02
33672.7  1.425365e-02
33686.2  1.491976e-02
33699.7  1.564086e-02
33713.2  1.643181e-02
33726.7  1.728458e-02
33740.2  1.821774e-02
33753.8  1.922587e-02
33767.3  2.032197e-02
33780.8  2.152018e-02
33794.3  2.282086e-02
33807.8  2.423800e-02
33821.3  2.579313e-02
33834.8  2.748439e-02
33848.3  2.932776e-02
33861.9  3.134882e-02
33875.4  3.355114e-02
33888.9  3.596545e-02
33902.4  3.861530e-02
33915.9  4.150635e-02
33929.4  4.467393e-02
33942.9  4.815829e-02
33956.4  5.196465e-02
33970.0  5.612400e-02
33983.5  6.068203e-02
33997.0  6.565829e-02
34010.5  7.110979e-02
34024.0  7.704838e-02
34037.5  8.352162e-02
34051.0  9.058815e-02
34064.5  9.826392e-02
34078.1  1.065948e-01
34091.6  1.156273e-01
34105.1  1.253616e-01
34118.6  1.358332e-01
34132.1  1.470587e-01
34145.6  1.590004e-01
34159.1  1.716664e-01
34172.6  1.850406e-01
34186.2  1.990394e-01
34199.7  2.135655e-01
34213.2  2.285215e-01
34226.7  2.437856e-01
34240.2  2.592664e-01
34253.7  2.747589e-01
34267.2  2.900737e-01
34280.7  3.050106e-01
34294.3  3.194405e-01
34307.8  3.332536e-01
34321.3  3.463726e-01
34334.8  3.586324e-01
34348.3  3.698603e-01
34361.8  3.801849e-01
34375.3  3.894727e-01
34388.8  3.977375e-01
34402.4  4.050579e-01
34415.9  4.113196e-01
34429.4  4.166937e-01
34442.9  4.213682e-01
34456.4  4.252969e-01
34469.9  4.286266e-01
34483.4  4.315089e-01
34496.9  4.338394e-01
34510.5  4.358960e-01
34524.0  4.375933e-01
34537.5  4.390666e-01
34551.0  4.404458e-01
34564.5  4.416284e-01
34578.0  4.427476e-01
34591.5  4.439027e-01
34605.0  4.449772e-01
34618.5  4.460685e-01
34632.1  4.472759e-01
34645.6  4.484720e-01
34659.1  4.497391e-01
34672.6  4.511809e-01
34686.1  4.526250e-01
34699.6  4.541611e-01
34713.1  4.558848e-01
34726.6  4.576049e-01
34740.2  4.595208e-01
34753.7  4.614269e-01
34767.2  4.634059e-01
34780.7  4.655555e-01
34794.2  4.676796e-01
34807.7  4.698829e-01
34821.2  4.722348e-01
34834.7  4.745323e-01
34848.3  4.768749e-01
34861.8  4.793395e-01
34875.3  4.817341e-01
34888.8  4.841278e-01
34902.3  4.865969e-01
34915.8  4.889516e-01
34929.3  4.912554e-01
34942.8  4.936055e-01
34956.4  4.958079e-01
34969.9  4.979413e-01
34983.4  5.000862e-01
34996.9  5.020345e-01
35010.4  5.039848e-01
35023.9  5.057502e-01
35037.4  5.074088e-01
35050.9  5.090469e-01
35064.5  5.104854e-01
35078.0  5.118216e-01
35091.5  5.131047e-01
35105.0  5.141948e-01
35118.5  5.151715e-01
35132.0  5.160758e-01
35145.5  5.167914e-01
35159.0  5.173905e-01
35172.6  5.179434e-01
35186.1  5.183498e-01
35199.6  5.186425e-01
35213.1  5.188929e-01
35226.6  5.190151e-01
35240.1  5.191182e-01
35253.6  5.191057e-01
35267.1  5.190120e-01
35280.7  5.188961e-01
35294.2  5.186898e-01
35307.7  5.184232e-01
35321.2  5.181979e-01
35334.7  5.178983e-01
35348.2  5.175794e-01
35361.7  5.172991e-01
35375.2  5.169620e-01
35388.8  5.166321e-01
35402.3  5.163484e-01
35415.8  5.160408e-01
35429.3  5.157714e-01
35442.8  5.155692e-01
35456.3  5.153754e-01
35469.8  5.152264e-01
35483.3  5.151519e-01
35496.8  5.151017e-01
35510.4  5.151364e-01
35523.9  5.152028e-01
35537.4  5.153289e-01
35550.9  5.155403e-01
35564.4  5.157993e-01
35577.9  5.161283e-01
35591.4  5.165527e-01
35604.9  5.170160e-01
35618.5  5.175643e-01
35632.0  5.182232e-01
35645.5  5.189208e-01
35659.0  5.196739e-01
35672.5  5.205179e-01
35686.0  5.213654e-01
35699.5  5.222642e-01
35713.0  5.232560e-01
35726.6  5.242438e-01
35740.1  5.253090e-01
35753.6  5.263531e-01
35767.1  5.274127e-01
35780.6  5.285435e-01
35794.1  5.296236e-01
35807.6  5.307071e-01
35821.1  5.318387e-01
35834.7  5.328998e-01
35848.2  5.339510e-01
35861.7  5.350304e-01
35875.2  5.360238e-01
35888.7  5.369845e-01
35902.2  5.379473e-01
35915.7  5.388036e-01
35929.2  5.395960e-01
35942.8  5.403777e-01
35956.3  5.410515e-01
35969.8  5.416508e-01
35983.3  5.422400e-01
35996.8  5.426978e-01
36010.3  5.431411e-01
36023.8  5.434676e-01
36037.3  5.437086e-01
36050.9  5.439034e-01
36064.4  5.439845e-01
36077.9  5.439827e-01
36091.4  5.439488e-01
36104.9  5.437946e-01
36118.4  5.435576e-01
36131.9  5.433098e-01
36145.4  5.429446e-01
36159.0  5.425071e-01
36172.5  5.420759e-01
36186.0  5.415390e-01
36199.5  5.409510e-01
36213.0  5.403788e-01
36226.5  5.397080e-01
36240.0  5.390682e-01
36253.5  5.383633e-01
36267.1  5.376342e-01
36280.6  5.369536e-01
36294.1  5.362094e-01
36307.6  5.354554e-01
36321.1  5.347705e-01
36334.6  5.340428e-01
36348.1  5.333338e-01
36361.6  5.327033e-01
36375.2  5.320436e-01
36388.7  5.314224e-01
36402.2  5.308918e-01
36415.7  5.303815e-01
36429.2  5.299458e-01
36442.7  5.295929e-01
36456.2  5.292445e-01
36469.7  5.289613e-01
36483.2  5.287693e-01
36496.8  5.286017e-01
36510.3  5.285410e-01
36523.8  5.284864e-01
36537.3  5.285089e-01
36550.8  5.286351e-01
36564.3  5.287831e-01
36577.8  5.290091e-01
36591.3  5.293285e-01
36604.9  5.296682e-01
36618.4  5.300694e-01
36631.9  5.305496e-01
36645.4  5.310624e-01
36658.9  5.316385e-01
36672.4  5.322894e-01
36685.9  5.329684e-01
36699.4  5.336869e-01
36713.0  5.344615e-01
36726.5  5.352569e-01
36740.0  5.360834e-01
36753.5  5.369645e-01
36767.0  5.378591e-01
36780.5  5.387872e-01
36794.0  5.397126e-01
36807.5  5.406584e-01
36821.1  5.416234e-01
36834.6  5.426311e-01
36848.1  5.436453e-01
36861.6  5.446571e-01
36875.1  5.456501e-01
36888.6  5.466237e-01
36902.1  5.475946e-01
36915.6  5.485484e-01
36929.2  5.494775e-01
36942.7  5.503945e-01
36956.2  5.512792e-01
36969.7  5.521227e-01
36983.2  5.529489e-01
36996.7  5.537277e-01
37010.2  5.544781e-01
37023.7  5.551747e-01
37037.3  5.558340e-01
37050.8  5.564666e-01
37064.3  5.570497e-01
37077.8  5.575925e-01
37091.3  5.581102e-01
37104.8  5.585775e-01
37118.3  5.590046e-01
37131.8  5.594106e-01
37145.4  5.597632e-01
37158.9  5.600746e-01
37172.4  5.603807e-01
37185.9  5.606370e-01
37199.4  5.608571e-01
37212.9  5.610853e-01
37226.4  5.612679e-01
37239.9  5.614143e-01
37253.5  5.615986e-01
37267.0  5.617502e-01
37280.5  5.618996e-01
37294.0  5.620068e-01
37307.5  5.621039e-01
37321.0  5.622169e-01
37334.5  5.622877e-01
37348.0  5.623401e-01
37361.5  5.624162e-01
37375.1  5.624565e-01
37388.6  5.624680e-01
37402.1  5.624907e-01
37415.6  5.624630e-01
37429.1  5.624027e-01
37442.6  5.623535e-01
37456.1  5.622409e-01
37469.6  5.620854e-01
37483.2  5.619364e-01
37496.7  5.617092e-01
37510.2  5.614524e-01
37523.7  5.610932e-01
37537.2  5.606624e-01
37550.7  5.601811e-01
37564.2  5.595738e-01
37577.7  5.588571e-01
37591.3  5.580442e-01
37604.8  5.570651e-01
37618.3  5.559413e-01
37631.8  5.546857e-01
37645.3  5.532226e-01
37658.8  5.515629e-01
37672.3  5.497160e-01
37685.8  5.476170e-01
37699.4  5.452724e-01
37712.9  5.426825e-01
37726.4  5.397760e-01
37739.9  5.365620e-01
37753.4  5.330454e-01
37766.9  5.291595e-01
37780.4  5.249407e-01
37793.9  5.203170e-01
37807.5  5.153150e-01
37821.0  5.099374e-01
37834.5  5.041214e-01
37848.0  4.978899e-01
37861.5  4.912422e-01
37875.0  4.841419e-01
37888.5  4.766280e-01
37902.0  4.687085e-01
37915.6  4.603584e-01
37929.1  4.516124e-01
37942.6  4.424787e-01
37956.1  4.329616e-01
37969.6  4.231043e-01
37983.1  4.129163e-01
37996.6  4.024174e-01
38010.1  3.916543e-01
38023.7  3.806282e-01
38037.2  3.693725e-01
38050.7  3.579475e-01
38064.2  3.463852e-01
38077.7  3.347308e-01
38091.2  3.230154e-01
38104.7  3.112730e-01
38118.2  2.995436e-01
38131.8  2.878559e-01
38145.3  2.762541e-01
38158.8  2.647732e-01
38172.3  2.534358e-01
38185.8  2.422810e-01
38199.3  2.313334e-01
38212.8  2.206126e-01
38226.3  2.101550e-01
38239.8  1.999716e-01
38253.4  1.900726e-01
38266.9  1.804881e-01
38280.4  1.712096e-01
38293.9  1.622690e-01
38307.4  1.536572e-01
38320.9  1.453669e-01
38334.4  1.374250e-01
38347.9  1.298234e-01
38361.5  1.225483e-01
38375.0  1.156075e-01
38388.5  1.089924e-01
38402.0  1.026940e-01
38415.5  9.671839e-02
38429.0  9.104565e-02
38442.5  8.566235e-02
38456.0  8.057389e-02
38469.6  7.575985e-02
38483.1  7.120139e-02
38496.6  6.690030e-02
38510.1  6.283771e-02
38523.6  5.901455e-02
38537.1  5.541504e-02
38550.6  5.202408e-02
38564.1  4.883856e-02
38577.7  4.584053e-02
38591.2  4.301204e-02
38604.7  4.035748e-02
38618.2  3.786749e-02
38631.7  3.552668e-02
38645.2  3.333009e-02
38658.7  3.127018e-02
38672.2  2.933715e-02
38685.8  2.752539e-02
38699.3  2.582621e-02
38712.8  2.423205e-02
38726.3  2.273823e-02
38739.8  2.133670e-02
38753.3  2.002291e-02
38766.8  1.879518e-02
38780.3  1.764391e-02
38793.9  1.656329e-02
38807.4  1.554736e-02
38820.9  1.459426e-02
38834.4  1.370367e-02
38847.9  1.286847e-02
38861.4  1.208624e-02
38874.9  1.135804e-02
38888.4  1.067669e-02
38902.0  1.003382e-02
38915.5  9.427986e-03
38929.0  8.860261e-03
38942.5  8.329842e-03
38956.0  7.833560e-03
38969.5  7.367345e-03
38983.0  6.928413e-03
38996.5  6.516755e-03
39010.1  6.132969e-03
39023.6  5.774300e-03
39037.1  5.437448e-03
39050.6  5.119243e-03
39064.1  4.817204e-03
39077.6  4.531874e-03
39091.1  4.264113e-03
39104.6  4.013767e-03
39118.2  3.781132e-03
39131.7  3.565985e-03
39145.2  3.364462e-03
39158.7  3.172277e-03
39172.2  2.990040e-03
39185.7  2.818667e-03
39199.2  2.658102e-03
39212.7  2.508036e-03
39226.2  2.365793e-03
39239.8  2.230378e-03
39253.3  2.102733e-03
39266.8  1.982798e-03
39280.3  1.869760e-03
39293.8  1.763606e-03
39307.3  1.665066e-03
39320.8  1.571578e-03
39334.3  1.482852e-03
39347.9  1.399870e-03
39361.4  1.320777e-03
39374.9  1.245668e-03
39388.4  1.175602e-03
39401.9  1.110354e-03
39415.4  1.049238e-03
39428.9  9.923324e-04
39442.4  9.381065e-04
39456.0  8.843116e-04
39469.5  8.349873e-04
39483.0  7.898656e-04
39496.5  7.453130e-04
39510.0  7.027712e-04
39523.5  6.634715e-04
39537.0  6.267706e-04
39550.5  5.919736e-04
39564.1  5.594834e-04
39577.6  5.286408e-04
39591.1  4.987563e-04
39604.6  4.719159e-04
39618.1  4.455533e-04
39631.6  4.182030e-04
39645.1  3.920163e-04
39658.6  3.682728e-04
39672.2  3.468600e-04
39685.7  3.274329e-04
39699.2  3.098667e-04
39712.7  2.915459e-04
39726.2  2.720058e-04
39739.7  2.535459e-04
39753.2  2.355974e-04
39766.7  2.191842e-04
39780.3  2.053507e-04
39793.8  1.929159e-04
39807.3  1.797711e-04
39820.8  1.666695e-04
39834.3  1.561785e-04
39847.8  1.465489e-04
39861.3  1.363981e-04
39874.8  1.257390e-04
39888.4  1.165444e-04
39901.9  1.092000e-04
39915.4  1.031429e-04
39928.9  9.662310e-05
39942.4  9.033831e-05
39955.9  8.402481e-05
39969.4  7.671777e-05
39982.9  6.987747e-05
39996.5  6.525479e-05
40010.0  6.186793e-05
40023.5  5.813956e-05
40037.0  5.431983e-05
40050.5  5.271244e-05
40064.0  5.080030e-05
40077.5  4.631400e-05
40091.0  4.091823e-05
40104.5  3.587056e-05
40118.1  3.234226e-05
40131.6  3.073304e-05
40145.1  3.012264e-05
40158.6  2.768147e-05
40172.1  2.480382e-05
40185.6  2.322369e-05
40199.1  2.104184e-05
40212.6  1.785564e-05
40226.2  1.428372e-05
40239.7  1.209591e-05
40253.2  1.101582e-05
40266.7  1.251845e-05
40280.2  1.467165e-05
40293.7  1.404989e-05
40307.2  1.152529e-05
40320.7  9.972240e-06
40334.3  1.001677e-05
40347.8  9.635940e-06
40361.3  8.122167e-06
40374.8  6.348058e-06
40388.3  4.959228e-06
40401.8  4.842639e-06
40415.3  5.413886e-06
40428.8  5.080920e-06
40442.4  3.412408e-06
40455.9  2.568661e-06
40469.4  3.639618e-06
40482.9  4.169572e-06
40496.4  3.227623e-06
40509.9  2.128713e-06
40523.4  1.165781e-06
40536.9  1.389045e-06
40550.5  2.359275e-06
40564.0  3.478859e-06
40577.5  3.856002e-06
40591.0  2.732245e-06
40604.5  1.424982e-06
40618.0  8.132245e-07
40631.5  1.009346e-06
40645.0  2.134854e-06
40658.6  2.914097e-06
40672.1  3.383356e-06
40685.6  3.338877e-06
40699.1  2.611558e-06
40712.6  1.331601e-06
40726.1  8.795827e-07
40739.6  6.528467e-07
40753.1  8.350076e-07
40766.7  1.371292e-06
40780.2  1.952356e-06
40793.7  1.913372e-06
40807.2  1.583206e-06
40820.7  1.451982e-06
40834.2  1.494843e-06
40847.7  1.677689e-06
40861.2  1.752601e-06
40874.8  1.861385e-06
40888.3  1.522547e-06
40901.8  1.413953e-06
40915.3  1.768445e-06
40928.8  1.862594e-06
40942.3  2.133125e-06
40955.8  2.953789e-06
40969.3  4.036562e-06
40982.8  4.620540e-06
40996.4  5.231710e-06
41009.9  0.000000e+00
41023.4  0.000000e+00
