# from http://www.stsci.edu/jwst/instruments/nircam/instrumentdesign/filters
# Retrieved March, 2023, dated Nov, 2022 (post-flight)
# Uses modA or modB  filters+DBS+QE+OTE (nrc_plus_ote)
# Units of transmission are PCE (photon to electron conversion efficiency)
# 
3980.0  0.000000e+00
3990.0  0.000000e+00
4000.0  0.000000e+00
4010.0  0.000000e+00
4020.0  0.000000e+00
4030.0  0.000000e+00
4040.0  0.000000e+00
4050.0  0.000000e+00
4060.0  0.000000e+00
4070.0  0.000000e+00
4080.0  0.000000e+00
4090.0  0.000000e+00
4100.0  0.000000e+00
4110.0  0.000000e+00
4120.0  0.000000e+00
4130.0  0.000000e+00
4140.0  0.000000e+00
4150.0  0.000000e+00
4160.0  0.000000e+00
4170.0  0.000000e+00
4180.0  0.000000e+00
4190.0  0.000000e+00
4200.0  0.000000e+00
4210.0  0.000000e+00
4220.0  0.000000e+00
4230.0  0.000000e+00
4240.0  0.000000e+00
4250.0  0.000000e+00
4260.0  0.000000e+00
4270.0  0.000000e+00
4280.0  0.000000e+00
4290.0  0.000000e+00
4300.0  0.000000e+00
4310.0  0.000000e+00
4320.0  0.000000e+00
4330.0  0.000000e+00
4340.0  0.000000e+00
4350.0  0.000000e+00
4360.0  0.000000e+00
4370.0  0.000000e+00
4380.0  0.000000e+00
4390.0  0.000000e+00
4400.0  0.000000e+00
4410.0  0.000000e+00
4420.0  0.000000e+00
4430.0  0.000000e+00
4440.0  0.000000e+00
4450.0  0.000000e+00
4460.0  0.000000e+00
4470.0  0.000000e+00
4480.0  0.000000e+00
4490.0  0.000000e+00
4500.0  0.000000e+00
4510.0  0.000000e+00
4520.0  0.000000e+00
4530.0  0.000000e+00
4540.0  0.000000e+00
4550.0  0.000000e+00
4560.0  0.000000e+00
4570.0  0.000000e+00
4580.0  0.000000e+00
4590.0  0.000000e+00
4600.0  0.000000e+00
4610.0  0.000000e+00
4620.0  0.000000e+00
4630.0  0.000000e+00
4640.0  0.000000e+00
4650.0  0.000000e+00
4660.0  0.000000e+00
4670.0  0.000000e+00
4680.0  0.000000e+00
4690.0  0.000000e+00
4700.0  0.000000e+00
4710.0  0.000000e+00
4720.0  0.000000e+00
4730.0  0.000000e+00
4740.0  0.000000e+00
4750.0  0.000000e+00
4760.0  0.000000e+00
4770.0  0.000000e+00
4780.0  0.000000e+00
4790.0  0.000000e+00
4800.0  0.000000e+00
4810.0  0.000000e+00
4820.0  0.000000e+00
4830.0  0.000000e+00
4840.0  0.000000e+00
4850.0  0.000000e+00
4860.0  0.000000e+00
4870.0  0.000000e+00
4880.0  0.000000e+00
4890.0  0.000000e+00
4900.0  0.000000e+00
4910.0  0.000000e+00
4920.0  0.000000e+00
4930.0  0.000000e+00
4940.0  0.000000e+00
4950.0  0.000000e+00
4960.0  0.000000e+00
4970.0  0.000000e+00
4980.0  0.000000e+00
4990.0  0.000000e+00
5000.0  0.000000e+00
5010.0  0.000000e+00
5020.0  0.000000e+00
5030.0  0.000000e+00
5040.0  0.000000e+00
5050.0  0.000000e+00
5060.0  0.000000e+00
5070.0  0.000000e+00
5080.0  0.000000e+00
5090.0  0.000000e+00
5100.0  0.000000e+00
5110.0  0.000000e+00
5120.0  0.000000e+00
5130.0  0.000000e+00
5140.0  0.000000e+00
5150.0  0.000000e+00
5160.0  0.000000e+00
5170.0  0.000000e+00
5180.0  0.000000e+00
5190.0  0.000000e+00
5200.0  0.000000e+00
5210.0  0.000000e+00
5220.0  0.000000e+00
5230.0  0.000000e+00
5240.0  0.000000e+00
5250.0  2.273535e-07
5260.0  9.620616e-07
5270.0  1.669546e-06
5280.0  2.113036e-06
5290.0  2.171561e-06
5300.0  2.002709e-06
5310.0  1.868391e-06
5320.0  1.828686e-06
5330.0  1.874232e-06
5340.0  1.957226e-06
5350.0  2.244209e-06
5360.0  2.765237e-06
5370.0  3.663139e-06
5380.0  5.052698e-06
5390.0  7.681147e-06
5400.0  1.195878e-05
5410.0  1.699334e-05
5420.0  1.980621e-05
5430.0  1.890600e-05
5440.0  1.507077e-05
5450.0  1.093292e-05
5460.0  7.739329e-06
5470.0  5.913063e-06
5480.0  4.924325e-06
5490.0  4.430814e-06
5500.0  4.381462e-06
5510.0  4.717630e-06
5520.0  5.202906e-06
5530.0  5.852038e-06
5540.0  6.612020e-06
5550.0  7.330044e-06
5560.0  7.548518e-06
5570.0  7.635957e-06
5580.0  6.516345e-06
5590.0  4.583739e-06
5600.0  4.535933e-06
5610.0  5.133740e-06
5620.0  4.885042e-06
5630.0  4.540301e-06
5640.0  5.019357e-06
5650.0  5.709706e-06
5660.0  6.308348e-06
5670.0  6.395280e-06
5680.0  6.704120e-06
5690.0  7.031561e-06
5700.0  6.921541e-06
5710.0  7.299707e-06
5720.0  8.633148e-06
5730.0  1.026149e-05
5740.0  1.114562e-05
5750.0  1.242422e-05
5760.0  1.495541e-05
5770.0  1.713896e-05
5780.0  1.801620e-05
5790.0  1.884797e-05
5800.0  2.089329e-05
5810.0  2.569090e-05
5820.0  3.462124e-05
5830.0  5.197177e-05
5840.0  9.263947e-05
5850.0  1.903906e-04
5860.0  3.530410e-04
5870.0  4.754759e-04
5880.0  4.465925e-04
5890.0  2.934269e-04
5900.0  1.556383e-04
5910.0  8.778107e-05
5920.0  6.119182e-05
5930.0  4.696492e-05
5940.0  3.913854e-05
5950.0  3.828682e-05
5960.0  3.585849e-05
5970.0  3.683840e-05
5980.0  3.999835e-05
5990.0  4.158454e-05
6000.0  4.513335e-05
6010.0  5.037023e-05
6020.0  5.848133e-05
6030.0  7.136617e-05
6040.0  8.696519e-05
6050.0  1.009107e-04
6060.0  1.161449e-04
6070.0  1.297208e-04
6080.0  1.334396e-04
6090.0  1.289974e-04
6100.0  1.189532e-04
6110.0  1.053177e-04
6120.0  8.922225e-05
6130.0  7.592306e-05
6140.0  6.501387e-05
6150.0  5.848345e-05
6160.0  5.298219e-05
6170.0  4.997950e-05
6180.0  4.941036e-05
6190.0  4.606830e-05
6200.0  4.287237e-05
6210.0  4.091592e-05
6220.0  4.578247e-05
6230.0  4.924200e-05
6240.0  5.484514e-05
6250.0  6.528254e-05
6260.0  8.073193e-05
6270.0  1.054720e-04
6280.0  1.479121e-04
6290.0  2.178856e-04
6300.0  3.251429e-04
6310.0  4.591674e-04
6320.0  5.591591e-04
6330.0  5.650538e-04
6340.0  4.809223e-04
6350.0  3.741186e-04
6360.0  2.904450e-04
6370.0  2.423527e-04
6380.0  2.184062e-04
6390.0  2.111869e-04
6400.0  2.232396e-04
6410.0  2.467687e-04
6420.0  2.804439e-04
6430.0  3.159021e-04
6440.0  3.446949e-04
6450.0  3.489346e-04
6460.0  3.182493e-04
6470.0  2.654427e-04
6480.0  2.079383e-04
6490.0  1.653596e-04
6500.0  1.342156e-04
6510.0  1.106397e-04
6520.0  9.571394e-05
6530.0  9.218671e-05
6540.0  9.118220e-05
6550.0  9.400034e-05
6560.0  1.015872e-04
6570.0  1.194236e-04
6580.0  1.408805e-04
6590.0  1.697620e-04
6600.0  2.044410e-04
6610.0  2.404614e-04
6620.0  2.540177e-04
6630.0  2.423260e-04
6640.0  2.169234e-04
6650.0  1.908213e-04
6660.0  1.643144e-04
6670.0  1.418598e-04
6680.0  1.312897e-04
6690.0  1.255678e-04
6700.0  1.243394e-04
6710.0  1.254058e-04
6720.0  1.390967e-04
6730.0  1.611429e-04
6740.0  1.913814e-04
6750.0  2.200852e-04
6760.0  2.477376e-04
6770.0  2.644752e-04
6780.0  2.710839e-04
6790.0  2.593013e-04
6800.0  2.314410e-04
6810.0  1.923475e-04
6820.0  1.624879e-04
6830.0  1.519171e-04
6840.0  1.467662e-04
6850.0  1.409904e-04
6860.0  1.365361e-04
6870.0  1.406704e-04
6880.0  1.483702e-04
6890.0  1.539627e-04
6900.0  1.655409e-04
6910.0  1.766805e-04
6920.0  1.780195e-04
6930.0  1.695967e-04
6940.0  1.571659e-04
6950.0  1.415757e-04
6960.0  1.213818e-04
6970.0  1.073132e-04
6980.0  9.812108e-05
6990.0  9.109413e-05
7000.0  8.456614e-05
7010.0  7.680348e-05
7020.0  7.300573e-05
7030.0  7.704394e-05
7040.0  8.908145e-05
7050.0  1.041525e-04
7060.0  1.229545e-04
7070.0  1.446123e-04
7080.0  1.719844e-04
7090.0  2.172487e-04
7100.0  3.025138e-04
7110.0  4.432605e-04
7120.0  6.556670e-04
7130.0  9.448748e-04
7140.0  1.335538e-03
7150.0  1.734802e-03
7160.0  1.974339e-03
7170.0  1.862154e-03
7180.0  1.498311e-03
7190.0  1.090428e-03
7200.0  7.690884e-04
7210.0  5.311552e-04
7220.0  3.668401e-04
7230.0  2.720874e-04
7240.0  1.990641e-04
7250.0  1.514286e-04
7260.0  1.210715e-04
7270.0  1.019505e-04
7280.0  8.233903e-05
7290.0  6.365320e-05
7300.0  5.820007e-05
7310.0  5.545801e-05
7320.0  5.240529e-05
7330.0  4.789049e-05
7340.0  5.272726e-05
7350.0  5.479102e-05
7360.0  4.943849e-05
7370.0  5.198377e-05
7380.0  6.376890e-05
7390.0  8.031643e-05
7400.0  8.831979e-05
7410.0  1.102809e-04
7420.0  1.455032e-04
7430.0  2.097118e-04
7440.0  3.127221e-04
7450.0  4.749556e-04
7460.0  7.102182e-04
7470.0  1.018343e-03
7480.0  1.338178e-03
7490.0  1.568911e-03
7500.0  1.666043e-03
7510.0  1.730462e-03
7520.0  2.026153e-03
7530.0  2.740712e-03
7540.0  3.532373e-03
7550.0  3.527390e-03
7560.0  2.500654e-03
7570.0  1.233319e-03
7580.0  5.060265e-04
7590.0  2.489209e-04
7600.0  1.418492e-04
7610.0  8.014194e-05
7620.0  4.801684e-05
7630.0  3.895191e-05
7640.0  2.704070e-05
7650.0  1.524425e-05
7660.0  1.466871e-05
7670.0  1.566518e-05
7680.0  1.537236e-05
7690.0  1.054491e-05
7700.0  1.094396e-05
7710.0  9.149339e-06
7720.0  1.153354e-05
7730.0  1.115986e-05
7740.0  5.020269e-06
7750.0  6.568597e-06
7760.0  9.506331e-06
7770.0  1.731606e-05
7780.0  6.737217e-06
7790.0  7.822137e-06
7800.0  1.094342e-05
7810.0  1.616257e-05
7820.0  9.207912e-06
7830.0  1.780213e-05
7840.0  1.782847e-05
7850.0  1.376182e-05
7860.0  1.187231e-05
7870.0  1.850886e-05
7880.0  2.877855e-05
7890.0  5.331215e-05
7900.0  1.045507e-04
7910.0  1.592468e-04
7920.0  1.848675e-04
7930.0  1.520741e-04
7940.0  1.010489e-04
7950.0  6.767222e-05
7960.0  4.977660e-05
7970.0  -8.562228e-05
7980.0  3.525656e-04
7990.0  1.025260e-03
8000.0  2.174741e-03
8010.0  1.600456e-03
8020.0  2.375068e-03
8030.0  2.126207e-03
8040.0  2.167041e-03
8050.0  4.551952e-04
8060.0  1.753230e-04
8070.0  7.961927e-04
8080.0  1.821538e-03
8090.0  2.023417e-03
8100.0  9.854418e-04
8110.0  1.250939e-03
8120.0  1.166960e-03
8130.0  1.697972e-03
8140.0  1.617800e-03
8150.0  1.807792e-03
8160.0  1.265953e-03
8170.0  1.421473e-03
8180.0  1.321346e-03
8190.0  1.064653e-03
8200.0  1.475442e-03
8210.0  2.394592e-03
8220.0  2.003360e-03
8230.0  5.979037e-04
8240.0  -3.762457e-04
8250.0  2.529296e-04
8260.0  1.588217e-03
8270.0  1.961951e-03
8280.0  8.751348e-04
8290.0  5.447811e-06
8300.0  5.686445e-04
8310.0  1.093390e-03
8320.0  1.407237e-03
8330.0  1.236201e-03
8340.0  1.205739e-03
8350.0  1.097234e-03
8360.0  1.167540e-03
8370.0  1.085869e-03
8380.0  1.358136e-03
8390.0  1.402375e-03
8400.0  1.130501e-03
8410.0  9.218120e-04
8420.0  1.106710e-03
8430.0  9.699488e-04
8440.0  8.356418e-04
8450.0  7.545179e-04
8460.0  9.414864e-04
8470.0  1.299727e-03
8480.0  1.435549e-03
8490.0  1.061687e-03
8500.0  9.244728e-04
8510.0  1.187411e-03
8520.0  1.375626e-03
8530.0  1.401209e-03
8540.0  1.629305e-03
8550.0  1.091278e-03
8560.0  6.128713e-04
8570.0  3.817019e-04
8580.0  9.856550e-04
8590.0  1.234394e-03
8600.0  1.662124e-03
8610.0  1.093048e-03
8620.0  8.730850e-04
8630.0  6.107691e-04
8640.0  1.123138e-03
8650.0  1.189371e-03
8660.0  1.325579e-03
8670.0  7.548129e-04
8680.0  9.223050e-04
8690.0  1.239192e-03
8700.0  1.485821e-03
8710.0  1.173102e-03
8720.0  1.323335e-03
8730.0  1.328076e-03
8740.0  1.151289e-03
8750.0  1.137394e-03
8760.0  1.266034e-03
8770.0  1.296432e-03
8780.0  1.216506e-03
8790.0  1.166227e-03
8800.0  1.056476e-03
8810.0  9.141131e-04
8820.0  8.861279e-04
8830.0  9.361053e-04
8840.0  8.366097e-04
8850.0  6.853516e-04
8860.0  7.659720e-04
8870.0  9.565726e-04
8880.0  8.309781e-04
8890.0  6.844618e-04
8900.0  8.764735e-04
8910.0  1.014701e-03
8920.0  9.886828e-04
8930.0  1.037283e-03
8940.0  1.153002e-03
8950.0  1.184715e-03
8960.0  1.173580e-03
8970.0  1.109867e-03
8980.0  1.086263e-03
8990.0  1.088857e-03
9000.0  1.153906e-03
9010.0  1.277206e-03
9020.0  1.318852e-03
9030.0  1.277884e-03
9040.0  1.221079e-03
9050.0  1.212093e-03
9060.0  1.073456e-03
9070.0  9.290509e-04
9080.0  9.567018e-04
9090.0  1.021807e-03
9100.0  9.380211e-04
9110.0  7.919162e-04
9120.0  8.216266e-04
9130.0  9.755937e-04
9140.0  9.363014e-04
9150.0  8.166255e-04
9160.0  6.551969e-04
9170.0  5.209658e-04
9180.0  5.388889e-04
9190.0  6.870805e-04
9200.0  7.781777e-04
9210.0  7.327547e-04
9220.0  6.943684e-04
9230.0  7.874752e-04
9240.0  9.333231e-04
9250.0  1.041483e-03
9260.0  1.053036e-03
9270.0  1.208356e-03
9280.0  1.373955e-03
9290.0  1.516661e-03
9300.0  1.552854e-03
9310.0  1.658894e-03
9320.0  1.869481e-03
9330.0  2.070852e-03
9340.0  2.170021e-03
9350.0  2.224460e-03
9360.0  2.343325e-03
9370.0  2.494500e-03
9380.0  2.614819e-03
9390.0  2.710030e-03
9400.0  2.740835e-03
9410.0  2.736668e-03
9420.0  2.736111e-03
9430.0  2.785662e-03
9440.0  2.746921e-03
9450.0  2.699148e-03
9460.0  2.637232e-03
9470.0  2.561654e-03
9480.0  2.452999e-03
9490.0  2.361326e-03
9500.0  2.256156e-03
9510.0  2.143349e-03
9520.0  2.080298e-03
9530.0  1.999282e-03
9540.0  1.876806e-03
9550.0  1.800002e-03
9560.0  1.751396e-03
9570.0  1.691424e-03
9580.0  1.631679e-03
9590.0  1.620364e-03
9600.0  1.615166e-03
9610.0  1.659269e-03
9620.0  1.766639e-03
9630.0  1.898896e-03
9640.0  1.977378e-03
9650.0  2.119271e-03
9660.0  2.332245e-03
9670.0  2.587472e-03
9680.0  2.858595e-03
9690.0  3.221491e-03
9700.0  3.730213e-03
9710.0  4.304406e-03
9720.0  4.983084e-03
9730.0  5.827961e-03
9740.0  6.875005e-03
9750.0  8.058633e-03
9760.0  9.576915e-03
9770.0  1.138438e-02
9780.0  1.352334e-02
9790.0  1.599088e-02
9800.0  1.911543e-02
9810.0  2.254479e-02
9820.0  2.660570e-02
9830.0  3.118630e-02
9840.0  3.639391e-02
9850.0  4.258971e-02
9860.0  4.909569e-02
9870.0  5.614705e-02
9880.0  6.364537e-02
9890.0  7.256477e-02
9900.0  8.187443e-02
9910.0  9.147481e-02
9920.0  1.028582e-01
9930.0  1.138594e-01
9940.0  1.248753e-01
9950.0  1.359466e-01
9960.0  1.492345e-01
9970.0  1.623472e-01
9980.0  1.756080e-01
9990.0  1.886545e-01
10000.0  2.007098e-01
10010.0  2.124542e-01
10020.0  2.243250e-01
10030.0  2.363446e-01
10040.0  2.483876e-01
10050.0  2.591546e-01
10060.0  2.691036e-01
10070.0  2.774222e-01
10080.0  2.860751e-01
10090.0  2.939347e-01
10100.0  3.014542e-01
10110.0  3.091972e-01
10120.0  3.158429e-01
10130.0  3.220579e-01
10140.0  3.274367e-01
10150.0  3.326543e-01
10160.0  3.360567e-01
10170.0  3.395576e-01
10180.0  3.437326e-01
10190.0  3.475670e-01
10200.0  3.514704e-01
10210.0  3.550383e-01
10220.0  3.579854e-01
10230.0  3.594111e-01
10240.0  3.608582e-01
10250.0  3.617362e-01
10260.0  3.623956e-01
10270.0  3.636798e-01
10280.0  3.657318e-01
10290.0  3.675762e-01
10300.0  3.689194e-01
10310.0  3.703517e-01
10320.0  3.713592e-01
10330.0  3.717924e-01
10340.0  3.731440e-01
10350.0  3.742672e-01
10360.0  3.755922e-01
10370.0  3.769788e-01
10380.0  3.778933e-01
10390.0  3.777576e-01
10400.0  3.772198e-01
10410.0  3.774036e-01
10420.0  3.778324e-01
10430.0  3.795438e-01
10440.0  3.811684e-01
10450.0  3.815303e-01
10460.0  3.816705e-01
10470.0  3.820560e-01
10480.0  3.830989e-01
10490.0  3.831671e-01
10500.0  3.829122e-01
10510.0  3.828471e-01
10520.0  3.837512e-01
10530.0  3.851953e-01
10540.0  3.854771e-01
10550.0  3.849186e-01
10560.0  3.837370e-01
10570.0  3.833480e-01
10580.0  3.834846e-01
10590.0  3.837804e-01
10600.0  3.844703e-01
10610.0  3.847592e-01
10620.0  3.851345e-01
10630.0  3.853113e-01
10640.0  3.852256e-01
10650.0  3.848650e-01
10660.0  3.850076e-01
10670.0  3.860116e-01
10680.0  3.867569e-01
10690.0  3.873919e-01
10700.0  3.866662e-01
10710.0  3.861928e-01
10720.0  3.858220e-01
10730.0  3.864524e-01
10740.0  3.874267e-01
10750.0  3.889716e-01
10760.0  3.910006e-01
10770.0  3.926280e-01
10780.0  3.940358e-01
10790.0  3.949053e-01
10800.0  3.964135e-01
10810.0  3.977474e-01
10820.0  3.985671e-01
10830.0  3.990136e-01
10840.0  3.998165e-01
10850.0  4.012588e-01
10860.0  4.026905e-01
10870.0  4.041195e-01
10880.0  4.045640e-01
10890.0  4.042047e-01
10900.0  4.038320e-01
10910.0  4.051721e-01
10920.0  4.075759e-01
10930.0  4.090303e-01
10940.0  4.095270e-01
10950.0  4.091315e-01
10960.0  4.091525e-01
10970.0  4.092047e-01
10980.0  4.099639e-01
10990.0  4.108885e-01
11000.0  4.116277e-01
11010.0  4.124817e-01
11020.0  4.130219e-01
11030.0  4.132102e-01
11040.0  4.131456e-01
11050.0  4.130702e-01
11060.0  4.133056e-01
11070.0  4.139079e-01
11080.0  4.152450e-01
11090.0  4.153274e-01
11100.0  4.152511e-01
11110.0  4.151923e-01
11120.0  4.154300e-01
11130.0  4.152630e-01
11140.0  4.153766e-01
11150.0  4.162182e-01
11160.0  4.165131e-01
11170.0  4.168969e-01
11180.0  4.172397e-01
11190.0  4.172629e-01
11200.0  4.162564e-01
11210.0  4.152742e-01
11220.0  4.150501e-01
11230.0  4.145365e-01
11240.0  4.145251e-01
11250.0  4.154039e-01
11260.0  4.161102e-01
11270.0  4.155712e-01
11280.0  4.146238e-01
11290.0  4.141564e-01
11300.0  4.146474e-01
11310.0  4.160788e-01
11320.0  4.167696e-01
11330.0  4.164911e-01
11340.0  4.161237e-01
11350.0  4.160629e-01
11360.0  4.166351e-01
11370.0  4.172894e-01
11380.0  4.180008e-01
11390.0  4.182256e-01
11400.0  4.194356e-01
11410.0  4.213658e-01
11420.0  4.233868e-01
11430.0  4.246687e-01
11440.0  4.247326e-01
11450.0  4.248182e-01
11460.0  4.256506e-01
11470.0  4.271381e-01
11480.0  4.290167e-01
11490.0  4.294711e-01
11500.0  4.298909e-01
11510.0  4.303601e-01
11520.0  4.315324e-01
11530.0  4.321076e-01
11540.0  4.325904e-01
11550.0  4.333605e-01
11560.0  4.339174e-01
11570.0  4.351912e-01
11580.0  4.363943e-01
11590.0  4.374748e-01
11600.0  4.370749e-01
11610.0  4.367997e-01
11620.0  4.371237e-01
11630.0  4.383462e-01
11640.0  4.392406e-01
11650.0  4.399467e-01
11660.0  4.401526e-01
11670.0  4.400729e-01
11680.0  4.395789e-01
11690.0  4.397868e-01
11700.0  4.395906e-01
11710.0  4.393041e-01
11720.0  4.385801e-01
11730.0  4.387949e-01
11740.0  4.383618e-01
11750.0  4.372740e-01
11760.0  4.350980e-01
11770.0  4.325119e-01
11780.0  4.301452e-01
11790.0  4.270886e-01
11800.0  4.235830e-01
11810.0  4.195126e-01
11820.0  4.140777e-01
11830.0  4.068425e-01
11840.0  3.974638e-01
11850.0  3.882760e-01
11860.0  3.778478e-01
11870.0  3.661664e-01
11880.0  3.530297e-01
11890.0  3.406217e-01
11900.0  3.287146e-01
11910.0  3.154513e-01
11920.0  3.022771e-01
11930.0  2.896771e-01
11940.0  2.784861e-01
11950.0  2.688734e-01
11960.0  2.610392e-01
11970.0  2.553900e-01
11980.0  2.533943e-01
11990.0  2.541677e-01
12000.0  2.559297e-01
12010.0  2.588869e-01
12020.0  2.644548e-01
12030.0  2.726618e-01
12040.0  2.823346e-01
12050.0  2.929088e-01
12060.0  3.051856e-01
12070.0  3.178507e-01
12080.0  3.306609e-01
12090.0  3.439097e-01
12100.0  3.587499e-01
12110.0  3.724611e-01
12120.0  3.846615e-01
12130.0  3.966942e-01
12140.0  4.073750e-01
12150.0  4.164047e-01
12160.0  4.239557e-01
12170.0  4.312958e-01
12180.0  4.381411e-01
12190.0  4.434192e-01
12200.0  4.466888e-01
12210.0  4.485319e-01
12220.0  4.503070e-01
12230.0  4.522346e-01
12240.0  4.527355e-01
12250.0  4.531536e-01
12260.0  4.535057e-01
12270.0  4.545420e-01
12280.0  4.549653e-01
12290.0  4.549111e-01
12300.0  4.542627e-01
12310.0  4.535427e-01
12320.0  4.539575e-01
12330.0  4.548243e-01
12340.0  4.554612e-01
12350.0  4.554258e-01
12360.0  4.553357e-01
12370.0  4.556796e-01
12380.0  4.555947e-01
12390.0  4.554005e-01
12400.0  4.553741e-01
12410.0  4.560992e-01
12420.0  4.570300e-01
12430.0  4.574968e-01
12440.0  4.577406e-01
12450.0  4.570877e-01
12460.0  4.571435e-01
12470.0  4.568929e-01
12480.0  4.571331e-01
12490.0  4.576890e-01
12500.0  4.584803e-01
12510.0  4.587888e-01
12520.0  4.588588e-01
12530.0  4.592004e-01
12540.0  4.588167e-01
12550.0  4.588027e-01
12560.0  4.586819e-01
12570.0  4.587330e-01
12580.0  4.589582e-01
12590.0  4.596421e-01
12600.0  4.603150e-01
12610.0  4.605790e-01
12620.0  4.605907e-01
12630.0  4.603542e-01
12640.0  4.604687e-01
12650.0  4.612083e-01
12660.0  4.619090e-01
12670.0  4.625451e-01
12680.0  4.623006e-01
12690.0  4.617448e-01
12700.0  4.612212e-01
12710.0  4.615251e-01
12720.0  4.616960e-01
12730.0  4.617151e-01
12740.0  4.618114e-01
12750.0  4.620134e-01
12760.0  4.621946e-01
12770.0  4.625717e-01
12780.0  4.625255e-01
12790.0  4.617707e-01
12800.0  4.610993e-01
12810.0  4.615911e-01
12820.0  4.621761e-01
12830.0  4.628147e-01
12840.0  4.630166e-01
12850.0  4.632681e-01
12860.0  4.627754e-01
12870.0  4.621479e-01
12880.0  4.618099e-01
12890.0  4.617316e-01
12900.0  4.614381e-01
12910.0  4.611615e-01
12920.0  4.615449e-01
12930.0  4.618070e-01
12940.0  4.614650e-01
12950.0  4.602066e-01
12960.0  4.591557e-01
12970.0  4.600857e-01
12980.0  4.622346e-01
12990.0  4.644604e-01
13000.0  4.647722e-01
13010.0  4.643901e-01
13020.0  4.630720e-01
13030.0  4.625966e-01
13040.0  4.623265e-01
13050.0  4.628608e-01
13060.0  4.630060e-01
13070.0  4.632869e-01
13080.0  4.632713e-01
13090.0  4.639572e-01
13100.0  4.642466e-01
13110.0  4.651120e-01
13120.0  4.656382e-01
13130.0  4.661428e-01
13140.0  4.666788e-01
13150.0  4.682209e-01
13160.0  4.693713e-01
13170.0  4.694678e-01
13180.0  4.690700e-01
13190.0  4.698393e-01
13200.0  4.707501e-01
13210.0  4.710645e-01
13220.0  4.703501e-01
13230.0  4.708565e-01
13240.0  4.720717e-01
13250.0  4.731845e-01
13260.0  4.730903e-01
13270.0  4.725307e-01
13280.0  4.719809e-01
13290.0  4.717557e-01
13300.0  4.726903e-01
13310.0  4.739157e-01
13320.0  4.748497e-01
13330.0  4.746352e-01
13340.0  4.739188e-01
13350.0  4.730885e-01
13360.0  4.733617e-01
13370.0  4.745426e-01
13380.0  4.753326e-01
13390.0  4.755284e-01
13400.0  4.758307e-01
13410.0  4.764834e-01
13420.0  4.772188e-01
13430.0  4.775253e-01
13440.0  4.774567e-01
13450.0  4.772480e-01
13460.0  4.773807e-01
13470.0  4.779859e-01
13480.0  4.794515e-01
13490.0  4.804719e-01
13500.0  4.799550e-01
13510.0  4.789010e-01
13520.0  4.784555e-01
13530.0  4.788402e-01
13540.0  4.804634e-01
13550.0  4.814708e-01
13560.0  4.813044e-01
13570.0  4.811154e-01
13580.0  4.817980e-01
13590.0  4.814517e-01
13600.0  4.802947e-01
13610.0  4.796454e-01
13620.0  4.804556e-01
13630.0  4.816107e-01
13640.0  4.824597e-01
13650.0  4.820659e-01
13660.0  4.810243e-01
13670.0  4.789490e-01
13680.0  4.776393e-01
13690.0  4.773857e-01
13700.0  4.781846e-01
13710.0  4.783423e-01
13720.0  4.773177e-01
13730.0  4.752060e-01
13740.0  4.729033e-01
13750.0  4.716370e-01
13760.0  4.711352e-01
13770.0  4.703866e-01
13780.0  4.688111e-01
13790.0  4.673892e-01
13800.0  4.666047e-01
13810.0  4.655041e-01
13820.0  4.642780e-01
13830.0  4.628768e-01
13840.0  4.615141e-01
13850.0  4.611453e-01
13860.0  4.618592e-01
13870.0  4.624124e-01
13880.0  4.618425e-01
13890.0  4.614499e-01
13900.0  4.615126e-01
13910.0  4.621425e-01
13920.0  4.621836e-01
13930.0  4.631827e-01
13940.0  4.646323e-01
13950.0  4.661189e-01
13960.0  4.660782e-01
13970.0  4.663198e-01
13980.0  4.671511e-01
13990.0  4.681033e-01
14000.0  4.688951e-01
14010.0  4.699582e-01
14020.0  4.708789e-01
14030.0  4.714123e-01
14040.0  4.721519e-01
14050.0  4.726747e-01
14060.0  4.723514e-01
14070.0  4.726061e-01
14080.0  4.737384e-01
14090.0  4.751305e-01
14100.0  4.759525e-01
14110.0  4.772569e-01
14120.0  4.787890e-01
14130.0  4.798110e-01
14140.0  4.802855e-01
14150.0  4.800347e-01
14160.0  4.807011e-01
14170.0  4.822689e-01
14180.0  4.835984e-01
14190.0  4.837585e-01
14200.0  4.827350e-01
14210.0  4.820799e-01
14220.0  4.807476e-01
14230.0  4.796386e-01
14240.0  4.775795e-01
14250.0  4.756075e-01
14260.0  4.734039e-01
14270.0  4.706915e-01
14280.0  4.667630e-01
14290.0  4.621572e-01
14300.0  4.577876e-01
14310.0  4.523308e-01
14320.0  4.461302e-01
14330.0  4.399993e-01
14340.0  4.336383e-01
14350.0  4.265295e-01
14360.0  4.182427e-01
14370.0  4.114086e-01
14380.0  4.030876e-01
14390.0  3.936186e-01
14400.0  3.828255e-01
14410.0  3.738085e-01
14420.0  3.651706e-01
14430.0  3.554854e-01
14440.0  3.451850e-01
14450.0  3.351782e-01
14460.0  3.253596e-01
14470.0  3.167171e-01
14480.0  3.089484e-01
14490.0  3.025865e-01
14500.0  2.961715e-01
14510.0  2.909727e-01
14520.0  2.863073e-01
14530.0  2.822174e-01
14540.0  2.798331e-01
14550.0  2.793856e-01
14560.0  2.806111e-01
14570.0  2.823974e-01
14580.0  2.859114e-01
14590.0  2.912794e-01
14600.0  2.982710e-01
14610.0  3.059059e-01
14620.0  3.141000e-01
14630.0  3.238231e-01
14640.0  3.348422e-01
14650.0  3.484971e-01
14660.0  3.619906e-01
14670.0  3.757751e-01
14680.0  3.869385e-01
14690.0  3.990035e-01
14700.0  4.110148e-01
14710.0  4.237714e-01
14720.0  4.368303e-01
14730.0  4.486183e-01
14740.0  4.600861e-01
14750.0  4.686524e-01
14760.0  4.773628e-01
14770.0  4.835665e-01
14780.0  4.892602e-01
14790.0  4.937433e-01
14800.0  4.987218e-01
14810.0  5.024167e-01
14820.0  5.054466e-01
14830.0  5.081205e-01
14840.0  5.103866e-01
14850.0  5.106218e-01
14860.0  5.105780e-01
14870.0  5.098361e-01
14880.0  5.104901e-01
14890.0  5.113259e-01
14900.0  5.130007e-01
14910.0  5.137827e-01
14920.0  5.139422e-01
14930.0  5.133850e-01
14940.0  5.120741e-01
14950.0  5.112784e-01
14960.0  5.108504e-01
14970.0  5.121850e-01
14980.0  5.128789e-01
14990.0  5.136494e-01
15000.0  5.131453e-01
15010.0  5.131804e-01
15020.0  5.130986e-01
15030.0  5.128625e-01
15040.0  5.129228e-01
15050.0  5.141285e-01
15060.0  5.157663e-01
15070.0  5.159772e-01
15080.0  5.165334e-01
15090.0  5.170859e-01
15100.0  5.170917e-01
15110.0  5.172384e-01
15120.0  5.175653e-01
15130.0  5.183825e-01
15140.0  5.191706e-01
15150.0  5.199565e-01
15160.0  5.207620e-01
15170.0  5.212225e-01
15180.0  5.210995e-01
15190.0  5.196317e-01
15200.0  5.188820e-01
15210.0  5.186849e-01
15220.0  5.193193e-01
15230.0  5.211326e-01
15240.0  5.224406e-01
15250.0  5.221532e-01
15260.0  5.220013e-01
15270.0  5.220930e-01
15280.0  5.234779e-01
15290.0  5.237628e-01
15300.0  5.246277e-01
15310.0  5.246307e-01
15320.0  5.255224e-01
15330.0  5.255935e-01
15340.0  5.250747e-01
15350.0  5.247768e-01
15360.0  5.246393e-01
15370.0  5.252066e-01
15380.0  5.262580e-01
15390.0  5.272562e-01
15400.0  5.273586e-01
15410.0  5.269964e-01
15420.0  5.264843e-01
15430.0  5.248882e-01
15440.0  5.239807e-01
15450.0  5.237361e-01
15460.0  5.253767e-01
15470.0  5.257537e-01
15480.0  5.264235e-01
15490.0  5.262257e-01
15500.0  5.259307e-01
15510.0  5.251037e-01
15520.0  5.251983e-01
15530.0  5.260628e-01
15540.0  5.264636e-01
15550.0  5.276337e-01
15560.0  5.286112e-01
15570.0  5.283706e-01
15580.0  5.268513e-01
15590.0  5.255831e-01
15600.0  5.257184e-01
15610.0  5.264427e-01
15620.0  5.271850e-01
15630.0  5.279705e-01
15640.0  5.291814e-01
15650.0  5.291441e-01
15660.0  5.271772e-01
15670.0  5.258153e-01
15680.0  5.253773e-01
15690.0  5.256913e-01
15700.0  5.259241e-01
15710.0  5.263447e-01
15720.0  5.272103e-01
15730.0  5.272846e-01
15740.0  5.267357e-01
15750.0  5.256535e-01
15760.0  5.254898e-01
15770.0  5.257097e-01
15780.0  5.262725e-01
15790.0  5.272691e-01
15800.0  5.282419e-01
15810.0  5.288830e-01
15820.0  5.267067e-01
15830.0  5.251932e-01
15840.0  5.253854e-01
15850.0  5.267600e-01
15860.0  5.258705e-01
15870.0  5.251045e-01
15880.0  5.252225e-01
15890.0  5.246573e-01
15900.0  5.241017e-01
15910.0  5.229238e-01
15920.0  5.231306e-01
15930.0  5.234081e-01
15940.0  5.238194e-01
15950.0  5.238605e-01
15960.0  5.239921e-01
15970.0  5.249869e-01
15980.0  5.242881e-01
15990.0  5.237411e-01
16000.0  5.232912e-01
16010.0  5.237938e-01
16020.0  5.252352e-01
16030.0  5.274167e-01
16040.0  5.295953e-01
16050.0  5.286986e-01
16060.0  5.275776e-01
16070.0  5.264120e-01
16080.0  5.261606e-01
16090.0  5.264818e-01
16100.0  5.275276e-01
16110.0  5.282442e-01
16120.0  5.272878e-01
16130.0  5.276715e-01
16140.0  5.286802e-01
16150.0  5.287402e-01
16160.0  5.271956e-01
16170.0  5.266132e-01
16180.0  5.275881e-01
16190.0  5.293181e-01
16200.0  5.304366e-01
16210.0  5.306305e-01
16220.0  5.294880e-01
16230.0  5.285731e-01
16240.0  5.278451e-01
16250.0  5.294734e-01
16260.0  5.317548e-01
16270.0  5.336859e-01
16280.0  5.335852e-01
16290.0  5.347730e-01
16300.0  5.346588e-01
16310.0  5.321897e-01
16320.0  5.303763e-01
16330.0  5.306907e-01
16340.0  5.323037e-01
16350.0  5.332987e-01
16360.0  5.351138e-01
16370.0  5.347845e-01
16380.0  5.340681e-01
16390.0  5.326694e-01
16400.0  5.328428e-01
16410.0  5.337231e-01
16420.0  5.346257e-01
16430.0  5.340232e-01
16440.0  5.339031e-01
16450.0  5.335390e-01
16460.0  5.335104e-01
16470.0  5.329374e-01
16480.0  5.330505e-01
16490.0  5.320119e-01
16500.0  5.324431e-01
16510.0  5.337452e-01
16520.0  5.353151e-01
16530.0  5.350838e-01
16540.0  5.336620e-01
16550.0  5.329133e-01
16560.0  5.324171e-01
16570.0  5.321736e-01
16580.0  5.319907e-01
16590.0  5.329192e-01
16600.0  5.334743e-01
16610.0  5.328046e-01
16620.0  5.318395e-01
16630.0  5.313693e-01
16640.0  5.298643e-01
16650.0  5.288954e-01
16660.0  5.285440e-01
16670.0  5.291862e-01
16680.0  5.284629e-01
16690.0  5.277474e-01
16700.0  5.255662e-01
16710.0  5.234017e-01
16720.0  5.210127e-01
16730.0  5.212860e-01
16740.0  5.234681e-01
16750.0  5.256143e-01
16760.0  5.271226e-01
16770.0  5.275277e-01
16780.0  5.277278e-01
16790.0  5.284147e-01
16800.0  5.306782e-01
16810.0  5.310789e-01
16820.0  5.305214e-01
16830.0  5.316970e-01
16840.0  5.336450e-01
16850.0  5.359057e-01
16860.0  5.362172e-01
16870.0  5.355450e-01
16880.0  5.347238e-01
16890.0  5.357793e-01
16900.0  5.355948e-01
16910.0  5.363058e-01
16920.0  5.370741e-01
16930.0  5.385298e-01
16940.0  5.379675e-01
16950.0  5.375845e-01
16960.0  5.357197e-01
16970.0  5.357663e-01
16980.0  5.354197e-01
16990.0  5.358122e-01
17000.0  5.362311e-01
17010.0  5.376242e-01
17020.0  5.373123e-01
17030.0  5.354198e-01
17040.0  5.333018e-01
17050.0  5.320788e-01
17060.0  5.322520e-01
17070.0  5.324824e-01
17080.0  5.324910e-01
17090.0  5.323577e-01
17100.0  5.314128e-01
17110.0  5.307282e-01
17120.0  5.294997e-01
17130.0  5.281248e-01
17140.0  5.272732e-01
17150.0  5.276867e-01
17160.0  5.286227e-01
17170.0  5.289531e-01
17180.0  5.305704e-01
17190.0  5.306798e-01
17200.0  5.303796e-01
17210.0  5.290362e-01
17220.0  5.302646e-01
17230.0  5.313927e-01
17240.0  5.323733e-01
17250.0  5.338493e-01
17260.0  5.359115e-01
17270.0  5.374366e-01
17280.0  5.357479e-01
17290.0  5.342435e-01
17300.0  5.328785e-01
17310.0  5.335951e-01
17320.0  5.342853e-01
17330.0  5.351032e-01
17340.0  5.352507e-01
17350.0  5.346841e-01
17360.0  5.343472e-01
17370.0  5.343710e-01
17380.0  5.351630e-01
17390.0  5.357777e-01
17400.0  5.364659e-01
17410.0  5.366498e-01
17420.0  5.371755e-01
17430.0  5.383626e-01
17440.0  5.381392e-01
17450.0  5.373857e-01
17460.0  5.366770e-01
17470.0  5.367341e-01
17480.0  5.369197e-01
17490.0  5.382244e-01
17500.0  5.404273e-01
17510.0  5.408425e-01
17520.0  5.394883e-01
17530.0  5.384885e-01
17540.0  5.378396e-01
17550.0  5.383915e-01
17560.0  5.388162e-01
17570.0  5.398921e-01
17580.0  5.392491e-01
17590.0  5.395026e-01
17600.0  5.393362e-01
17610.0  5.383200e-01
17620.0  5.367046e-01
17630.0  5.364530e-01
17640.0  5.374026e-01
17650.0  5.385870e-01
17660.0  5.393799e-01
17670.0  5.396125e-01
17680.0  5.379952e-01
17690.0  5.367786e-01
17700.0  5.354892e-01
17710.0  5.360956e-01
17720.0  5.362181e-01
17730.0  5.356011e-01
17740.0  5.361707e-01
17750.0  5.388004e-01
17760.0  5.441565e-01
17770.0  5.420342e-01
17780.0  5.377832e-01
17790.0  5.342709e-01
17800.0  5.368711e-01
17810.0  5.383186e-01
17820.0  5.399921e-01
17830.0  5.414094e-01
17840.0  5.415280e-01
17850.0  5.402767e-01
17860.0  5.395756e-01
17870.0  5.400842e-01
17880.0  5.410732e-01
17890.0  5.421559e-01
17900.0  5.428332e-01
17910.0  5.429936e-01
17920.0  5.423132e-01
17930.0  5.409263e-01
17940.0  5.401400e-01
17950.0  5.401053e-01
17960.0  5.394096e-01
17970.0  5.394433e-01
17980.0  5.406093e-01
17990.0  5.426154e-01
18000.0  5.427013e-01
18010.0  5.425516e-01
18020.0  5.422458e-01
18030.0  5.418926e-01
18040.0  5.418657e-01
18050.0  5.422766e-01
18060.0  5.437101e-01
18070.0  5.440658e-01
18080.0  5.443898e-01
18090.0  5.439665e-01
18100.0  5.437912e-01
18110.0  5.434974e-01
18120.0  5.435981e-01
18130.0  5.446525e-01
18140.0  5.462991e-01
18150.0  5.473630e-01
18160.0  5.471393e-01
18170.0  5.465878e-01
18180.0  5.453125e-01
18190.0  5.434658e-01
18200.0  5.422158e-01
18210.0  5.422052e-01
18220.0  5.431544e-01
18230.0  5.435968e-01
18240.0  5.438913e-01
18250.0  5.434578e-01
18260.0  5.427253e-01
18270.0  5.417025e-01
18280.0  5.414734e-01
18290.0  5.413197e-01
18300.0  5.418737e-01
18310.0  5.429001e-01
18320.0  5.443674e-01
18330.0  5.440913e-01
18340.0  5.430934e-01
18350.0  5.426526e-01
18360.0  5.427182e-01
18370.0  5.428776e-01
18380.0  5.436276e-01
18390.0  5.459443e-01
18400.0  5.463108e-01
18410.0  5.451695e-01
18420.0  5.430952e-01
18430.0  5.419640e-01
18440.0  5.417583e-01
18450.0  5.428550e-01
18460.0  5.443669e-01
18470.0  5.449170e-01
18480.0  5.450830e-01
18490.0  5.441184e-01
18500.0  5.431127e-01
18510.0  5.419117e-01
18520.0  5.415137e-01
18530.0  5.418682e-01
18540.0  5.428694e-01
18550.0  5.438897e-01
18560.0  5.435649e-01
18570.0  5.425010e-01
18580.0  5.411248e-01
18590.0  5.407781e-01
18600.0  5.407091e-01
18610.0  5.404704e-01
18620.0  5.414624e-01
18630.0  5.428073e-01
18640.0  5.444363e-01
18650.0  5.442658e-01
18660.0  5.429582e-01
18670.0  5.411900e-01
18680.0  5.410213e-01
18690.0  5.430039e-01
18700.0  5.438644e-01
18710.0  5.443026e-01
18720.0  5.440074e-01
18730.0  5.453249e-01
18740.0  5.456798e-01
18750.0  5.456459e-01
18760.0  5.449709e-01
18770.0  5.454104e-01
18780.0  5.461032e-01
18790.0  5.470207e-01
18800.0  5.476509e-01
18810.0  5.466356e-01
18820.0  5.443408e-01
18830.0  5.425471e-01
18840.0  5.419574e-01
18850.0  5.427272e-01
18860.0  5.436444e-01
18870.0  5.445266e-01
18880.0  5.442144e-01
18890.0  5.438201e-01
18900.0  5.427211e-01
18910.0  5.414994e-01
18920.0  5.411684e-01
18930.0  5.409991e-01
18940.0  5.410689e-01
18950.0  5.415878e-01
18960.0  5.428368e-01
18970.0  5.436974e-01
18980.0  5.427127e-01
18990.0  5.414344e-01
19000.0  5.405420e-01
19010.0  5.415945e-01
19020.0  5.420836e-01
19030.0  5.421807e-01
19040.0  5.423565e-01
19050.0  5.423764e-01
19060.0  5.413829e-01
19070.0  5.398952e-01
19080.0  5.398688e-01
19090.0  5.409463e-01
19100.0  5.423659e-01
19110.0  5.436048e-01
19120.0  5.436881e-01
19130.0  5.439112e-01
19140.0  5.430608e-01
19150.0  5.419363e-01
19160.0  5.402575e-01
19170.0  5.399556e-01
19180.0  5.413117e-01
19190.0  5.420305e-01
19200.0  5.424108e-01
19210.0  5.415786e-01
19220.0  5.414211e-01
19230.0  5.404939e-01
19240.0  5.395179e-01
19250.0  5.384048e-01
19260.0  5.380557e-01
19270.0  5.386218e-01
19280.0  5.389902e-01
19290.0  5.389914e-01
19300.0  5.383472e-01
19310.0  5.372688e-01
19320.0  5.356164e-01
19330.0  5.339532e-01
19340.0  5.344801e-01
19350.0  5.357343e-01
19360.0  5.370397e-01
19370.0  5.367892e-01
19380.0  5.370222e-01
19390.0  5.364551e-01
19400.0  5.361378e-01
19410.0  5.359365e-01
19420.0  5.367067e-01
19430.0  5.383696e-01
19440.0  5.398080e-01
19450.0  5.409857e-01
19460.0  5.413008e-01
19470.0  5.408342e-01
19480.0  5.394416e-01
19490.0  5.383138e-01
19500.0  5.387743e-01
19510.0  5.402045e-01
19520.0  5.413292e-01
19530.0  5.413214e-01
19540.0  5.412106e-01
19550.0  5.409586e-01
19560.0  5.405524e-01
19570.0  5.402745e-01
19580.0  5.402757e-01
19590.0  5.403070e-01
19600.0  5.407044e-01
19610.0  5.407853e-01
19620.0  5.411576e-01
19630.0  5.408722e-01
19640.0  5.406257e-01
19650.0  5.397078e-01
19660.0  5.401930e-01
19670.0  5.414239e-01
19680.0  5.416420e-01
19690.0  5.410794e-01
19700.0  5.399310e-01
19710.0  5.400482e-01
19720.0  5.395993e-01
19730.0  5.398102e-01
19740.0  5.393814e-01
19750.0  5.397533e-01
19760.0  5.402014e-01
19770.0  5.406563e-01
19780.0  5.414075e-01
19790.0  5.416468e-01
19800.0  5.415144e-01
19810.0  5.406365e-01
19820.0  5.404741e-01
19830.0  5.408694e-01
19840.0  5.412347e-01
19850.0  5.420435e-01
19860.0  5.425923e-01
19870.0  5.434523e-01
19880.0  5.430091e-01
19890.0  5.426883e-01
19900.0  5.421206e-01
19910.0  5.423538e-01
19920.0  5.424312e-01
19930.0  5.415836e-01
19940.0  5.400124e-01
19950.0  5.371046e-01
19960.0  5.339443e-01
19970.0  5.309980e-01
19980.0  5.329345e-01
19990.0  5.356198e-01
20000.0  5.374059e-01
20010.0  5.374054e-01
20020.0  5.374377e-01
20030.0  5.371426e-01
20040.0  5.364900e-01
20050.0  5.371074e-01
20060.0  5.374193e-01
20070.0  5.387495e-01
20080.0  5.390594e-01
20090.0  5.388456e-01
20100.0  5.381546e-01
20110.0  5.371688e-01
20120.0  5.368600e-01
20130.0  5.371368e-01
20140.0  5.379452e-01
20150.0  5.374513e-01
20160.0  5.370194e-01
20170.0  5.372644e-01
20180.0  5.374207e-01
20190.0  5.367066e-01
20200.0  5.352771e-01
20210.0  5.354331e-01
20220.0  5.372228e-01
20230.0  5.382702e-01
20240.0  5.374169e-01
20250.0  5.358495e-01
20260.0  5.357027e-01
20270.0  5.352417e-01
20280.0  5.348707e-01
20290.0  5.341668e-01
20300.0  5.352167e-01
20310.0  5.366511e-01
20320.0  5.371775e-01
20330.0  5.362435e-01
20340.0  5.353479e-01
20350.0  5.354363e-01
20360.0  5.353615e-01
20370.0  5.350477e-01
20380.0  5.350538e-01
20390.0  5.346696e-01
20400.0  5.335845e-01
20410.0  5.321962e-01
20420.0  5.316055e-01
20430.0  5.316886e-01
20440.0  5.315495e-01
20450.0  5.313279e-01
20460.0  5.306553e-01
20470.0  5.308846e-01
20480.0  5.307273e-01
20490.0  5.304248e-01
20500.0  5.300294e-01
20510.0  5.293089e-01
20520.0  5.284679e-01
20530.0  5.272631e-01
20540.0  5.280872e-01
20550.0  5.286282e-01
20560.0  5.297141e-01
20570.0  5.300721e-01
20580.0  5.312758e-01
20590.0  5.317413e-01
20600.0  5.310082e-01
20610.0  5.304856e-01
20620.0  5.304735e-01
20630.0  5.321090e-01
20640.0  5.323486e-01
20650.0  5.320850e-01
20660.0  5.315537e-01
20670.0  5.307627e-01
20680.0  5.307980e-01
20690.0  5.305032e-01
20700.0  5.317333e-01
20710.0  5.327507e-01
20720.0  5.347439e-01
20730.0  5.353373e-01
20740.0  5.356494e-01
20750.0  5.367234e-01
20760.0  5.368196e-01
20770.0  5.356955e-01
20780.0  5.338938e-01
20790.0  5.346717e-01
20800.0  5.364882e-01
20810.0  5.376286e-01
20820.0  5.379980e-01
20830.0  5.379813e-01
20840.0  5.387308e-01
20850.0  5.378261e-01
20860.0  5.383861e-01
20870.0  5.385380e-01
20880.0  5.398190e-01
20890.0  5.383178e-01
20900.0  5.364239e-01
20910.0  5.351612e-01
20920.0  5.358387e-01
20930.0  5.369874e-01
20940.0  5.362310e-01
20950.0  5.349318e-01
20960.0  5.344778e-01
20970.0  5.358834e-01
20980.0  5.371411e-01
20990.0  5.370110e-01
21000.0  5.361081e-01
21010.0  5.356540e-01
21020.0  5.353874e-01
21030.0  5.347954e-01
21040.0  5.342915e-01
21050.0  5.352013e-01
21060.0  5.358017e-01
21070.0  5.357872e-01
21080.0  5.354571e-01
21090.0  5.360001e-01
21100.0  5.366799e-01
21110.0  5.357194e-01
21120.0  5.345193e-01
21130.0  5.347756e-01
21140.0  5.359636e-01
21150.0  5.356064e-01
21160.0  5.351033e-01
21170.0  5.351211e-01
21180.0  5.356646e-01
21190.0  5.363854e-01
21200.0  5.372165e-01
21210.0  5.379480e-01
21220.0  5.377338e-01
21230.0  5.367802e-01
21240.0  5.363637e-01
21250.0  5.374548e-01
21260.0  5.388566e-01
21270.0  5.379821e-01
21280.0  5.365601e-01
21290.0  5.357693e-01
21300.0  5.369055e-01
21310.0  5.378733e-01
21320.0  5.375231e-01
21330.0  5.364653e-01
21340.0  5.349048e-01
21350.0  5.347525e-01
21360.0  5.342147e-01
21370.0  5.336362e-01
21380.0  5.322251e-01
21390.0  5.308427e-01
21400.0  5.292984e-01
21410.0  5.282289e-01
21420.0  5.286230e-01
21430.0  5.284036e-01
21440.0  5.280034e-01
21450.0  5.267962e-01
21460.0  5.266689e-01
21470.0  5.267936e-01
21480.0  5.271110e-01
21490.0  5.272659e-01
21500.0  5.267331e-01
21510.0  5.257042e-01
21520.0  5.240336e-01
21530.0  5.230984e-01
21540.0  5.227377e-01
21550.0  5.229042e-01
21560.0  5.234502e-01
21570.0  5.223617e-01
21580.0  5.214051e-01
21590.0  5.217042e-01
21600.0  5.225149e-01
21610.0  5.219822e-01
21620.0  5.207627e-01
21630.0  5.206195e-01
21640.0  5.194203e-01
21650.0  5.176957e-01
21660.0  5.160281e-01
21670.0  5.161091e-01
21680.0  5.163891e-01
21690.0  5.153140e-01
21700.0  5.142313e-01
21710.0  5.135381e-01
21720.0  5.136734e-01
21730.0  5.133543e-01
21740.0  5.132493e-01
21750.0  5.122490e-01
21760.0  5.098712e-01
21770.0  5.070729e-01
21780.0  5.042709e-01
21790.0  5.023504e-01
21800.0  5.002407e-01
21810.0  4.986634e-01
21820.0  4.975941e-01
21830.0  4.962025e-01
21840.0  4.935189e-01
21850.0  4.897454e-01
21860.0  4.868316e-01
21870.0  4.834314e-01
21880.0  4.818712e-01
21890.0  4.787909e-01
21900.0  4.771972e-01
21910.0  4.734615e-01
21920.0  4.712734e-01
21930.0  4.676180e-01
21940.0  4.649787e-01
21950.0  4.611741e-01
21960.0  4.584035e-01
21970.0  4.551520e-01
21980.0  4.513138e-01
21990.0  4.471264e-01
22000.0  4.442334e-01
22010.0  4.404656e-01
22020.0  4.360985e-01
22030.0  4.312061e-01
22040.0  4.275840e-01
22050.0  4.248840e-01
22060.0  4.230361e-01
22070.0  4.208533e-01
22080.0  4.180904e-01
22090.0  4.149767e-01
22100.0  4.122837e-01
22110.0  4.109721e-01
22120.0  4.109598e-01
22130.0  4.110748e-01
22140.0  4.105682e-01
22150.0  4.095655e-01
22160.0  4.097265e-01
22170.0  4.108459e-01
22180.0  4.121972e-01
22190.0  4.129199e-01
22200.0  4.139524e-01
22210.0  4.153637e-01
22220.0  4.162892e-01
22230.0  4.180589e-01
22240.0  4.198772e-01
22250.0  4.211557e-01
22260.0  4.212072e-01
22270.0  4.215853e-01
22280.0  4.222773e-01
22290.0  4.235688e-01
22300.0  4.250566e-01
22310.0  4.257575e-01
22320.0  4.261171e-01
22330.0  4.270224e-01
22340.0  4.281371e-01
22350.0  4.289572e-01
22360.0  4.296500e-01
22370.0  4.300123e-01
22380.0  4.302348e-01
22390.0  4.313702e-01
22400.0  4.326934e-01
22410.0  4.323079e-01
22420.0  4.308814e-01
22430.0  4.302497e-01
22440.0  4.315360e-01
22450.0  4.333053e-01
22460.0  4.346508e-01
22470.0  4.348171e-01
22480.0  4.335991e-01
22490.0  4.332373e-01
22500.0  4.336277e-01
22510.0  4.348998e-01
22520.0  4.347261e-01
22530.0  4.341365e-01
22540.0  4.337611e-01
22550.0  4.343483e-01
22560.0  4.353738e-01
22570.0  4.352492e-01
22580.0  4.351359e-01
22590.0  4.350152e-01
22600.0  4.353980e-01
22610.0  4.355054e-01
22620.0  4.363869e-01
22630.0  4.365097e-01
22640.0  4.358811e-01
22650.0  4.352171e-01
22660.0  4.360946e-01
22670.0  4.370436e-01
22680.0  4.379130e-01
22690.0  4.393366e-01
22700.0  4.418822e-01
22710.0  4.446880e-01
22720.0  4.477160e-01
22730.0  4.496845e-01
22740.0  4.511282e-01
22750.0  4.525952e-01
22760.0  4.546909e-01
22770.0  4.568399e-01
22780.0  4.584120e-01
22790.0  4.598061e-01
22800.0  4.605166e-01
22810.0  4.615368e-01
22820.0  4.634261e-01
22830.0  4.663748e-01
22840.0  4.688527e-01
22850.0  4.694772e-01
22860.0  4.700445e-01
22870.0  4.711387e-01
22880.0  4.730826e-01
22890.0  4.745766e-01
22900.0  4.757466e-01
22910.0  4.761021e-01
22920.0  4.762634e-01
22930.0  4.774513e-01
22940.0  4.797087e-01
22950.0  4.819089e-01
22960.0  4.824514e-01
22970.0  4.826497e-01
22980.0  4.831503e-01
22990.0  4.851334e-01
23000.0  4.871761e-01
23010.0  4.878947e-01
23020.0  4.881733e-01
23030.0  4.893702e-01
23040.0  4.924316e-01
23050.0  4.955082e-01
23060.0  4.979671e-01
23070.0  4.992518e-01
23080.0  5.013751e-01
23090.0  5.046629e-01
23100.0  5.073742e-01
23110.0  5.094255e-01
23120.0  5.110970e-01
23130.0  5.114339e-01
23140.0  5.110720e-01
23150.0  5.109573e-01
23160.0  5.131812e-01
23170.0  5.151672e-01
23180.0  5.163910e-01
23190.0  5.164373e-01
23200.0  5.167642e-01
23210.0  5.176583e-01
23220.0  5.196874e-01
23230.0  5.212399e-01
23240.0  5.208609e-01
23250.0  5.202287e-01
23260.0  5.203807e-01
23270.0  5.205234e-01
23280.0  5.218293e-01
23290.0  5.224266e-01
23300.0  5.228961e-01
23310.0  5.218031e-01
23320.0  5.234737e-01
23330.0  5.259208e-01
23340.0  5.272610e-01
23350.0  5.264827e-01
23360.0  5.258396e-01
23370.0  5.259137e-01
23380.0  5.262147e-01
23390.0  5.267639e-01
23400.0  5.265951e-01
23410.0  5.263554e-01
23420.0  5.263112e-01
23430.0  5.260172e-01
23440.0  5.265511e-01
23450.0  5.261026e-01
23460.0  5.262449e-01
23470.0  5.262795e-01
23480.0  5.280043e-01
23490.0  5.298384e-01
23500.0  5.306597e-01
23510.0  5.313369e-01
23520.0  5.311758e-01
23530.0  5.322552e-01
23540.0  5.331231e-01
23550.0  5.346853e-01
23560.0  5.357333e-01
23570.0  5.361219e-01
23580.0  5.369184e-01
23590.0  5.378433e-01
23600.0  5.397737e-01
23610.0  5.396920e-01
23620.0  5.392814e-01
23630.0  5.377479e-01
23640.0  5.376409e-01
23650.0  5.387500e-01
23660.0  5.399522e-01
23670.0  5.409148e-01
23680.0  5.406640e-01
23690.0  5.401214e-01
23700.0  5.399892e-01
23710.0  5.406642e-01
23720.0  5.413681e-01
23730.0  5.404896e-01
23740.0  5.397968e-01
23750.0  5.399084e-01
23760.0  5.410266e-01
23770.0  5.408811e-01
23780.0  5.406832e-01
23790.0  5.398292e-01
23800.0  5.385042e-01
23810.0  0.000000e+00
23820.0  0.000000e+00
