# from http://www.stsci.edu/jwst/instruments/nircam/instrumentdesign/filters
# Retrieved Jan 18, 2017, dated Feb 5, 2016 (pre-flight)
# Uses modA or modB  filters+DBS+QE+OTE (nrc_plus_ote)
# Units of transmission are PCE (photon to electron conversion efficiency)
# 
5501.5  1.878922e-09
5511.5  1.952640e-09
5521.5  3.169625e-09
5531.5  4.546094e-09
5541.5  4.648997e-09
5551.5  4.599283e-09
5561.5  4.431618e-09
5571.5  5.644603e-09
5581.5  7.035449e-09
5591.5  7.278370e-09
5601.5  6.460498e-09
5611.5  6.089593e-09
5621.5  5.941531e-09
5631.5  6.424957e-09
5641.5  6.600921e-09
5651.5  7.454155e-09
5661.5  8.503232e-09
5671.5  8.738740e-09
5681.5  1.001664e-08
5691.5  9.153722e-09
5701.5  1.079855e-08
5711.5  1.070559e-08
5721.5  1.228887e-08
5731.5  1.024676e-08
5741.5  1.098953e-08
5751.5  1.164298e-08
5761.5  1.494360e-08
5771.5  1.770350e-08
5781.5  2.068310e-08
5791.5  2.482593e-08
5801.5  3.059615e-08
5811.5  3.581472e-08
5821.5  3.856354e-08
5831.5  3.930449e-08
5841.5  3.882111e-08
5851.5  3.912791e-08
5861.5  3.976414e-08
5871.5  4.779316e-08
5881.5  5.175621e-08
5891.5  5.613038e-08
5901.5  6.198428e-08
5911.5  6.336690e-08
5921.5  7.118686e-08
5931.5  7.277789e-08
5941.5  8.674845e-08
5951.5  9.257820e-08
5961.5  1.010543e-07
5971.5  1.227618e-07
5981.5  1.932130e-07
5991.5  5.093374e-07
6001.5  1.830557e-06
6011.5  6.744063e-06
6021.5  2.231874e-05
6031.5  1.086571e-04
6041.5  4.517573e-04
6051.5  1.455228e-03
6061.5  4.458576e-03
6071.5  1.094716e-02
6081.5  2.223853e-02
6091.5  3.781377e-02
6101.5  5.531008e-02
6111.5  7.178934e-02
6121.5  8.436447e-02
6131.5  9.202196e-02
6141.5  9.598365e-02
6151.5  9.766345e-02
6161.5  9.969325e-02
6171.5  1.030850e-01
6181.5  1.074870e-01
6191.5  1.125107e-01
6201.5  1.171907e-01
6211.5  1.215157e-01
6221.5  1.253639e-01
6231.5  1.284543e-01
6241.5  1.309560e-01
6251.5  1.326445e-01
6261.5  1.339287e-01
6271.5  1.347007e-01
6281.5  1.351200e-01
6291.5  1.352726e-01
6301.5  1.350999e-01
6311.5  1.346944e-01
6321.5  1.339713e-01
6331.5  1.342402e-01
6341.5  1.357399e-01
6351.5  1.381937e-01
6361.5  1.415936e-01
6371.5  1.449490e-01
6381.5  1.477870e-01
6391.5  1.501853e-01
6401.5  1.517267e-01
6411.5  1.531950e-01
6421.5  1.546739e-01
6431.5  1.561207e-01
6441.5  1.577506e-01
6451.5  1.590828e-01
6461.5  1.598738e-01
6471.5  1.604358e-01
6481.5  1.610076e-01
6491.5  1.617060e-01
6501.5  1.628482e-01
6511.5  1.635151e-01
6521.5  1.640337e-01
6531.5  1.646648e-01
6541.5  1.653705e-01
6551.5  1.660107e-01
6561.5  1.668186e-01
6571.5  1.671963e-01
6581.5  1.676824e-01
6591.5  1.686187e-01
6601.5  1.700671e-01
6611.5  1.713810e-01
6621.5  1.730068e-01
6631.5  1.749699e-01
6641.5  1.774406e-01
6651.5  1.799400e-01
6661.5  1.822726e-01
6671.5  1.836511e-01
6681.5  1.842093e-01
6691.5  1.840662e-01
6701.5  1.832175e-01
6711.5  1.819513e-01
6721.5  1.806191e-01
6731.5  1.795496e-01
6741.5  1.785762e-01
6751.5  1.778966e-01
6761.5  1.780881e-01
6771.5  1.789377e-01
6781.5  1.800045e-01
6791.5  1.818301e-01
6801.5  1.845007e-01
6811.5  1.874860e-01
6821.5  1.900751e-01
6831.5  1.919374e-01
6841.5  1.937676e-01
6851.5  1.950504e-01
6861.5  1.962675e-01
6871.5  1.970421e-01
6881.5  1.978306e-01
6891.5  1.990012e-01
6901.5  2.000866e-01
6911.5  2.006465e-01
6921.5  2.001721e-01
6931.5  1.985941e-01
6941.5  1.962449e-01
6951.5  1.933434e-01
6961.5  1.909258e-01
6971.5  1.895550e-01
6981.5  1.895318e-01
6991.5  1.911441e-01
7001.5  1.941508e-01
7011.5  1.981582e-01
7021.5  2.015471e-01
7031.5  2.047898e-01
7041.5  2.071676e-01
7051.5  2.083072e-01
7061.5  2.092763e-01
7071.5  2.095791e-01
7081.5  2.102272e-01
7091.5  2.112575e-01
7101.5  2.116894e-01
7111.5  2.119297e-01
7121.5  2.107629e-01
7131.5  2.086264e-01
7141.5  2.061410e-01
7151.5  2.045411e-01
7161.5  2.043668e-01
7171.5  2.056091e-01
7181.5  2.071931e-01
7191.5  2.075149e-01
7201.5  2.061089e-01
7211.5  2.035669e-01
7221.5  2.018808e-01
7231.5  2.026117e-01
7241.5  2.059343e-01
7251.5  2.113009e-01
7261.5  2.172919e-01
7271.5  2.225735e-01
7281.5  2.264670e-01
7291.5  2.290893e-01
7301.5  2.307180e-01
7311.5  2.310607e-01
7321.5  2.315147e-01
7331.5  2.312890e-01
7341.5  2.299079e-01
7351.5  2.278342e-01
7361.5  2.253931e-01
7371.5  2.230121e-01
7381.5  2.216318e-01
7391.5  2.215614e-01
7401.5  2.223421e-01
7411.5  2.237011e-01
7421.5  2.243495e-01
7431.5  2.246954e-01
7441.5  2.256995e-01
7451.5  2.280570e-01
7461.5  2.312055e-01
7471.5  2.355627e-01
7481.5  2.389937e-01
7491.5  2.416333e-01
7501.5  2.427153e-01
7511.5  2.432388e-01
7521.5  2.440003e-01
7531.5  2.437995e-01
7541.5  2.428879e-01
7551.5  2.395369e-01
7561.5  2.343875e-01
7571.5  2.288077e-01
7581.5  2.247493e-01
7591.5  2.227381e-01
7601.5  2.231992e-01
7611.5  2.247846e-01
7621.5  2.260091e-01
7631.5  2.275174e-01
7641.5  2.293207e-01
7651.5  2.327216e-01
7661.5  2.371885e-01
7671.5  2.417406e-01
7681.5  2.442461e-01
7691.5  2.446549e-01
7701.5  2.431447e-01
7711.5  2.401597e-01
7721.5  2.366835e-01
7731.5  2.317534e-01
7741.5  2.254282e-01
7751.5  2.168705e-01
7761.5  2.060565e-01
7771.5  1.916052e-01
7781.5  1.719040e-01
7791.5  1.468096e-01
7801.5  1.183879e-01
7811.5  9.025887e-02
7821.5  6.554276e-02
7831.5  4.584209e-02
7841.5  3.120370e-02
7851.5  2.089662e-02
7861.5  1.380140e-02
7871.5  9.142101e-03
7881.5  6.067748e-03
7891.5  4.128360e-03
7901.5  2.816810e-03
7911.5  1.980563e-03
7921.5  1.440108e-03
7931.5  1.072262e-03
7941.5  8.031193e-04
7951.5  6.053188e-04
7961.5  4.603731e-04
7971.5  3.553703e-04
7981.5  2.768686e-04
7991.5  2.170400e-04
8001.5  1.715493e-04
8011.5  1.366816e-04
8021.5  1.090468e-04
8031.5  8.770698e-05
8041.5  7.047357e-05
8051.5  5.699225e-05
8061.5  4.610350e-05
8071.5  3.735825e-05
8081.5  3.031692e-05
8091.5  2.485391e-05
8101.5  2.076924e-05
8111.5  1.734986e-05
8121.5  1.447579e-05
8131.5  1.182163e-05
8141.5  9.718797e-06
8151.5  8.190733e-06
8161.5  7.157358e-06
8171.5  6.243326e-06
8181.5  5.353170e-06
8191.5  4.542247e-06
8201.5  3.981545e-06
8211.5  3.606072e-06
8221.5  3.250654e-06
8231.5  2.797897e-06
8241.5  2.319489e-06
8251.5  1.866907e-06
8261.5  1.569464e-06
8271.5  1.424933e-06
8281.5  1.343966e-06
8291.5  1.280407e-06
8301.5  1.164461e-06
8311.5  1.077665e-06
8321.5  9.568564e-07
8331.5  8.451686e-07
8341.5  7.545459e-07
8351.5  6.806539e-07
8361.5  6.526113e-07
8371.5  6.407676e-07
8381.5  6.130046e-07
8391.5  5.592959e-07
8401.5  4.759842e-07
8411.5  4.266897e-07
8421.5  3.887017e-07
8431.5  3.426955e-07
8441.5  3.188299e-07
8451.5  2.862822e-07
8461.5  3.119754e-07
8471.5  3.218320e-07
8481.5  3.145743e-07
8491.5  2.919313e-07
8501.5  2.715829e-07
8511.5  2.331303e-07
8521.5  2.195214e-07
8531.5  1.893082e-07
8541.5  1.986463e-07
8551.5  1.710948e-07
8561.5  1.893835e-07
8571.5  1.574294e-07
8581.5  1.381147e-07
8591.5  1.031857e-07
8601.5  2.161951e-07
8611.5  2.250413e-07
8621.5  2.104529e-07
8631.5  2.476158e-07
8641.5  3.262079e-07
8651.5  4.316180e-07
8661.5  2.757841e-07
8671.5  2.141411e-07
8681.5  2.138730e-07
8691.5  2.481921e-07
8701.5  3.188784e-07
8711.5  2.818302e-07
8721.5  2.874050e-07
8731.5  2.871084e-07
8741.5  3.150416e-07
8751.5  3.237310e-07
8761.5  2.534471e-07
8771.5  1.672071e-07
8781.5  1.410728e-07
8791.5  4.488034e-07
8801.5  5.588857e-07
8811.5  8.235349e-07
8821.5  5.156615e-07
8831.5  8.100766e-07
8841.5  8.714183e-07
8851.5  8.163123e-07
8861.5  5.222158e-07
8871.5  2.090410e-07
8881.5  3.455323e-07
8891.5  2.738909e-07
8901.5  5.008315e-07
8911.5  3.650286e-07
8921.5  6.070234e-07
8931.5  3.758522e-07
8941.5  5.038019e-07
8951.5  1.224191e-06
8961.5  2.012949e-06
8971.5  6.594395e-06
8981.5  1.031272e-05
8991.5  1.386085e-05
9001.5  1.306364e-05
9011.5  1.257125e-05
9021.5  1.228705e-05
9031.5  1.237131e-05
9041.5  1.218717e-05
9051.5  1.215449e-05
9061.5  1.270614e-05
9071.5  1.320945e-05
9081.5  1.305677e-05
9091.5  1.235144e-05
9101.5  1.158945e-05
9111.5  1.147480e-05
9121.5  1.124243e-05
9131.5  1.087471e-05
9141.5  1.063669e-05
9151.5  1.057803e-05
9161.5  1.026183e-05
9171.5  1.024210e-05
9181.5  9.863383e-06
9191.5  9.711239e-06
9201.5  9.060555e-06
9211.5  8.941308e-06
9221.5  9.149407e-06
9231.5  9.484750e-06
9241.5  9.394274e-06
9251.5  8.520296e-06
9261.5  8.185983e-06
9271.5  7.827405e-06
9281.5  8.265228e-06
9291.5  7.893725e-06
9301.5  7.861133e-06
9311.5  7.795829e-06
9321.5  8.262082e-06
9331.5  8.410602e-06
9341.5  8.448051e-06
9351.5  7.998956e-06
9361.5  7.608435e-06
9371.5  7.468152e-06
9381.5  7.417343e-06
9391.5  7.340868e-06
9401.5  7.464260e-06
9411.5  7.118442e-06
9421.5  7.585932e-06
9431.5  6.944461e-06
9441.5  6.832399e-06
9451.5  6.284676e-06
9461.5  6.195017e-06
9471.5  6.337603e-06
9481.5  6.323698e-06
9491.5  6.453546e-06
9501.5  6.214062e-06
9511.5  6.247959e-06
9521.5  5.915124e-06
9531.5  5.840240e-06
9541.5  5.328093e-06
9551.5  5.369078e-06
9561.5  5.618791e-06
9571.5  5.858785e-06
9581.5  6.020795e-06
9591.5  5.713429e-06
9601.5  5.731625e-06
9611.5  5.398089e-06
9621.5  5.192717e-06
9631.5  5.036721e-06
9641.5  4.993003e-06
9651.5  5.244496e-06
9661.5  5.151583e-06
9671.5  5.163832e-06
9681.5  4.990966e-06
9691.5  4.856994e-06
9701.5  4.916535e-06
9711.5  4.763458e-06
9721.5  4.630414e-06
9731.5  4.389880e-06
9741.5  4.344401e-06
9751.5  4.422830e-06
9761.5  4.425552e-06
9771.5  4.666102e-06
9781.5  4.535599e-06
9791.5  4.556829e-06
9801.5  4.535813e-06
9811.5  4.770082e-06
9821.5  4.760856e-06
9831.5  4.678187e-06
9841.5  4.614636e-06
9851.5  4.394764e-06
9861.5  4.127931e-06
9871.5  3.935682e-06
9881.5  4.099185e-06
9891.5  4.141455e-06
9901.5  4.263798e-06
9911.5  4.360655e-06
9921.5  4.327644e-06
9931.5  4.079638e-06
9941.5  3.991514e-06
9951.5  3.942129e-06
9961.5  4.132780e-06
9971.5  4.039607e-06
9981.5  4.043628e-06
9991.5  3.996963e-06
10001.5  3.860117e-06
10011.5  3.880490e-06
10021.5  3.803288e-06
10031.5  3.916975e-06
10041.5  3.822889e-06
10051.5  3.847052e-06
10061.5  3.743536e-06
10071.5  3.844633e-06
10081.5  3.782511e-06
10091.5  3.937997e-06
10101.5  3.768611e-06
10111.5  3.952440e-06
10121.5  3.682999e-06
10131.5  3.721762e-06
10141.5  3.577528e-06
10151.5  3.613569e-06
10161.5  3.461098e-06
10171.5  3.212340e-06
10181.5  3.263286e-06
10191.5  3.509554e-06
10201.5  3.551276e-06
10211.5  3.590925e-06
10221.5  3.398151e-06
10231.5  3.294028e-06
10241.5  3.242340e-06
10251.5  3.231837e-06
10261.5  3.475866e-06
10271.5  3.482793e-06
10281.5  3.499022e-06
10291.5  3.288117e-06
10301.5  3.254944e-06
10311.5  3.276758e-06
10321.5  3.343838e-06
10331.5  3.144784e-06
10341.5  3.011749e-06
10351.5  2.933774e-06
10361.5  3.101694e-06
10371.5  3.204749e-06
10381.5  3.211579e-06
10391.5  3.248297e-06
10401.5  3.154128e-06
10411.5  3.180021e-06
10421.5  3.016451e-06
10431.5  2.956344e-06
10441.5  3.020726e-06
10451.5  2.982775e-06
10461.5  2.902275e-06
10471.5  2.769903e-06
10481.5  2.730172e-06
10491.5  2.846023e-06
10501.5  2.770292e-06
10511.5  2.961932e-06
10521.5  3.013316e-06
10531.5  2.976491e-06
10541.5  2.982496e-06
10551.5  3.032389e-06
10561.5  3.267049e-06
10571.5  3.212599e-06
10581.5  3.129374e-06
10591.5  2.959397e-06
10601.5  2.880314e-06
10611.5  2.907970e-06
10621.5  2.946419e-06
10631.5  3.043160e-06
10641.5  2.948790e-06
10651.5  3.132986e-06
10661.5  3.023487e-06
10671.5  3.068115e-06
10681.5  2.936305e-06
10691.5  2.965608e-06
10701.5  2.863819e-06
10711.5  2.940686e-06
10721.5  3.001445e-06
10731.5  3.136209e-06
10741.5  2.926188e-06
10751.5  2.698697e-06
10761.5  2.597237e-06
10771.5  2.648326e-06
10781.5  2.778671e-06
10791.5  2.938274e-06
10801.5  2.931476e-06
10811.5  3.079410e-06
10821.5  3.051050e-06
10831.5  3.003363e-06
10841.5  2.793551e-06
10851.5  2.759270e-06
10861.5  2.744059e-06
10871.5  2.780669e-06
10881.5  2.595492e-06
10891.5  2.766311e-06
10901.5  2.661210e-06
10911.5  2.711006e-06
10921.5  2.721720e-06
10931.5  2.714768e-06
10941.5  2.809855e-06
10951.5  2.576794e-06
10961.5  2.733600e-06
10971.5  2.600732e-06
10981.5  2.690218e-06
10991.5  2.618858e-06
11001.5  2.774590e-06
11011.5  2.812523e-06
11021.5  2.899757e-06
11031.5  2.877671e-06
11041.5  2.896804e-06
11051.5  2.853457e-06
11061.5  2.736654e-06
11071.5  2.652696e-06
11081.5  2.635378e-06
11091.5  2.689507e-06
11101.5  2.690420e-06
11111.5  2.647503e-06
11121.5  2.689859e-06
11131.5  2.667357e-06
11141.5  2.701323e-06
11151.5  2.706874e-06
11161.5  2.896030e-06
11171.5  2.971933e-06
11181.5  3.162947e-06
11191.5  3.315883e-06
11201.5  3.591990e-06
11211.5  3.805085e-06
11221.5  4.028490e-06
11231.5  4.133855e-06
11241.5  4.274864e-06
11251.5  4.615328e-06
11261.5  4.938050e-06
11271.5  5.149523e-06
11281.5  5.194915e-06
11291.5  5.375581e-06
11301.5  5.536579e-06
11311.5  5.749586e-06
11321.5  5.991784e-06
11331.5  6.320488e-06
11341.5  6.612970e-06
11351.5  6.607674e-06
11361.5  6.716714e-06
11371.5  6.622664e-06
11381.5  6.688674e-06
11391.5  6.593594e-06
11401.5  6.563398e-06
11411.5  6.573593e-06
11421.5  6.458047e-06
11431.5  6.399195e-06
11441.5  6.033611e-06
11451.5  5.808456e-06
11461.5  5.556157e-06
11471.5  5.469179e-06
11481.5  5.316662e-06
11491.5  5.017277e-06
11501.5  4.859165e-06
11511.5  4.601456e-06
11521.5  4.301190e-06
11531.5  4.138083e-06
11541.5  3.898918e-06
11551.5  3.910496e-06
11561.5  3.661561e-06
11571.5  3.624055e-06
11581.5  3.465643e-06
11591.5  3.477538e-06
11601.5  3.414978e-06
11611.5  3.347254e-06
11621.5  3.302415e-06
11631.5  3.200568e-06
11641.5  3.274195e-06
11651.5  3.202392e-06
11661.5  3.175799e-06
11671.5  2.924295e-06
11681.5  2.849682e-06
11691.5  2.746581e-06
11701.5  2.820838e-06
11711.5  2.775957e-06
11721.5  2.938865e-06
11731.5  3.045040e-06
11741.5  3.123181e-06
11751.5  3.085179e-06
11761.5  3.059007e-06
11771.5  2.984942e-06
11781.5  2.950769e-06
11791.5  2.847898e-06
11801.5  2.880864e-06
11811.5  2.909353e-06
11821.5  2.928146e-06
11831.5  2.942502e-06
11841.5  3.056546e-06
11851.5  3.090924e-06
11861.5  3.053501e-06
11871.5  2.927989e-06
11881.5  2.905968e-06
11891.5  3.043295e-06
11901.5  3.166757e-06
11911.5  3.187457e-06
11921.5  3.128188e-06
11931.5  3.030287e-06
11941.5  3.044994e-06
11951.5  3.132172e-06
11961.5  3.246794e-06
11971.5  3.267390e-06
11981.5  3.279905e-06
11991.5  3.209834e-06
12001.5  3.242216e-06
12011.5  3.280169e-06
12021.5  3.173386e-06
12031.5  3.148393e-06
12041.5  3.101587e-06
12051.5  3.314288e-06
12061.5  3.236312e-06
12071.5  3.233595e-06
12081.5  3.011130e-06
12091.5  3.122921e-06
12101.5  2.957164e-06
12111.5  3.066102e-06
12121.5  2.997237e-06
12131.5  3.155582e-06
12141.5  3.207364e-06
12151.5  3.327885e-06
12161.5  3.337841e-06
12171.5  3.255934e-06
12181.5  3.060069e-06
12191.5  2.985735e-06
12201.5  2.998635e-06
12211.5  3.171834e-06
12221.5  3.200660e-06
12231.5  3.121858e-06
12241.5  3.078233e-06
12251.5  3.116539e-06
12261.5  3.249673e-06
12271.5  3.243988e-06
12281.5  3.119494e-06
12291.5  3.066581e-06
12301.5  2.912678e-06
12311.5  2.932293e-06
12321.5  2.820755e-06
12331.5  2.929774e-06
12341.5  2.952269e-06
12351.5  2.889983e-06
12361.5  2.860084e-06
12371.5  2.765038e-06
12381.5  2.859496e-06
12391.5  2.768790e-06
12401.5  2.878000e-06
12411.5  2.809366e-06
12421.5  2.886001e-06
12431.5  2.767877e-06
12441.5  2.799124e-06
12451.5  2.777521e-06
12461.5  2.808859e-06
12471.5  2.960102e-06
12481.5  2.979079e-06
12491.5  2.967153e-06
12501.5  2.824727e-06
12511.5  2.875289e-06
12521.5  2.978660e-06
12531.5  3.104640e-06
12541.5  3.270558e-06
12551.5  3.418005e-06
12561.5  3.407455e-06
12571.5  3.471113e-06
12581.5  3.545750e-06
12591.5  3.732757e-06
12601.5  3.750943e-06
12611.5  3.782870e-06
12621.5  3.910384e-06
12631.5  3.997375e-06
12641.5  4.118264e-06
12651.5  4.117910e-06
12661.5  4.078211e-06
12671.5  4.073837e-06
12681.5  3.933569e-06
12691.5  3.927557e-06
12701.5  3.881285e-06
12711.5  3.909562e-06
12721.5  3.961292e-06
12731.5  3.904091e-06
12741.5  4.112990e-06
12751.5  4.071429e-06
12761.5  4.035184e-06
12771.5  3.817481e-06
12781.5  3.636488e-06
12791.5  3.493244e-06
12801.5  3.468034e-06
12811.5  3.500205e-06
12821.5  3.486060e-06
12831.5  3.445271e-06
12841.5  3.259195e-06
12851.5  3.247239e-06
12861.5  3.001976e-06
12871.5  3.126630e-06
12881.5  2.832285e-06
12891.5  2.943739e-06
12901.5  2.761811e-06
12911.5  2.950844e-06
12921.5  2.809899e-06
12931.5  2.975175e-06
12941.5  2.873210e-06
12951.5  2.923022e-06
12961.5  2.834326e-06
12971.5  2.944408e-06
12981.5  2.967922e-06
12991.5  3.087675e-06
13001.5  3.109749e-06
13011.5  3.197815e-06
13021.5  3.223734e-06
13031.5  3.164674e-06
13041.5  3.154834e-06
13051.5  3.197813e-06
13061.5  3.436454e-06
13071.5  3.594886e-06
13081.5  3.628668e-06
13091.5  3.915519e-06
13101.5  4.094058e-06
13111.5  4.315050e-06
13121.5  4.258333e-06
13131.5  4.341820e-06
13141.5  4.461658e-06
13151.5  4.620114e-06
13161.5  4.735076e-06
13171.5  4.782219e-06
13181.5  4.745634e-06
13191.5  4.845426e-06
13201.5  4.816065e-06
13211.5  4.813031e-06
13221.5  4.715475e-06
13231.5  4.792478e-06
13241.5  4.841533e-06
13251.5  4.769356e-06
13261.5  4.522574e-06
13271.5  4.436232e-06
13281.5  4.424441e-06
13291.5  4.457733e-06
13301.5  4.371553e-06
13311.5  4.218215e-06
13321.5  4.185240e-06
13331.5  3.964004e-06
13341.5  3.808930e-06
13351.5  3.614400e-06
13361.5  3.644921e-06
13371.5  3.668349e-06
13381.5  3.503680e-06
13391.5  3.485136e-06
13401.5  3.393479e-06
13411.5  3.442110e-06
13421.5  3.320275e-06
13431.5  3.291425e-06
13441.5  3.270586e-06
13451.5  3.214139e-06
13461.5  3.237198e-06
13471.5  3.239162e-06
13481.5  3.377368e-06
13491.5  3.444972e-06
13501.5  3.531091e-06
13511.5  3.391793e-06
13521.5  3.500784e-06
13531.5  3.504552e-06
13541.5  3.613805e-06
13551.5  3.650398e-06
13561.5  3.707790e-06
13571.5  3.890522e-06
13581.5  3.710777e-06
13591.5  3.670715e-06
13601.5  3.662549e-06
13611.5  3.779590e-06
13621.5  3.736087e-06
13631.5  3.779308e-06
13641.5  3.799501e-06
13651.5  4.191374e-06
13661.5  4.113677e-06
13671.5  4.248086e-06
13681.5  3.901922e-06
13691.5  3.989546e-06
13701.5  4.140693e-06
13711.5  4.558363e-06
13721.5  4.555023e-06
13731.5  4.469329e-06
13741.5  4.429157e-06
13751.5  4.897118e-06
13761.5  5.243493e-06
13771.5  5.244594e-06
13781.5  5.250925e-06
13791.5  5.019479e-06
13801.5  5.002805e-06
13811.5  4.960941e-06
13821.5  5.134275e-06
13831.5  5.395630e-06
13841.5  5.381019e-06
13851.5  5.305936e-06
13861.5  5.287113e-06
13871.5  5.293441e-06
13881.5  5.340702e-06
13891.5  5.075140e-06
13901.5  4.834780e-06
13911.5  4.675292e-06
13921.5  4.703433e-06
13931.5  4.782647e-06
13941.5  4.821101e-06
13951.5  4.867065e-06
13961.5  4.675188e-06
13971.5  4.565489e-06
13981.5  4.314209e-06
13991.5  4.394610e-06
14001.5  4.249732e-06
14011.5  4.355870e-06
14021.5  4.221464e-06
14031.5  4.155235e-06
14041.5  3.948482e-06
14051.5  3.797450e-06
14061.5  3.783206e-06
14071.5  3.747768e-06
14081.5  3.888681e-06
14091.5  3.748191e-06
14101.5  3.931610e-06
14111.5  3.776217e-06
14121.5  3.746295e-06
14131.5  3.650402e-06
14141.5  3.701285e-06
14151.5  3.741237e-06
14161.5  3.588096e-06
14171.5  3.485845e-06
14181.5  3.554601e-06
14191.5  3.672255e-06
14201.5  3.769736e-06
14211.5  3.733743e-06
14221.5  3.698161e-06
14231.5  3.590307e-06
14241.5  3.798262e-06
14251.5  3.591753e-06
14261.5  3.561504e-06
14271.5  3.367601e-06
14281.5  3.564832e-06
14291.5  3.608317e-06
14301.5  3.555610e-06
14311.5  3.584913e-06
14321.5  3.551177e-06
14331.5  3.639537e-06
14341.5  3.840626e-06
14351.5  4.090696e-06
14361.5  4.278675e-06
14371.5  4.047775e-06
14381.5  3.883402e-06
14391.5  3.640318e-06
14401.5  3.872462e-06
14411.5  3.923617e-06
14421.5  4.021275e-06
14431.5  3.780818e-06
14441.5  3.657791e-06
14451.5  3.762090e-06
14461.5  3.722244e-06
14471.5  3.820051e-06
14481.5  3.741330e-06
14491.5  3.628939e-06
14501.5  3.591801e-06
14511.5  3.551509e-06
14521.5  3.698758e-06
14531.5  3.643368e-06
14541.5  3.495200e-06
14551.5  3.563116e-06
14561.5  3.615329e-06
14571.5  3.776984e-06
14581.5  3.963089e-06
14591.5  4.018700e-06
14601.5  4.095378e-06
14611.5  3.888306e-06
14621.5  3.958314e-06
14631.5  3.757726e-06
14641.5  3.929875e-06
14651.5  3.860507e-06
14661.5  4.103061e-06
14671.5  3.949972e-06
14681.5  3.969730e-06
14691.5  4.085968e-06
14701.5  4.110940e-06
14711.5  4.105845e-06
14721.5  3.946716e-06
14731.5  4.029490e-06
14741.5  3.911457e-06
14751.5  3.826127e-06
14761.5  3.745385e-06
14771.5  3.939107e-06
14781.5  3.963481e-06
14791.5  3.949845e-06
14801.5  3.934053e-06
14811.5  3.859312e-06
14821.5  3.816373e-06
14831.5  3.736113e-06
14841.5  3.791550e-06
14851.5  3.768859e-06
14861.5  3.991630e-06
14871.5  4.033788e-06
14881.5  4.288555e-06
14891.5  4.233099e-06
14901.5  4.244348e-06
14911.5  4.144633e-06
14921.5  4.154253e-06
14931.5  4.276194e-06
14941.5  4.374446e-06
14951.5  4.438605e-06
14961.5  4.318341e-06
14971.5  4.204908e-06
14981.5  4.033708e-06
14991.5  4.049544e-06
15001.5  4.071207e-06
15011.5  4.142139e-06
15021.5  4.114325e-06
15031.5  4.162352e-06
15041.5  4.086796e-06
15051.5  4.260126e-06
15061.5  4.347056e-06
15071.5  4.522846e-06
15081.5  4.501000e-06
15091.5  4.509724e-06
15101.5  4.490708e-06
15111.5  4.373067e-06
15121.5  4.228957e-06
15131.5  4.261346e-06
15141.5  4.409423e-06
15151.5  4.619407e-06
15161.5  4.727786e-06
15171.5  4.784647e-06
15181.5  4.661772e-06
15191.5  4.574780e-06
15201.5  4.685194e-06
15211.5  4.918010e-06
15221.5  4.852170e-06
15231.5  4.801001e-06
15241.5  4.631160e-06
15251.5  4.634203e-06
15261.5  4.612722e-06
15271.5  4.668175e-06
15281.5  4.643179e-06
15291.5  4.496558e-06
15301.5  4.254265e-06
15311.5  4.318579e-06
15321.5  4.438487e-06
15331.5  4.636010e-06
15341.5  4.624775e-06
15351.5  4.437659e-06
15361.5  4.436082e-06
15371.5  4.435146e-06
15381.5  4.778259e-06
15391.5  4.880198e-06
15401.5  4.752222e-06
15411.5  4.554355e-06
15421.5  4.523136e-06
15431.5  4.744392e-06
15441.5  4.717383e-06
15451.5  4.651924e-06
15461.5  4.459887e-06
15471.5  4.371269e-06
15481.5  4.343261e-06
15491.5  4.504026e-06
15501.5  4.661682e-06
15511.5  4.731388e-06
15521.5  4.832440e-06
15531.5  4.845970e-06
15541.5  5.037571e-06
15551.5  4.746840e-06
15561.5  4.858953e-06
15571.5  4.632486e-06
15581.5  4.998801e-06
15591.5  5.070475e-06
15601.5  5.154877e-06
15611.5  5.359767e-06
15621.5  5.256197e-06
15631.5  5.438388e-06
15641.5  5.124452e-06
15651.5  5.095443e-06
15661.5  4.829842e-06
15671.5  4.666880e-06
15681.5  4.676352e-06
15691.5  4.816564e-06
15701.5  4.929213e-06
15711.5  4.894627e-06
15721.5  5.012574e-06
15731.5  5.183287e-06
15741.5  5.249138e-06
15751.5  5.165689e-06
15761.5  5.180566e-06
15771.5  5.330137e-06
15781.5  5.170779e-06
15791.5  5.012088e-06
15801.5  5.110227e-06
15811.5  5.297231e-06
15821.5  5.582287e-06
15831.5  5.336326e-06
15841.5  5.351764e-06
15851.5  5.101512e-06
15861.5  5.321427e-06
15871.5  4.985869e-06
15881.5  4.881028e-06
15891.5  4.845816e-06
15901.5  5.300476e-06
15911.5  5.408974e-06
15921.5  5.347152e-06
15931.5  5.215849e-06
15941.5  5.396330e-06
15951.5  5.443348e-06
15961.5  5.333946e-06
15971.5  5.103355e-06
15981.5  5.056565e-06
15991.5  5.087095e-06
16001.5  5.440860e-06
16011.5  5.401115e-06
16021.5  5.351116e-06
16031.5  5.156475e-06
16041.5  5.025339e-06
16051.5  5.100048e-06
16061.5  4.887283e-06
16071.5  5.168161e-06
16081.5  5.462515e-06
16091.5  5.743062e-06
16101.5  5.809365e-06
16111.5  5.660312e-06
16121.5  5.776474e-06
16131.5  5.567674e-06
16141.5  5.624421e-06
16151.5  5.522603e-06
16161.5  5.671991e-06
16171.5  5.770704e-06
16181.5  5.866775e-06
16191.5  5.949386e-06
16201.5  5.897647e-06
16211.5  5.783167e-06
16221.5  5.814896e-06
16231.5  6.076626e-06
16241.5  6.549820e-06
16251.5  7.101138e-06
16261.5  7.080131e-06
16271.5  6.745260e-06
16281.5  6.444791e-06
16291.5  6.443499e-06
16301.5  6.795579e-06
16311.5  6.684079e-06
16321.5  6.918835e-06
16331.5  6.823074e-06
16341.5  6.833775e-06
16351.5  6.735042e-06
16361.5  6.749983e-06
16371.5  6.983730e-06
16381.5  7.042470e-06
16391.5  7.479813e-06
16401.5  7.350646e-06
16411.5  7.014908e-06
16421.5  6.582785e-06
16431.5  6.677671e-06
16441.5  7.033925e-06
16451.5  7.266190e-06
16461.5  7.166290e-06
16471.5  7.065606e-06
16481.5  6.956670e-06
16491.5  6.750339e-06
16501.5  6.824500e-06
16511.5  6.742884e-06
16521.5  7.123362e-06
16531.5  7.067000e-06
16541.5  6.957050e-06
16551.5  6.610362e-06
16561.5  6.266550e-06
16571.5  6.024752e-06
16581.5  5.798467e-06
16591.5  5.749011e-06
16601.5  6.170947e-06
16611.5  6.716297e-06
16621.5  7.297181e-06
16631.5  7.282880e-06
16641.5  6.966083e-06
16651.5  6.653878e-06
16661.5  6.190685e-06
16671.5  6.473370e-06
16681.5  6.382116e-06
16691.5  6.837838e-06
16701.5  6.794833e-06
16711.5  6.977480e-06
16721.5  6.888614e-06
16731.5  6.609227e-06
16741.5  6.720019e-06
16751.5  6.596096e-06
16761.5  6.638995e-06
16771.5  6.508153e-06
16781.5  6.594228e-06
16791.5  6.584221e-06
16801.5  6.270239e-06
16811.5  6.201160e-06
16821.5  6.435905e-06
16831.5  6.762103e-06
16841.5  6.996242e-06
16851.5  6.861157e-06
16861.5  7.309837e-06
16871.5  7.304655e-06
16881.5  7.283576e-06
16891.5  6.911068e-06
16901.5  6.829760e-06
16911.5  6.532057e-06
16921.5  6.619694e-06
16931.5  6.587806e-06
16941.5  7.094616e-06
16951.5  7.014631e-06
16961.5  7.005454e-06
16971.5  7.045479e-06
16981.5  6.996260e-06
16991.5  6.893839e-06
17001.5  6.732267e-06
17011.5  6.666089e-06
17021.5  6.882001e-06
17031.5  6.823937e-06
17041.5  6.900172e-06
17051.5  6.806662e-06
17061.5  7.031076e-06
17071.5  6.681895e-06
17081.5  7.036694e-06
17091.5  7.163265e-06
17101.5  7.326099e-06
17111.5  7.149627e-06
17121.5  7.393460e-06
17131.5  7.857644e-06
17141.5  7.969884e-06
17151.5  8.110779e-06
17161.5  8.253051e-06
17171.5  8.060816e-06
17181.5  7.627780e-06
17191.5  7.519834e-06
17201.5  7.844928e-06
17211.5  7.681090e-06
17221.5  7.900638e-06
17231.5  7.657448e-06
17241.5  8.047285e-06
17251.5  7.730081e-06
17261.5  7.685917e-06
17271.5  8.001744e-06
17281.5  8.084927e-06
17291.5  7.998206e-06
17301.5  7.399437e-06
17311.5  7.343154e-06
17321.5  7.417967e-06
17331.5  7.700885e-06
17341.5  7.732743e-06
17351.5  8.261082e-06
17361.5  8.400114e-06
17371.5  8.676500e-06
17381.5  8.957743e-06
17391.5  8.779959e-06
17401.5  8.267024e-06
17411.5  7.679424e-06
17421.5  7.315876e-06
17431.5  7.556517e-06
17441.5  7.974908e-06
17451.5  8.582363e-06
17461.5  9.076296e-06
17471.5  8.405382e-06
17481.5  8.173787e-06
17491.5  7.989319e-06
17501.5  8.626757e-06
17511.5  8.730979e-06
17521.5  8.324043e-06
17531.5  8.520215e-06
17541.5  8.350156e-06
17551.5  8.697662e-06
17561.5  8.451381e-06
17571.5  8.528907e-06
17581.5  8.532389e-06
17591.5  8.542436e-06
17601.5  8.329764e-06
17611.5  8.732260e-06
17621.5  8.195666e-06
17631.5  8.634295e-06
17641.5  8.217664e-06
17651.5  8.709913e-06
17661.5  8.917049e-06
17671.5  9.112230e-06
17681.5  9.185563e-06
17691.5  9.128044e-06
17701.5  8.674862e-06
17711.5  8.992788e-06
17721.5  9.091598e-06
17731.5  9.234808e-06
17741.5  9.075028e-06
17751.5  8.862826e-06
17761.5  9.458084e-06
17771.5  9.103295e-06
17781.5  9.166679e-06
17791.5  8.883024e-06
17801.5  9.140337e-06
17811.5  8.953204e-06
17821.5  9.116635e-06
17831.5  9.621258e-06
17841.5  1.023087e-05
17851.5  9.952711e-06
17861.5  9.373187e-06
17871.5  9.325258e-06
17881.5  9.758961e-06
17891.5  1.009479e-05
17901.5  9.608385e-06
17911.5  9.306720e-06
17921.5  9.396726e-06
17931.5  9.613697e-06
17941.5  9.605064e-06
17951.5  9.647504e-06
17961.5  9.743815e-06
17971.5  1.008937e-05
17981.5  9.860291e-06
17991.5  9.652479e-06
18001.5  9.626701e-06
18011.5  1.018270e-05
18021.5  1.078807e-05
18031.5  1.079611e-05
18041.5  1.042614e-05
18051.5  1.035350e-05
18061.5  1.053538e-05
18071.5  1.110323e-05
18081.5  1.085074e-05
18091.5  1.060913e-05
18101.5  1.059437e-05
18111.5  1.121872e-05
18121.5  1.131093e-05
18131.5  1.137745e-05
18141.5  1.143887e-05
18151.5  1.236745e-05
18161.5  1.181855e-05
18171.5  1.153245e-05
18181.5  1.117536e-05
18191.5  1.201646e-05
18201.5  1.277507e-05
18211.5  1.266359e-05
18221.5  1.261059e-05
18231.5  1.214325e-05
18241.5  1.239314e-05
18251.5  1.268300e-05
18261.5  1.319890e-05
18271.5  1.339152e-05
18281.5  1.349137e-05
18291.5  1.319905e-05
18301.5  1.305185e-05
18311.5  1.312889e-05
18321.5  1.339172e-05
18331.5  1.441252e-05
18341.5  1.410018e-05
18351.5  1.452237e-05
18361.5  1.346129e-05
18371.5  1.363933e-05
18381.5  1.286037e-05
18391.5  1.316098e-05
18401.5  1.393431e-05
18411.5  1.461117e-05
18421.5  1.520883e-05
18431.5  1.448936e-05
18441.5  1.426035e-05
18451.5  1.359178e-05
18461.5  1.315862e-05
18471.5  1.280972e-05
18481.5  1.361313e-05
18491.5  1.433243e-05
18501.5  1.437555e-05
18511.5  1.403514e-05
18521.5  1.418364e-05
18531.5  1.461699e-05
18541.5  1.474710e-05
18551.5  1.434862e-05
18561.5  1.474982e-05
18571.5  1.471739e-05
18581.5  1.536027e-05
18591.5  1.483581e-05
18601.5  1.481565e-05
18611.5  1.483238e-05
18621.5  1.535353e-05
18631.5  1.540356e-05
18641.5  1.514031e-05
18651.5  1.464162e-05
18661.5  1.440508e-05
18671.5  1.355867e-05
18681.5  1.410724e-05
18691.5  1.357056e-05
18701.5  1.500121e-05
18711.5  1.445074e-05
18721.5  1.493790e-05
18731.5  1.414833e-05
18741.5  1.384507e-05
18751.5  1.381884e-05
18761.5  1.355093e-05
18771.5  1.401735e-05
18781.5  1.413748e-05
18791.5  1.350035e-05
18801.5  1.300892e-05
18811.5  1.265228e-05
18821.5  1.308405e-05
18831.5  1.353710e-05
18841.5  1.363906e-05
18851.5  1.367536e-05
18861.5  1.401259e-05
18871.5  1.419545e-05
18881.5  1.458425e-05
18891.5  1.456928e-05
18901.5  1.470841e-05
18911.5  1.510709e-05
18921.5  1.444630e-05
18931.5  1.549984e-05
18941.5  1.478403e-05
18951.5  1.477426e-05
18961.5  1.341713e-05
18971.5  1.384049e-05
18981.5  1.475445e-05
18991.5  1.492002e-05
19001.5  1.475144e-05
19011.5  1.414463e-05
19021.5  1.459692e-05
19031.5  1.456336e-05
19041.5  1.554537e-05
19051.5  1.516014e-05
19061.5  1.507202e-05
19071.5  1.492460e-05
19081.5  1.482672e-05
19091.5  1.550700e-05
19101.5  1.444349e-05
19111.5  1.422433e-05
19121.5  1.325731e-05
19131.5  1.266112e-05
19141.5  1.341394e-05
19151.5  1.358795e-05
19161.5  1.426573e-05
19171.5  1.388833e-05
19181.5  1.475260e-05
19191.5  1.569624e-05
19201.5  1.607894e-05
19211.5  1.601613e-05
19221.5  1.548044e-05
19231.5  1.565547e-05
19241.5  1.526373e-05
19251.5  1.511424e-05
19261.5  1.466110e-05
19271.5  1.540558e-05
19281.5  1.603757e-05
19291.5  1.679154e-05
19301.5  1.628583e-05
19311.5  1.661378e-05
19321.5  1.594006e-05
19331.5  1.592048e-05
19341.5  1.526059e-05
19351.5  1.547651e-05
19361.5  1.643774e-05
19371.5  1.690821e-05
19381.5  1.671544e-05
19391.5  1.639154e-05
19401.5  1.702214e-05
19411.5  1.808045e-05
19421.5  1.857698e-05
19431.5  1.825995e-05
19441.5  1.737115e-05
19451.5  1.752814e-05
19461.5  1.829218e-05
19471.5  1.946846e-05
19481.5  1.865856e-05
19491.5  1.841210e-05
19501.5  1.855278e-05
19511.5  1.908324e-05
19521.5  1.953154e-05
19531.5  1.892548e-05
19541.5  1.889643e-05
19551.5  1.796212e-05
19561.5  1.806096e-05
19571.5  1.912994e-05
19581.5  1.991551e-05
19591.5  2.001491e-05
19601.5  1.991522e-05
19611.5  1.928129e-05
19621.5  1.999497e-05
19631.5  1.974711e-05
19641.5  2.048358e-05
19651.5  2.025680e-05
19661.5  1.958477e-05
19671.5  1.954762e-05
19681.5  1.915933e-05
19691.5  1.947468e-05
19701.5  1.784286e-05
19711.5  1.726706e-05
19721.5  1.668672e-05
19731.5  1.779121e-05
19741.5  1.817316e-05
19751.5  1.825863e-05
19761.5  1.758991e-05
19771.5  1.751394e-05
19781.5  1.733576e-05
19791.5  1.733862e-05
19801.5  1.636045e-05
19811.5  1.653578e-05
19821.5  1.707157e-05
19831.5  1.891503e-05
19841.5  1.876428e-05
19851.5  1.778883e-05
19861.5  1.560804e-05
19871.5  1.540668e-05
19881.5  1.559377e-05
19891.5  1.710727e-05
19901.5  1.802766e-05
19911.5  1.874461e-05
19921.5  1.754222e-05
19931.5  1.668761e-05
19941.5  1.655013e-05
19951.5  1.693570e-05
19961.5  1.684561e-05
19971.5  1.647366e-05
19981.5  1.607524e-05
19991.5  1.684951e-05
20001.5  1.639891e-05
20011.5  1.777179e-05
20021.5  1.718561e-05
20031.5  1.777924e-05
20041.5  1.673638e-05
20051.5  1.617641e-05
20061.5  1.633851e-05
20071.5  1.755670e-05
20081.5  1.747227e-05
20091.5  1.782748e-05
20101.5  1.716401e-05
20111.5  1.760584e-05
20121.5  1.709904e-05
20131.5  1.702196e-05
20141.5  1.725254e-05
20151.5  1.802694e-05
20161.5  1.848286e-05
20171.5  1.808413e-05
20181.5  1.664623e-05
20191.5  1.711312e-05
20201.5  1.734686e-05
20211.5  1.850775e-05
20221.5  1.701534e-05
20231.5  1.768584e-05
20241.5  1.727096e-05
20251.5  1.835217e-05
20261.5  1.819144e-05
20271.5  1.877320e-05
20281.5  1.851916e-05
20291.5  1.861167e-05
20301.5  1.752572e-05
20311.5  1.843911e-05
20321.5  1.843667e-05
20331.5  1.886536e-05
20341.5  1.826292e-05
20351.5  1.872064e-05
20361.5  2.019462e-05
20371.5  2.000828e-05
20381.5  1.989216e-05
20391.5  1.868565e-05
20401.5  1.968522e-05
20411.5  1.980350e-05
20421.5  2.017814e-05
20431.5  1.950377e-05
20441.5  1.906477e-05
20451.5  1.853676e-05
20461.5  1.857646e-05
20471.5  1.884797e-05
20481.5  1.960745e-05
20491.5  1.949591e-05
20501.5  1.969587e-05
20511.5  1.913511e-05
20521.5  1.869004e-05
20531.5  1.814282e-05
20541.5  1.949319e-05
20551.5  2.070879e-05
20561.5  2.114236e-05
20571.5  2.088200e-05
20581.5  2.062123e-05
20591.5  2.124982e-05
20601.5  1.955913e-05
20611.5  1.875849e-05
20621.5  1.900202e-05
20631.5  2.028428e-05
20641.5  2.140782e-05
20651.5  2.094697e-05
20661.5  2.167156e-05
20671.5  2.078445e-05
20681.5  2.128342e-05
20691.5  2.125167e-05
20701.5  2.176680e-05
20711.5  2.142150e-05
20721.5  2.161881e-05
20731.5  2.166406e-05
20741.5  2.076179e-05
20751.5  1.981906e-05
20761.5  1.998694e-05
20771.5  2.098402e-05
20781.5  2.127156e-05
20791.5  2.208476e-05
20801.5  2.245626e-05
20811.5  2.189983e-05
20821.5  2.100496e-05
20831.5  2.093343e-05
20841.5  2.212702e-05
20851.5  2.197579e-05
20861.5  2.267498e-05
20871.5  2.288454e-05
20881.5  2.285454e-05
20891.5  2.160934e-05
20901.5  2.123870e-05
20911.5  2.188390e-05
20921.5  2.100403e-05
20931.5  2.124558e-05
20941.5  2.135365e-05
20951.5  2.270112e-05
20961.5  2.185368e-05
20971.5  2.212675e-05
20981.5  2.142164e-05
20991.5  2.270315e-05
21001.5  2.288663e-05
21011.5  2.402165e-05
21021.5  2.318383e-05
21031.5  2.300068e-05
21041.5  2.290134e-05
21051.5  2.295693e-05
21061.5  2.251982e-05
21071.5  2.248899e-05
21081.5  2.369341e-05
21091.5  2.326264e-05
21101.5  2.253957e-05
21111.5  2.262343e-05
21121.5  2.324037e-05
21131.5  2.305432e-05
21141.5  2.235708e-05
21151.5  2.207099e-05
21161.5  2.290863e-05
21171.5  2.347067e-05
21181.5  2.372503e-05
21191.5  2.424206e-05
21201.5  2.303359e-05
21211.5  2.358291e-05
21221.5  2.281632e-05
21231.5  2.339380e-05
21241.5  2.333485e-05
21251.5  2.379699e-05
21261.5  2.548152e-05
21271.5  2.702108e-05
21281.5  2.583860e-05
21291.5  2.521911e-05
21301.5  2.418572e-05
21311.5  2.523597e-05
21321.5  2.340847e-05
21331.5  2.301850e-05
21341.5  2.257473e-05
21351.5  2.346803e-05
21361.5  2.337001e-05
21371.5  2.372451e-05
21381.5  2.452823e-05
21391.5  2.544192e-05
21401.5  2.630728e-05
21411.5  2.637470e-05
21421.5  2.639275e-05
21431.5  2.678478e-05
21441.5  2.724598e-05
21451.5  2.704119e-05
21461.5  2.733824e-05
21471.5  2.745586e-05
21481.5  2.787240e-05
21491.5  2.621906e-05
21501.5  2.570727e-05
21511.5  2.506613e-05
21521.5  2.568521e-05
21531.5  2.610287e-05
21541.5  2.662958e-05
21551.5  2.839812e-05
21561.5  2.685847e-05
21571.5  2.465913e-05
21581.5  2.414458e-05
21591.5  2.461433e-05
21601.5  2.649031e-05
21611.5  2.696452e-05
21621.5  2.851635e-05
21631.5  2.864742e-05
21641.5  2.768275e-05
21651.5  2.625520e-05
21661.5  2.655879e-05
21671.5  2.678226e-05
21681.5  2.857793e-05
21691.5  2.715345e-05
21701.5  2.645052e-05
21711.5  2.666470e-05
21721.5  2.696586e-05
21731.5  2.721440e-05
21741.5  2.504629e-05
21751.5  2.448194e-05
21761.5  2.404568e-05
21771.5  2.502286e-05
21781.5  2.566819e-05
21791.5  2.556627e-05
21801.5  2.449669e-05
21811.5  2.445470e-05
21821.5  2.428310e-05
21831.5  2.467628e-05
21841.5  2.520791e-05
21851.5  2.597746e-05
21861.5  2.596538e-05
21871.5  2.599265e-05
21881.5  2.526745e-05
21891.5  2.549977e-05
21901.5  2.727772e-05
21911.5  2.611789e-05
21921.5  2.504246e-05
21931.5  2.342500e-05
21941.5  2.543107e-05
21951.5  2.749591e-05
21961.5  2.835193e-05
21971.5  2.953832e-05
21981.5  2.938610e-05
21991.5  3.101622e-05
22001.5  3.128624e-05
22011.5  3.209186e-05
22021.5  3.196155e-05
22031.5  3.237483e-05
22041.5  3.247617e-05
22051.5  3.413942e-05
22061.5  3.264922e-05
22071.5  3.242712e-05
22081.5  3.141911e-05
22091.5  3.524314e-05
22101.5  3.673726e-05
22111.5  3.746643e-05
22121.5  3.592343e-05
22131.5  3.467342e-05
22141.5  3.374472e-05
22151.5  3.476013e-05
22161.5  3.624290e-05
22171.5  3.721938e-05
22181.5  3.459771e-05
22191.5  3.454492e-05
22201.5  3.478603e-05
22211.5  3.687303e-05
22221.5  3.718104e-05
22231.5  3.619246e-05
22241.5  3.682189e-05
22251.5  3.816777e-05
22261.5  3.898665e-05
22271.5  3.845277e-05
22281.5  3.744631e-05
22291.5  3.813845e-05
22301.5  3.882074e-05
22311.5  3.888675e-05
22321.5  3.825241e-05
22331.5  3.899292e-05
22341.5  3.974016e-05
22351.5  3.858872e-05
22361.5  3.601782e-05
22371.5  3.712110e-05
22381.5  3.878646e-05
22391.5  4.051464e-05
22401.5  4.116447e-05
22411.5  4.345909e-05
22421.5  4.621718e-05
22431.5  4.614652e-05
22441.5  4.461846e-05
22451.5  4.270422e-05
22461.5  4.398845e-05
22471.5  4.525680e-05
22481.5  4.710382e-05
22491.5  4.427462e-05
22501.5  4.433581e-05
22511.5  4.544517e-05
22521.5  4.820337e-05
22531.5  4.792116e-05
22541.5  4.644684e-05
22551.5  4.639284e-05
22561.5  4.606155e-05
22571.5  4.723137e-05
22581.5  4.402080e-05
22591.5  4.444916e-05
22601.5  4.289277e-05
22611.5  4.463761e-05
22621.5  4.578742e-05
22631.5  4.649823e-05
22641.5  4.709434e-05
22651.5  4.563367e-05
22661.5  4.649453e-05
22671.5  4.788777e-05
22681.5  4.626862e-05
22691.5  4.550627e-05
22701.5  4.191403e-05
22711.5  4.273655e-05
22721.5  4.086306e-05
22731.5  4.042032e-05
22741.5  4.112153e-05
22751.5  3.951688e-05
22761.5  3.928036e-05
22771.5  3.725327e-05
22781.5  3.789955e-05
22791.5  3.652182e-05
22801.5  3.364611e-05
22811.5  3.140904e-05
22821.5  3.004057e-05
22831.5  3.176969e-05
22841.5  3.134029e-05
22851.5  2.990320e-05
22861.5  2.747748e-05
22871.5  2.786812e-05
22881.5  2.876473e-05
22891.5  2.787908e-05
22901.5  2.671361e-05
22911.5  2.596077e-05
22921.5  2.576021e-05
22931.5  2.492524e-05
22941.5  2.294860e-05
22951.5  2.136477e-05
22961.5  1.948354e-05
22971.5  2.096573e-05
22981.5  2.102865e-05
22991.5  2.240516e-05
23001.5  1.973642e-05
23011.5  1.902053e-05
23021.5  1.737384e-05
23031.5  1.838924e-05
23041.5  1.797191e-05
23051.5  1.774383e-05
23061.5  1.746404e-05
23071.5  1.804455e-05
23081.5  1.747198e-05
23091.5  1.695918e-05
23101.5  1.581580e-05
23111.5  1.532636e-05
23121.5  1.467280e-05
23131.5  1.434818e-05
23141.5  1.496098e-05
23151.5  1.535288e-05
23161.5  1.563447e-05
23171.5  1.484881e-05
23181.5  1.343765e-05
23191.5  1.318688e-05
23201.5  1.339939e-05
23211.5  1.328673e-05
23221.5  1.248062e-05
23231.5  1.155868e-05
23241.5  1.125652e-05
23251.5  1.110521e-05
23261.5  1.026194e-05
23271.5  9.638879e-06
23281.5  9.103686e-06
23291.5  8.810876e-06
23301.5  8.901819e-06
23311.5  8.183178e-06
23321.5  7.757952e-06
23331.5  6.975237e-06
23341.5  6.861435e-06
23351.5  6.672257e-06
23361.5  6.387102e-06
23371.5  6.006188e-06
23381.5  5.592350e-06
23391.5  5.594805e-06
23401.5  5.342788e-06
23411.5  5.126454e-06
23421.5  4.757835e-06
23431.5  4.746494e-06
23441.5  4.720870e-06
23451.5  4.697012e-06
23461.5  4.617075e-06
23471.5  4.593899e-06
23481.5  4.343889e-06
23491.5  4.357703e-06
23501.5  4.490396e-06
23511.5  4.773705e-06
23521.5  4.449629e-06
23531.5  4.278476e-06
23541.5  4.125150e-06
23551.5  4.253976e-06
23561.5  4.277278e-06
23571.5  4.067946e-06
23581.5  3.946843e-06
23591.5  3.544648e-06
23601.5  3.315473e-06
23611.5  2.940403e-06
23621.5  2.823816e-06
23631.5  2.844785e-06
23641.5  2.787754e-06
23651.5  2.475240e-06
23661.5  2.075290e-06
23671.5  1.790540e-06
23681.5  1.592399e-06
23691.5  1.441323e-06
23701.5  1.277589e-06
23711.5  1.171289e-06
23721.5  1.005209e-06
23731.5  8.915773e-07
23741.5  7.135027e-07
23751.5  6.150366e-07
23761.5  5.334473e-07
23771.5  5.390814e-07
23781.5  5.030178e-07
23791.5  4.931640e-07
23801.5  4.567965e-07
23811.5  4.220184e-07
23821.5  3.902871e-07
23831.5  3.752937e-07
23841.5  3.697529e-07
23851.5  3.560080e-07
23861.5  3.515817e-07
23871.5  3.577577e-07
23881.5  3.629778e-07
23891.5  3.585103e-07
23901.5  3.434530e-07
23911.5  3.361881e-07
23921.5  3.303301e-07
23931.5  3.243559e-07
23941.5  3.072031e-07
23951.5  2.821668e-07
23961.5  2.650790e-07
23971.5  2.509147e-07
23981.5  2.329243e-07
23991.5  2.154082e-07
24001.5  1.952559e-07
24011.5  1.815322e-07
24021.5  1.643320e-07
24031.5  1.447147e-07
24041.5  1.287974e-07
24051.5  1.125973e-07
24061.5  9.939511e-08
24071.5  8.499343e-08
24081.5  7.309147e-08
24091.5  6.558843e-08
24101.5  5.510901e-08
24111.5  4.848117e-08
24121.5  4.020333e-08
24131.5  3.596501e-08
24141.5  3.030522e-08
24151.5  2.526388e-08
24161.5  2.068099e-08
24171.5  1.716269e-08
24181.5  1.481237e-08
24191.5  1.308582e-08
24201.5  1.156463e-08
24211.5  1.016415e-08
24221.5  8.761877e-09
24231.5  7.576486e-09
24241.5  6.764489e-09
24251.5  5.912854e-09
24261.5  5.453683e-09
24271.5  4.781624e-09
24281.5  4.527829e-09
24291.5  4.110969e-09
24301.5  4.026806e-09
24311.5  3.774184e-09
24321.5  3.565072e-09
24331.5  3.258843e-09
24341.5  3.036639e-09
24351.5  2.885536e-09
24361.5  2.714000e-09
24371.5  2.581347e-09
24381.5  2.378669e-09
24391.5  2.203536e-09
24401.5  2.048152e-09
24411.5  1.958128e-09
24421.5  1.862298e-09
24431.5  1.791581e-09
24441.5  1.675382e-09
24451.5  1.574058e-09
24461.5  1.492666e-09
24471.5  1.404635e-09
24481.5  1.302179e-09
24491.5  1.171086e-09
24501.5  1.080559e-09
24511.5  9.978259e-10
24521.5  9.325816e-10
24531.5  8.409224e-10
24541.5  7.544476e-10
24551.5  6.758217e-10
24561.5  6.126690e-10
24571.5  5.506989e-10
24581.5  4.769233e-10
24591.5  4.152252e-10
24601.5  3.707406e-10
24611.5  3.248658e-10
24621.5  2.776796e-10
24631.5  2.400495e-10
24641.5  2.133766e-10
24651.5  1.857078e-10
24661.5  1.585761e-10
24671.5  1.362446e-10
24681.5  1.186061e-10
24691.5  9.904456e-11
24701.5  8.392851e-11
24711.5  7.366757e-11
24721.5  6.593540e-11
24731.5  5.783382e-11
24741.5  4.903050e-11
24751.5  4.243525e-11
24761.5  3.661808e-11
24771.5  3.186246e-11
24781.5  2.732511e-11
24791.5  2.341847e-11
24801.5  2.098893e-11
24811.5  1.924045e-11
24821.5  1.797274e-11
24831.5  1.622082e-11
24841.5  1.450350e-11
24851.5  1.303739e-11
24861.5  1.220294e-11
24871.5  1.094651e-11
24881.5  1.032353e-11
24891.5  9.469544e-12
24901.5  9.138372e-12
24911.5  8.570389e-12
24921.5  8.394371e-12
24931.5  8.500331e-12
24941.5  8.502184e-12
24951.5  8.440882e-12
24961.5  8.449932e-12
24971.5  8.756431e-12
24981.5  9.260968e-12
24991.5  9.732922e-12
25001.5  1.031021e-11
25011.5  1.099786e-11
25021.5  1.187959e-11
25031.5  1.268229e-11
25041.5  1.344198e-11
25051.5  1.406083e-11
25061.5  1.463022e-11
25071.5  1.503024e-11
25081.5  1.533791e-11
25091.5  1.553829e-11
25101.5  1.568705e-11
25111.5  1.568538e-11
25121.5  1.556856e-11
25131.5  1.540664e-11
25141.5  1.512838e-11
25151.5  1.470236e-11
25161.5  1.414281e-11
25171.5  1.354190e-11
25181.5  1.294581e-11
25191.5  1.225314e-11
25201.5  1.151612e-11
25211.5  1.069832e-11
25221.5  9.872705e-12
25231.5  9.018130e-12
25241.5  8.196592e-12
25251.5  7.400238e-12
25261.5  6.681100e-12
25271.5  5.989644e-12
25281.5  5.350561e-12
25291.5  4.733724e-12
25301.5  4.187337e-12
25311.5  3.717428e-12
25321.5  3.283375e-12
25331.5  2.896526e-12
25341.5  2.543209e-12
25351.5  2.260633e-12
25361.5  2.025852e-12
25371.5  1.810492e-12
25381.5  1.633118e-12
25391.5  1.480756e-12
25401.5  1.354519e-12
25411.5  1.244294e-12
25421.5  1.143191e-12
25431.5  1.060370e-12
25441.5  9.935710e-13
25451.5  9.379590e-13
25461.5  8.953686e-13
25471.5  8.483288e-13
25481.5  8.196903e-13
25491.5  7.782786e-13
25501.5  7.403843e-13
25511.5  6.955389e-13
25521.5  6.608429e-13
25531.5  6.256865e-13
25541.5  5.917820e-13
25551.5  5.604416e-13
25561.5  5.252439e-13
25571.5  4.897650e-13
25581.5  4.558378e-13
25591.5  4.252775e-13
25601.5  3.943069e-13
25611.5  3.629612e-13
25621.5  3.335733e-13
25631.5  3.057714e-13
25641.5  2.772253e-13
25651.5  2.500422e-13
25661.5  2.262657e-13
25671.5  2.031758e-13
25681.5  1.815511e-13
25691.5  1.600193e-13
25701.5  1.407836e-13
25711.5  1.249903e-13
25721.5  1.105760e-13
25731.5  9.786467e-14
25741.5  8.463662e-14
25751.5  7.363873e-14
25761.5  6.402790e-14
25771.5  5.571279e-14
25781.5  4.864862e-14
25791.5  4.223181e-14
25801.5  3.686632e-14
25811.5  3.179519e-14
25821.5  2.736608e-14
25831.5  2.374226e-14
25841.5  2.076940e-14
25851.5  1.822059e-14
25861.5  1.585229e-14
25871.5  1.396727e-14
25881.5  1.219626e-14
25891.5  1.074829e-14
25901.5  9.355922e-15
25911.5  8.331770e-15
25921.5  7.419887e-15
25931.5  6.514294e-15
25941.5  5.791686e-15
25951.5  5.057706e-15
25961.5  4.465403e-15
25971.5  3.970589e-15
25981.5  3.580811e-15
25991.5  3.241691e-15
