# from http://www.stsci.edu/jwst/instruments/nircam/instrumentdesign/filters
# Retrieved Jan 18, 2017, dated Feb 5, 2016 (pre-flight)
# Uses modA or modB  filters+DBS+QE+OTE (nrc_plus_ote)
# Units of transmission are PCE (photon to electron conversion efficiency)
# 
20004.7  2.812253e-10
20020.7  2.546858e-10
20036.8  2.321717e-10
20052.9  2.133329e-10
20069.0  1.969922e-10
20085.1  1.841471e-10
20101.1  1.724730e-10
20117.2  1.610021e-10
20133.3  1.517502e-10
20149.4  1.437414e-10
20165.5  1.349937e-10
20181.6  1.288433e-10
20197.6  1.221232e-10
20213.7  1.175362e-10
20229.8  1.136612e-10
20245.9  1.088824e-10
20262.0  1.059838e-10
20278.0  1.034854e-10
20294.1  1.009964e-10
20310.2  9.873443e-11
20326.3  9.611046e-11
20342.4  9.233874e-11
20358.4  9.018139e-11
20374.5  8.844076e-11
20390.6  8.760131e-11
20406.7  8.811645e-11
20422.8  8.828356e-11
20438.8  8.893305e-11
20454.9  9.026483e-11
20471.0  9.209675e-11
20487.1  9.449334e-11
20503.2  9.672837e-11
20519.3  9.887194e-11
20535.3  1.024451e-10
20551.4  1.057976e-10
20567.5  1.106729e-10
20583.6  1.159814e-10
20599.7  1.230044e-10
20615.7  1.303066e-10
20631.8  1.380554e-10
20647.9  1.471767e-10
20664.0  1.578091e-10
20680.1  1.698232e-10
20696.1  1.830685e-10
20712.2  1.977196e-10
20728.3  2.157069e-10
20744.4  2.346382e-10
20760.5  2.585652e-10
20776.5  2.835701e-10
20792.6  3.123483e-10
20808.7  3.453767e-10
20824.8  3.811606e-10
20840.9  4.253408e-10
20857.0  4.783350e-10
20873.0  5.405661e-10
20889.1  6.188005e-10
20905.2  7.123220e-10
20921.3  8.217721e-10
20937.4  9.535981e-10
20953.4  1.105116e-09
20969.5  1.274244e-09
20985.6  1.486454e-09
21001.7  1.747626e-09
21017.8  2.040076e-09
21033.8  2.387954e-09
21049.9  2.787483e-09
21066.0  3.217625e-09
21082.1  3.690153e-09
21098.2  4.166688e-09
21114.2  4.613467e-09
21130.3  4.959838e-09
21146.4  5.206615e-09
21162.5  5.411562e-09
21178.6  5.482596e-09
21194.7  5.573047e-09
21210.7  5.590349e-09
21226.8  5.573445e-09
21242.9  5.497658e-09
21259.0  5.416303e-09
21275.1  5.327026e-09
21291.1  5.223879e-09
21307.2  5.135860e-09
21323.3  5.022580e-09
21339.4  4.867852e-09
21355.5  4.729175e-09
21371.5  4.612327e-09
21387.6  4.499424e-09
21403.7  4.349292e-09
21419.8  4.197931e-09
21435.9  4.011344e-09
21451.9  3.822126e-09
21468.0  3.645804e-09
21484.1  3.483384e-09
21500.2  3.324152e-09
21516.3  3.158139e-09
21532.4  3.004219e-09
21548.4  2.826320e-09
21564.5  2.670521e-09
21580.6  2.503598e-09
21596.7  2.356761e-09
21612.8  2.214787e-09
21628.8  2.072986e-09
21644.9  1.924728e-09
21661.0  1.759868e-09
21677.1  1.609479e-09
21693.2  1.459377e-09
21709.2  1.323476e-09
21725.3  1.185695e-09
21741.4  1.061422e-09
21757.5  9.563121e-10
21773.6  8.660851e-10
21789.6  8.041412e-10
21805.7  7.782788e-10
21821.8  7.524253e-10
21837.9  7.016271e-10
21854.0  6.612161e-10
21870.1  6.489305e-10
21886.1  6.476853e-10
21902.2  6.064429e-10
21918.3  5.326853e-10
21934.4  4.760945e-10
21950.5  4.526514e-10
21966.5  4.448590e-10
21982.6  4.976954e-10
21998.7  5.763522e-10
22014.8  6.124596e-10
22030.9  6.102957e-10
22046.9  6.392116e-10
22063.0  7.395119e-10
22079.1  8.654010e-10
22095.2  8.811236e-10
22111.3  9.169813e-10
22127.3  9.873818e-10
22143.4  1.097800e-09
22159.5  1.227007e-09
22175.6  1.268756e-09
22191.7  1.329818e-09
22207.7  1.253549e-09
22223.8  1.202436e-09
22239.9  1.279454e-09
22256.0  1.518422e-09
22272.1  1.810403e-09
22288.2  1.976888e-09
22304.2  2.189164e-09
22320.3  1.866354e-09
22336.4  2.065095e-09
22352.5  2.018801e-09
22368.6  1.367507e-09
22384.6  9.565392e-10
22400.7  9.626735e-10
22416.8  1.468864e-09
22432.9  3.052420e-09
22449.0  3.843456e-09
22465.0  4.295317e-09
22481.1  2.837058e-09
22497.2  2.857672e-09
22513.3  2.018734e-09
22529.4  1.333271e-09
22545.4  1.976626e-09
22561.5  3.514441e-09
22577.6  6.453953e-09
22593.7  5.898880e-09
22609.8  5.588690e-09
22625.9  2.363948e-09
22641.9  6.171740e-10
22658.0  1.574848e-09
22674.1  3.255033e-10
22690.2  6.706596e-11
22706.3  4.070379e-11
22722.3  4.274966e-11
22738.4  4.470796e-11
22754.5  1.721103e-10
22770.6  1.521330e-09
22786.7  6.416505e-09
22802.7  1.074504e-08
22818.8  3.610562e-08
22834.9  4.261408e-08
22851.0  4.989044e-08
22867.1  5.007590e-08
22883.1  5.048032e-08
22899.2  5.585682e-08
22915.3  5.404267e-08
22931.4  5.238992e-08
22947.5  5.091391e-08
22963.6  5.386508e-08
22979.6  6.860398e-08
22995.7  4.859039e-08
23011.8  4.499222e-08
23027.9  4.159123e-08
23044.0  3.485484e-08
23060.0  2.944148e-08
23076.1  1.440062e-08
23092.2  6.353942e-09
23108.3  4.471741e-09
23124.4  1.077165e-08
23140.4  2.636079e-08
23156.5  8.741394e-09
23172.6  1.493657e-09
23188.7  6.367789e-10
23204.8  1.045762e-09
23220.8  1.936721e-09
23236.9  5.460404e-09
23253.0  2.249036e-08
23269.1  1.003261e-07
23285.2  1.793538e-07
23301.3  3.468855e-07
23317.3  6.017415e-07
23333.4  7.823125e-07
23349.5  1.028938e-06
23365.6  8.676054e-07
23381.7  6.180225e-07
23397.7  4.503423e-07
23413.8  4.325468e-07
23429.9  4.112865e-07
23446.0  3.186734e-07
23462.1  1.993021e-07
23478.1  1.247283e-07
23494.2  1.544933e-07
23510.3  2.183022e-07
23526.4  1.948972e-07
23542.5  4.229336e-08
23558.5  1.997561e-07
23574.6  3.325259e-07
23590.7  1.086676e-07
23606.8  3.685968e-08
23622.9  1.320284e-08
23639.0  5.868821e-09
23655.0  4.565072e-09
23671.1  2.186677e-08
23687.2  1.891364e-07
23703.3  4.995743e-07
23719.4  3.549388e-07
23735.4  2.514123e-07
23751.5  5.946813e-08
23767.6  3.723909e-08
23783.7  1.307300e-07
23799.8  2.266521e-07
23815.8  3.947722e-07
23831.9  4.885581e-07
23848.0  3.359054e-07
23864.1  2.312632e-07
23880.2  1.585715e-07
23896.2  1.085006e-07
23912.3  7.459265e-08
23928.4  1.751936e-07
23944.5  4.790732e-07
23960.6  1.142628e-06
23976.7  1.241158e-06
23992.7  1.496257e-06
24008.8  2.236306e-06
24024.9  2.631663e-06
24041.0  3.101290e-06
24057.1  2.298197e-06
24073.1  1.368336e-06
24089.2  8.644479e-07
24105.3  1.393062e-07
24121.4  1.996273e-08
24137.5  4.604746e-09
24153.5  4.609220e-09
24169.6  4.613695e-09
24185.7  4.618171e-09
24201.8  4.622729e-09
24217.9  4.632150e-09
24233.9  1.019372e-08
24250.0  8.984646e-08
24266.1  9.042942e-07
24282.2  1.327224e-06
24298.3  8.896366e-07
24314.4  6.804911e-07
24330.4  1.234444e-07
24346.5  1.758806e-08
24362.6  4.867046e-09
24378.7  4.689205e-09
24394.8  4.695198e-09
24410.8  5.361315e-09
24426.9  3.074294e-08
24443.0  2.294453e-07
24459.1  1.080003e-06
24475.2  9.835445e-07
24491.2  1.009979e-06
24507.3  9.943658e-07
24523.4  9.483424e-07
24539.5  9.969196e-07
24555.6  1.166002e-06
24571.6  1.545823e-06
24587.7  2.434755e-06
24603.8  3.186607e-06
24619.9  2.683557e-06
24636.0  2.264152e-06
24652.0  1.551934e-06
24668.1  1.128346e-06
24684.2  1.147756e-06
24700.3  1.512708e-06
24716.4  1.875279e-06
24732.5  2.371079e-06
24748.5  2.874786e-06
24764.6  3.483454e-06
24780.7  4.294845e-06
24796.8  4.320520e-06
24812.9  4.307107e-06
24828.9  4.392719e-06
24845.0  3.806114e-06
24861.1  3.306945e-06
24877.2  2.919989e-06
24893.3  2.382866e-06
24909.3  2.206410e-06
24925.4  2.099950e-06
24941.5  2.189048e-06
24957.6  2.324671e-06
24973.7  2.507158e-06
24989.7  2.800036e-06
24997.8  2.105628e-06
25011.3  3.407783e-06
25024.8  4.826621e-06
25038.3  4.864920e-06
25051.8  8.915843e-06
25065.3  5.672464e-06
25078.9  4.963153e-07
25092.4  1.377030e-06
25105.9  1.625620e-06
25119.4  1.844356e-06
25132.9  2.162436e-06
25146.4  1.276225e-06
25159.9  2.791598e-06
25173.4  8.825442e-07
25187.0  6.416504e-06
25200.5  6.371900e-06
25214.0  6.947109e-06
25227.5  1.593253e-06
25241.0  2.731708e-06
25254.5  3.640018e-06
25268.0  1.540104e-06
25281.5  5.975977e-08
25295.1  1.906750e-06
25308.6  1.939663e-06
25322.1  6.696368e-07
25335.6  2.663955e-06
25349.1  2.403186e-06
25362.6  1.748466e-06
25376.1  2.326558e-06
25389.6  1.132662e-06
25403.2  1.117939e-06
25416.7  4.729222e-09
25430.2  9.392674e-07
25443.7  2.287751e-06
25457.2  3.262998e-06
25470.7  8.584922e-06
25484.2  4.832358e-06
25497.7  2.619782e-06
25511.2  3.030485e-06
25524.8  2.587799e-07
25538.3  4.560434e-06
25551.8  2.063991e-06
25565.3  9.249587e-07
25578.8  1.300619e-06
25592.3  2.380806e-06
25605.8  3.686799e-06
25619.3  2.130606e-06
25632.9  8.139208e-07
25646.4  3.224606e-06
25659.9  7.157401e-06
25673.4  3.329471e-06
25686.9  3.557362e-06
25700.4  6.782822e-06
25713.9  5.631777e-06
25727.4  1.266393e-06
25741.0  2.070706e-06
25754.5  5.266290e-06
25768.0  7.022426e-06
25781.5  1.766393e-06
25795.0  1.516494e-06
25808.5  1.380486e-06
25822.0  1.291438e-06
25835.5  1.265918e-06
25849.1  1.969559e-06
25862.6  4.257700e-06
25876.1  4.952067e-06
25889.6  1.255369e-06
25903.1  1.190625e-06
25916.6  2.873017e-06
25930.1  4.636013e-06
25943.6  2.319399e-06
25957.2  3.334760e-08
25970.7  5.774939e-06
25984.2  3.536999e-06
25997.7  1.067803e-06
26011.2  6.626955e-07
26024.7  3.437096e-06
26038.2  2.227964e-06
26051.7  8.158874e-09
26065.3  3.259599e-06
26078.8  7.101176e-07
26092.3  2.189184e-06
26105.8  5.289402e-09
26119.3  3.046967e-07
26132.8  2.171467e-06
26146.3  2.241662e-06
26159.8  2.921917e-08
26173.4  1.795541e-08
26186.9  3.678808e-06
26200.4  4.246776e-06
26213.9  4.283925e-06
26227.4  4.841054e-06
26240.9  1.555330e-06
26254.4  9.074746e-07
26267.9  3.534928e-06
26281.5  1.184266e-06
26295.0  2.089155e-06
26308.5  2.077313e-06
26322.0  2.442424e-06
26335.5  2.347916e-06
26349.0  4.053797e-07
26362.5  2.522814e-06
26376.0  3.912555e-06
26389.5  2.487088e-06
26403.1  3.873543e-06
26416.6  2.531735e-06
26430.1  4.073187e-06
26443.6  5.128702e-06
26457.1  4.759204e-06
26470.6  5.218190e-06
26484.1  3.958249e-06
26497.6  4.851351e-06
26511.2  4.822026e-06
26524.7  5.608617e-06
26538.2  8.096780e-06
26551.7  6.641756e-06
26565.2  2.373328e-06
26578.7  2.762236e-06
26592.2  5.449631e-06
26605.7  3.141977e-06
26619.3  1.580333e-06
26632.8  5.985394e-06
26646.3  5.337129e-06
26659.8  5.953309e-07
26673.3  2.071686e-08
26686.8  6.381925e-09
26700.3  1.078501e-06
26713.8  6.279869e-06
26727.4  6.980735e-06
26740.9  4.340948e-06
26754.4  6.258107e-06
26767.9  7.030257e-06
26781.4  6.862364e-06
26794.9  5.494353e-06
26808.4  2.053819e-06
26821.9  1.245183e-06
26835.5  9.636020e-07
26849.0  1.093723e-08
26862.5  2.378837e-08
26876.0  2.536798e-06
26889.5  3.721998e-06
26903.0  2.386808e-06
26916.5  3.769076e-06
26930.0  4.683851e-06
26943.6  7.356645e-07
26957.1  1.572558e-06
26970.6  2.067099e-06
26984.1  2.918765e-06
26997.6  1.638145e-06
27011.1  5.008285e-06
27024.6  4.799515e-06
27038.1  5.235741e-06
27051.7  7.289908e-06
27065.2  6.902817e-06
27078.7  3.816860e-06
27092.2  3.909843e-06
27105.7  4.271960e-06
27119.2  2.274486e-06
27132.7  1.854785e-06
27146.2  6.273006e-07
27159.8  1.090725e-08
27173.3  1.881267e-06
27186.8  1.990667e-06
27200.3  3.231018e-06
27213.8  1.659837e-06
27227.3  1.530520e-07
27240.8  1.420025e-06
27254.3  1.925186e-06
27267.9  4.190930e-06
27281.4  3.705282e-06
27294.9  1.637397e-06
27308.4  1.565228e-06
27321.9  1.353152e-06
27335.4  1.321356e-06
27348.9  2.006068e-08
27362.4  4.763051e-09
27375.9  2.284416e-06
27389.5  3.450594e-06
27403.0  2.930047e-06
27416.5  1.850118e-06
27430.0  3.270090e-07
27443.5  6.430428e-07
27457.0  4.779673e-09
27470.5  4.782001e-09
27484.0  7.807541e-09
27497.6  5.926153e-09
27511.1  2.010184e-06
27524.6  3.687153e-06
27538.1  3.383246e-06
27551.6  3.253755e-06
27565.1  2.459106e-06
27578.6  2.090635e-06
27592.1  2.089574e-06
27605.7  6.980538e-06
27619.2  6.296437e-06
27632.7  6.674032e-06
27646.2  8.058478e-06
27659.7  9.913623e-07
27673.2  4.714913e-09
27686.7  5.904746e-07
27700.2  1.885609e-06
27713.8  1.329184e-06
27727.3  1.433384e-06
27740.8  1.287376e-06
27754.3  4.971899e-09
27767.8  3.998648e-07
27781.3  2.289790e-06
27794.8  2.312041e-06
27808.3  3.195311e-06
27821.9  1.767193e-06
27835.4  1.383485e-06
27848.9  1.780515e-06
27862.4  1.137363e-06
27875.9  2.441782e-06
27889.4  2.302613e-06
27902.9  1.647547e-08
27916.4  1.003252e-06
27930.0  5.964791e-07
27943.5  6.299854e-07
27957.0  2.315226e-06
27970.5  1.719365e-06
27984.0  1.321716e-06
27997.5  3.061933e-06
28011.0  4.981090e-06
28024.5  4.577257e-07
28038.1  4.746186e-09
28051.6  3.397755e-07
28065.1  1.226067e-06
28078.6  1.852814e-06
28092.1  1.496160e-06
28105.6  1.319186e-06
28119.1  1.998354e-07
28132.6  4.743669e-09
28146.2  4.740802e-09
28159.7  9.212251e-07
28173.2  1.646656e-06
28186.7  1.338697e-06
28200.2  2.714292e-06
28213.7  1.959001e-06
28227.2  1.339087e-06
28240.7  1.088517e-06
28254.2  4.733533e-09
28267.8  4.731813e-09
28281.3  4.729951e-09
28294.8  4.322217e-07
28308.3  1.052600e-06
28321.8  2.431344e-07
28335.3  1.742504e-06
28348.8  3.408728e-06
28362.3  1.530385e-06
28375.9  9.685745e-07
28389.4  1.119985e-07
28402.9  4.093839e-06
28416.4  1.981167e-06
28429.9  1.678419e-07
28443.4  1.303910e-06
28456.9  4.692549e-09
28470.4  4.689708e-09
28484.0  2.955143e-06
28497.5  4.405820e-06
28511.0  5.806103e-07
28524.5  4.673139e-09
28538.0  1.268921e-07
28551.5  4.661821e-09
28565.0  4.656360e-09
28578.5  2.302989e-07
28592.1  6.251633e-08
28605.6  1.284086e-06
28619.1  8.415215e-07
28632.6  2.987775e-08
28646.1  1.063327e-08
28659.6  2.138404e-06
28673.1  1.061465e-06
28686.6  8.865855e-09
28700.2  4.618986e-09
28713.7  2.412643e-07
28727.2  2.603731e-06
28740.7  5.366645e-08
28754.2  4.611103e-09
28767.7  2.649496e-08
28781.2  6.300514e-07
28794.7  1.039924e-06
28808.3  1.199694e-08
28821.8  4.602113e-09
28835.3  4.600269e-09
28848.8  1.955413e-08
28862.3  4.590988e-09
28875.8  5.525084e-07
28889.3  9.051326e-07
28902.8  4.585110e-09
28916.4  4.436342e-07
28929.9  1.771378e-06
28943.4  3.341494e-06
28956.9  3.544202e-06
28970.4  3.557868e-06
28983.9  2.930503e-06
28997.4  2.115095e-06
29010.9  1.932960e-06
29024.5  3.881856e-08
29038.0  8.644751e-09
29051.5  3.603797e-06
29065.0  2.594933e-06
29078.5  4.905977e-07
29092.0  1.465771e-06
29105.5  1.926528e-06
29119.0  1.953230e-06
29132.5  3.239294e-06
29146.1  4.396158e-06
29159.6  3.124879e-06
29173.1  2.917851e-06
29186.6  2.062977e-06
29200.1  2.743946e-06
29213.6  4.520222e-06
29227.1  2.509490e-06
29240.6  1.590663e-06
29254.2  1.448254e-06
29267.7  2.663196e-06
29281.2  2.272601e-06
29294.7  3.440130e-06
29308.2  6.232335e-06
29321.7  2.996788e-06
29335.2  1.479685e-06
29348.7  1.623980e-06
29362.3  1.769088e-06
29375.8  3.977383e-06
29389.3  1.149662e-08
29402.8  4.403868e-09
29416.3  9.327761e-08
29429.8  4.389798e-09
29443.3  4.974861e-07
29456.8  4.377057e-07
29470.4  2.798378e-08
29483.9  6.558175e-09
29497.4  1.183789e-06
29510.9  6.913439e-09
29524.4  4.511757e-09
29537.9  1.369947e-06
29551.4  4.472750e-07
29564.9  4.330296e-09
29578.5  3.668020e-07
29592.0  4.327405e-07
29605.5  4.310525e-09
29619.0  4.304317e-09
29632.5  4.298331e-09
29646.0  4.292548e-09
29659.5  4.286952e-09
29673.0  4.281572e-09
29686.6  4.276374e-09
29700.1  3.281175e-09
29713.6  1.692318e-06
29727.1  6.055388e-09
29740.6  9.717693e-07
29754.1  7.164994e-07
29767.6  1.290839e-07
29781.1  2.718835e-06
29794.7  3.642314e-06
29808.2  2.216985e-06
29821.7  6.528914e-07
29835.2  2.442181e-06
29848.7  7.028072e-06
29862.2  4.566628e-06
29875.7  2.362915e-06
29889.2  2.918932e-06
29902.8  5.480780e-06
29916.3  5.009833e-06
29929.8  4.370350e-06
29943.3  5.815506e-06
29956.8  7.063039e-06
29970.3  4.194805e-06
29983.8  4.603227e-06
29997.3  1.582164e-06
30010.9  2.155912e-06
30024.4  6.021427e-06
30037.9  5.961467e-06
30051.4  3.191903e-06
30064.9  8.127622e-07
30078.4  6.760967e-08
30091.9  2.866453e-06
30105.4  3.750284e-06
30118.9  1.969845e-07
30132.5  2.026214e-06
30146.0  3.184650e-06
30159.5  1.802642e-06
30173.0  1.400832e-06
30186.5  1.576424e-06
30200.0  9.726822e-07
30213.5  2.359775e-06
30227.0  1.365367e-06
30240.6  1.540705e-06
30254.1  4.339260e-07
30267.6  3.804799e-06
30281.1  5.191986e-06
30294.6  3.832748e-06
30308.1  2.506720e-06
30321.6  3.674403e-06
30335.1  3.094880e-06
30348.7  1.578328e-06
30362.2  2.418656e-06
30375.7  5.315441e-06
30389.2  6.206354e-06
30402.7  7.141050e-06
30416.2  2.755741e-06
30429.7  1.867257e-06
30443.2  4.432971e-06
30456.8  8.042294e-07
30470.3  1.533288e-06
30483.8  5.102603e-06
30497.3  6.826703e-06
30510.8  3.487130e-06
30524.3  4.056341e-09
30537.8  9.507165e-07
30551.3  3.804488e-06
30564.9  4.726806e-06
30578.4  5.666964e-06
30591.9  1.400855e-06
30605.4  2.344434e-06
30618.9  4.164188e-06
30632.4  2.348809e-06
30645.9  2.950281e-06
30659.4  2.467743e-06
30673.0  3.357863e-06
30686.5  5.149955e-06
30700.0  6.921941e-06
30713.5  5.162884e-06
30727.0  2.696003e-06
30740.5  3.611910e-06
30754.0  3.437472e-06
30767.5  5.386229e-06
30781.1  5.375312e-06
30794.6  5.733034e-06
30808.1  7.879832e-06
30821.6  1.017189e-05
30835.1  1.036391e-05
30848.6  9.984048e-06
30862.1  1.095667e-05
30875.6  9.198640e-06
30889.2  6.420175e-06
30902.7  4.025789e-06
30916.2  4.440822e-06
30929.7  4.529398e-06
30943.2  2.824811e-06
30956.7  4.005745e-06
30970.2  5.771128e-06
30983.7  5.492966e-06
30997.2  5.359765e-06
31010.8  3.590573e-06
31024.3  1.758802e-06
31037.8  1.984336e-07
31051.3  1.175127e-07
31064.8  2.815251e-06
31078.3  4.075405e-06
31091.8  5.870386e-06
31105.3  5.498591e-06
31118.9  6.348688e-06
31132.4  5.015305e-06
31145.9  5.697910e-06
31159.4  5.341722e-06
31172.9  5.570939e-06
31186.4  7.604911e-06
31199.9  4.711320e-06
31213.4  3.653863e-06
31227.0  5.526703e-06
31240.5  5.612564e-06
31254.0  2.200161e-06
31267.5  2.131571e-06
31281.0  4.284788e-06
31294.5  3.773419e-06
31308.0  1.130987e-06
31321.5  1.703501e-06
31335.1  3.625958e-06
31348.6  4.522026e-06
31362.1  4.169008e-06
31375.6  4.375099e-06
31389.1  5.468501e-06
31402.6  8.200301e-06
31416.1  6.470427e-06
31429.6  4.934448e-06
31443.2  5.146035e-06
31456.7  3.815999e-06
31470.2  2.575464e-06
31483.7  5.916673e-06
31497.2  8.656276e-06
31510.7  7.938958e-06
31524.2  5.689233e-06
31537.7  5.918050e-06
31551.3  3.920152e-06
31564.8  5.547352e-06
31578.3  4.846636e-06
31591.8  5.267165e-06
31605.3  6.142557e-06
31618.8  9.126218e-06
31632.3  8.950165e-06
31645.8  1.005791e-05
31659.4  9.830333e-06
31672.9  5.514033e-06
31686.4  5.299647e-06
31699.9  6.198574e-06
31713.4  5.684815e-06
31726.9  5.544102e-06
31740.4  4.539280e-06
31753.9  5.146517e-06
31767.5  5.071590e-06
31781.0  6.695828e-06
31794.5  7.839147e-06
31808.0  6.345593e-06
31821.5  5.206265e-06
31835.0  5.706183e-06
31848.5  7.066643e-06
31862.0  5.225817e-06
31875.5  3.115693e-06
31889.1  5.645889e-06
31902.6  7.291380e-06
31916.1  5.204120e-06
31929.6  1.867677e-06
31943.1  5.228773e-07
31956.6  1.352458e-06
31970.1  1.569093e-06
31983.6  7.601021e-07
31997.2  1.408211e-06
32010.7  2.942218e-06
32024.2  3.217354e-06
32037.7  3.225964e-06
32051.2  3.234421e-06
32064.7  1.416795e-06
32078.2  1.965529e-08
32091.7  4.577512e-09
32105.3  1.465068e-06
32118.8  1.166485e-06
32132.3  4.611677e-09
32145.8  4.095807e-07
32159.3  1.148198e-06
32172.8  8.543059e-07
32186.3  3.647249e-07
32199.8  1.008332e-06
32213.4  2.203842e-07
32226.9  4.644018e-09
32240.4  8.681814e-08
32253.9  4.659018e-09
32267.4  4.666465e-09
32280.9  6.009833e-07
32294.4  2.812970e-06
32307.9  9.910727e-07
32321.5  6.096774e-09
32335.0  8.092686e-09
32348.5  5.392343e-07
32362.0  9.037269e-07
32375.5  9.704862e-07
32389.0  1.360834e-06
32402.5  1.875476e-06
32416.0  4.257181e-06
32429.6  6.069687e-06
32443.1  4.055546e-06
32456.6  1.820439e-06
32470.1  1.157276e-06
32483.6  4.954271e-08
32497.1  6.414923e-09
32510.6  9.467851e-09
32524.1  2.655162e-07
32537.7  1.464438e-06
32551.2  1.635161e-06
32564.7  1.869793e-06
32578.2  2.679713e-06
32591.7  2.664715e-06
32605.2  2.194050e-06
32618.7  3.875037e-07
32632.2  1.925603e-08
32645.8  1.242074e-07
32659.3  7.167140e-07
32672.8  1.943469e-06
32686.3  2.866809e-06
32699.8  1.627469e-06
32713.3  4.823485e-09
32726.8  6.038708e-08
32740.3  1.587538e-07
32753.9  4.831947e-09
32767.4  4.834855e-09
32780.9  4.837812e-09
32794.4  4.840828e-09
32807.9  4.843910e-09
32821.4  1.677573e-08
32834.9  4.338235e-07
32848.4  4.809463e-08
32861.9  4.856924e-09
32875.5  4.860356e-09
32889.0  7.021926e-08
32902.5  4.873185e-09
32916.0  4.876857e-09
32929.5  5.663852e-08
32943.0  4.884448e-09
32956.5  4.888372e-09
32970.0  4.892378e-09
32983.6  4.896483e-09
32997.1  4.900670e-09
33010.6  8.102664e-08
33024.1  6.007545e-07
33037.6  8.706015e-08
33051.1  7.270872e-09
33064.6  4.915862e-09
33078.1  4.919099e-09
33091.7  4.922425e-09
33105.2  4.925582e-09
33118.7  4.933444e-09
33132.2  1.858722e-08
33145.7  8.384860e-08
33159.2  5.254503e-09
33172.7  4.946325e-09
33186.2  4.949545e-09
33199.8  4.952832e-09
33213.3  4.955692e-09
33226.8  4.958606e-09
33240.3  4.961578e-09
33253.8  4.964615e-09
33267.3  1.798901e-07
33280.8  9.800339e-08
33294.3  4.974035e-09
33307.9  4.973585e-09
33321.4  4.970519e-09
33334.9  4.967485e-09
33348.4  4.969376e-09
33361.9  4.967326e-09
33375.4  4.964354e-09
33388.9  4.961395e-09
33402.4  6.525987e-08
33416.0  1.474800e-06
33429.5  1.165653e-06
33443.0  2.747718e-08
33456.5  4.891544e-09
33470.0  4.875362e-09
33483.5  4.859150e-09
33497.0  4.842908e-09
33510.5  4.809325e-09
33524.1  4.770799e-09
33537.6  4.732210e-09
33551.1  1.079061e-08
33564.6  7.308918e-09
33578.1  4.616019e-09
33591.6  4.577142e-09
33605.1  4.554854e-09
33618.6  1.601665e-07
33632.2  1.535887e-06
33645.7  1.981437e-06
33659.2  1.977574e-06
33672.7  7.089687e-07
33686.2  6.406715e-09
33699.7  1.866321e-07
33713.2  9.022061e-07
33726.7  1.006128e-06
33740.2  1.839777e-06
33753.8  2.121479e-06
33767.3  1.767566e-07
33780.8  4.857571e-09
33794.3  4.900694e-09
33807.8  2.813108e-07
33821.3  3.374916e-06
33834.8  3.887446e-06
33848.3  3.870279e-06
33861.9  2.053576e-06
33875.4  1.369373e-06
33888.9  1.825006e-06
33902.4  1.917746e-06
33915.9  4.480707e-08
33929.4  8.225686e-07
33942.9  1.867768e-06
33956.4  1.597440e-07
33970.0  1.081252e-06
33983.5  2.488003e-06
33997.0  4.983827e-09
34010.5  1.095885e-07
34024.0  4.974327e-09
34037.5  4.969450e-09
34051.0  4.964543e-09
34064.5  5.492658e-09
34078.1  5.165000e-07
34091.6  4.281389e-08
34105.1  4.951236e-09
34118.6  4.948291e-09
34132.1  4.945330e-09
34145.6  4.942356e-09
34159.1  4.944440e-09
34172.6  4.941927e-09
34186.2  4.938926e-09
34199.7  4.935923e-09
34213.2  4.936955e-09
34226.7  1.488869e-08
34240.2  2.720029e-07
34253.7  8.913893e-09
34267.2  4.941532e-09
34280.7  4.942696e-09
34294.3  4.943873e-09
34307.8  4.692102e-09
34321.3  4.946416e-07
34334.8  1.161856e-06
34348.3  4.941904e-09
34361.8  4.941251e-09
34375.3  4.043077e-08
34388.8  6.593601e-07
34402.4  5.693167e-09
34415.9  4.936290e-09
34429.4  4.933567e-09
34442.9  4.936648e-09
34456.4  4.933966e-09
34469.9  4.931304e-09
34483.4  1.178531e-07
34496.9  1.228879e-06
34510.5  1.016555e-07
34524.0  4.931516e-09
34537.5  4.931844e-09
34551.0  4.932192e-09
34564.5  1.880829e-06
34578.0  1.353230e-06
34591.5  1.636007e-06
34605.0  1.715300e-06
34618.5  1.696189e-06
34632.1  1.455155e-06
34645.6  5.675166e-07
34659.1  4.953932e-09
34672.6  4.958617e-09
34686.1  3.278214e-08
34699.6  5.776048e-07
34713.1  8.834985e-07
34726.6  2.076746e-06
34740.2  1.679967e-07
34753.7  3.725123e-08
34767.2  2.558312e-07
34780.7  8.662474e-08
34794.2  1.351818e-06
34807.7  1.431355e-06
34821.2  1.356127e-06
34834.7  7.786878e-07
34848.3  2.134732e-08
34861.8  5.010581e-09
34875.3  7.197204e-08
34888.8  5.249338e-07
34902.3  5.024916e-09
34915.8  5.031080e-09
34929.3  5.037228e-09
34942.8  5.043354e-09
34956.4  5.049459e-09
34969.9  5.055544e-09
34983.4  6.452498e-07
34996.9  1.102677e-07
35010.4  5.073031e-09
35023.9  5.078211e-09
35037.4  5.083364e-09
35050.9  5.088488e-09
35064.5  5.093578e-09
35078.0  5.103391e-09
35091.5  5.109634e-09
35105.0  5.117759e-09
35118.5  5.126318e-09
35132.0  5.131976e-09
35145.5  5.137598e-09
35159.0  5.143189e-09
35172.6  1.823342e-06
35186.1  2.641135e-06
35199.6  4.086268e-07
35213.1  1.423856e-07
35226.6  1.287985e-06
35240.1  1.559538e-06
35253.6  1.001787e-06
35267.1  3.723080e-07
35280.7  5.450630e-09
35294.2  6.123273e-09
35307.7  2.130269e-07
35321.2  2.376472e-06
35334.7  1.628085e-06
35348.2  1.114269e-06
35361.7  2.183242e-06
35375.2  5.510533e-06
35388.8  7.887483e-06
35402.3  9.146297e-06
35415.8  9.038955e-06
35429.3  8.549523e-06
35442.8  8.321665e-06
35456.3  7.300094e-06
35469.8  7.663486e-06
35483.3  8.708418e-06
35496.8  1.151973e-05
35510.4  1.246611e-05
35523.9  9.328692e-06
35537.4  1.003166e-05
35550.9  9.708012e-06
35564.4  1.266696e-05
35577.9  1.309693e-05
35591.4  1.157366e-05
35604.9  1.071572e-05
35618.5  1.095425e-05
35632.0  1.123061e-05
35645.5  1.273387e-05
35659.0  1.427714e-05
35672.5  1.319101e-05
35686.0  9.782371e-06
35699.5  6.179365e-06
35713.0  6.501419e-06
35726.6  7.678647e-06
35740.1  8.240267e-06
35753.6  9.240324e-06
35767.1  1.000222e-05
35780.6  1.039317e-05
35794.1  9.269109e-06
35807.6  9.877707e-06
35821.1  1.463316e-05
35834.7  1.504424e-05
35848.2  1.340376e-05
35861.7  1.279427e-05
35875.2  1.413502e-05
35888.7  1.516778e-05
35902.2  1.547036e-05
35915.7  1.477917e-05
35929.2  1.556369e-05
35942.8  1.829598e-05
35956.3  1.999746e-05
35969.8  2.204700e-05
35983.3  2.392937e-05
35996.8  2.477485e-05
36010.3  2.574667e-05
36023.8  2.543182e-05
36037.3  2.542877e-05
36050.9  2.637050e-05
36064.4  2.440283e-05
36077.9  2.309180e-05
36091.4  2.599141e-05
36104.9  2.947372e-05
36118.4  3.086110e-05
36131.9  3.082434e-05
36145.4  3.240625e-05
36159.0  3.534169e-05
36172.5  3.668796e-05
36186.0  3.738738e-05
36199.5  3.780756e-05
36213.0  3.860853e-05
36226.5  4.264319e-05
36240.0  4.797333e-05
36253.5  5.128813e-05
36267.1  5.383100e-05
36280.6  5.565294e-05
36294.1  5.531302e-05
36307.6  5.279140e-05
36321.1  5.205216e-05
36334.6  5.657963e-05
36348.1  6.171896e-05
36361.6  6.326467e-05
36375.2  6.328142e-05
36388.7  6.289524e-05
36402.2  6.289354e-05
36415.7  6.377712e-05
36429.2  6.421831e-05
36442.7  6.489446e-05
36456.2  6.656984e-05
36469.7  6.802192e-05
36483.2  6.796029e-05
36496.8  6.599019e-05
36510.3  6.477557e-05
36523.8  6.552753e-05
36537.3  6.513824e-05
36550.8  6.584427e-05
36564.3  6.942850e-05
36577.8  7.180555e-05
36591.3  7.268004e-05
36604.9  7.543583e-05
36618.4  8.052519e-05
36631.9  8.585458e-05
36645.4  8.862689e-05
36658.9  8.925311e-05
36672.4  9.078855e-05
36685.9  9.354351e-05
36699.4  9.530240e-05
36713.0  9.644386e-05
36726.5  1.005598e-04
36740.0  1.085140e-04
36753.5  1.159645e-04
36767.0  1.210835e-04
36780.5  1.270270e-04
36794.0  1.341841e-04
36807.5  1.407407e-04
36821.1  1.467847e-04
36834.6  1.529561e-04
36848.1  1.594196e-04
36861.6  1.648222e-04
36875.1  1.697759e-04
36888.6  1.794277e-04
36902.1  1.941456e-04
36915.6  2.071356e-04
36929.2  2.156180e-04
36942.7  2.243708e-04
36956.2  2.364406e-04
36969.7  2.494959e-04
36983.2  2.611347e-04
36996.7  2.745202e-04
37010.2  2.917851e-04
37023.7  3.115197e-04
37037.3  3.332787e-04
37050.8  3.565288e-04
37064.3  3.812025e-04
37077.8  4.079097e-04
37091.3  4.339102e-04
37104.8  4.583874e-04
37118.3  4.852366e-04
37131.8  5.146600e-04
37145.4  5.449449e-04
37158.9  5.771383e-04
37172.4  6.109179e-04
37185.9  6.459568e-04
37199.4  6.836196e-04
37212.9  7.237618e-04
37226.4  7.666738e-04
37239.9  8.128858e-04
37253.5  8.620913e-04
37267.0  9.166834e-04
37280.5  9.779866e-04
37294.0  1.042582e-03
37307.5  1.107910e-03
37321.0  1.174483e-03
37334.5  1.245016e-03
37348.0  1.322364e-03
37361.5  1.406700e-03
37375.1  1.493668e-03
37388.6  1.587121e-03
37402.1  1.686032e-03
37415.6  1.788798e-03
37429.1  1.896302e-03
37442.6  2.012433e-03
37456.1  2.135794e-03
37469.6  2.266267e-03
37483.2  2.405730e-03
37496.7  2.556360e-03
37510.2  2.717824e-03
37523.7  2.888038e-03
37537.2  3.068129e-03
37550.7  3.259570e-03
37564.2  3.461543e-03
37577.7  3.676271e-03
37591.3  3.906713e-03
37604.8  4.151722e-03
37618.3  4.410756e-03
37631.8  4.685351e-03
37645.3  4.976511e-03
37658.8  5.285807e-03
37672.3  5.614300e-03
37685.8  5.962618e-03
37699.4  6.333618e-03
37712.9  6.729028e-03
37726.4  7.148663e-03
37739.9  7.595517e-03
37753.4  8.073121e-03
37766.9  8.587754e-03
37780.4  9.129941e-03
37793.9  9.704043e-03
37807.5  1.031692e-02
37821.0  1.097036e-02
37834.5  1.166718e-02
37848.0  1.241143e-02
37861.5  1.320553e-02
37875.0  1.405052e-02
37888.5  1.494971e-02
37902.0  1.590903e-02
37915.6  1.692874e-02
37929.1  1.801429e-02
37942.6  1.917512e-02
37956.1  2.042119e-02
37969.6  2.175254e-02
37983.1  2.317186e-02
37996.6  2.469121e-02
38010.1  2.632322e-02
38023.7  2.806737e-02
38037.2  2.992986e-02
38050.7  3.192034e-02
38064.2  3.405102e-02
38077.7  3.633392e-02
38091.2  3.877347e-02
38104.7  4.137589e-02
38118.2  4.415403e-02
38131.8  4.712103e-02
38145.3  5.028807e-02
38158.8  5.367262e-02
38172.3  5.730039e-02
38185.8  6.120494e-02
38199.3  6.531205e-02
38212.8  6.969083e-02
38226.3  7.435420e-02
38239.8  7.931778e-02
38253.4  8.459224e-02
38266.9  9.018509e-02
38280.4  9.611121e-02
38293.9  1.023804e-01
38307.4  1.089933e-01
38320.9  1.159644e-01
38334.4  1.233039e-01
38347.9  1.310050e-01
38361.5  1.390776e-01
38375.0  1.475146e-01
38388.5  1.564497e-01
38402.0  1.656310e-01
38415.5  1.751206e-01
38429.0  1.849104e-01
38442.5  1.949953e-01
38456.0  2.053478e-01
38469.6  2.159223e-01
38483.1  2.266918e-01
38496.6  2.376225e-01
38510.1  2.486613e-01
38523.6  2.597738e-01
38537.1  2.709222e-01
38550.6  2.820387e-01
38564.1  2.930768e-01
38577.7  3.042730e-01
38591.2  3.151084e-01
38604.7  3.256329e-01
38618.2  3.358977e-01
38631.7  3.458108e-01
38645.2  3.553868e-01
38658.7  3.646219e-01
38672.2  3.734498e-01
38685.8  3.818617e-01
38699.3  3.898654e-01
38712.8  3.974208e-01
38726.3  4.045340e-01
38739.8  4.112245e-01
38753.3  4.174776e-01
38766.8  4.232868e-01
38780.3  4.286939e-01
38793.9  4.336978e-01
38807.4  4.382906e-01
38820.9  4.425465e-01
38834.4  4.464319e-01
38847.9  4.499626e-01
38861.4  4.532071e-01
38874.9  4.561583e-01
38888.4  4.588148e-01
38902.0  4.612289e-01
38915.5  4.634114e-01
38929.0  4.653660e-01
38942.5  4.671289e-01
38956.0  4.687256e-01
38969.5  4.701362e-01
38983.0  4.719379e-01
38996.5  4.730891e-01
39010.1  4.740713e-01
39023.6  4.749411e-01
39037.1  4.757386e-01
39050.6  4.764213e-01
39064.1  4.770235e-01
39077.6  4.775756e-01
39091.1  4.780599e-01
39104.6  4.784805e-01
39118.2  4.788729e-01
39131.7  4.792213e-01
39145.2  4.797839e-01
39158.7  4.803225e-01
39172.2  4.805778e-01
39185.7  4.807745e-01
39199.2  4.809775e-01
39212.7  4.811675e-01
39226.2  4.813192e-01
39239.8  4.814661e-01
39253.3  4.816140e-01
39266.8  4.817384e-01
39280.3  4.818519e-01
39293.8  4.819838e-01
39307.3  4.820855e-01
39320.8  4.821633e-01
39334.3  4.822740e-01
39347.9  4.823588e-01
39361.4  4.824296e-01
39374.9  4.827820e-01
39388.4  4.831331e-01
39401.9  4.831945e-01
39415.4  4.833291e-01
39428.9  4.834719e-01
39442.4  4.835791e-01
39456.0  4.836986e-01
39469.5  4.838354e-01
39483.0  4.839347e-01
39496.5  4.840467e-01
39510.0  4.841108e-01
39523.5  4.841361e-01
39537.0  4.841521e-01
39550.5  4.841803e-01
39564.1  4.841976e-01
39577.6  4.841865e-01
39591.1  4.842123e-01
39604.6  4.842331e-01
39618.1  4.842320e-01
39631.6  4.842477e-01
39645.1  4.842582e-01
39658.6  4.842481e-01
39672.2  4.842402e-01
39685.7  4.842488e-01
39699.2  4.847246e-01
39712.7  4.847546e-01
39726.2  4.847765e-01
39739.7  4.847680e-01
39753.2  4.847528e-01
39766.7  4.847560e-01
39780.3  4.853108e-01
39793.8  4.852906e-01
39807.3  4.852762e-01
39820.8  4.852710e-01
39834.3  4.852218e-01
39847.8  4.851871e-01
39861.3  4.851659e-01
39874.8  4.851226e-01
39888.4  4.850836e-01
39901.9  4.850560e-01
39915.4  4.850157e-01
39928.9  4.849494e-01
39942.4  4.849148e-01
39955.9  4.848766e-01
39969.4  4.848072e-01
39982.9  4.847558e-01
39996.5  4.847013e-01
40010.0  4.846176e-01
40023.5  4.845229e-01
40037.0  4.844486e-01
40050.5  4.843564e-01
40064.0  4.842537e-01
40077.5  4.841790e-01
40091.0  4.840832e-01
40104.5  4.839935e-01
40118.1  4.839559e-01
40131.6  4.839226e-01
40145.1  4.838550e-01
40158.6  4.837835e-01
40172.1  4.837310e-01
40185.6  4.839583e-01
40199.1  4.841193e-01
40212.6  4.845302e-01
40226.2  4.843945e-01
40239.7  4.842382e-01
40253.2  4.841042e-01
40266.7  4.839839e-01
40280.2  4.838297e-01
40293.7  4.836954e-01
40307.2  4.835679e-01
40320.7  4.834243e-01
40334.3  4.832683e-01
40347.8  4.831407e-01
40361.3  4.830094e-01
40374.8  4.828639e-01
40388.3  4.827559e-01
40401.8  4.826643e-01
40415.3  4.826229e-01
40428.8  4.825894e-01
40442.4  4.825869e-01
40455.9  4.825679e-01
40469.4  4.825504e-01
40482.9  4.825656e-01
40496.4  4.825780e-01
40509.9  4.825394e-01
40523.4  4.825033e-01
40536.9  4.824949e-01
40550.5  4.824597e-01
40564.0  4.824500e-01
40577.5  4.824710e-01
40591.0  4.824876e-01
40604.5  4.827551e-01
40618.0  4.831011e-01
40631.5  4.831528e-01
40645.0  4.831658e-01
40658.6  4.832118e-01
40672.1  4.832710e-01
40685.6  4.833152e-01
40699.1  4.833504e-01
40712.6  4.834710e-01
40726.1  4.839207e-01
40739.6  4.842231e-01
40753.1  4.843434e-01
40766.7  4.844630e-01
40780.2  4.845643e-01
40793.7  4.846536e-01
40807.2  4.847278e-01
40820.7  4.847264e-01
40834.2  4.846974e-01
40847.7  4.846786e-01
40861.2  4.846496e-01
40874.8  4.845916e-01
40888.3  4.845203e-01
40901.8  4.844643e-01
40915.3  4.843611e-01
40928.8  4.842452e-01
40942.3  4.841313e-01
40955.8  4.840088e-01
40969.3  4.838468e-01
40982.8  4.836814e-01
40996.4  4.835070e-01
41009.9  4.832402e-01
41023.4  4.829405e-01
41036.9  4.830283e-01
41050.4  4.828982e-01
41063.9  4.825514e-01
41077.4  4.822230e-01
41090.9  4.818902e-01
41104.5  4.815569e-01
41118.0  4.812515e-01
41131.5  4.809690e-01
41145.0  4.806684e-01
41158.5  4.803416e-01
41172.0  4.800357e-01
41185.5  4.800329e-01
41199.0  4.799614e-01
41212.6  4.796458e-01
41226.1  4.793726e-01
41239.6  4.790926e-01
41253.1  4.788200e-01
41266.6  4.785733e-01
41280.1  4.783582e-01
41293.6  4.781333e-01
41307.1  4.779043e-01
41320.7  4.776891e-01
41334.2  4.774837e-01
41347.7  4.772795e-01
41361.2  4.770989e-01
41374.7  4.769595e-01
41388.2  4.768165e-01
41401.7  4.767214e-01
41415.2  4.767682e-01
41428.8  4.768390e-01
41442.3  4.769071e-01
41455.8  4.770364e-01
41469.3  4.771956e-01
41482.8  4.779129e-01
41496.3  4.781002e-01
41509.8  4.782880e-01
41523.3  4.784685e-01
41536.9  4.786435e-01
41550.4  4.788508e-01
41563.9  4.790820e-01
41577.4  4.793102e-01
41590.9  4.795342e-01
41604.4  4.800364e-01
41617.9  4.806010e-01
41631.4  4.808619e-01
41645.0  4.811272e-01
41658.5  4.814256e-01
41672.0  4.816873e-01
41685.5  4.819345e-01
41699.0  4.821836e-01
41712.5  4.824319e-01
41726.0  4.826331e-01
41739.5  4.828224e-01
41753.1  4.830045e-01
41766.6  4.831498e-01
41780.1  4.832539e-01
41793.6  4.833540e-01
41807.1  4.834442e-01
41820.6  4.834808e-01
41834.1  4.834921e-01
41847.6  4.834909e-01
41861.1  4.834670e-01
41874.7  4.833731e-01
41888.2  4.832693e-01
41901.7  4.831374e-01
41915.2  4.829582e-01
41928.7  4.827277e-01
41942.2  4.830526e-01
41955.7  4.827929e-01
41969.2  4.824965e-01
41982.8  4.821766e-01
41996.3  4.818695e-01
42009.8  4.815164e-01
42023.3  4.811408e-01
42036.8  4.811284e-01
42050.3  4.809312e-01
42063.8  4.805300e-01
42077.3  4.801175e-01
42090.9  4.797174e-01
42104.4  4.793156e-01
42117.9  4.788999e-01
42131.4  4.784956e-01
42144.9  4.781165e-01
42158.4  4.777218e-01
42171.9  4.773194e-01
42185.4  4.769374e-01
42199.0  4.765831e-01
42212.5  4.761902e-01
42226.0  4.758008e-01
42239.5  4.754272e-01
42253.0  4.750576e-01
42266.5  4.746328e-01
42280.0  4.741992e-01
42293.5  4.737456e-01
42307.1  4.732588e-01
42320.6  4.727105e-01
42334.1  4.721481e-01
42347.6  4.715294e-01
42361.1  4.708347e-01
42374.6  4.700513e-01
42388.1  4.692100e-01
42401.6  4.682697e-01
42415.2  4.672137e-01
42428.7  4.665094e-01
42442.2  4.653013e-01
42455.7  4.638167e-01
42469.2  4.621519e-01
42482.7  4.608200e-01
42496.2  4.588127e-01
42509.7  4.564798e-01
42523.3  4.539299e-01
42536.8  4.511671e-01
42550.3  4.481825e-01
42563.8  4.448610e-01
42577.3  4.412425e-01
42590.8  4.373729e-01
42604.3  4.329738e-01
42617.8  4.277097e-01
42631.4  4.220848e-01
42644.9  4.162095e-01
42658.4  4.100725e-01
42671.9  4.036689e-01
42685.4  3.969311e-01
42698.9  3.899442e-01
42712.4  3.824026e-01
42725.9  3.746415e-01
42739.5  3.666723e-01
42753.0  3.584862e-01
42766.5  3.501696e-01
42780.0  3.417509e-01
42793.5  3.332452e-01
42807.0  3.258710e-01
42820.5  3.195659e-01
42834.0  3.131282e-01
42847.5  3.065892e-01
42861.1  2.998340e-01
42874.6  2.929983e-01
42888.1  2.861140e-01
42901.6  2.790553e-01
42915.1  2.708357e-01
42928.6  2.626742e-01
42942.1  2.549555e-01
42955.6  2.472144e-01
42969.2  2.392993e-01
42982.7  2.314822e-01
42996.2  2.238018e-01
43009.7  2.162366e-01
43023.2  2.087687e-01
43036.7  2.014334e-01
43050.2  1.942621e-01
43063.7  1.872519e-01
43077.3  1.803780e-01
43090.8  1.736540e-01
43104.3  1.670996e-01
43117.8  1.607085e-01
43131.3  1.544596e-01
43144.8  1.483567e-01
43158.3  1.424213e-01
43171.8  1.366485e-01
43185.4  1.310205e-01
43198.9  1.255305e-01
43212.4  1.202012e-01
43225.9  1.150274e-01
43239.4  1.099986e-01
43252.9  1.051099e-01
43266.4  1.003753e-01
43279.9  9.579134e-02
43293.5  9.134658e-02
43307.0  8.703392e-02
43320.5  8.286796e-02
43334.0  7.884766e-02
43347.5  7.496395e-02
43361.0  7.121345e-02
43374.5  6.760543e-02
43388.0  6.413757e-02
43401.6  6.080128e-02
43415.1  5.759537e-02
43428.6  5.452299e-02
43442.1  5.158094e-02
43455.6  4.879059e-02
43469.1  4.611802e-02
43482.6  4.354955e-02
43496.1  4.110345e-02
43509.7  3.877127e-02
43523.2  3.659529e-02
43536.7  3.448755e-02
43550.2  3.248752e-02
43563.7  3.058820e-02
43577.2  2.878997e-02
43590.7  2.708915e-02
43604.2  2.548143e-02
43617.8  2.396633e-02
43631.3  2.254026e-02
43644.8  2.119654e-02
43658.3  1.992806e-02
43671.8  1.873162e-02
43685.3  1.760674e-02
43698.8  1.654969e-02
43712.3  1.555695e-02
43725.8  1.462583e-02
43739.4  1.375132e-02
43752.9  1.293000e-02
43766.4  1.216076e-02
43779.9  1.144240e-02
43793.4  1.076806e-02
43806.9  1.013343e-02
43820.4  9.534735e-03
43833.9  8.976218e-03
43847.5  8.454517e-03
43861.0  7.967034e-03
43874.5  7.508144e-03
43888.0  7.078112e-03
43901.5  6.675344e-03
43915.0  6.298552e-03
43928.5  5.944126e-03
43942.0  5.611246e-03
43955.6  5.298893e-03
43969.1  5.005092e-03
43982.6  4.728794e-03
43996.1  4.469695e-03
44009.6  4.228596e-03
44023.1  4.002770e-03
44036.6  3.791234e-03
44050.1  3.593428e-03
44063.7  3.414461e-03
44077.2  3.239683e-03
44090.7  3.072908e-03
44104.2  2.913755e-03
44117.7  2.768232e-03
44131.2  2.633067e-03
44144.7  2.508813e-03
44158.2  2.389465e-03
44171.8  2.276841e-03
44185.3  2.169486e-03
44198.8  2.066670e-03
44212.3  1.969618e-03
44225.8  1.877683e-03
44239.3  1.790078e-03
44252.8  1.705301e-03
44266.3  1.626528e-03
44279.9  1.553023e-03
44293.4  1.484489e-03
44306.9  1.417904e-03
44320.4  1.355459e-03
44333.9  1.296739e-03
44347.4  1.241429e-03
44360.9  1.186796e-03
44374.4  1.135566e-03
44388.0  1.088688e-03
44401.5  1.047649e-03
44415.0  1.006617e-03
44428.5  9.656407e-04
44442.0  9.243329e-04
44455.5  8.850528e-04
44469.0  8.483736e-04
44482.5  8.147375e-04
44496.1  7.863227e-04
44509.6  7.593947e-04
44523.1  7.334064e-04
44536.6  7.066962e-04
44550.1  6.806361e-04
44563.6  6.547069e-04
44577.1  6.279928e-04
44590.6  6.013164e-04
44604.1  5.768671e-04
44617.7  5.549723e-04
44631.2  5.351465e-04
44644.7  5.166338e-04
44658.2  4.994930e-04
44671.7  4.844577e-04
44685.2  4.689377e-04
44698.7  4.532166e-04
44712.2  4.372101e-04
44725.8  4.222376e-04
44739.3  4.074675e-04
44752.8  3.928121e-04
44766.3  3.789050e-04
44779.8  3.662768e-04
44793.3  3.546470e-04
44806.8  3.441554e-04
44820.3  3.342836e-04
44833.9  3.245413e-04
44847.4  3.148128e-04
44860.9  3.052428e-04
44874.4  2.963082e-04
44887.9  2.881224e-04
44901.4  2.779957e-04
44914.9  2.677293e-04
44928.4  2.579519e-04
44942.0  2.515095e-04
44955.5  2.458030e-04
44969.0  2.402341e-04
44982.5  2.340630e-04
44996.0  2.289605e-04
45009.5  2.239850e-04
45023.0  2.187456e-04
45036.5  2.115472e-04
45050.1  2.038607e-04
45063.6  1.958673e-04
45077.1  1.881681e-04
45090.6  1.816019e-04
45104.1  1.759503e-04
45117.6  1.710075e-04
45131.1  1.660038e-04
45144.6  1.612053e-04
45158.2  1.570389e-04
45171.7  1.515334e-04
45185.2  1.452990e-04
45198.7  1.382620e-04
45212.2  1.340375e-04
45225.7  1.305718e-04
45239.2  1.274186e-04
45252.7  1.230453e-04
45266.3  1.192288e-04
45279.8  1.161139e-04
45293.3  1.103786e-04
45306.8  1.043315e-04
45320.3  9.857643e-05
45333.8  9.824833e-05
45347.3  9.740545e-05
45360.8  9.571079e-05
45374.4  9.053754e-05
45387.9  8.758666e-05
45401.4  8.575132e-05
45414.9  8.410206e-05
45428.4  8.067085e-05
45441.9  7.753703e-05
45455.4  7.683928e-05
45468.9  7.683096e-05
45482.5  7.628080e-05
45496.0  7.399513e-05
45509.5  7.204780e-05
45523.0  7.014917e-05
45536.5  6.824489e-05
45550.0  6.582166e-05
45563.5  6.318931e-05
45577.0  6.034815e-05
45590.5  5.617941e-05
45604.1  5.300972e-05
45617.6  5.111586e-05
45631.1  5.063467e-05
45644.6  4.873011e-05
45658.1  4.519939e-05
45671.6  4.230703e-05
45685.1  4.097084e-05
45698.6  4.112440e-05
45712.2  3.997672e-05
45725.7  3.932730e-05
45739.2  3.912951e-05
45752.7  3.935996e-05
45766.2  3.796961e-05
45779.7  3.527675e-05
45793.2  3.300899e-05
45806.7  3.155831e-05
45820.3  3.071411e-05
45833.8  2.683393e-05
45847.3  2.417158e-05
45860.8  2.221520e-05
45874.3  2.020562e-05
45887.8  1.916700e-05
45901.3  1.900489e-05
45914.8  1.946757e-05
45928.4  1.929920e-05
45941.9  2.000050e-05
45955.4  1.754628e-05
45968.9  1.682607e-05
45982.4  1.617853e-05
45995.9  1.443389e-05
46009.4  1.322163e-05
46022.9  1.249739e-05
46036.5  1.269365e-05
46050.0  1.226988e-05
46063.5  1.117588e-05
46077.0  1.127592e-05
46090.5  1.254568e-05
46104.0  1.584598e-05
46117.5  1.862011e-05
46131.0  2.093493e-05
46144.6  2.221237e-05
46158.1  2.174827e-05
46171.6  2.008554e-05
46185.1  1.709515e-05
46198.6  1.505617e-05
46212.1  1.407999e-05
46225.6  1.529490e-05
46239.1  1.678172e-05
46252.7  1.806990e-05
46266.2  1.798111e-05
46279.7  1.581934e-05
46293.2  1.281017e-05
46306.7  9.242769e-06
46320.2  7.525587e-06
46333.7  7.391394e-06
46347.2  7.893695e-06
46360.8  8.553606e-06
46374.3  1.052045e-05
46387.8  1.294126e-05
46401.3  1.515701e-05
46414.8  1.698762e-05
46428.3  1.702732e-05
46441.8  1.640892e-05
46455.3  1.492117e-05
46468.8  1.130638e-05
46482.4  8.642967e-06
46495.9  6.944074e-06
46509.4  7.959555e-06
46522.9  9.640973e-06
46536.4  1.058335e-05
46549.9  1.031486e-05
46563.4  9.798889e-06
46576.9  9.554194e-06
46590.5  9.361312e-06
46604.0  9.612715e-06
46617.5  1.088323e-05
46631.0  1.238450e-05
46644.5  1.437689e-05
46658.0  1.384748e-05
46671.5  1.296831e-05
46685.0  1.169370e-05
46698.6  1.096462e-05
46712.1  1.016097e-05
46725.6  9.111474e-06
46739.1  7.945227e-06
46752.6  6.759224e-06
46766.1  6.852755e-06
46779.6  6.729333e-06
46793.1  6.295257e-06
46806.7  6.525095e-06
46820.2  6.917628e-06
46833.7  7.481601e-06
46847.2  5.954032e-06
46860.7  4.464396e-06
46874.2  3.111396e-06
46887.7  3.857141e-06
46901.2  6.752947e-06
46914.8  9.516055e-06
46928.3  1.130906e-05
46941.8  1.255264e-05
46955.3  1.200070e-05
46968.8  1.103252e-05
46982.3  1.027113e-05
46995.8  9.595937e-06
47009.3  8.350668e-06
47022.9  6.559996e-06
47036.4  4.227112e-06
47049.9  3.232636e-06
47063.4  3.398677e-06
47076.9  5.217144e-06
47090.4  7.875502e-06
47103.9  9.426725e-06
47117.4  9.500851e-06
47131.0  8.009755e-06
47144.5  4.682934e-06
47158.0  4.156202e-06
47171.5  5.123378e-06
47185.0  6.702547e-06
47198.5  8.652241e-06
47212.0  9.273592e-06
47225.5  9.808662e-06
47239.1  8.914371e-06
47252.6  8.412815e-06
47266.1  8.119798e-06
47279.6  8.280585e-06
47293.1  8.695952e-06
47306.6  9.307407e-06
47320.1  8.708819e-06
47333.6  7.251798e-06
47347.1  5.660456e-06
47360.7  6.457023e-06
47374.2  8.084962e-06
47387.7  1.113888e-05
47401.2  1.259104e-05
47414.7  1.331686e-05
47428.2  1.241256e-05
47441.7  1.142721e-05
47455.2  1.024247e-05
47468.8  8.908892e-06
47482.3  7.894243e-06
47495.8  7.231641e-06
47509.3  7.040487e-06
47522.8  7.064450e-06
47536.3  7.616075e-06
47549.8  8.418123e-06
47563.3  9.431524e-06
47576.9  9.779931e-06
47590.4  9.940956e-06
47603.9  9.370593e-06
47617.4  7.889096e-06
47630.9  6.249243e-06
47644.4  4.432657e-06
47657.9  4.048564e-06
47671.4  5.076152e-06
47685.0  6.456914e-06
47698.5  7.709372e-06
47712.0  6.853880e-06
47725.5  5.126334e-06
47739.0  5.090816e-06
47752.5  5.593022e-06
47766.0  5.780628e-06
47779.5  5.181970e-06
47793.1  3.877057e-06
47806.6  3.170318e-06
47820.1  2.293394e-06
47833.6  1.317188e-06
47847.1  1.558754e-06
47860.6  2.637939e-06
47874.1  4.337493e-06
47887.6  4.769022e-06
47901.2  5.480885e-06
47914.7  4.945016e-06
47928.2  4.084948e-06
47941.7  3.950271e-06
47955.2  4.361900e-06
47968.7  4.211727e-06
47982.2  3.660475e-06
47995.7  3.152110e-06
48009.3  2.897698e-06
48022.8  3.073072e-06
48036.3  3.339014e-06
48049.8  3.667009e-06
48063.3  3.813197e-06
48076.8  3.802702e-06
48090.3  3.674058e-06
48103.8  3.130303e-06
48117.4  2.662300e-06
48130.9  2.228434e-06
48144.4  1.962359e-06
48157.9  2.291415e-06
48171.4  3.790874e-06
48184.9  4.865489e-06
48198.4  5.172492e-06
48211.9  6.332114e-06
48225.5  7.370124e-06
48239.0  7.821883e-06
48252.5  7.956339e-06
48266.0  7.242793e-06
48279.5  6.309120e-06
48293.0  5.227001e-06
48306.5  4.697133e-06
48320.0  4.344938e-06
48333.5  4.252838e-06
48347.1  4.014466e-06
48360.6  3.638276e-06
48374.1  3.661551e-06
48387.6  4.942828e-06
48401.1  6.698844e-06
48414.6  9.210432e-06
48428.1  1.010520e-05
48441.6  9.753358e-06
48455.2  8.957975e-06
48468.7  7.603301e-06
48482.2  6.875726e-06
48495.7  7.161676e-06
48509.2  6.740424e-06
48522.7  6.653664e-06
48536.2  5.297761e-06
48549.7  4.857862e-06
48563.3  4.952252e-06
48576.8  6.137423e-06
48590.3  1.021331e-05
48603.8  9.292765e-06
48617.3  7.311675e-06
48630.8  5.263559e-06
48644.3  4.401641e-06
48657.8  4.953742e-06
48671.4  4.876795e-06
48684.9  5.827212e-06
48698.4  6.708808e-06
48711.9  7.602353e-06
48725.4  8.959954e-06
48738.9  7.693569e-06
48752.4  6.755633e-06
48765.9  5.971049e-06
48779.5  6.168359e-06
48793.0  8.197701e-06
48806.5  9.991519e-06
48820.0  1.041714e-05
48833.5  8.445310e-06
48847.0  6.876888e-06
48860.5  5.232961e-06
48874.0  3.984867e-06
48887.6  4.266805e-06
48901.1  5.057131e-06
48914.6  6.032827e-06
48928.1  6.434795e-06
48941.6  5.663743e-06
48955.1  4.993874e-06
48968.6  5.181447e-06
48982.1  5.885821e-06
48995.7  5.813067e-06
49009.2  5.029225e-06
49022.7  4.751680e-06
49036.2  5.349920e-06
49049.7  6.234874e-06
49063.2  6.754127e-06
49076.7  7.408397e-06
49090.2  7.278652e-06
49103.8  7.697824e-06
49117.3  8.945077e-06
49130.8  1.035098e-05
49144.3  1.283841e-05
49157.8  1.181349e-05
49171.3  9.291170e-06
49184.8  8.727225e-06
49198.3  8.211590e-06
49211.8  7.723219e-06
49225.4  7.110495e-06
49238.9  7.405907e-06
49252.4  8.124506e-06
49265.9  8.672860e-06
49279.4  8.360122e-06
49292.9  7.735722e-06
49306.4  7.150810e-06
49319.9  7.898438e-06
49333.5  1.030286e-05
49347.0  1.194354e-05
49360.5  1.326026e-05
49374.0  1.391798e-05
49387.5  1.336078e-05
49401.0  1.297250e-05
49414.5  1.159554e-05
49428.0  1.079288e-05
49441.6  1.042028e-05
49455.1  9.535742e-06
49468.6  8.259173e-06
49482.1  6.955739e-06
49495.6  6.624655e-06
49509.1  7.774174e-06
49522.6  9.047313e-06
49536.1  1.032970e-05
49549.7  1.060845e-05
49563.2  1.073197e-05
49576.7  1.060004e-05
49590.2  1.012504e-05
49603.7  9.938297e-06
49617.2  9.339914e-06
49630.7  8.764534e-06
49644.2  9.272008e-06
49657.8  1.081545e-05
49671.3  1.244761e-05
49684.8  1.473553e-05
49698.3  1.339584e-05
49711.8  1.217423e-05
49725.3  1.020313e-05
49738.8  8.816142e-06
49752.3  8.679804e-06
49765.9  8.913152e-06
49779.4  9.214655e-06
49792.9  8.528939e-06
49806.4  8.545099e-06
49819.9  7.245253e-06
49833.4  6.198348e-06
49846.9  4.901517e-06
49860.4  3.359283e-06
49874.0  2.872011e-06
49887.5  2.515895e-06
49901.0  2.717465e-06
49914.5  2.366337e-06
49928.0  2.139435e-06
49941.5  2.198365e-06
49955.0  2.993941e-06
49968.5  3.788949e-06
49982.1  3.791744e-06
49995.6  4.054549e-06
50009.1  3.054060e-06
50022.6  2.933353e-06
50036.1  2.277600e-06
50049.6  1.828534e-06
50063.1  1.754535e-06
50076.6  1.954652e-06
50090.1  2.330498e-06
50103.7  2.162935e-06
50117.2  1.937466e-06
50130.7  1.945020e-06
50144.2  2.164830e-06
50157.7  2.984714e-06
50171.2  3.848395e-06
50184.7  4.504540e-06
50198.2  4.773654e-06
50211.8  4.752038e-06
50225.3  4.276577e-06
50238.8  3.814559e-06
50252.3  3.404663e-06
50265.8  3.282871e-06
50279.3  3.911755e-06
50292.8  4.663647e-06
50306.3  5.670598e-06
50319.9  6.324875e-06
50333.4  6.554694e-06
50346.9  5.843179e-06
50360.4  5.309871e-06
50373.9  4.609974e-06
50387.4  4.419407e-06
50400.9  4.436253e-06
50414.4  4.467138e-06
50428.0  4.273365e-06
50441.5  4.353344e-06
50455.0  4.627111e-06
50468.5  4.732864e-06
50482.0  4.881559e-06
50495.5  3.614637e-06
50509.0  3.466902e-06
50522.5  4.114339e-06
50536.1  4.945255e-06
50549.6  5.662593e-06
50563.1  5.946253e-06
50576.6  5.760446e-06
50590.1  5.721254e-06
50603.6  5.807311e-06
50617.1  6.280872e-06
50630.6  6.952114e-06
50644.2  6.572675e-06
50657.7  6.127170e-06
50671.2  5.443564e-06
50684.7  5.704490e-06
50698.2  5.940426e-06
50711.7  5.436491e-06
50725.2  4.508455e-06
50738.7  2.744301e-06
50752.3  1.818635e-06
50765.8  1.414989e-06
50779.3  1.867140e-06
50792.8  1.459950e-06
50806.3  7.958425e-07
50819.8  1.381653e-07
50833.3  8.864687e-08
50846.8  3.644105e-07
50860.4  9.351558e-07
50873.9  1.166728e-06
50887.4  6.840736e-07
50900.9  5.286750e-07
50914.4  5.596166e-08
50927.9  5.792828e-07
50941.4  1.209701e-06
50954.9  2.038812e-06
50968.4  2.274446e-06
50982.0  2.807093e-06
50995.5  2.317303e-06
