# from http://www.stsci.edu/jwst/instruments/nircam/instrumentdesign/filters
# Retrieved March, 2023, dated Nov, 2022 (post-flight)
# Uses modA or modB  filters+DBS+QE+OTE (nrc_plus_ote)
# Units of transmission are PCE (photon to electron conversion efficiency)
# 
14284.0  0.000000e+00
14294.0  0.000000e+00
14304.0  9.672242e-07
14314.0  6.103295e-07
14324.0  1.650000e-06
14334.0  9.243817e-07
14344.0  5.996754e-07
14354.0  9.694399e-07
14364.0  7.426989e-07
14374.0  1.069825e-06
14384.0  1.362655e-06
14394.0  9.577073e-07
14404.0  1.174187e-06
14414.0  2.200212e-06
14424.0  1.114353e-06
14434.0  2.811157e-06
14444.0  2.756922e-06
14454.0  3.198950e-06
14464.0  2.119938e-06
14474.0  2.916176e-06
14484.0  3.640595e-06
14494.0  2.881341e-06
14504.0  4.180216e-06
14514.0  4.115202e-06
14524.0  4.231684e-06
14534.0  4.879573e-06
14544.0  4.144522e-06
14554.0  5.667622e-06
14564.0  5.919631e-06
14574.0  6.876351e-06
14584.0  6.803962e-06
14594.0  6.552668e-06
14604.0  8.607928e-06
14614.0  9.390321e-06
14624.0  9.790772e-06
14634.0  1.107561e-05
14644.0  1.160070e-05
14654.0  1.245009e-05
14664.0  1.592647e-05
14674.0  1.440599e-05
14684.0  1.775988e-05
14694.0  1.864309e-05
14704.0  1.964948e-05
14714.0  2.377819e-05
14724.0  2.626180e-05
14734.0  2.872168e-05
14744.0  3.172286e-05
14754.0  3.542009e-05
14764.0  3.812304e-05
14774.0  4.334906e-05
14784.0  4.724768e-05
14794.0  5.468324e-05
14804.0  5.956392e-05
14814.0  6.480260e-05
14824.0  7.487747e-05
14834.0  8.101180e-05
14844.0  9.167199e-05
14854.0  1.023392e-04
14864.0  1.151336e-04
14874.0  1.307289e-04
14884.0  1.442641e-04
14894.0  1.658415e-04
14904.0  1.885583e-04
14914.0  2.141667e-04
14924.0  2.454340e-04
14934.0  2.790769e-04
14944.0  3.300244e-04
14954.0  3.655458e-04
14964.0  4.280206e-04
14974.0  4.973360e-04
14984.0  5.858158e-04
14994.0  6.755809e-04
15004.0  8.021781e-04
15014.0  9.337203e-04
15024.0  1.089070e-03
15034.0  1.283710e-03
15044.0  1.492782e-03
15054.0  1.774365e-03
15064.0  2.079621e-03
15074.0  2.459912e-03
15084.0  2.841953e-03
15094.0  3.323018e-03
15104.0  3.879640e-03
15114.0  4.634233e-03
15124.0  5.270614e-03
15134.0  6.270604e-03
15144.0  7.017960e-03
15154.0  8.435358e-03
15164.0  9.829845e-03
15174.0  1.142661e-02
15184.0  1.318465e-02
15194.0  1.471691e-02
15204.0  1.631396e-02
15214.0  1.784180e-02
15224.0  1.996282e-02
15234.0  2.207686e-02
15244.0  2.380307e-02
15254.0  2.748033e-02
15264.0  3.029208e-02
15274.0  3.397559e-02
15284.0  3.872557e-02
15294.0  4.391085e-02
15304.0  5.030568e-02
15314.0  5.723167e-02
15324.0  6.571756e-02
15334.0  7.636113e-02
15344.0  8.654966e-02
15354.0  1.027425e-01
15364.0  1.165478e-01
15374.0  1.319553e-01
15384.0  1.595729e-01
15394.0  1.806426e-01
15404.0  2.080843e-01
15414.0  2.375943e-01
15424.0  2.690424e-01
15434.0  2.977716e-01
15444.0  3.286788e-01
15454.0  3.585376e-01
15464.0  3.785901e-01
15474.0  3.995647e-01
15484.0  4.162510e-01
15494.0  4.270753e-01
15504.0  4.354055e-01
15514.0  4.402162e-01
15524.0  4.470875e-01
15534.0  4.474864e-01
15544.0  4.516504e-01
15554.0  4.557861e-01
15564.0  4.566270e-01
15574.0  4.572205e-01
15584.0  4.543285e-01
15594.0  4.682874e-01
15604.0  4.626383e-01
15614.0  4.641959e-01
15624.0  4.718003e-01
15634.0  4.731914e-01
15644.0  4.647307e-01
15654.0  4.713168e-01
15664.0  4.694373e-01
15674.0  4.737070e-01
15684.0  4.730427e-01
15694.0  4.751112e-01
15704.0  4.721409e-01
15714.0  4.728146e-01
15724.0  4.758230e-01
15734.0  4.666526e-01
15744.0  4.765016e-01
15754.0  4.850747e-01
15764.0  4.789268e-01
15774.0  4.765381e-01
15784.0  4.723422e-01
15794.0  4.726927e-01
15804.0  4.910593e-01
15814.0  4.745366e-01
15824.0  4.904973e-01
15834.0  4.811885e-01
15844.0  4.780094e-01
15854.0  4.854532e-01
15864.0  4.793397e-01
15874.0  4.847362e-01
15884.0  4.778062e-01
15894.0  4.810317e-01
15904.0  4.817745e-01
15914.0  4.822692e-01
15924.0  4.773246e-01
15934.0  4.813621e-01
15944.0  4.768118e-01
15954.0  4.766060e-01
15964.0  4.754513e-01
15974.0  4.788543e-01
15984.0  4.737857e-01
15994.0  4.757835e-01
16004.0  4.763015e-01
16014.0  4.774726e-01
16024.0  4.769829e-01
16034.0  4.736564e-01
16044.0  4.754275e-01
16054.0  4.784558e-01
16064.0  4.712043e-01
16074.0  4.715394e-01
16084.0  4.744352e-01
16094.0  4.756723e-01
16104.0  4.711035e-01
16114.0  4.738137e-01
16124.0  4.687852e-01
16134.0  4.693025e-01
16144.0  4.626706e-01
16154.0  4.780673e-01
16164.0  4.651279e-01
16174.0  4.745920e-01
16184.0  4.661883e-01
16194.0  4.685577e-01
16204.0  4.747254e-01
16214.0  4.716728e-01
16224.0  4.695589e-01
16234.0  4.745498e-01
16244.0  4.762584e-01
16254.0  4.661018e-01
16264.0  4.892142e-01
16274.0  4.754438e-01
16284.0  4.790771e-01
16294.0  4.785716e-01
16304.0  4.819174e-01
16314.0  4.762361e-01
16324.0  4.867588e-01
16334.0  4.835985e-01
16344.0  4.782056e-01
16354.0  4.893778e-01
16364.0  4.888780e-01
16374.0  4.829216e-01
16384.0  4.862475e-01
16394.0  4.889395e-01
16404.0  4.888639e-01
16414.0  4.887809e-01
16424.0  4.888621e-01
16434.0  4.851061e-01
16444.0  4.921124e-01
16454.0  4.909982e-01
16464.0  4.865831e-01
16474.0  4.876557e-01
16484.0  4.919153e-01
16494.0  4.927693e-01
16504.0  4.914994e-01
16514.0  4.971573e-01
16524.0  4.867015e-01
16534.0  4.833527e-01
16544.0  4.914319e-01
16554.0  4.879314e-01
16564.0  4.861446e-01
16574.0  4.879185e-01
16584.0  4.824595e-01
16594.0  4.899786e-01
16604.0  4.869947e-01
16614.0  4.822626e-01
16624.0  4.822718e-01
16634.0  4.792657e-01
16644.0  4.830778e-01
16654.0  4.790453e-01
16664.0  4.768830e-01
16674.0  4.792408e-01
16684.0  4.756974e-01
16694.0  4.754902e-01
16704.0  4.738978e-01
16714.0  4.724206e-01
16724.0  4.721774e-01
16734.0  4.769349e-01
16744.0  4.758572e-01
16754.0  4.761216e-01
16764.0  4.818210e-01
16774.0  4.758867e-01
16784.0  4.815994e-01
16794.0  4.862231e-01
16804.0  4.843208e-01
16814.0  4.824956e-01
16824.0  4.842909e-01
16834.0  4.964436e-01
16844.0  4.919523e-01
16854.0  4.920782e-01
16864.0  4.869168e-01
16874.0  4.944961e-01
16884.0  4.921783e-01
16894.0  4.874168e-01
16904.0  4.862713e-01
16914.0  4.953833e-01
16924.0  4.927739e-01
16934.0  4.885305e-01
16944.0  4.828379e-01
16954.0  4.958738e-01
16964.0  4.830079e-01
16974.0  4.828928e-01
16984.0  4.825185e-01
16994.0  4.735276e-01
17004.0  4.686543e-01
17014.0  4.639068e-01
17024.0  4.551727e-01
17034.0  4.449891e-01
17044.0  4.326048e-01
17054.0  4.194401e-01
17064.0  4.014137e-01
17074.0  3.853584e-01
17084.0  3.610162e-01
17094.0  3.361409e-01
17104.0  3.112167e-01
17114.0  2.869458e-01
17124.0  2.544663e-01
17134.0  2.455572e-01
17144.0  2.132005e-01
17154.0  1.910949e-01
17164.0  1.702393e-01
17174.0  1.501819e-01
17184.0  1.309868e-01
17194.0  1.184918e-01
17204.0  1.047129e-01
17214.0  9.272813e-02
17224.0  8.112534e-02
17234.0  7.249065e-02
17244.0  6.434520e-02
17254.0  5.575734e-02
17264.0  5.230129e-02
17274.0  4.664889e-02
17284.0  4.209127e-02
17294.0  3.773877e-02
17304.0  3.522860e-02
17314.0  3.112488e-02
17324.0  2.778119e-02
17334.0  2.416559e-02
17344.0  2.066667e-02
17354.0  1.767041e-02
17364.0  1.519235e-02
17374.0  1.259496e-02
17384.0  1.129462e-02
17394.0  9.518750e-03
17404.0  8.355107e-03
17414.0  7.017312e-03
17424.0  6.115816e-03
17434.0  5.247606e-03
17444.0  4.412260e-03
17454.0  3.885540e-03
17464.0  3.448468e-03
17474.0  3.055282e-03
17484.0  2.629418e-03
17494.0  2.307413e-03
17504.0  2.010308e-03
17514.0  1.783775e-03
17524.0  1.572653e-03
17534.0  1.384825e-03
17544.0  1.264049e-03
17554.0  1.090772e-03
17564.0  9.729432e-04
17574.0  8.945497e-04
17584.0  8.002174e-04
17594.0  7.226263e-04
17604.0  6.363197e-04
17614.0  5.825568e-04
17624.0  5.231465e-04
17634.0  4.683680e-04
17644.0  4.253559e-04
17654.0  3.954243e-04
17664.0  3.620493e-04
17674.0  3.281666e-04
17684.0  3.008170e-04
17694.0  2.756713e-04
17704.0  2.474790e-04
17714.0  2.293200e-04
17724.0  2.150035e-04
17734.0  1.951836e-04
17744.0  1.831325e-04
17754.0  1.596620e-04
17764.0  1.555288e-04
17774.0  1.370371e-04
17784.0  1.305244e-04
17794.0  1.225710e-04
17804.0  1.115666e-04
17814.0  1.070304e-04
17824.0  9.640506e-05
17834.0  8.956589e-05
17844.0  8.373724e-05
17854.0  7.667556e-05
17864.0  7.534550e-05
17874.0  6.602924e-05
17884.0  6.309155e-05
17894.0  5.839516e-05
17904.0  5.490023e-05
17914.0  4.971047e-05
17924.0  4.750721e-05
17934.0  4.671331e-05
17944.0  4.244512e-05
17954.0  3.709792e-05
17964.0  3.739737e-05
17974.0  3.603968e-05
17984.0  3.282030e-05
17994.0  3.038978e-05
18004.0  2.862474e-05
18014.0  2.946632e-05
18024.0  2.362164e-05
18034.0  2.105509e-05
18044.0  2.331890e-05
18054.0  2.115547e-05
18064.0  1.722417e-05
18074.0  2.027208e-05
18084.0  2.047619e-05
18094.0  1.544513e-05
18104.0  1.735682e-05
18114.0  1.656934e-05
18124.0  1.651412e-05
18134.0  1.334144e-05
18144.0  1.175649e-05
18154.0  1.600895e-05
18164.0  1.074308e-05
18174.0  1.413840e-05
18184.0  1.220889e-05
18194.0  8.054251e-06
18204.0  1.025713e-05
18214.0  1.173423e-05
18224.0  7.225986e-06
18234.0  9.087457e-06
18244.0  1.106433e-05
18254.0  7.969164e-06
18264.0  6.632867e-06
18274.0  6.172047e-06
18284.0  8.781648e-06
18294.0  8.329017e-06
18304.0  3.186155e-06
18314.0  8.448268e-06
18324.0  1.056270e-05
18334.0  6.759277e-06
18344.0  2.389899e-06
18354.0  8.518533e-06
18364.0  5.091576e-06
18374.0  6.279780e-06
18384.0  9.606963e-06
18394.0  6.514214e-06
18404.0  7.278133e-06
18414.0  3.846530e-06
18424.0  1.048666e-05
18434.0  5.828541e-06
18444.0  5.984343e-06
18454.0  1.179443e-05
18464.0  1.285172e-06
18474.0  7.084778e-06
18484.0  6.629620e-06
18494.0  4.839951e-06
18504.0  3.994160e-06
18514.0  3.393917e-06
18524.0  7.988334e-06
18534.0  5.049847e-06
18544.0  1.388818e-06
18554.0  3.126410e-06
18564.0  6.433162e-06
18574.0  5.997215e-06
18584.0  1.859523e-06
18594.0  7.935889e-06
18604.0  6.904551e-06
18614.0  3.688852e-06
18624.0  5.089141e-06
18634.0  4.320664e-06
18644.0  3.148168e-06
18654.0  2.887236e-06
18664.0  8.446574e-06
18674.0  5.391721e-06
18684.0  2.992590e-06
18694.0  7.333164e-06
18704.0  6.212418e-06
18714.0  3.902451e-06
18724.0  6.012350e-06
18734.0  2.137072e-06
18744.0  5.423566e-06
18754.0  7.698167e-06
18764.0  4.153266e-06
18774.0  7.217561e-06
18784.0  6.833597e-06
18794.0  2.277471e-06
18804.0  4.782396e-06
18814.0  2.936457e-06
18824.0  1.725464e-06
18834.0  3.826425e-06
18844.0  5.359432e-06
18854.0  9.004390e-07
18864.0  3.440184e-06
18874.0  4.543124e-06
18884.0  1.589416e-06
18894.0  3.493094e-06
18904.0  6.303548e-06
18914.0  3.690609e-06
18924.0  1.650620e-06
18934.0  2.390812e-06
18944.0  6.517945e-06
18954.0  5.265249e-06
18964.0  4.455400e-06
18974.0  6.067176e-08
18984.0  2.870413e-06
18994.0  6.035621e-06
19004.0  3.835866e-06
19014.0  0.000000e+00
19024.0  0.000000e+00
