# from http://www.stsci.edu/jwst/instruments/nircam/instrumentdesign/filters
# Retrieved Jan 18, 2017, dated Feb 5, 2016 (pre-flight)
# Uses modA or modB  filters+DBS+QE+OTE (nrc_plus_ote)
# Units of transmission are PCE (photon to electron conversion efficiency)
# 
5502.0  6.944734e-10
5512.0  5.091974e-10
5522.0  6.272482e-10
5532.0  9.314497e-10
5542.0  1.016675e-09
5552.0  1.095012e-09
5562.0  1.032298e-09
5572.0  1.164302e-09
5582.0  6.026782e-10
5592.0  2.711116e-10
5602.0  1.044430e-10
5612.0  1.217422e-10
5622.0  2.710225e-10
5632.0  1.871326e-10
5642.0  2.288636e-10
5652.0  3.181138e-10
5662.0  9.090394e-10
5672.0  2.401029e-09
5682.0  3.297246e-09
5692.0  4.550774e-09
5702.0  3.294002e-09
5712.0  2.160551e-09
5722.0  7.674777e-10
5732.0  2.498327e-09
5742.0  3.597538e-09
5752.0  3.268093e-09
5762.0  4.975334e-09
5772.0  3.805584e-09
5782.0  4.424908e-09
5792.0  1.852439e-09
5802.0  3.863906e-09
5812.0  3.567757e-09
5822.0  5.143003e-09
5832.0  3.699011e-09
5842.0  4.627310e-09
5852.0  7.083513e-09
5862.0  1.054128e-08
5872.0  1.309525e-08
5882.0  8.985396e-09
5892.0  8.408948e-09
5902.0  1.157157e-08
5912.0  1.431895e-08
5922.0  1.718838e-08
5932.0  1.596565e-08
5942.0  2.179096e-08
5952.0  2.158875e-08
5962.0  2.055994e-08
5972.0  1.779319e-08
5982.0  2.326864e-08
5992.0  2.761249e-08
6002.0  2.896269e-08
6012.0  3.641308e-08
6022.0  5.739894e-08
6032.0  8.507565e-08
6042.0  1.068500e-07
6052.0  1.266503e-07
6062.0  1.442492e-07
6072.0  1.682067e-07
6082.0  1.775758e-07
6092.0  1.844231e-07
6102.0  1.798238e-07
6112.0  2.010612e-07
6122.0  2.482912e-07
6132.0  3.285846e-07
6142.0  4.239613e-07
6152.0  5.040345e-07
6162.0  5.508147e-07
6172.0  5.531257e-07
6182.0  5.681353e-07
6192.0  6.564022e-07
6202.0  8.844446e-07
6212.0  1.225488e-06
6222.0  1.613550e-06
6232.0  1.908708e-06
6242.0  2.042675e-06
6252.0  1.935438e-06
6262.0  1.642011e-06
6272.0  1.249978e-06
6282.0  8.957325e-07
6292.0  6.435883e-07
6302.0  5.007705e-07
6312.0  4.267838e-07
6322.0  3.823634e-07
6332.0  3.538563e-07
6342.0  3.386542e-07
6352.0  3.267087e-07
6362.0  3.178329e-07
6372.0  2.982434e-07
6382.0  2.658771e-07
6392.0  2.187061e-07
6402.0  1.747904e-07
6412.0  1.332636e-07
6422.0  1.001582e-07
6432.0  7.516471e-08
6442.0  5.860379e-08
6452.0  4.324862e-08
6462.0  3.911652e-08
6472.0  3.738430e-08
6482.0  4.194259e-08
6492.0  3.798575e-08
6502.0  4.010724e-08
6512.0  5.427248e-08
6522.0  5.044188e-08
6532.0  4.790703e-08
6542.0  4.144474e-08
6552.0  4.522350e-08
6562.0  5.644286e-08
6572.0  5.699795e-08
6582.0  5.493528e-08
6592.0  4.758056e-08
6602.0  4.413780e-08
6612.0  4.817151e-08
6622.0  6.013346e-08
6632.0  6.485256e-08
6642.0  7.218237e-08
6652.0  7.208556e-08
6662.0  6.967293e-08
6672.0  6.762623e-08
6682.0  6.934352e-08
6692.0  7.431994e-08
6702.0  6.843128e-08
6712.0  6.514561e-08
6722.0  6.853192e-08
6732.0  6.995222e-08
6742.0  7.359191e-08
6752.0  7.937442e-08
6762.0  9.593025e-08
6772.0  9.776392e-08
6782.0  8.855924e-08
6792.0  9.142952e-08
6802.0  1.002105e-07
6812.0  1.060191e-07
6822.0  1.099983e-07
6832.0  9.086934e-08
6842.0  8.227974e-08
6852.0  6.642306e-08
6862.0  5.972485e-08
6872.0  5.648299e-08
6882.0  7.058815e-08
6892.0  9.049289e-08
6902.0  1.039031e-07
6912.0  9.632085e-08
6922.0  9.208793e-08
6932.0  1.002966e-07
6942.0  1.186243e-07
6952.0  1.213436e-07
6962.0  1.199343e-07
6972.0  9.584843e-08
6982.0  8.877253e-08
6992.0  8.185821e-08
7002.0  8.752924e-08
7012.0  1.064502e-07
7022.0  1.007969e-07
7032.0  9.874873e-08
7042.0  9.018294e-08
7052.0  1.051874e-07
7062.0  1.085260e-07
7072.0  9.401850e-08
7082.0  8.841276e-08
7092.0  1.030506e-07
7102.0  1.268734e-07
7112.0  1.226071e-07
7122.0  1.228251e-07
7132.0  1.092241e-07
7142.0  9.452175e-08
7152.0  5.527012e-08
7162.0  4.570849e-08
7172.0  6.259084e-08
7182.0  7.190327e-08
7192.0  7.369224e-08
7202.0  6.839465e-08
7212.0  9.752100e-08
7222.0  1.013761e-07
7232.0  1.031042e-07
7242.0  6.661716e-08
7252.0  4.905830e-08
7262.0  4.354746e-08
7272.0  6.560855e-08
7282.0  8.581464e-08
7292.0  9.244542e-08
7302.0  9.173244e-08
7312.0  8.567584e-08
7322.0  1.097378e-07
7332.0  1.089132e-07
7342.0  1.197472e-07
7352.0  1.040179e-07
7362.0  1.117269e-07
7372.0  1.129255e-07
7382.0  1.223413e-07
7392.0  1.065820e-07
7402.0  9.390269e-08
7412.0  8.590358e-08
7422.0  9.023503e-08
7432.0  8.988232e-08
7442.0  7.706309e-08
7452.0  7.295890e-08
7462.0  6.792050e-08
7472.0  6.645386e-08
7482.0  7.620224e-08
7492.0  7.485332e-08
7502.0  8.181221e-08
7512.0  8.678648e-08
7522.0  1.041328e-07
7532.0  9.888183e-08
7542.0  9.596558e-08
7552.0  7.579772e-08
7562.0  8.318727e-08
7572.0  9.740400e-08
7582.0  1.241121e-07
7592.0  1.082331e-07
7602.0  9.090100e-08
7612.0  6.611447e-08
7622.0  7.659842e-08
7632.0  7.903979e-08
7642.0  7.838187e-08
7652.0  8.014273e-08
7662.0  9.883638e-08
7672.0  9.196961e-08
7682.0  6.594562e-08
7692.0  3.068422e-08
7702.0  5.279879e-08
7712.0  9.491365e-08
7722.0  9.897304e-08
7732.0  8.115864e-08
7742.0  5.466117e-08
7752.0  1.047480e-07
7762.0  1.099607e-07
7772.0  1.106638e-07
7782.0  3.924381e-08
7792.0  5.166743e-08
7802.0  1.095303e-07
7812.0  1.314529e-07
7822.0  1.504663e-07
7832.0  1.213812e-07
7842.0  1.093640e-07
7852.0  6.091094e-08
7862.0  9.775085e-09
7872.0  3.345001e-08
7882.0  4.693759e-08
7892.0  5.543192e-08
7902.0  2.210294e-08
7912.0  2.218786e-08
7922.0  1.639178e-08
7932.0  3.720878e-08
7942.0  2.909853e-08
7952.0  7.984620e-08
7962.0  1.403864e-07
7972.0  1.376585e-07
7982.0  8.525102e-08
7992.0  1.043328e-08
8002.0  8.898207e-09
8012.0  7.872470e-09
8022.0  2.161063e-09
8032.0  8.312141e-10
8042.0  1.484412e-09
8052.0  6.843529e-10
8062.0  6.904356e-10
8072.0  1.030897e-08
8082.0  1.035508e-08
8092.0  1.039079e-08
8102.0  9.129683e-09
8112.0  1.772583e-08
8122.0  4.224051e-08
8132.0  3.820835e-08
8142.0  2.965078e-08
8152.0  5.092753e-09
8162.0  1.559216e-08
8172.0  1.823357e-08
8182.0  2.056061e-08
8192.0  4.966639e-09
8202.0  2.337414e-09
8212.0  7.805061e-09
8222.0  7.814605e-09
8232.0  2.086608e-08
8242.0  2.104222e-08
8252.0  3.362293e-08
8262.0  4.141373e-08
8272.0  3.446802e-08
8282.0  3.002433e-08
8292.0  1.402526e-08
8302.0  3.156633e-08
8312.0  3.444089e-08
8322.0  3.252184e-08
8332.0  4.403404e-08
8342.0  4.194439e-08
8352.0  3.956749e-08
8362.0  1.940283e-08
8372.0  2.067432e-08
8382.0  2.126752e-08
8392.0  2.979399e-08
8402.0  2.891205e-08
8412.0  4.635236e-08
8422.0  2.784375e-08
8432.0  2.159429e-08
8442.0  3.040526e-09
8452.0  3.045054e-09
8462.0  1.361319e-08
8472.0  2.610363e-08
8482.0  2.612458e-08
8492.0  3.720890e-08
8502.0  2.477406e-08
8512.0  3.421368e-08
8522.0  2.960936e-08
8532.0  2.967185e-08
8542.0  2.025959e-08
8552.0  3.010534e-11
8562.0  1.721545e-08
8572.0  1.725390e-08
8582.0  1.728354e-08
8592.0  2.466958e-08
8602.0  2.471559e-08
8612.0  4.170100e-08
8622.0  2.595904e-08
8632.0  2.911488e-08
8642.0  1.209831e-08
8652.0  3.147267e-09
8662.0  1.815100e-08
8672.0  2.203484e-08
8682.0  2.205380e-08
8692.0  2.173866e-08
8702.0  3.707545e-08
8712.0  9.767965e-08
8722.0  1.091137e-07
8732.0  8.987263e-08
8742.0  2.922545e-08
8752.0  4.540991e-08
8762.0  4.543697e-08
8772.0  7.168853e-08
8782.0  2.624261e-08
8792.0  7.839976e-08
8802.0  5.218999e-08
8812.0  1.369123e-07
8822.0  8.462634e-08
8832.0  8.464826e-08
8842.0  3.099097e-11
8852.0  2.449800e-08
8862.0  9.395411e-08
8872.0  1.350783e-07
8882.0  1.106676e-07
8892.0  4.100256e-08
8902.0  7.506873e-08
8912.0  7.520024e-08
8922.0  7.523603e-08
8932.0  3.139377e-11
8942.0  3.142029e-11
8952.0  1.746660e-07
8962.0  5.388634e-07
8972.0  5.382635e-07
8982.0  3.876438e-07
8992.0  4.086263e-08
9002.0  7.870708e-08
9012.0  6.542550e-08
9022.0  7.172742e-08
9032.0  3.995148e-08
9042.0  6.474101e-08
9052.0  5.755179e-08
9062.0  5.159312e-08
9072.0  6.578922e-08
9082.0  8.469277e-08
9092.0  9.485217e-08
9102.0  6.520499e-08
9112.0  3.107134e-08
9122.0  2.559749e-08
9132.0  2.853435e-08
9142.0  4.928862e-08
9152.0  6.220919e-08
9162.0  4.721931e-08
9172.0  4.662739e-08
9182.0  2.919348e-08
9192.0  6.897937e-08
9202.0  4.766317e-08
9212.0  9.318306e-08
9222.0  7.032349e-08
9232.0  7.036453e-08
9242.0  4.187029e-08
9252.0  3.744703e-08
9262.0  5.233925e-08
9272.0  4.380217e-08
9282.0  5.229602e-08
9292.0  3.743286e-08
9302.0  6.213248e-08
9312.0  4.834153e-08
9322.0  8.858122e-08
9332.0  8.504711e-08
9342.0  8.821453e-08
9352.0  5.563489e-08
9362.0  2.768195e-08
9372.0  4.252113e-08
9382.0  3.646210e-08
9392.0  5.750893e-08
9402.0  4.019647e-08
9412.0  8.448387e-08
9422.0  7.308677e-08
9432.0  6.673323e-08
9442.0  6.791316e-08
9452.0  1.077471e-07
9462.0  1.404628e-07
9472.0  1.670788e-07
9482.0  1.543265e-07
9492.0  1.956944e-07
9502.0  1.938665e-07
9512.0  2.393136e-07
9522.0  2.601587e-07
9532.0  2.431262e-07
9542.0  2.505254e-07
9552.0  2.572490e-07
9562.0  3.391689e-07
9572.0  4.129473e-07
9582.0  5.324859e-07
9592.0  6.796478e-07
9602.0  8.707717e-07
9612.0  1.097887e-06
9622.0  1.356245e-06
9632.0  1.628384e-06
9642.0  1.889765e-06
9652.0  2.173143e-06
9662.0  2.494197e-06
9672.0  2.943769e-06
9682.0  3.500345e-06
9692.0  4.226205e-06
9702.0  5.035047e-06
9712.0  5.978730e-06
9722.0  6.946519e-06
9732.0  7.919008e-06
9742.0  8.815274e-06
9752.0  9.694391e-06
9762.0  1.059406e-05
9772.0  1.169089e-05
9782.0  1.310795e-05
9792.0  1.503759e-05
9802.0  1.763821e-05
9812.0  2.114960e-05
9822.0  2.590839e-05
9832.0  3.223360e-05
9842.0  4.040023e-05
9852.0  5.081615e-05
9862.0  6.351649e-05
9872.0  7.871747e-05
9882.0  9.646867e-05
9892.0  1.167681e-04
9902.0  1.398262e-04
9912.0  1.654896e-04
9922.0  1.944481e-04
9932.0  2.275239e-04
9942.0  2.661409e-04
9952.0  3.118976e-04
9962.0  3.690469e-04
9972.0  4.422018e-04
9982.0  1.495606e-02
9992.0  3.097795e-02
10002.0  4.907221e-02
10012.0  5.492834e-02
10022.0  6.214255e-02
10032.0  6.927685e-02
10042.0  7.791472e-02
10052.0  8.748140e-02
10062.0  1.001363e-01
10072.0  1.141729e-01
10082.0  1.295230e-01
10092.0  1.458115e-01
10102.0  1.615884e-01
10112.0  1.780208e-01
10122.0  1.933385e-01
10132.0  2.085466e-01
10142.0  2.215040e-01
10152.0  2.322599e-01
10162.0  2.390291e-01
10172.0  2.434661e-01
10182.0  2.451205e-01
10192.0  2.460441e-01
10202.0  2.448492e-01
10212.0  2.452993e-01
10222.0  2.444297e-01
10232.0  2.446210e-01
10242.0  2.439822e-01
10252.0  2.449342e-01
10262.0  2.456165e-01
10272.0  2.460846e-01
10282.0  2.474155e-01
10292.0  2.490012e-01
10302.0  2.508865e-01
10312.0  2.522639e-01
10322.0  2.550603e-01
10332.0  2.577450e-01
10342.0  2.617050e-01
10352.0  2.642232e-01
10362.0  2.663526e-01
10372.0  2.668843e-01
10382.0  2.701070e-01
10392.0  2.717836e-01
10402.0  2.740180e-01
10412.0  2.741172e-01
10422.0  2.760012e-01
10432.0  2.763025e-01
10442.0  2.768944e-01
10452.0  2.776429e-01
10462.0  2.789296e-01
10472.0  2.802088e-01
10482.0  2.813920e-01
10492.0  2.823486e-01
10502.0  2.832768e-01
10512.0  2.850708e-01
10522.0  2.861989e-01
10532.0  2.865071e-01
10542.0  2.875913e-01
10552.0  2.876529e-01
10562.0  2.877426e-01
10572.0  2.871213e-01
10582.0  2.865141e-01
10592.0  2.859193e-01
10602.0  2.844573e-01
10612.0  2.835071e-01
10622.0  2.817278e-01
10632.0  2.798926e-01
10642.0  2.792504e-01
10652.0  2.780956e-01
10662.0  2.770733e-01
10672.0  2.744000e-01
10682.0  2.731342e-01
10692.0  2.705818e-01
10702.0  2.679581e-01
10712.0  2.665246e-01
10722.0  2.659442e-01
10732.0  2.649341e-01
10742.0  2.628119e-01
10752.0  2.618800e-01
10762.0  2.620033e-01
10772.0  2.615993e-01
10782.0  2.619348e-01
10792.0  2.625307e-01
10802.0  2.630338e-01
10812.0  2.638524e-01
10822.0  2.647817e-01
10832.0  2.650370e-01
10842.0  2.658126e-01
10852.0  2.666928e-01
10862.0  2.686640e-01
10872.0  2.693432e-01
10882.0  2.706042e-01
10892.0  2.723639e-01
10902.0  2.743681e-01
10912.0  2.762392e-01
10922.0  2.782997e-01
10932.0  2.808596e-01
10942.0  2.830384e-01
10952.0  2.848707e-01
10962.0  2.862084e-01
10972.0  2.891702e-01
10982.0  2.917025e-01
10992.0  2.939436e-01
11002.0  2.943460e-01
11012.0  2.947451e-01
11022.0  2.956881e-01
11032.0  2.970693e-01
11042.0  2.982450e-01
11052.0  2.993869e-01
11062.0  2.992894e-01
11072.0  2.997270e-01
11082.0  2.992201e-01
11092.0  2.984191e-01
11102.0  2.988775e-01
11112.0  2.991100e-01
11122.0  2.995471e-01
11132.0  2.987084e-01
11142.0  2.986995e-01
11152.0  2.993645e-01
11162.0  2.987311e-01
11172.0  2.979267e-01
11182.0  2.973340e-01
11192.0  2.977823e-01
11202.0  2.980347e-01
11212.0  2.970122e-01
11222.0  2.962676e-01
11232.0  2.950251e-01
11242.0  2.950160e-01
11252.0  2.949054e-01
11262.0  2.954359e-01
11272.0  2.956671e-01
11282.0  2.961325e-01
11292.0  2.961699e-01
11302.0  2.968177e-01
11312.0  2.966944e-01
11322.0  2.981818e-01
11332.0  2.987192e-01
11342.0  2.997732e-01
11352.0  3.000990e-01
11362.0  3.010805e-01
11372.0  3.025296e-01
11382.0  3.035586e-01
11392.0  3.045978e-01
11402.0  3.052980e-01
11412.0  3.075855e-01
11422.0  3.101545e-01
11432.0  3.126928e-01
11442.0  3.160677e-01
11452.0  3.192487e-01
11462.0  3.211953e-01
11472.0  3.234106e-01
11482.0  3.254479e-01
11492.0  3.283757e-01
11502.0  3.306183e-01
11512.0  3.328244e-01
11522.0  3.351805e-01
11532.0  3.365973e-01
11542.0  3.383295e-01
11552.0  3.401868e-01
11562.0  3.420787e-01
11572.0  3.439551e-01
11582.0  3.449762e-01
11592.0  3.463573e-01
11602.0  3.473224e-01
11612.0  3.491951e-01
11622.0  3.503724e-01
11632.0  3.519014e-01
11642.0  3.530012e-01
11652.0  3.534679e-01
11662.0  3.543654e-01
11672.0  3.554697e-01
11682.0  3.567031e-01
11692.0  3.566548e-01
11702.0  3.564029e-01
11712.0  3.567860e-01
11722.0  3.573996e-01
11732.0  3.578629e-01
11742.0  3.582454e-01
11752.0  3.592381e-01
11762.0  3.586472e-01
11772.0  3.593146e-01
11782.0  3.588301e-01
11792.0  3.578823e-01
11802.0  3.571470e-01
11812.0  3.576329e-01
11822.0  3.586907e-01
11832.0  3.583390e-01
11842.0  3.572778e-01
11852.0  3.570481e-01
11862.0  3.564169e-01
11872.0  3.558218e-01
11882.0  3.549485e-01
11892.0  3.543979e-01
11902.0  3.550757e-01
11912.0  3.555716e-01
11922.0  3.549486e-01
11932.0  3.545676e-01
11942.0  3.534412e-01
11952.0  3.525256e-01
11962.0  3.511659e-01
11972.0  3.505307e-01
11982.0  3.499567e-01
11992.0  3.490211e-01
12002.0  3.483401e-01
12012.0  3.487087e-01
12022.0  3.483465e-01
12032.0  3.478729e-01
12042.0  3.478662e-01
12052.0  3.480137e-01
12062.0  3.469692e-01
12072.0  3.462337e-01
12082.0  3.459386e-01
12092.0  3.478126e-01
12102.0  3.475224e-01
12112.0  3.479645e-01
12122.0  3.478534e-01
12132.0  3.497592e-01
12142.0  3.504311e-01
12152.0  3.515928e-01
12162.0  3.509697e-01
12172.0  3.526169e-01
12182.0  3.537593e-01
12192.0  3.553664e-01
12202.0  3.561550e-01
12212.0  3.567860e-01
12222.0  3.588694e-01
12232.0  3.599637e-01
12242.0  3.618062e-01
12252.0  3.626760e-01
12262.0  3.641854e-01
12272.0  3.656814e-01
12282.0  3.667993e-01
12292.0  3.676983e-01
12302.0  3.698852e-01
12312.0  3.717195e-01
12322.0  3.743254e-01
12332.0  3.751337e-01
12342.0  3.769229e-01
12352.0  3.785666e-01
12362.0  3.805871e-01
12372.0  3.819164e-01
12382.0  3.831356e-01
12392.0  3.833481e-01
12402.0  3.849689e-01
12412.0  3.856906e-01
12422.0  3.872889e-01
12432.0  3.878857e-01
12442.0  3.894199e-01
12452.0  3.903169e-01
12462.0  3.915234e-01
12472.0  3.912238e-01
12482.0  3.915033e-01
12492.0  3.921063e-01
12502.0  3.914988e-01
12512.0  3.926760e-01
12522.0  3.930976e-01
12532.0  3.935227e-01
12542.0  3.921827e-01
12552.0  3.908517e-01
12562.0  3.907268e-01
12572.0  3.922443e-01
12582.0  3.926147e-01
12592.0  3.936395e-01
12602.0  3.937033e-01
12612.0  3.946032e-01
12622.0  3.954452e-01
12632.0  3.949647e-01
12642.0  3.943648e-01
12652.0  3.945553e-01
12662.0  3.940110e-01
12672.0  3.941097e-01
12682.0  3.927295e-01
12692.0  3.912946e-01
12702.0  3.883235e-01
12712.0  3.841004e-01
12722.0  3.776544e-01
12732.0  3.696183e-01
12742.0  3.593942e-01
12752.0  3.463628e-01
12762.0  3.292787e-01
12772.0  3.086544e-01
12782.0  2.843590e-01
12792.0  2.572339e-01
12802.0  2.282517e-01
12812.0  2.003566e-01
12822.0  1.744133e-01
12832.0  1.524393e-01
12842.0  1.331419e-01
12852.0  1.165670e-01
12862.0  1.007534e-01
12872.0  8.700540e-02
12882.0  7.476360e-02
12892.0  6.523014e-02
12902.0  5.707765e-02
12912.0  5.017554e-02
12922.0  4.379717e-02
12932.0  3.867830e-02
12942.0  3.416190e-02
12952.0  3.031959e-02
12962.0  2.644833e-02
12972.0  2.269767e-02
12982.0  1.900713e-02
12992.0  1.578017e-02
13002.0  1.300964e-02
13012.0  1.067310e-02
13022.0  8.728818e-03
13032.0  7.140772e-03
13042.0  5.859103e-03
13052.0  4.802118e-03
13062.0  3.948943e-03
13072.0  3.242048e-03
13082.0  2.683787e-03
13092.0  2.237224e-03
13102.0  1.865832e-03
13112.0  1.558144e-03
13122.0  1.305815e-03
13132.0  1.105519e-03
13142.0  9.348349e-04
13152.0  7.925859e-04
13162.0  6.741710e-04
13172.0  5.748866e-04
13182.0  4.933163e-04
13192.0  4.235698e-04
13202.0  3.649749e-04
13212.0  3.155688e-04
13222.0  2.744456e-04
13232.0  2.394813e-04
13242.0  2.097348e-04
13252.0  1.833786e-04
13262.0  1.610392e-04
13272.0  1.422734e-04
13282.0  1.256341e-04
13292.0  1.104993e-04
13302.0  9.802956e-05
13312.0  8.707159e-05
13322.0  7.792968e-05
13332.0  6.908770e-05
13342.0  6.180274e-05
13352.0  5.524286e-05
13362.0  4.987135e-05
13372.0  4.498241e-05
13382.0  4.056000e-05
13392.0  3.623796e-05
13402.0  3.283934e-05
13412.0  3.007511e-05
13422.0  2.823485e-05
13432.0  2.607009e-05
13442.0  2.389052e-05
13452.0  2.153067e-05
13462.0  1.960332e-05
13472.0  1.796522e-05
13482.0  1.652527e-05
13492.0  1.445680e-05
13502.0  1.351495e-05
13512.0  1.301125e-05
13522.0  1.180223e-05
13532.0  1.093474e-05
13542.0  9.324932e-06
13552.0  9.794168e-06
13562.0  9.000506e-06
13572.0  8.430709e-06
13582.0  8.286705e-06
13592.0  7.506489e-06
13602.0  6.864639e-06
13612.0  6.108335e-06
13622.0  5.878523e-06
13632.0  6.526210e-06
13642.0  5.611881e-06
13652.0  5.805727e-06
13662.0  4.667174e-06
13672.0  4.947801e-06
13682.0  4.787174e-06
13692.0  5.163311e-06
13702.0  4.756961e-06
13712.0  4.861051e-06
13722.0  4.825910e-06
13732.0  5.049069e-06
13742.0  4.859290e-06
13752.0  4.279789e-06
13762.0  4.677689e-06
13772.0  4.583369e-06
13782.0  4.739379e-06
13792.0  4.101063e-06
13802.0  3.383899e-06
13812.0  4.129329e-06
13822.0  4.304823e-06
13832.0  4.907963e-06
13842.0  4.162822e-06
13852.0  4.148739e-06
13862.0  3.878762e-06
13872.0  3.905397e-06
13882.0  3.503824e-06
13892.0  3.255784e-06
13902.0  3.334912e-06
13912.0  3.492093e-06
13922.0  3.333576e-06
13932.0  3.078330e-06
13942.0  3.309952e-06
13952.0  3.130618e-06
13962.0  2.679694e-06
13972.0  2.545249e-06
13982.0  2.717509e-06
13992.0  2.982929e-06
14002.0  2.843727e-06
14012.0  3.162963e-06
14022.0  3.204228e-06
14032.0  3.545812e-06
14042.0  3.066648e-06
14052.0  2.800778e-06
14062.0  2.236437e-06
14072.0  2.111613e-06
14082.0  2.285234e-06
14092.0  2.662974e-06
14102.0  2.728539e-06
14112.0  2.864891e-06
14122.0  2.737689e-06
14132.0  3.377507e-06
14142.0  3.861587e-06
14152.0  3.599676e-06
14162.0  3.275919e-06
14172.0  2.712901e-06
14182.0  3.007640e-06
14192.0  3.139239e-06
14202.0  3.025883e-06
14212.0  2.730464e-06
14222.0  2.866890e-06
14232.0  3.170461e-06
14242.0  2.827234e-06
14252.0  2.779105e-06
14262.0  2.199667e-06
14272.0  2.920222e-06
14282.0  2.847642e-06
14292.0  3.195203e-06
14302.0  2.889286e-06
14312.0  3.289502e-06
14322.0  3.646602e-06
14332.0  3.713217e-06
14342.0  3.648135e-06
14352.0  2.980478e-06
14362.0  3.080533e-06
14372.0  2.641249e-06
14382.0  3.113497e-06
14392.0  2.534855e-06
14402.0  2.294435e-06
14412.0  1.894631e-06
14422.0  2.925440e-06
14432.0  3.253251e-06
14442.0  3.036964e-06
14452.0  2.635337e-06
14462.0  2.570367e-06
14472.0  2.957590e-06
14482.0  2.858803e-06
14492.0  2.602274e-06
14502.0  2.397717e-06
14512.0  2.491845e-06
14522.0  2.228485e-06
14532.0  2.776896e-06
14542.0  2.516462e-06
14552.0  2.543472e-06
14562.0  2.230747e-06
14572.0  2.589376e-06
14582.0  2.315749e-06
14592.0  2.400978e-06
14602.0  1.981978e-06
14612.0  2.349790e-06
14622.0  2.341393e-06
14632.0  2.462024e-06
14642.0  2.609018e-06
14652.0  3.231471e-06
14662.0  3.031948e-06
14672.0  3.508679e-06
14682.0  2.552266e-06
14692.0  2.778899e-06
14702.0  2.031902e-06
14712.0  2.567047e-06
14722.0  2.823980e-06
14732.0  3.593761e-06
14742.0  2.467011e-06
14752.0  2.421528e-06
14762.0  1.264686e-06
14772.0  1.610007e-06
14782.0  1.494535e-06
14792.0  2.410633e-06
14802.0  2.606919e-06
14812.0  1.926129e-06
14822.0  1.854087e-06
14832.0  1.658433e-06
14842.0  1.952727e-06
14852.0  1.636202e-06
14862.0  2.499597e-06
14872.0  2.094459e-06
14882.0  2.317304e-06
14892.0  1.868416e-06
14902.0  2.506990e-06
14912.0  2.008505e-06
14922.0  2.107989e-06
14932.0  1.909755e-06
14942.0  1.772013e-06
14952.0  1.720028e-06
14962.0  1.929133e-06
14972.0  2.941389e-06
14982.0  2.631941e-06
14992.0  2.539280e-06
15002.0  2.447288e-06
15012.0  2.333144e-06
15022.0  2.643607e-06
15032.0  2.114367e-06
15042.0  2.204529e-06
15052.0  2.058402e-06
15062.0  2.256588e-06
15072.0  2.717111e-06
15082.0  2.735585e-06
15092.0  2.680676e-06
15102.0  2.483189e-06
15112.0  2.346990e-06
15122.0  2.457344e-06
15132.0  2.958514e-06
15142.0  3.401266e-06
15152.0  4.732313e-06
15162.0  3.498339e-06
15172.0  3.198857e-06
15182.0  2.061067e-06
15192.0  3.066485e-06
15202.0  2.521060e-06
15212.0  2.441007e-06
15222.0  2.140071e-06
15232.0  2.082067e-06
15242.0  2.342059e-06
15252.0  2.530587e-06
15262.0  3.256068e-06
15272.0  2.803769e-06
15282.0  3.550384e-06
15292.0  3.288568e-06
15302.0  4.325196e-06
15312.0  2.883514e-06
15322.0  2.896023e-06
15332.0  2.467487e-06
15342.0  3.410309e-06
15352.0  2.937884e-06
15362.0  2.143715e-06
15372.0  1.912542e-06
15382.0  2.167280e-06
15392.0  2.018991e-06
15402.0  1.822957e-06
15412.0  2.272664e-06
15422.0  2.223870e-06
15432.0  2.036594e-06
15442.0  2.111916e-06
15452.0  2.663118e-06
15462.0  3.568617e-06
15472.0  3.210062e-06
15482.0  2.931570e-06
15492.0  2.597860e-06
15502.0  3.183077e-06
15512.0  3.690952e-06
15522.0  3.538382e-06
15532.0  2.886630e-06
15542.0  2.478828e-06
15552.0  2.085694e-06
15562.0  2.451105e-06
15572.0  2.811925e-06
15582.0  3.609921e-06
15592.0  3.677216e-06
15602.0  3.691432e-06
15612.0  3.270605e-06
15622.0  3.692598e-06
15632.0  3.974512e-06
15642.0  3.867574e-06
15652.0  3.294110e-06
15662.0  2.922872e-06
15672.0  3.201243e-06
15682.0  3.577401e-06
15692.0  2.595003e-06
15702.0  1.979021e-06
15712.0  1.327587e-06
15722.0  2.018889e-06
15732.0  2.120723e-06
15742.0  2.246697e-06
15752.0  2.734702e-06
15762.0  3.281362e-06
15772.0  3.430942e-06
15782.0  3.158301e-06
15792.0  2.969986e-06
15802.0  3.664752e-06
15812.0  3.487376e-06
15822.0  3.718143e-06
15832.0  3.181248e-06
15842.0  3.960993e-06
15852.0  3.655252e-06
15862.0  3.156530e-06
15872.0  2.676653e-06
15882.0  2.977435e-06
15892.0  2.925286e-06
15902.0  3.105748e-06
15912.0  3.161781e-06
15922.0  3.722994e-06
15932.0  3.086467e-06
15942.0  3.368443e-06
15952.0  3.587389e-06
15962.0  4.053358e-06
15972.0  3.622370e-06
15982.0  2.918442e-06
15992.0  1.992797e-06
16002.0  2.274883e-06
16012.0  2.635465e-06
16022.0  3.793680e-06
16032.0  3.760859e-06
16042.0  4.330300e-06
16052.0  4.264932e-06
16062.0  3.349434e-06
16072.0  2.625275e-06
16082.0  3.076663e-06
16092.0  4.384371e-06
16102.0  4.561631e-06
16112.0  4.309950e-06
16122.0  4.217352e-06
16132.0  5.011478e-06
16142.0  4.961918e-06
16152.0  4.272785e-06
16162.0  3.807830e-06
16172.0  3.874684e-06
16182.0  4.097112e-06
16192.0  4.629892e-06
16202.0  4.439296e-06
16212.0  4.219286e-06
16222.0  3.591230e-06
16232.0  3.962721e-06
16242.0  4.340110e-06
16252.0  4.241506e-06
16262.0  3.674859e-06
16272.0  4.321207e-06
16282.0  3.912531e-06
16292.0  3.556894e-06
16302.0  3.473440e-06
16312.0  5.518084e-06
16322.0  4.805675e-06
16332.0  3.811088e-06
16342.0  2.169822e-06
16352.0  3.608498e-06
16362.0  3.225006e-06
16372.0  3.007987e-06
16382.0  2.387255e-06
16392.0  4.410049e-06
16402.0  3.970075e-06
16412.0  4.193715e-06
16422.0  2.925071e-06
16432.0  3.977944e-06
16442.0  4.589675e-06
16452.0  4.694571e-06
16462.0  3.723571e-06
16472.0  2.303483e-06
16482.0  2.889148e-06
16492.0  2.632230e-06
16502.0  4.546560e-06
16512.0  4.817170e-06
16522.0  5.029017e-06
16532.0  3.656765e-06
16542.0  3.186761e-06
16552.0  3.218928e-06
16562.0  4.015892e-06
16572.0  3.993570e-06
16582.0  5.542332e-06
16592.0  4.547805e-06
16602.0  4.185182e-06
16612.0  2.192524e-06
16622.0  3.862624e-06
16632.0  3.840424e-06
16642.0  5.006639e-06
16652.0  3.113750e-06
16662.0  3.621375e-06
16672.0  3.590470e-06
16682.0  5.800616e-06
16692.0  4.735504e-06
16702.0  5.484080e-06
16712.0  3.333314e-06
16722.0  4.787033e-06
16732.0  3.695944e-06
16742.0  3.758146e-06
16752.0  2.354463e-06
16762.0  2.936742e-06
16772.0  3.320321e-06
16782.0  4.159957e-06
16792.0  4.229793e-06
16802.0  4.112333e-06
16812.0  3.144599e-06
16822.0  2.627223e-06
16832.0  3.181193e-06
16842.0  3.343365e-06
16852.0  3.541798e-06
16862.0  4.346650e-06
16872.0  5.005897e-06
16882.0  4.051915e-06
16892.0  4.244029e-06
16902.0  3.828112e-06
16912.0  4.189885e-06
16922.0  4.005413e-06
16932.0  3.911694e-06
16942.0  4.905059e-06
16952.0  4.133139e-06
16962.0  5.208299e-06
16972.0  5.162437e-06
16982.0  5.401073e-06
16992.0  3.963261e-06
17002.0  4.571600e-06
17012.0  4.422232e-06
17022.0  4.607220e-06
17032.0  3.125113e-06
17042.0  3.367445e-06
17052.0  3.563851e-06
17062.0  3.287923e-06
17072.0  2.850454e-06
17082.0  3.890660e-06
17092.0  3.973543e-06
17102.0  5.110502e-06
17112.0  4.459681e-06
17122.0  4.914425e-06
17132.0  4.024126e-06
17142.0  3.333740e-06
17152.0  2.850566e-06
17162.0  3.762252e-06
17172.0  4.093645e-06
17182.0  4.792854e-06
17192.0  4.351011e-06
17202.0  7.169908e-06
17212.0  5.946795e-06
17222.0  5.837995e-06
17232.0  3.030669e-06
17242.0  4.880916e-06
17252.0  4.687201e-06
17262.0  5.491906e-06
17272.0  5.746143e-06
17282.0  6.039011e-06
17292.0  5.769511e-06
17302.0  5.220355e-06
17312.0  5.798284e-06
17322.0  6.225214e-06
17332.0  5.647809e-06
17342.0  5.739897e-06
17352.0  4.950509e-06
17362.0  5.817158e-06
17372.0  4.099599e-06
17382.0  4.258965e-06
17392.0  4.111398e-06
17402.0  4.629842e-06
17412.0  5.147198e-06
17422.0  4.389893e-06
17432.0  4.230842e-06
17442.0  4.062789e-06
17452.0  4.151394e-06
17462.0  6.160078e-06
17472.0  4.813466e-06
17482.0  4.864418e-06
17492.0  3.802561e-06
17502.0  4.850582e-06
17512.0  5.585464e-06
17522.0  3.736764e-06
17532.0  3.922860e-06
17542.0  4.811344e-06
17552.0  5.063016e-06
17562.0  4.201611e-06
17572.0  2.750887e-06
17582.0  3.771504e-06
17592.0  4.813148e-06
17602.0  4.266670e-06
17612.0  4.245411e-06
17622.0  3.439795e-06
17632.0  3.828192e-06
17642.0  4.826295e-06
17652.0  5.849191e-06
17662.0  4.767832e-06
17672.0  3.243559e-06
17682.0  4.379362e-06
17692.0  7.269023e-06
17702.0  6.858759e-06
17712.0  4.029399e-06
17722.0  3.467507e-06
17732.0  4.974415e-06
17742.0  6.053003e-06
17752.0  4.404568e-06
17762.0  3.083471e-06
17772.0  3.692554e-06
17782.0  3.706533e-06
17792.0  5.518041e-06
17802.0  5.048947e-06
17812.0  5.832202e-06
17822.0  4.397737e-06
17832.0  4.169596e-06
17842.0  5.539719e-06
17852.0  4.637608e-06
17862.0  5.141986e-06
17872.0  4.354282e-06
17882.0  4.792005e-06
17892.0  5.497337e-06
17902.0  4.997206e-06
17912.0  6.668727e-06
17922.0  5.573262e-06
17932.0  5.366728e-06
17942.0  4.942135e-06
17952.0  5.206789e-06
17962.0  6.449518e-06
17972.0  6.957775e-06
17982.0  6.268919e-06
17992.0  4.380365e-06
18002.0  1.885662e-06
18012.0  3.002895e-06
18022.0  3.577767e-06
18032.0  7.327302e-06
18042.0  5.188515e-06
18052.0  5.730019e-06
18062.0  2.136477e-06
18072.0  4.778049e-06
18082.0  4.175600e-06
18092.0  5.578785e-06
18102.0  5.610734e-06
18112.0  5.742653e-06
18122.0  5.454874e-06
18132.0  4.945525e-06
18142.0  6.500692e-06
18152.0  8.653610e-06
18162.0  8.178326e-06
18172.0  6.102706e-06
18182.0  3.404113e-06
18192.0  4.895636e-06
18202.0  6.441269e-06
18212.0  6.190210e-06
18222.0  5.521461e-06
18232.0  3.949878e-06
18242.0  4.937381e-06
18252.0  5.584417e-06
18262.0  5.905019e-06
18272.0  4.380424e-06
18282.0  1.395090e-06
18292.0  3.117327e-06
18302.0  5.368174e-06
18312.0  6.452376e-06
18322.0  5.465228e-06
18332.0  4.516180e-06
18342.0  4.506223e-06
18352.0  4.444378e-06
18362.0  5.347436e-06
18372.0  5.406692e-06
18382.0  7.032967e-06
18392.0  6.083122e-06
18402.0  6.525048e-06
18412.0  3.852562e-06
18422.0  6.326486e-06
18432.0  6.860662e-06
18442.0  7.093880e-06
18452.0  3.392019e-06
18462.0  6.275690e-06
18472.0  7.950483e-06
18482.0  1.151622e-05
18492.0  6.543694e-06
18502.0  6.841340e-06
18512.0  4.279453e-06
18522.0  7.788901e-06
18532.0  6.490856e-06
18542.0  8.087205e-06
18552.0  7.049873e-06
18562.0  9.267791e-06
18572.0  7.151174e-06
18582.0  8.276423e-06
18592.0  7.383700e-06
18602.0  9.561705e-06
18612.0  7.747935e-06
18622.0  7.035979e-06
18632.0  7.186163e-06
18642.0  7.747294e-06
18652.0  6.265359e-06
18662.0  6.775414e-06
18672.0  8.493526e-06
18682.0  1.117078e-05
18692.0  7.877433e-06
18702.0  6.207589e-06
18712.0  4.066235e-06
18722.0  6.296039e-06
18732.0  6.740132e-06
18742.0  7.031374e-06
18752.0  8.903680e-06
18762.0  8.362343e-06
18772.0  1.155315e-05
18782.0  8.516885e-06
18792.0  1.133558e-05
18802.0  6.741761e-06
18812.0  8.412080e-06
18822.0  4.771691e-06
18832.0  6.062461e-06
18842.0  6.167890e-06
18852.0  4.848352e-06
18862.0  4.368880e-06
18872.0  3.235467e-06
18882.0  3.944818e-06
18892.0  3.622181e-06
18902.0  5.657290e-06
18912.0  4.604148e-06
18922.0  7.015892e-06
18932.0  4.691786e-06
18942.0  6.279644e-06
18952.0  6.606403e-06
18962.0  6.819625e-06
18972.0  6.437822e-06
18982.0  5.456736e-06
18992.0  6.072669e-06
19002.0  9.154981e-06
19012.0  6.757578e-06
19022.0  8.580241e-06
19032.0  6.573181e-06
19042.0  8.574827e-06
19052.0  5.439484e-06
19062.0  6.107240e-06
19072.0  5.964405e-06
19082.0  9.939286e-06
19092.0  8.053874e-06
19102.0  8.684372e-06
19112.0  4.621417e-06
19122.0  6.465335e-06
19132.0  5.582194e-06
19142.0  7.952300e-06
19152.0  6.169592e-06
19162.0  4.814909e-06
19172.0  5.333244e-06
19182.0  9.014098e-06
19192.0  1.455978e-05
19202.0  1.116629e-05
19212.0  7.425541e-06
19222.0  6.726400e-06
19232.0  1.091096e-05
19242.0  1.248566e-05
19252.0  7.994931e-06
19262.0  5.759373e-06
19272.0  3.962554e-06
19282.0  9.191186e-06
19292.0  8.156600e-06
19302.0  8.728751e-06
19312.0  7.442454e-06
19322.0  1.091982e-05
19332.0  1.128364e-05
19342.0  7.673034e-06
19352.0  4.682252e-06
19362.0  3.682353e-06
19372.0  5.470439e-06
19382.0  6.378443e-06
19392.0  8.972093e-06
19402.0  8.908592e-06
19412.0  8.598709e-06
19422.0  7.175902e-06
19432.0  6.699128e-06
19442.0  5.668192e-06
19452.0  7.236404e-06
19462.0  7.753482e-06
19472.0  7.767138e-06
19482.0  5.987088e-06
19492.0  4.032830e-06
19502.0  3.341597e-06
19512.0  5.664922e-06
19522.0  7.838273e-06
19532.0  9.864702e-06
19542.0  8.279160e-06
19552.0  7.415150e-06
19562.0  6.768401e-06
19572.0  6.623365e-06
19582.0  7.371107e-06
19592.0  9.160323e-06
19602.0  9.367377e-06
19612.0  6.891907e-06
19622.0  3.238677e-06
19632.0  6.009379e-06
19642.0  6.787572e-06
19652.0  1.031065e-05
19662.0  8.265823e-06
19672.0  8.751880e-06
19682.0  7.658322e-06
19692.0  9.666673e-06
19702.0  1.005005e-05
19712.0  8.821191e-06
19722.0  7.146255e-06
19732.0  6.464376e-06
19742.0  7.860434e-06
19752.0  8.927711e-06
19762.0  1.004769e-05
19772.0  1.011059e-05
19782.0  8.388949e-06
19792.0  7.836016e-06
19802.0  6.663614e-06
19812.0  9.052064e-06
19822.0  1.121679e-05
19832.0  1.444560e-05
19842.0  1.259316e-05
19852.0  1.107661e-05
19862.0  8.203367e-06
19872.0  6.793708e-06
19882.0  8.409973e-06
19892.0  8.720123e-06
19902.0  1.033246e-05
19912.0  8.021148e-06
19922.0  8.555221e-06
19932.0  8.186722e-06
19942.0  8.652787e-06
19952.0  9.027955e-06
19962.0  8.183130e-06
19972.0  7.912057e-06
19982.0  8.574523e-06
19992.0  9.640026e-06
20002.0  8.891747e-06
20012.0  7.213064e-06
20022.0  7.812450e-06
20032.0  7.764297e-06
20042.0  6.498073e-06
20052.0  4.458556e-06
20062.0  7.062842e-06
20072.0  1.229728e-05
20082.0  1.020867e-05
20092.0  7.919888e-06
20102.0  4.535249e-06
20112.0  7.335894e-06
20122.0  7.516951e-06
20132.0  5.448002e-06
20142.0  6.995165e-06
20152.0  1.013147e-05
20162.0  1.103228e-05
20172.0  7.960684e-06
20182.0  6.403466e-06
20192.0  6.696700e-06
20202.0  8.347821e-06
20212.0  6.166274e-06
20222.0  7.578386e-06
20232.0  5.585252e-06
20242.0  6.105241e-06
20252.0  4.582646e-06
20262.0  7.703210e-06
20272.0  8.400650e-06
20282.0  7.253482e-06
20292.0  6.410023e-06
20302.0  5.757978e-06
20312.0  7.721685e-06
20322.0  5.740582e-06
20332.0  6.811332e-06
20342.0  6.855046e-06
20352.0  9.255027e-06
20362.0  1.088826e-05
20372.0  1.039714e-05
20382.0  6.761230e-06
20392.0  2.342287e-06
20402.0  3.354750e-06
20412.0  5.415766e-06
20422.0  5.866656e-06
20432.0  5.438657e-06
20442.0  5.489583e-06
20452.0  5.841840e-06
20462.0  6.673052e-06
20472.0  6.798457e-06
20482.0  7.082352e-06
20492.0  7.696642e-06
20502.0  8.011229e-06
20512.0  7.349669e-06
20522.0  4.963416e-06
20532.0  7.111975e-06
20542.0  7.335142e-06
20552.0  8.603235e-06
20562.0  4.960201e-06
20572.0  5.926980e-06
20582.0  7.537150e-06
20592.0  8.488074e-06
20602.0  1.052718e-05
20612.0  8.532628e-06
20622.0  7.011465e-06
20632.0  5.283374e-06
20642.0  4.937506e-06
20652.0  8.058883e-06
20662.0  8.384361e-06
20672.0  8.798126e-06
20682.0  7.644992e-06
20692.0  8.861598e-06
20702.0  6.910053e-06
20712.0  4.654543e-06
20722.0  4.042154e-06
20732.0  5.308456e-06
20742.0  9.093565e-06
20752.0  8.004053e-06
20762.0  6.891626e-06
20772.0  5.825828e-06
20782.0  7.832045e-06
20792.0  7.004115e-06
20802.0  5.510550e-06
20812.0  6.049495e-06
20822.0  9.944867e-06
20832.0  9.867884e-06
20842.0  9.720545e-06
20852.0  8.007616e-06
20862.0  9.250339e-06
20872.0  6.948188e-06
20882.0  5.735167e-06
20892.0  3.860259e-06
20902.0  6.436126e-06
20912.0  9.622803e-06
20922.0  1.130774e-05
20932.0  7.312856e-06
20942.0  7.270058e-06
20952.0  7.558477e-06
20962.0  9.301445e-06
20972.0  6.355096e-06
20982.0  6.501603e-06
20992.0  1.067403e-05
21002.0  9.927833e-06
21012.0  1.024992e-05
21022.0  5.425631e-06
21032.0  8.592211e-06
21042.0  6.395853e-06
21052.0  9.841258e-06
21062.0  8.757845e-06
21072.0  1.092728e-05
21082.0  7.723759e-06
21092.0  8.590772e-06
21102.0  1.138081e-05
21112.0  1.240535e-05
21122.0  1.271284e-05
21132.0  9.104000e-06
21142.0  8.092628e-06
21152.0  5.436675e-06
21162.0  7.411261e-06
21172.0  1.166890e-05
21182.0  1.211218e-05
21192.0  1.017103e-05
21202.0  6.696945e-06
21212.0  1.218005e-05
21222.0  1.132568e-05
21232.0  1.240234e-05
21242.0  7.486361e-06
21252.0  8.194296e-06
21262.0  6.407058e-06
21272.0  6.512016e-06
21282.0  8.507792e-06
21292.0  1.118334e-05
21302.0  9.678485e-06
21312.0  8.338466e-06
21322.0  6.868681e-06
21332.0  1.228200e-05
21342.0  1.295791e-05
21352.0  1.233246e-05
21362.0  9.657869e-06
21372.0  1.046219e-05
21382.0  1.287949e-05
21392.0  1.262239e-05
21402.0  1.051448e-05
21412.0  8.265070e-06
21422.0  8.292765e-06
21432.0  1.180713e-05
21442.0  9.887946e-06
21452.0  9.689472e-06
21462.0  4.842987e-06
21472.0  5.497082e-06
21482.0  6.416640e-06
21492.0  1.001467e-05
21502.0  1.171780e-05
21512.0  1.095397e-05
21522.0  9.155040e-06
21532.0  1.525030e-05
21542.0  1.278433e-05
21552.0  1.207520e-05
21562.0  8.273219e-06
21572.0  1.543717e-05
21582.0  1.609603e-05
21592.0  1.682568e-05
21602.0  1.751988e-05
21612.0  1.791751e-05
21622.0  1.506327e-05
21632.0  9.975761e-06
21642.0  1.011470e-05
21652.0  1.335268e-05
21662.0  1.562222e-05
21672.0  2.049254e-05
21682.0  1.667702e-05
21692.0  1.573030e-05
21702.0  1.265364e-05
21712.0  1.521622e-05
21722.0  1.684918e-05
21732.0  1.706568e-05
21742.0  1.417221e-05
21752.0  1.001292e-05
21762.0  1.094027e-05
21772.0  1.226140e-05
21782.0  1.455059e-05
21792.0  1.271108e-05
21802.0  1.384560e-05
21812.0  1.463552e-05
21822.0  1.483129e-05
21832.0  1.043640e-05
21842.0  5.911999e-06
21852.0  3.919349e-06
21862.0  6.074916e-06
21872.0  7.554831e-06
21882.0  9.878642e-06
21892.0  1.195955e-05
21902.0  1.206784e-05
21912.0  8.156179e-06
21922.0  3.426992e-06
21932.0  5.103978e-06
21942.0  8.959639e-06
21952.0  1.142046e-05
21962.0  1.469263e-05
21972.0  1.274943e-05
21982.0  2.028447e-05
21992.0  1.357497e-05
22002.0  1.079767e-05
22012.0  3.233231e-06
22022.0  7.794195e-06
22032.0  8.422340e-06
22042.0  1.362521e-05
22052.0  1.367063e-05
22062.0  1.571703e-05
22072.0  1.036693e-05
22082.0  8.718030e-06
22092.0  6.361753e-06
22102.0  7.927394e-06
22112.0  7.922678e-06
22122.0  1.826515e-05
22132.0  1.993557e-05
22142.0  1.881685e-05
22152.0  1.521683e-05
22162.0  1.313602e-05
22172.0  1.712402e-05
22182.0  1.452916e-05
22192.0  1.136408e-05
22202.0  5.428249e-06
22212.0  6.451600e-06
22222.0  1.072536e-05
22232.0  1.504773e-05
22242.0  1.332993e-05
22252.0  1.475130e-05
22262.0  1.427152e-05
22272.0  1.536561e-05
22282.0  1.497371e-05
22292.0  1.607568e-05
22302.0  1.860781e-05
22312.0  1.937422e-05
22322.0  1.832387e-05
22332.0  2.025279e-05
22342.0  1.917683e-05
22352.0  1.683260e-05
22362.0  1.658397e-05
22372.0  1.947283e-05
22382.0  2.241417e-05
22392.0  1.958314e-05
22402.0  2.026271e-05
22412.0  2.146139e-05
22422.0  2.612472e-05
22432.0  2.733456e-05
22442.0  3.074654e-05
22452.0  2.631556e-05
22462.0  2.368480e-05
22472.0  2.820794e-05
22482.0  2.771947e-05
22492.0  2.712568e-05
22502.0  2.620010e-05
22512.0  2.056782e-05
22522.0  1.887647e-05
22532.0  9.608386e-06
22542.0  9.229119e-06
22552.0  1.521735e-05
22562.0  1.944216e-05
22572.0  3.030912e-05
22582.0  2.652237e-05
22592.0  2.854949e-05
22602.0  2.355404e-05
22612.0  2.076217e-05
22622.0  1.810730e-05
22632.0  1.885216e-05
22642.0  2.116246e-05
22652.0  1.409167e-05
22662.0  1.350997e-05
22672.0  8.996273e-06
22682.0  1.261610e-05
22692.0  9.186453e-06
22702.0  1.162992e-05
22712.0  1.427428e-05
22722.0  1.444828e-05
22732.0  1.479408e-05
22742.0  1.204411e-05
22752.0  1.097259e-05
22762.0  7.580295e-06
22772.0  6.688062e-06
22782.0  1.706326e-05
22792.0  1.677798e-05
22802.0  1.747157e-05
22812.0  6.981611e-06
22822.0  7.395538e-06
22832.0  9.728155e-06
22842.0  1.355442e-05
22852.0  1.389551e-05
22862.0  9.398160e-06
22872.0  6.760705e-06
22882.0  6.495788e-06
22892.0  6.334967e-06
22902.0  8.824870e-06
22912.0  7.715232e-06
22922.0  9.723736e-06
22932.0  8.577213e-06
22942.0  1.011596e-05
22952.0  7.784101e-06
22962.0  6.903367e-06
22972.0  6.269433e-06
22982.0  8.330739e-06
22992.0  5.517511e-06
23002.0  4.684296e-06
23012.0  2.934608e-06
23022.0  5.566927e-06
23032.0  5.314434e-06
23042.0  7.072733e-06
23052.0  4.882570e-06
23062.0  7.222751e-06
23072.0  4.163462e-06
23082.0  7.672946e-06
23092.0  6.608280e-06
23102.0  6.750389e-06
23112.0  4.555227e-06
23122.0  3.763063e-06
23132.0  4.148222e-06
23142.0  4.243573e-06
23152.0  5.390168e-06
23162.0  5.409316e-06
23172.0  3.255188e-06
23182.0  3.142260e-06
23192.0  3.583651e-06
23202.0  6.021736e-06
23212.0  4.828382e-06
23222.0  4.145014e-06
23232.0  4.833143e-06
23242.0  4.938841e-06
23252.0  5.192171e-06
23262.0  3.575983e-06
23272.0  3.552428e-06
23282.0  3.075984e-06
23292.0  1.706591e-06
23302.0  1.737985e-06
23312.0  2.671254e-06
23322.0  2.936833e-06
23332.0  2.706248e-06
23342.0  1.880186e-06
23352.0  2.231822e-06
23362.0  2.676656e-06
23372.0  2.746301e-06
23382.0  3.218284e-06
23392.0  2.991222e-06
23402.0  2.908516e-06
23412.0  2.542529e-06
23422.0  2.184708e-06
23432.0  2.731727e-06
23442.0  2.438004e-06
23452.0  2.869848e-06
23462.0  2.736809e-06
23472.0  3.246007e-06
23482.0  2.469208e-06
23492.0  2.741064e-06
23502.0  2.458087e-06
23512.0  3.299570e-06
23522.0  3.027572e-06
23532.0  3.281065e-06
23542.0  3.205464e-06
23552.0  2.991809e-06
23562.0  2.470372e-06
23572.0  1.845383e-06
23582.0  2.275143e-06
23592.0  2.683925e-06
23602.0  3.233022e-06
23612.0  2.411310e-06
23622.0  2.223070e-06
23632.0  1.400897e-06
23642.0  1.496530e-06
23652.0  1.589107e-06
23662.0  1.652944e-06
23672.0  1.488322e-06
23682.0  1.076367e-06
23692.0  9.312447e-07
23702.0  8.564641e-07
23712.0  8.617808e-07
23722.0  7.631808e-07
23732.0  5.435382e-07
23742.0  4.698954e-07
23752.0  4.039852e-07
23762.0  4.189513e-07
23772.0  4.234810e-07
23782.0  5.388135e-07
23792.0  6.216747e-07
23802.0  5.806263e-07
23812.0  4.021354e-07
23822.0  2.700378e-07
23832.0  3.087967e-07
23842.0  3.207198e-07
23852.0  2.553074e-07
23862.0  2.041568e-07
23872.0  2.559821e-07
23882.0  2.751810e-07
23892.0  2.144425e-07
23902.0  1.539115e-07
23912.0  1.085271e-07
23922.0  7.741275e-08
23932.0  6.608557e-08
23942.0  7.579974e-08
23952.0  9.160823e-08
23962.0  8.838167e-08
23972.0  1.065030e-07
23982.0  8.285055e-08
23992.0  7.697135e-08
24002.0  5.981948e-08
24012.0  6.291840e-08
24022.0  5.591856e-08
24032.0  5.494224e-08
24042.0  4.718513e-08
24052.0  4.302708e-08
24062.0  2.769890e-08
24072.0  2.648212e-08
24082.0  2.358065e-08
24092.0  3.030634e-08
24102.0  2.610820e-08
24112.0  1.877183e-08
24122.0  9.777611e-09
24132.0  7.824153e-09
24142.0  9.768024e-09
24152.0  9.922788e-09
24162.0  9.377130e-09
24172.0  8.352457e-09
24182.0  8.673478e-09
24192.0  7.620545e-09
24202.0  7.017321e-09
24212.0  6.421394e-09
24222.0  6.877961e-09
24232.0  5.856798e-09
24242.0  4.124390e-09
24252.0  2.634442e-09
24262.0  1.536231e-09
24272.0  2.093847e-09
24282.0  1.913689e-09
24292.0  2.283297e-09
24302.0  1.755746e-09
24312.0  2.029099e-09
24322.0  1.771191e-09
24332.0  1.766420e-09
24342.0  1.344753e-09
24352.0  1.144381e-09
24362.0  1.015394e-09
24372.0  7.905152e-10
24382.0  7.159039e-10
24392.0  5.070327e-10
24402.0  5.877989e-10
24412.0  4.301063e-10
24422.0  4.031647e-10
24432.0  2.695303e-10
24442.0  2.429442e-10
24452.0  2.310768e-10
24462.0  2.023354e-10
24472.0  2.021257e-10
24482.0  1.557342e-10
24492.0  1.586543e-10
24502.0  1.378617e-10
24512.0  1.217135e-10
24522.0  1.204708e-10
24532.0  1.234343e-10
24542.0  1.215974e-10
24552.0  1.021696e-10
24562.0  1.074808e-10
24572.0  8.680169e-11
24582.0  8.955709e-11
24592.0  8.266303e-11
24602.0  7.693966e-11
24612.0  6.124312e-11
24622.0  5.104206e-11
24632.0  7.817406e-11
24642.0  7.437640e-11
24652.0  8.350996e-11
24662.0  7.215676e-11
24672.0  7.190728e-11
24682.0  5.958208e-11
24692.0  5.608590e-11
24702.0  4.538568e-11
24712.0  3.761138e-11
24722.0  3.485179e-11
24732.0  4.327752e-11
24742.0  4.276848e-11
24752.0  3.986283e-11
24762.0  3.312526e-11
24772.0  2.929901e-11
24782.0  2.632263e-11
24792.0  2.025024e-11
24802.0  2.262994e-11
24812.0  2.014446e-11
24822.0  2.661573e-11
24832.0  1.620656e-11
24842.0  1.431908e-11
24852.0  6.095548e-12
24862.0  1.056869e-11
24872.0  1.086720e-11
24882.0  8.556555e-12
24892.0  6.269182e-12
24902.0  4.559723e-12
24912.0  7.548145e-12
24922.0  7.664171e-12
24932.0  6.955974e-12
24942.0  4.634157e-12
24952.0  5.025650e-12
24962.0  4.380546e-12
24972.0  4.400278e-12
24982.0  3.487388e-12
24992.0  2.809224e-12
25002.0  2.668255e-12
25012.0  2.086588e-12
25022.0  2.676432e-12
25032.0  2.721261e-12
25042.0  2.330494e-12
25052.0  1.598082e-12
25062.0  1.347332e-12
25072.0  1.349144e-12
25082.0  1.277997e-12
25092.0  1.162481e-12
25102.0  1.239719e-12
25112.0  1.214772e-12
25122.0  1.093629e-12
25132.0  9.336741e-13
25142.0  1.004870e-12
25152.0  6.670908e-13
25162.0  6.902124e-13
25172.0  4.475082e-13
25182.0  5.840610e-13
25192.0  4.221001e-13
25202.0  4.321055e-13
25212.0  3.745131e-13
25222.0  3.725252e-13
25232.0  3.256830e-13
25242.0  3.592939e-13
25252.0  3.261474e-13
25262.0  3.266324e-13
25272.0  3.061757e-13
25282.0  2.381931e-13
25292.0  1.806999e-13
25302.0  1.091315e-13
25312.0  1.275784e-13
25322.0  1.409407e-13
25332.0  1.809534e-13
25342.0  1.445204e-13
25352.0  1.058328e-13
25362.0  5.402344e-14
25372.0  7.061972e-14
25382.0  7.256425e-14
25392.0  7.844060e-14
25402.0  6.646883e-14
25412.0  7.171957e-14
25422.0  6.669642e-14
25432.0  5.443929e-14
25442.0  5.029123e-14
25452.0  5.267878e-14
25462.0  5.202175e-14
25472.0  5.951520e-14
25482.0  5.378043e-14
25492.0  4.926734e-14
25502.0  3.673761e-14
25512.0  2.918942e-14
25522.0  2.466726e-14
25532.0  2.335527e-14
25542.0  2.164510e-14
25552.0  2.271107e-14
25562.0  1.915774e-14
25572.0  1.827770e-14
25582.0  1.642905e-14
25592.0  1.315734e-14
25602.0  1.236912e-14
25612.0  1.006646e-14
25622.0  1.011478e-14
25632.0  8.224060e-15
25642.0  9.763363e-15
25652.0  9.082430e-15
25662.0  7.458726e-15
25672.0  5.123064e-15
25682.0  6.411706e-15
25692.0  7.331316e-15
25702.0  6.422602e-15
25712.0  4.323403e-15
25722.0  2.848538e-15
25732.0  2.785588e-15
25742.0  2.581399e-15
25752.0  2.557490e-15
25762.0  2.470104e-15
25772.0  2.301817e-15
25782.0  2.183520e-15
25792.0  2.362691e-15
25802.0  2.576389e-15
25812.0  2.627868e-15
25822.0  2.251686e-15
25832.0  1.834174e-15
25842.0  1.482424e-15
25852.0  1.025509e-15
25862.0  7.572840e-16
25872.0  5.276787e-16
25882.0  5.460958e-16
25892.0  6.047468e-16
25902.0  6.150103e-16
25912.0  5.613272e-16
25922.0  4.660994e-16
25932.0  4.300791e-16
25942.0  3.995119e-16
25952.0  3.752689e-16
25962.0  2.859806e-16
25972.0  2.378983e-16
25982.0  1.704462e-16
