# Rs_GOODSN
4810.0	0.0
4830.0	0.0
4850.0	0.00243909
4870.0	0.00243066
4890.0	0.00236467
4910.0	0.00233436
4930.0	0.00228689
4950.0	0.00227048
4970.0	0.00224679
4990.0	0.00224337
5010.0	0.00223382
5030.0	0.00220023
5050.0	0.00217064
5070.0	0.00213533
5090.0	0.0021006
5110.0	0.00209241
5130.0	0.00205161
5150.0	0.00201352
5170.0	0.00202702
5190.0	0.00198716
5210.0	0.00197598
5230.0	0.00199111
5250.0	0.00198074
5270.0	0.00198296
5290.0	0.00198066
5310.0	0.0019524
5330.0	0.00195625
5350.0	0.00197071
5370.0	0.00197712
5390.0	0.00196597
5410.0	0.00198976
5430.0	0.00198494
5450.0	0.00200394
5470.0	0.00201713
5490.0	0.00205252
5510.0	0.00205463
5530.0	0.00209441
5550.0	0.00211782
5570.0	0.00214971
5590.0	0.00219606
5610.0	0.00223235
5630.0	0.00226148
5650.0	0.00230211
5670.0	0.00236837
5690.0	0.00242415
5710.0	0.00248603
5730.0	0.00255142
5750.0	0.00264691
5770.0	0.0027397
5790.0	0.00283373
5810.0	0.00295621
5830.0	0.00308343
5850.0	0.00320872
5870.0	0.00337137
5890.0	0.003481
5910.0	0.00371897
5930.0	0.00394749
5950.0	0.00422795
5970.0	0.00459951
5990.0	0.00551445
6010.0	0.00906759
6030.0	0.0208944
6050.0	0.0495903
6070.0	0.102059
6090.0	0.178161
6110.0	0.270174
6130.0	0.368381
6150.0	0.464782
6170.0	0.55309
6190.0	0.63183
6210.0	0.698797
6230.0	0.75425
6250.0	0.799595
6270.0	0.835645
6290.0	0.866351
6310.0	0.891976
6330.0	0.913371
6350.0	0.931467
6370.0	0.944681
6390.0	0.954485
6410.0	0.960722
6430.0	0.964889
6450.0	0.968629
6470.0	0.972205
6490.0	0.976882
6510.0	0.981321
6530.0	0.98488
6550.0	0.986753
6570.0	0.989189
6590.0	0.990454
6610.0	0.991386
6630.0	0.99382
6650.0	0.994516
6670.0	0.994764
6690.0	0.993068
6710.0	0.989322
6730.0	0.984399
6750.0	0.980566
6770.0	0.977921
6790.0	0.978906
6810.0	0.983136
6830.0	0.97973
6850.0	0.965095
6870.0	0.948763
6890.0	0.944914
6910.0	0.952917
6930.0	0.959092
6950.0	0.964769
6970.0	0.972204
6990.0	0.978031
7010.0	0.980915
7030.0	0.986681
7050.0	0.992704
7070.0	0.997553
7090.0	0.999637
7110.0	1.0
7130.0	0.999067
7150.0	0.979861
7170.0	0.945012
7190.0	0.934328
7210.0	0.948413
7230.0	0.95476
7250.0	0.952927
7270.0	0.948924
7290.0	0.940806
7310.0	0.935603
7330.0	0.932005
7350.0	0.925342
7370.0	0.926402
7390.0	0.912366
7410.0	0.751318
7430.0	0.412662
7450.0	0.16624
7470.0	0.070896
7490.0	0.0382742
7510.0	0.0256319
7530.0	0.0198047
7550.0	0.0165873
7570.0	0.0144489
7590.0	0.0113047
7610.0	0.00785752
7630.0	0.00799028
7650.0	0.00846793
7670.0	0.00939465
7690.0	0.00973247
7710.0	0.00937268
7730.0	0.00906473
7750.0	0.00888683
7770.0	0.00872784
7790.0	0.00855679
7810.0	0.00848693
7830.0	0.00835268
7850.0	0.00828373
7870.0	0.00817606
7890.0	0.00818339
7910.0	0.00821301
7930.0	0.00820599
7950.0	0.00816552
7970.0	0.00804793
7990.0	0.00811011
8010.0	0.00813352
8030.0	0.00818233
8050.0	0.00816903
8070.0	0.00818056
8090.0	0.00821053
8110.0	0.00816744
8130.0	0.00801305
8150.0	0.0079918
8170.0	0.00794777
8190.0	0.00808374
8210.0	0.00798636
8230.0	0.00799924
8250.0	0.00796886
8270.0	0.00787266
8290.0	0.00789621
8310.0	0.00790802
8330.0	0.00799786
8350.0	0.0082437
8370.0	0.00826381
8390.0	0.00824706
8410.0	0.00829707
8430.0	0.0081871
8450.0	0.00825075
8470.0	0.00814755
8490.0	0.00811055
8510.0	0.00805859
8530.0	0.00800552
8550.0	0.00783658
8570.0	0.00788419
8590.0	0.00802335
8610.0	0.00804831
8630.0	0.0079534
8650.0	0.00809121
8670.0	0.00809117
8690.0	0.00819571
8710.0	0.00820399
8730.0	0.00828013
8750.0	0.00831656
8770.0	0.00823542
8790.0	0.00823998
8810.0	0.00815329
8830.0	0.0083625
8850.0	0.00821833
8870.0	0.00827268
8890.0	0.00840867
8910.0	0.00842406
8930.0	0.0085109
8950.0	0.0085269
8970.0	0.00826287
8990.0	0.0080773
9010.0	0.00822879
9030.0	0.00850562
9050.0	0.00919284
9070.0	0.00928476
9090.0	0.0091508
9110.0	0.00954714
9130.0	0.00989461
9150.0	0.0100036
9170.0	0.0103449
9190.0	0.0108276
9210.0	0.0117558
9230.0	0.0120594
9250.0	0.0122932
9270.0	0.0128884
9290.0	0.0126978
9310.0	0.0118346
9330.0	0.0103273
9350.0	0.00936936
9370.0	0.00994573
9390.0	0.0109327
9410.0	0.0141244
9430.0	0.0137608
9450.0	0.0128012
9470.0	0.0136663
9490.0	0.0149212
9510.0	0.0145624
9530.0	0.0158662
9550.0	0.0173484
9570.0	0.0177425
9590.0	0.0193462
9610.0	0.0201031
9630.0	0.022074
9650.0	0.0230572
9670.0	0.0248678
9690.0	0.0265893
9710.0	0.0286227
9730.0	0.0295206
9750.0	0.0297608
9770.0	0.0303537
9790.0	0.0323474
9810.0	0.0
9830.0	0.0
