# G_GOODSN
4185.0	0.0
4200.0	0.0
4215.0	0.136729
4230.0	0.256341
4245.0	0.393833
4260.0	0.525512
4275.0	0.635176
4290.0	0.754804
4305.0	0.822379
4320.0	0.796849
4335.0	0.760167
4350.0	0.776083
4365.0	0.806073
4380.0	0.797704
4395.0	0.76883
4410.0	0.766886
4425.0	0.786886
4440.0	0.796387
4455.0	0.788854
4470.0	0.782072
4485.0	0.775438
4500.0	0.759332
4515.0	0.741962
4530.0	0.748299
4545.0	0.792865
4560.0	0.857864
4575.0	0.899776
4590.0	0.897254
4605.0	0.876146
4620.0	0.871615
4635.0	0.890428
4650.0	0.915079
4665.0	0.927024
4680.0	0.922768
4695.0	0.914325
4710.0	0.917764
4725.0	0.932368
4740.0	0.937182
4755.0	0.922395
4770.0	0.905846
4785.0	0.905879
4800.0	0.917231
4815.0	0.9232
4830.0	0.915704
4845.0	0.899747
4860.0	0.882806
4875.0	0.873429
4890.0	0.880995
4905.0	0.904017
4920.0	0.92328
4935.0	0.921196
4950.0	0.907475
4965.0	0.90618
4980.0	0.926507
4995.0	0.958327
5010.0	0.987201
5025.0	1.0
5040.0	0.989571
5055.0	0.966414
5070.0	0.948036
5085.0	0.947186
5100.0	0.954191
5115.0	0.953343
5130.0	0.945177
5145.0	0.929535
5160.0	0.890421
5175.0	0.845192
5190.0	0.84094
5205.0	0.86618
5220.0	0.768061
5235.0	0.455546
5250.0	0.221043
5265.0	0.0
5280.0	0.0
