# J1_AEGIS
9440.0	0.0
9470.0	0.0
9500.0	0.00383092
9530.0	0.00681945
9560.0	0.0156241
9590.0	0.0425458
9620.0	0.120716
9650.0	0.263023
9680.0	0.433758
9710.0	0.567459
9740.0	0.62982
9770.0	0.683162
9800.0	0.735217
9830.0	0.778795
9860.0	0.794354
9890.0	0.791858
9920.0	0.785812
9950.0	0.792966
9980.0	0.815019
10010.0	0.844514
10040.0	0.868073
10070.0	0.878296
10100.0	0.875875
10130.0	0.875787
10160.0	0.883184
10190.0	0.899608
10220.0	0.920925
10250.0	0.936342
10280.0	0.940758
10310.0	0.935707
10340.0	0.927699
10370.0	0.924689
10400.0	0.928301
10430.0	0.938404
10460.0	0.949928
10490.0	0.957768
10520.0	0.959332
10550.0	0.955568
10580.0	0.948983
10610.0	0.943764
10640.0	0.943267
10670.0	0.948619
10700.0	0.960368
10730.0	0.975798
10760.0	0.989007
10790.0	0.997194
10820.0	1.0
10850.0	0.997111
10880.0	0.994242
10910.0	0.991779
10940.0	0.981221
10970.0	0.973804
11000.0	0.941189
11030.0	0.912609
11060.0	0.886324
11090.0	0.862319
11120.0	0.829549
11150.0	0.773992
11180.0	0.599254
11210.0	0.400522
11240.0	0.227017
11270.0	0.114564
11300.0	0.0526333
11330.0	0.0261474
11360.0	0.0103567
11390.0	0.00717196
11420.0	0.0048322
11450.0	0.00252931
11480.0	0.00153788
11510.0	0.00122394
11540.0	0.000917062
11570.0	0.000745353
11600.0	0.000638805
11630.0	0.000596042
11660.0	0.000531647
11690.0	0.000475317
11720.0	0.000466818
11750.0	0.000379308
11780.0	0.000426537
11810.0	0.000452781
11840.0	0.000375984
11870.0	0.000405015
11900.0	0.000368515
11930.0	0.000311247
11960.0	0.000348358
11990.0	0.000344619
12020.0	0.000351721
12050.0	0.000321797
12080.0	0.000324383
12110.0	0.000333191
12140.0	0.000357769
12170.0	0.000368624
12200.0	0.000446189
12230.0	0.000448948
12260.0	0.0
12290.0	0.0
