# J2_AEGIS
10580.0	0.0
10615.0	0.0
10650.0	0.00041784
10685.0	0.000499389
10720.0	0.000505569
10755.0	0.000619633
10790.0	0.000828778
10825.0	0.00113148
10860.0	0.00183382
10895.0	0.00331554
10930.0	0.00690961
10965.0	0.0148
11000.0	0.0313116
11035.0	0.0656357
11070.0	0.140624
11105.0	0.290996
11140.0	0.501853
11175.0	0.594426
11210.0	0.559041
11245.0	0.555337
11280.0	0.598273
11315.0	0.633182
11350.0	0.542411
11385.0	0.596965
11420.0	0.688704
11455.0	0.566482
11490.0	0.596653
11525.0	0.696218
11560.0	0.746187
11595.0	0.772477
11630.0	0.783656
11665.0	0.769648
11700.0	0.758226
11735.0	0.810774
11770.0	0.85984
11805.0	0.869644
11840.0	0.835524
11875.0	0.863958
11910.0	0.861843
11945.0	0.916637
11980.0	0.929118
12015.0	0.933396
12050.0	0.930841
12085.0	0.934127
12120.0	0.932309
12155.0	0.935332
12190.0	0.9583
12225.0	0.968067
12260.0	0.977749
12295.0	0.993356
12330.0	0.99675
12365.0	0.995625
12400.0	0.992607
12435.0	0.989492
12470.0	0.990954
12505.0	1.0
12540.0	0.995823
12575.0	0.929989
12610.0	0.725397
12645.0	0.45296
12680.0	0.228365
12715.0	0.0976019
12750.0	0.0462601
12785.0	0.0213568
12820.0	0.0104161
12855.0	0.00538669
12890.0	0.00302368
12925.0	0.00191232
12960.0	0.00126264
12995.0	0.00100066
13030.0	0.000702607
13065.0	0.000605748
13100.0	0.000445807
13135.0	0.000512943
13170.0	0.000450058
13205.0	0.000409675
13240.0	0.000419186
13275.0	0.0
13310.0	0.0
