# K_AEGIS
19440.0	0.0
19510.0	0.0
19580.0	0.00373388
19650.0	0.00658629
19720.0	0.0156176
19790.0	0.0337322
19860.0	0.0799056
19930.0	0.180992
20000.0	0.23573
20070.0	0.361072
20140.0	0.479643
20210.0	0.72179
20280.0	0.909389
20350.0	0.94046
20420.0	0.914982
20490.0	0.821254
20560.0	0.71508
20630.0	0.766342
20700.0	0.798367
20770.0	0.888105
20840.0	0.916049
20910.0	0.938122
20980.0	0.954072
21050.0	0.971705
21120.0	0.980494
21190.0	0.986958
21260.0	0.992296
21330.0	0.998842
21400.0	1.0
21470.0	0.994967
21540.0	0.979259
21610.0	0.966039
21680.0	0.968937
21750.0	0.96335
21820.0	0.947222
21890.0	0.946647
21960.0	0.925634
22030.0	0.902252
22100.0	0.921835
22170.0	0.913512
22240.0	0.907606
22310.0	0.904497
22380.0	0.907077
22450.0	0.910407
22520.0	0.915583
22590.0	0.908968
22660.0	0.912343
22730.0	0.918344
22800.0	0.930874
22870.0	0.925208
22940.0	0.922534
23010.0	0.901013
23080.0	0.901542
23150.0	0.815236
23220.0	0.679074
23290.0	0.48314
23360.0	0.287484
23430.0	0.149248
23500.0	0.0745464
23570.0	0.0393375
23640.0	0.0207253
23710.0	0.00992494
23780.0	0.00656553
23850.0	0.0
23920.0	0.0
