# H2_AEGIS
14810.0	0.0
14865.0	0.0
14920.0	0.000319142
14975.0	0.000335443
15030.0	0.000281051
15085.0	0.000354817
15140.0	0.000357745
15195.0	0.000352716
15250.0	0.000355546
15305.0	0.000409355
15360.0	0.000349468
15415.0	0.000381315
15470.0	0.00039258
15525.0	0.000427799
15580.0	0.00046417
15635.0	0.000539826
15690.0	0.000691599
15745.0	0.0009398
15800.0	0.00164651
15855.0	0.0029431
15910.0	0.00562973
15965.0	0.0113166
16020.0	0.0234476
16075.0	0.0586676
16130.0	0.16019
16185.0	0.386234
16240.0	0.669086
16295.0	0.858521
16350.0	0.94749
16405.0	0.970524
16460.0	0.977463
16515.0	0.969812
16570.0	0.991532
16625.0	1.0
16680.0	0.972188
16735.0	0.996374
16790.0	0.982789
16845.0	0.974748
16900.0	0.975891
16955.0	0.977875
17010.0	0.981121
17065.0	0.978202
17120.0	0.986782
17175.0	0.989936
17230.0	0.981568
17285.0	0.967846
17340.0	0.935728
17395.0	0.946681
17450.0	0.93143
17505.0	0.917687
17560.0	0.943147
17615.0	0.967818
17670.0	0.90896
17725.0	0.956131
17780.0	0.879591
17835.0	0.860194
17890.0	0.781262
17945.0	0.556708
18000.0	0.291285
18055.0	0.108502
18110.0	0.0438564
18165.0	0.0196918
18220.0	0.0
18275.0	0.0
