# H1_AEGIS
14320.0	0.0
14370.0	0.0
14420.0	0.00222972
14470.0	0.00401296
14520.0	0.010074
14570.0	0.0345349
14620.0	0.0899166
14670.0	0.211217
14720.0	0.345894
14770.0	0.577648
14820.0	0.622868
14870.0	0.69134
14920.0	0.760961
14970.0	0.836462
15020.0	0.877283
15070.0	0.871544
15120.0	0.900314
15170.0	0.922469
15220.0	0.939524
15270.0	0.953884
15320.0	0.952677
15370.0	0.944001
15420.0	0.940706
15470.0	0.937177
15520.0	0.942279
15570.0	0.955334
15620.0	0.970583
15670.0	0.978942
15720.0	0.939238
15770.0	0.941687
15820.0	0.942736
15870.0	0.970189
15920.0	0.981055
15970.0	0.97848
16020.0	0.924105
16070.0	0.93004
16120.0	0.951563
16170.0	0.988039
16220.0	1.0
16270.0	0.997089
16320.0	0.941998
16370.0	0.779143
16420.0	0.494929
16470.0	0.246711
16520.0	0.105107
16570.0	0.0455022
16620.0	0.0205478
16670.0	0.00967506
16720.0	0.00524851
16770.0	0.00306928
16820.0	0.0018839
16870.0	0.00133384
16920.0	0.000948844
16970.0	0.00074428
17020.0	0.000637035
17070.0	0.000604453
17120.0	0.000475053
17170.0	0.000502619
17220.0	0.000432696
17270.0	0.000449594
17320.0	0.000451012
17370.0	0.000421544
17420.0	0.000404223
17470.0	0.000428661
17520.0	0.000410916
17570.0	0.000454904
17620.0	0.00043363
17670.0	0.000394458
17720.0	0.0
17770.0	0.0
