# U_GOODSN
3050.0	0.0
3060.0	0.0
3070.0	0.00388394
3080.0	0.00575927
3090.0	0.00910353
3100.0	0.0137555
3110.0	0.0198584
3120.0	0.0285668
3130.0	0.0397245
3140.0	0.0516902
3150.0	0.0683547
3160.0	0.0878206
3170.0	0.109739
3180.0	0.13446
3190.0	0.158738
3200.0	0.187892
3210.0	0.218743
3220.0	0.247896
3230.0	0.277599
3240.0	0.311734
3250.0	0.34295
3260.0	0.373558
3270.0	0.406878
3280.0	0.441453
3290.0	0.467324
3300.0	0.497138
3310.0	0.529656
3320.0	0.557689
3330.0	0.584147
3340.0	0.606415
3350.0	0.635807
3360.0	0.660146
3370.0	0.67918
3380.0	0.701668
3390.0	0.718154
3400.0	0.738621
3410.0	0.754618
3420.0	0.771284
3430.0	0.785354
3440.0	0.800283
3450.0	0.818279
3460.0	0.831971
3470.0	0.851705
3480.0	0.867069
3490.0	0.887336
3500.0	0.899248
3510.0	0.912998
3520.0	0.92024
3530.0	0.932465
3540.0	0.940524
3550.0	0.953233
3560.0	0.955721
3570.0	0.962533
3580.0	0.970885
3590.0	0.976032
3600.0	0.981726
3610.0	0.987814
3620.0	0.991634
3630.0	0.991948
3640.0	0.993004
3650.0	0.995164
3660.0	0.99441
3670.0	1.0
3680.0	0.998366
3690.0	0.989089
3700.0	0.984972
3710.0	0.980613
3720.0	0.973117
3730.0	0.967999
3740.0	0.946229
3750.0	0.931536
3760.0	0.922611
3770.0	0.899745
3780.0	0.880658
3790.0	0.86315
3800.0	0.833986
3810.0	0.812301
3820.0	0.780779
3830.0	0.748005
3840.0	0.719072
3850.0	0.679979
3860.0	0.64144
3870.0	0.605203
3880.0	0.560607
3890.0	0.517869
3900.0	0.474689
3910.0	0.428938
3920.0	0.387176
3930.0	0.34661
3940.0	0.305654
3950.0	0.266377
3960.0	0.231658
3970.0	0.199042
3980.0	0.167522
3990.0	0.138999
4000.0	0.114094
4010.0	0.092461
4020.0	0.0747415
4030.0	0.0582146
4040.0	0.0462729
4050.0	0.0358676
4060.0	0.0275341
4070.0	0.0208735
4080.0	0.0155441
4090.0	0.0114876
4100.0	0.00825944
4110.0	0.0058184
4120.0	0.00436172
4130.0	0.00318147
4140.0	0.00222065
4150.0	0.00148276
4160.0	0.0013065
4170.0	0.000819166
4180.0	0.000618697
4190.0	0.00034046
4200.0	5.18475e-06
4210.0	0.000276411
4220.0	0.000110518
4230.0	0.000165697
4240.0	9.66254e-05
4250.0	0.0
4260.0	0.0
