# J3_AEGIS
11485.0	0.0
11525.0	0.0
11565.0	0.000303865
11605.0	0.000343006
11645.0	0.000412537
11685.0	0.000494465
11725.0	0.000740465
11765.0	0.00137096
11805.0	0.00247595
11845.0	0.00446534
11885.0	0.00861811
11925.0	0.0191539
11965.0	0.0460444
12005.0	0.111355
12045.0	0.253322
12085.0	0.484933
12125.0	0.724595
12165.0	0.877856
12205.0	0.949215
12245.0	0.964158
12285.0	0.979938
12325.0	0.986844
12365.0	0.984963
12405.0	0.980712
12445.0	0.974661
12485.0	0.975703
12525.0	0.988849
12565.0	1.0
12605.0	0.979752
12645.0	0.94689
12685.0	0.897715
12725.0	0.844179
12765.0	0.862177
12805.0	0.857174
12845.0	0.854453
12885.0	0.868555
12925.0	0.905967
12965.0	0.951638
13005.0	0.982845
13045.0	0.970857
13085.0	0.943492
13125.0	0.903154
13165.0	0.885458
13205.0	0.884986
13245.0	0.88828
13285.0	0.92725
13325.0	0.840601
13365.0	0.88885
13405.0	0.900552
13445.0	0.809773
13485.0	0.596798
13525.0	0.352634
13565.0	0.164331
13605.0	0.0718901
13645.0	0.0221696
13685.0	0.0143167
13725.0	0.00545184
13765.0	0.00471707
13805.0	0.00266473
13845.0	0.000457108
13885.0	0.000620843
13925.0	0.000585873
13965.0	0.000232665
14005.0	0.000198339
14045.0	0.000178642
14085.0	0.000162557
14125.0	0.000152101
14165.0	0.000164476
14205.0	0.000184485
14245.0	0.000211186
14285.0	0.000237095
14325.0	0.0
14365.0	0.0
