# I_GOODSS
7285.0	0.0
7310.0	0.0
7335.0	0.00266392
7360.0	0.00361456
7385.0	0.0053614
7410.0	0.00783043
7435.0	0.0114157
7460.0	0.0167652
7485.0	0.0244233
7510.0	0.0349709
7535.0	0.0490336
7560.0	0.0674094
7585.0	0.0913657
7610.0	0.121093
7635.0	0.155572
7660.0	0.198016
7685.0	0.248318
7710.0	0.305449
7735.0	0.366568
7760.0	0.430256
7785.0	0.49526
7810.0	0.561195
7835.0	0.624249
7860.0	0.682586
7885.0	0.74068
7910.0	0.79471
7935.0	0.842565
7960.0	0.883252
7985.0	0.916257
8010.0	0.92806
8035.0	0.948862
8060.0	0.965989
8085.0	0.979377
8110.0	0.9892
8135.0	0.995832
8160.0	0.999185
8185.0	1.0
8210.0	0.998864
8235.0	0.99642
8260.0	0.992524
8285.0	0.986781
8310.0	0.979695
8335.0	0.971395
8360.0	0.962249
8385.0	0.952891
8410.0	0.943267
8435.0	0.933018
8460.0	0.922315
8485.0	0.911156
8510.0	0.90247
8535.0	0.897728
8560.0	0.892819
8585.0	0.8877
8610.0	0.882392
8635.0	0.876958
8660.0	0.871464
8685.0	0.865798
8710.0	0.859865
8735.0	0.852792
8760.0	0.845507
8785.0	0.838275
8810.0	0.830924
8835.0	0.823626
8860.0	0.816316
8885.0	0.809006
8910.0	0.801577
8935.0	0.794188
8960.0	0.786796
8985.0	0.779372
9010.0	0.765352
9035.0	0.741742
9060.0	0.718048
9085.0	0.694355
9110.0	0.67068
9135.0	0.647045
9160.0	0.623432
9185.0	0.59982
9210.0	0.576205
9235.0	0.552599
9260.0	0.529028
9285.0	0.505482
9310.0	0.48194
9335.0	0.458401
9360.0	0.434891
9385.0	0.411412
9410.0	0.387951
9435.0	0.364496
9460.0	0.341042
9485.0	0.317601
9510.0	0.299524
9535.0	0.289208
9560.0	0.278958
9585.0	0.268708
9610.0	0.258452
9635.0	0.248255
9660.0	0.238072
9685.0	0.227893
9710.0	0.217717
9735.0	0.207545
9760.0	0.197388
9785.0	0.187235
9810.0	0.177208
9835.0	0.167267
9860.0	0.157326
9885.0	0.147426
9910.0	0.138181
9935.0	0.129161
9960.0	0.120142
9985.0	0.111122
10010.0	0.1024
10035.0	0.0983801
10060.0	0.095982
10085.0	0.0935815
10110.0	0.091166
10135.0	0.0887447
10160.0	0.0863136
10185.0	0.0838819
10210.0	0.0814414
10235.0	0.0789755
10260.0	0.0764914
10285.0	0.0739079
10310.0	0.0713078
10335.0	0.0687078
10360.0	0.0661085
10385.0	0.0635109
10410.0	0.0609149
10435.0	0.0583272
10460.0	0.0557414
10485.0	0.0531556
10510.0	0.0505691
10535.0	0.0479836
10560.0	0.0453988
10585.0	0.0428117
10610.0	0.0402276
10635.0	0.0376431
10660.0	0.0350586
10685.0	0.0324763
10710.0	0.0298935
10735.0	0.0273117
10760.0	0.0247289
10785.0	0.0221489
10810.0	0.0195705
10835.0	0.0169915
10860.0	0.0144128
10885.0	0.0118371
10910.0	0.00990565
10935.0	0.0
10960.0	0.0
