# V_GOODSS
4795.0	0.0
4810.0	0.0
4825.0	0.00958347
4840.0	0.0213925
4855.0	0.0506288
4870.0	0.0982048
4885.0	0.162685
4900.0	0.236824
4915.0	0.314749
4930.0	0.393321
4945.0	0.472125
4960.0	0.549595
4975.0	0.625676
4990.0	0.698159
5005.0	0.762863
5020.0	0.815366
5035.0	0.852653
5050.0	0.875009
5065.0	0.886397
5080.0	0.889615
5095.0	0.890099
5110.0	0.892249
5125.0	0.898963
5140.0	0.911205
5155.0	0.92802
5170.0	0.948234
5185.0	0.968305
5200.0	0.985298
5215.0	0.996266
5230.0	1.0
5245.0	0.996458
5260.0	0.988043
5275.0	0.976245
5290.0	0.963217
5305.0	0.951233
5320.0	0.941827
5335.0	0.935593
5350.0	0.932537
5365.0	0.931542
5380.0	0.931904
5395.0	0.932611
5410.0	0.93274
5425.0	0.931907
5440.0	0.929347
5455.0	0.925222
5470.0	0.919555
5485.0	0.912601
5500.0	0.903744
5515.0	0.893728
5530.0	0.88262
5545.0	0.870326
5560.0	0.857515
5575.0	0.843974
5590.0	0.82999
5605.0	0.815966
5620.0	0.801292
5635.0	0.785817
5650.0	0.768967
5665.0	0.750416
5680.0	0.730466
5695.0	0.710245
5710.0	0.687247
5725.0	0.663344
5740.0	0.63911
5755.0	0.614916
5770.0	0.59157
5785.0	0.569484
5800.0	0.549197
5815.0	0.532072
5830.0	0.519208
5845.0	0.507757
5860.0	0.48322
5875.0	0.416036
5890.0	0.296174
5905.0	0.174359
5920.0	0.0879242
5935.0	0.0401295
5950.0	0.0184081
5965.0	0.0103423
5980.0	0.0
5995.0	0.0
