# U38_GOODSS
3240.0	0.0
3250.0	0.0
3260.0	0.00165352
3270.0	0.00228594
3280.0	0.00340283
3290.0	0.00497954
3300.0	0.00723631
3310.0	0.0102405
3320.0	0.0143579
3330.0	0.0196932
3340.0	0.0259688
3350.0	0.0329463
3360.0	0.0408772
3370.0	0.0505173
3380.0	0.0629321
3390.0	0.078557
3400.0	0.0963977
3410.0	0.115526
3420.0	0.135551
3430.0	0.156339
3440.0	0.178521
3450.0	0.202493
3460.0	0.228957
3470.0	0.257343
3480.0	0.287296
3490.0	0.319189
3500.0	0.353721
3510.0	0.388942
3520.0	0.425567
3530.0	0.462295
3540.0	0.497709
3550.0	0.52995
3560.0	0.559347
3570.0	0.589028
3580.0	0.622892
3590.0	0.663183
3600.0	0.707952
3610.0	0.750554
3620.0	0.787333
3630.0	0.814588
3640.0	0.833063
3650.0	0.847027
3660.0	0.862829
3670.0	0.885588
3680.0	0.916754
3690.0	0.952166
3700.0	0.983391
3710.0	1.0
3720.0	0.999305
3730.0	0.983668
3740.0	0.961422
3750.0	0.938403
3760.0	0.918975
3770.0	0.90622
3780.0	0.897018
3790.0	0.883729
3800.0	0.856809
3810.0	0.81012
3820.0	0.745401
3830.0	0.669456
3840.0	0.590405
3850.0	0.516992
3860.0	0.45166
3870.0	0.395116
3880.0	0.345773
3890.0	0.300874
3900.0	0.257859
3910.0	0.21566
3920.0	0.174654
3930.0	0.136492
3940.0	0.103122
3950.0	0.0762784
3960.0	0.0556162
3970.0	0.0392724
3980.0	0.0269211
3990.0	0.0179584
4000.0	0.0116632
4010.0	0.00816303
4020.0	0.0
4030.0	0.0
