# B_GOODSS
3915.0	0.0
3930.0	0.0
3945.0	0.02874
3960.0	0.0594539
3975.0	0.0827358
3990.0	0.124572
4005.0	0.196027
4020.0	0.248579
4035.0	0.27788
4050.0	0.317122
4065.0	0.369442
4080.0	0.416684
4095.0	0.445055
4110.0	0.460678
4125.0	0.475585
4140.0	0.495877
4155.0	0.520854
4170.0	0.547239
4185.0	0.571374
4200.0	0.594445
4215.0	0.616253
4230.0	0.636047
4245.0	0.654517
4260.0	0.671027
4275.0	0.685735
4290.0	0.699217
4305.0	0.711501
4320.0	0.724392
4335.0	0.738294
4350.0	0.753358
4365.0	0.768526
4380.0	0.782362
4395.0	0.793393
4410.0	0.801921
4425.0	0.808316
4440.0	0.814276
4455.0	0.821541
4470.0	0.831658
4485.0	0.84473
4500.0	0.859525
4515.0	0.873891
4530.0	0.886111
4545.0	0.895003
4560.0	0.900247
4575.0	0.902518
4590.0	0.903408
4605.0	0.904495
4620.0	0.907201
4635.0	0.911608
4650.0	0.919164
4665.0	0.92917
4680.0	0.941123
4695.0	0.954187
4710.0	0.967334
4725.0	0.978955
4740.0	0.987422
4755.0	0.991603
4770.0	0.990642
4785.0	0.984477
4800.0	0.973906
4815.0	0.960371
4830.0	0.948111
4845.0	0.938563
4860.0	0.936243
4875.0	0.943693
4890.0	0.9615
4905.0	0.983614
4920.0	1.0
4935.0	0.996351
4950.0	0.964443
4965.0	0.912295
4980.0	0.861652
4995.0	0.844148
5010.0	0.886331
5025.0	0.974704
5040.0	0.931343
5055.0	0.601522
5070.0	0.24858
5085.0	0.0888606
5100.0	0.034103
5115.0	0.0146828
5130.0	0.00702479
5145.0	0.00362351
5160.0	0.00198538
5175.0	0.00114062
5190.0	0.000689833
5205.0	0.000432136
5220.0	0.000283965
5235.0	0.000219686
5250.0	0.000183072
5265.0	0.000146458
5280.0	0.000109844
5295.0	7.32295e-05
5310.0	3.66155e-05
5325.0	4.57819e-06
5340.0	1.43444e-09
5355.0	1.43444e-09
5370.0	1.43444e-09
5385.0	1.43444e-09
5400.0	1.43444e-09
5415.0	1.43444e-09
5430.0	1.43444e-09
5445.0	1.43444e-09
5460.0	1.43444e-09
5475.0	1.43444e-09
5490.0	1.43444e-09
5505.0	1.43444e-09
5520.0	1.43444e-09
5535.0	1.43444e-09
5550.0	1.43444e-09
5565.0	1.43444e-09
5580.0	1.43444e-09
5595.0	1.43444e-09
5610.0	1.43444e-09
5625.0	1.43444e-09
5640.0	1.43444e-09
5655.0	1.43444e-09
5670.0	1.43444e-09
5685.0	1.43444e-09
5700.0	1.43444e-09
5715.0	1.43444e-09
5730.0	1.43444e-09
5745.0	1.43444e-09
5760.0	1.43444e-09
5775.0	1.43444e-09
5790.0	1.43444e-09
5805.0	1.43444e-09
5820.0	1.43444e-09
5835.0	1.43444e-09
5850.0	1.43444e-09
5865.0	1.43444e-09
5880.0	1.43444e-09
5895.0	1.43444e-09
5910.0	1.43444e-09
5925.0	1.43444e-09
5940.0	1.43444e-09
5955.0	1.43444e-09
5970.0	1.43444e-09
5985.0	1.43444e-09
6000.0	1.43444e-09
6015.0	1.43444e-09
6030.0	1.43444e-09
6045.0	1.43444e-09
6060.0	1.43444e-09
6075.0	1.43444e-09
6090.0	1.43444e-09
6105.0	1.43444e-09
6120.0	1.43444e-09
6135.0	1.43444e-09
6150.0	1.43444e-09
6165.0	1.43444e-09
6180.0	1.43444e-09
6195.0	1.43444e-09
6210.0	1.43444e-09
6225.0	1.43444e-09
6240.0	1.43444e-09
6255.0	1.43444e-09
6270.0	1.43444e-09
6285.0	1.43444e-09
6300.0	1.43444e-09
6315.0	1.43444e-09
6330.0	1.43444e-09
6345.0	1.43444e-09
6360.0	1.43444e-09
6375.0	1.43444e-09
6390.0	1.43444e-09
6405.0	1.43444e-09
6420.0	1.43444e-09
6435.0	1.43444e-09
6450.0	1.43444e-09
6465.0	1.43444e-09
6480.0	1.43444e-09
6495.0	1.43444e-09
6510.0	1.43444e-09
6525.0	1.43444e-09
6540.0	1.43444e-09
6555.0	1.43444e-09
6570.0	1.43444e-09
6585.0	1.43444e-09
6600.0	1.43444e-09
6615.0	1.43444e-09
6630.0	1.43444e-09
6645.0	1.75974e-05
6660.0	0.000122244
6675.0	0.000227854
6690.0	0.000533099
6705.0	0.00186254
6720.0	0.0046572
6735.0	0.00355457
6750.0	0.00128272
6765.0	0.000686421
6780.0	0.0
6795.0	0.0
