# Rc_GOODSS
5525.0	0.0
5545.0	0.0
5565.0	0.0160347
5585.0	0.0338939
5605.0	0.0749242
5625.0	0.138353
5645.0	0.219319
5665.0	0.30896
5685.0	0.396922
5705.0	0.483724
5725.0	0.571117
5745.0	0.648916
5765.0	0.707999
5785.0	0.744922
5805.0	0.765607
5825.0	0.780336
5845.0	0.798101
5865.0	0.824537
5885.0	0.858815
5905.0	0.893922
5925.0	0.924255
5945.0	0.944505
5965.0	0.953491
5985.0	0.956386
6005.0	0.959184
6025.0	0.964348
6045.0	0.971382
6065.0	0.976757
6085.0	0.976082
6105.0	0.967011
6125.0	0.953263
6145.0	0.938335
6165.0	0.929429
6185.0	0.928743
6205.0	0.938729
6225.0	0.955756
6245.0	0.974884
6265.0	0.990393
6285.0	0.999145
6305.0	1.0
6325.0	0.995373
6345.0	0.989385
6365.0	0.984133
6385.0	0.981465
6405.0	0.980895
6425.0	0.98037
6445.0	0.977685
6465.0	0.972477
6485.0	0.964766
6505.0	0.955762
6525.0	0.946781
6545.0	0.941919
6565.0	0.941892
6585.0	0.947206
6605.0	0.955612
6625.0	0.964947
6645.0	0.972551
6665.0	0.975893
6685.0	0.975521
6705.0	0.971305
6725.0	0.965251
6745.0	0.958818
6765.0	0.952575
6785.0	0.948338
6805.0	0.94499
6825.0	0.943081
6845.0	0.941052
6865.0	0.939089
6885.0	0.935695
6905.0	0.931898
6925.0	0.926902
6945.0	0.921763
6965.0	0.916815
6985.0	0.911951
7005.0	0.906713
7025.0	0.901063
7045.0	0.895427
7065.0	0.888639
7085.0	0.881561
7105.0	0.874263
7125.0	0.86665
7145.0	0.858844
7165.0	0.849289
7185.0	0.837388
7205.0	0.819937
7225.0	0.792586
7245.0	0.750488
7265.0	0.690264
7285.0	0.613086
7305.0	0.525943
7325.0	0.436443
7345.0	0.353179
7365.0	0.278599
7385.0	0.216499
7405.0	0.16791
7425.0	0.130592
7445.0	0.10017
7465.0	0.076687
7485.0	0.0588777
7505.0	0.0455246
7525.0	0.0355378
7545.0	0.0280029
7565.0	0.0223027
7585.0	0.0178442
7605.0	0.0144209
7625.0	0.0118213
7645.0	0.0097673
7665.0	0.0080724
7685.0	0.00669558
7705.0	0.00559829
7725.0	0.00471422
7745.0	0.00399202
7765.0	0.00340857
7785.0	0.00292427
7805.0	0.0025151
7825.0	0.00216368
7845.0	0.00188615
7865.0	0.00164521
7885.0	0.00143389
7905.0	0.00126523
7925.0	0.00112602
7945.0	0.00100489
7965.0	0.000900727
7985.0	0.000869249
8005.0	0.000865312
8025.0	0.000836188
8045.0	0.000781875
8065.0	0.000727562
8085.0	0.000683848
8105.0	0.000650734
8125.0	0.000617619
8145.0	0.000584505
8165.0	0.000551391
8185.0	0.000520882
8205.0	0.00049674
8225.0	0.000472888
8245.0	0.000449036
8265.0	0.000425184
8285.0	0.000401332
8305.0	0.000383443
8325.0	0.0
8345.0	0.0
