# MOSAIC-3 z-band
# Used in the Mayall z-band Legacy Survey (https://legacysurvey.org). See also
# https://desi.lbl.gov/trac/wiki/ImagingStandardBandpass.
#
# wavelength (column 1) in Angstroms
# response (column 2) is the total response including KPNO atmospheric
#   extinction at an airmass of 1.1.
# 
7999.0 0.0
8000.0 3.3663354999999997e-05
8010.0 3.6926299000000003e-05
8020.0 4.0342324000000001e-05
8030.0 4.3866813e-05
8040.0 4.7604088999999997e-05
8050.0 5.2055375000000001e-05
8060.0 5.6918712000000001e-05
8070.0 6.2244117000000002e-05
8080.0 6.8031034999999995e-05
8090.0 7.4556548999999997e-05
8100.0 8.2223546000000002e-05
8110.0 9.1222403000000004e-05
8120.0 0.00010182148000000001
8130.0 0.00011387925
8140.0 0.00012808221000000001
8150.0 0.00014475272
8160.0 0.00016436017
8170.0 0.00019043793
8180.0 0.00022239486999999999
8190.0 0.00026228805000000002
8200.0 0.00031470412999999998
8210.0 0.00038047679999999998
8220.0 0.00044692994999999999
8230.0 0.00051543917999999995
8240.0 0.00063963891000000004
8250.0 0.00078507822000000002
8260.0 0.00094366616000000003
8270.0 0.0011355454000000001
8280.0 0.0013530984
8290.0 0.0016452871999999999
8300.0 0.0019956444000000001
8310.0 0.0024109637000000001
8320.0 0.0029057166999999998
8330.0 0.0035135408000000002
8340.0 0.0042572026000000001
8350.0 0.0051631248000000001
8360.0 0.0062252185999999996
8370.0 0.007537162
8380.0 0.0091797233999999991
8390.0 0.011223914999999999
8400.0 0.01373421
8410.0 0.016858251000000001
8420.0 0.020886209999999999
8430.0 0.026084216
8440.0 0.032721897999999999
8450.0 0.041206449999999999
8460.0 0.052072209000000001
8470.0 0.066197605000000007
8480.0 0.083874119999999996
8490.0 0.10625729
8500.0 0.13383326000000001
8510.0 0.16668862000000001
8520.0 0.20505198999999999
8530.0 0.24755930000000001
8540.0 0.29181161
8550.0 0.33597326999999999
8560.0 0.37716012999999998
8570.0 0.41327173
8580.0 0.44238195000000002
8590.0 0.46556305999999997
8600.0 0.48224433
8610.0 0.49396069999999997
8620.0 0.50251908000000001
8630.0 0.50755570000000005
8640.0 0.51062757999999997
8650.0 0.51234610999999997
8660.0 0.51309311000000002
8670.0 0.51318591999999996
8680.0 0.51279863999999997
8690.0 0.51209433000000004
8700.0 0.51125271000000005
8710.0 0.51104722999999996
8720.0 0.51023651000000003
8730.0 0.50948092
8740.0 0.50885811000000003
8750.0 0.50838528999999999
8760.0 0.50812294000000002
8770.0 0.50812712999999998
8780.0 0.50760053000000005
8790.0 0.50795113000000003
8800.0 0.50845704999999997
8810.0 0.50898940000000004
8820.0 0.50959580999999998
8830.0 0.51015655000000004
8840.0 0.51073411000000002
8850.0 0.51049584000000003
8860.0 0.51012268999999999
8870.0 0.51101087000000001
8880.0 0.51104305000000005
8890.0 0.51160161999999998
8900.0 0.51055539999999999
8910.0 0.50940401999999996
8920.0 0.50674317000000002
8930.0 0.50116676999999998
8940.0 0.49771178999999999
8950.0 0.48846601000000001
8960.0 0.47958421000000001
8970.0 0.47024122000000002
8980.0 0.46545002000000002
8990.0 0.45303313000000001
9000.0 0.45501048999999999
9010.0 0.45215261000000001
9020.0 0.45200873000000003
9030.0 0.47091132000000002
9040.0 0.48210568999999998
9050.0 0.48063006000000003
9060.0 0.47220632000000001
9070.0 0.45863934000000001
9080.0 0.44916550999999999
9090.0 0.44823579000000002
9100.0 0.44853688000000003
9110.0 0.45294329
9120.0 0.44888370999999999
9130.0 0.43622833
9140.0 0.44037102
9150.0 0.44361664000000001
9160.0 0.44304007000000001
9170.0 0.44456462000000002
9180.0 0.44613838
9190.0 0.45562798999999998
9200.0 0.4629103
9210.0 0.45995676000000002
9220.0 0.45895279999999999
9230.0 0.45614703000000001
9240.0 0.44993053999999999
9250.0 0.44924551000000001
9260.0 0.44870522000000002
9270.0 0.44173335000000002
9280.0 0.43136912999999999
9290.0 0.41669247999999998
9300.0 0.39701617
9310.0 0.37471501000000002
9320.0 0.34588651999999998
9330.0 0.32329707000000002
9340.0 0.29875617999999998
9350.0 0.29636407999999997
9360.0 0.30604066000000002
9370.0 0.30346261000000002
9380.0 0.32901799999999998
9390.0 0.39015093000000001
9400.0 0.39940492
9410.0 0.39088272000000002
9420.0 0.37101811000000001
9430.0 0.33734070999999999
9440.0 0.33349421000000001
9450.0 0.34519391999999999
9460.0 0.34501941000000003
9470.0 0.35469595999999998
9480.0 0.35919356000000002
9490.0 0.35659244000000001
9500.0 0.35701746000000001
9510.0 0.36988019
9520.0 0.35443549000000002
9530.0 0.36304532
9540.0 0.37197122999999999
9550.0 0.36194989
9560.0 0.35908023
9570.0 0.38285638
9580.0 0.38442186
9590.0 0.37895888999999999
9600.0 0.37767935000000002
9610.0 0.37502284000000002
9620.0 0.37552516000000002
9630.0 0.38695130999999999
9640.0 0.38738367000000001
9650.0 0.38536930000000003
9660.0 0.38479941000000001
9670.0 0.39274564000000001
9680.0 0.40604631000000002
9690.0 0.41049212000000002
9700.0 0.40913498999999998
9710.0 0.40703831000000001
9720.0 0.40287564999999997
9730.0 0.39615138999999999
9740.0 0.38824297000000002
9750.0 0.38275523
9760.0 0.38399570999999999
9770.0 0.38760911999999997
9780.0 0.38379867000000001
9790.0 0.38172421000000001
9800.0 0.38404913000000002
9810.0 0.38164250999999999
9820.0 0.37659446000000002
9830.0 0.37514112999999999
9840.0 0.37437183000000002
9850.0 0.37222156000000001
9860.0 0.37151453000000001
9870.0 0.36908255000000001
9880.0 0.36722912000000002
9890.0 0.36533845999999998
9900.0 0.36414402000000001
9910.0 0.36275558000000002
9920.0 0.36028316999999999
9930.0 0.35504844000000002
9940.0 0.34644543999999999
9950.0 0.33235271
9960.0 0.31109856000000002
9970.0 0.28296360999999998
9980.0 0.24890438000000001
9990.0 0.21182319999999999
10000.0 0.17439339000000001
10010.0 0.13937366000000001
10020.0 0.10856534
10030.0 0.083775218999999998
10040.0 0.064132439999999999
10050.0 0.048883208999999997
10060.0 0.037243114000000001
10070.0 0.028481013999999999
10080.0 0.021817998000000002
10090.0 0.016803650999999999
10100.0 0.013115735999999999
10110.0 0.010350695
10120.0 0.0082031875000000004
10130.0 0.0065438116999999999
10140.0 0.0052497365000000002
10150.0 0.0042423273000000003
10160.0 0.0034470786999999999
10170.0 0.0028198421
10180.0 0.0023181993000000001
10190.0 0.0019127066999999999
10200.0 0.0015879892
10210.0 0.0013255497999999999
10220.0 0.0011085578999999999
10230.0 0.00093122981000000001
10240.0 0.00078505247999999998
10250.0 0.00066661572000000001
10260.0 0.00056685980999999998
10270.0 0.00048286230000000002
10280.0 0.00041223335999999999
10290.0 0.00035315252000000001
10300.0 0.00030285902999999998
10310.0 0.00026019964000000001
10320.0 0.00022363976
10330.0 0.00019230389999999999
10340.0 0.00016573139
10350.0 0.00014314144000000001
10360.0 0.00012377414000000001
10370.0 0.00010715844
10380.0 9.2786274000000005e-05
10390.0 8.0489822000000003e-05
10400.0 6.9893553000000003e-05
10410.0 6.0855150000000003e-05
10420.0 5.2984042999999997e-05
10430.0 4.6301914999999999e-05
10440.0 4.0580239999999998e-05
10450.0 3.5598029e-05
10460.0 3.1368763000000002e-05
10470.0 2.7645069999999999e-05
10480.0 2.4371172000000001e-05
10490.0 2.1527490999999999e-05
10500.0 1.9134962000000002e-05
10501.0 0.0
