# from M Ashby, priv. comm.
# Mar 26, 2025

# Based on monochromometer scans of individual pixels, rebinned.
# No units given, assumed to be detector signal/photon

# wave ch01 ch02 ch03 ch04 ch05 ch06 ch07 ch08 ch09 ch10 ch11 ch12 ch13 ch14 ch15 ch16 ch17
6844.0 0.000000e+00 0.000000e+00 0.000000e+00 0.000000e+00 0.000000e+00 0.000000e+00 0.000000e+00 0.000000e+00 0.000000e+00 0.000000e+00 0.000000e+00 0.000000e+00 0.000000e+00 0.000000e+00 0.000000e+00 0.000000e+00 0.000000e+00
6864.0 0.000000e+00 0.000000e+00 0.000000e+00 0.000000e+00 0.000000e+00 0.000000e+00 0.000000e+00 0.000000e+00 0.000000e+00 0.000000e+00 0.000000e+00 0.000000e+00 0.000000e+00 0.000000e+00 0.000000e+00 0.000000e+00 0.000000e+00
6884.0 0.000000e+00 0.000000e+00 0.000000e+00 0.000000e+00 0.000000e+00 0.000000e+00 0.000000e+00 0.000000e+00 0.000000e+00 0.000000e+00 0.000000e+00 0.000000e+00 0.000000e+00 0.000000e+00 0.000000e+00 0.000000e+00 0.000000e+00
6903.9 0.000000e+00 0.000000e+00 0.000000e+00 0.000000e+00 0.000000e+00 0.000000e+00 0.000000e+00 0.000000e+00 0.000000e+00 0.000000e+00 0.000000e+00 0.000000e+00 0.000000e+00 0.000000e+00 0.000000e+00 0.000000e+00 0.000000e+00
6923.9 0.000000e+00 0.000000e+00 0.000000e+00 0.000000e+00 0.000000e+00 0.000000e+00 0.000000e+00 0.000000e+00 0.000000e+00 0.000000e+00 0.000000e+00 0.000000e+00 0.000000e+00 0.000000e+00 0.000000e+00 0.000000e+00 0.000000e+00
6944.2 9.261294e-03 8.721231e-03 8.319173e-03 1.202821e-02 1.153028e-02 8.233827e-03 1.023638e-02 9.722411e-03 9.963673e-03 9.794942e-03 1.122779e-02 9.762126e-03 1.218394e-02 1.039254e-02 1.107249e-02 8.767027e-03 8.566734e-03
6964.1 1.364944e-03 6.830777e-04 1.140425e-03 5.377306e-03 3.902700e-03 1.894694e-03 3.115493e-03 2.000612e-03 2.125606e-03 1.767388e-03 4.019323e-03 1.999159e-03 4.159761e-03 1.945772e-03 3.105950e-03 1.276854e-03 6.621603e-04
6984.0 7.670977e-03 7.721699e-03 6.513547e-03 1.127049e-02 1.056993e-02 7.539693e-03 9.203450e-03 7.970835e-03 7.490703e-03 6.839719e-03 7.883651e-03 8.790996e-03 8.542416e-03 8.032107e-03 8.036908e-03 6.873323e-03 5.988113e-03
7003.9 3.835765e-03 4.988010e-03 3.971823e-03 8.577396e-03 8.219581e-03 5.455089e-03 6.420766e-03 5.629669e-03 5.006136e-03 4.791119e-03 6.389994e-03 9.324620e-03 6.127089e-03 5.286272e-03 6.017985e-03 3.900821e-03 4.749250e-03
7024.1 0.000000e+00 0.000000e+00 0.000000e+00 2.048524e-03 3.175396e-03 4.711964e-04 5.537542e-04 0.000000e+00 7.565809e-05 0.000000e+00 9.416892e-04 6.521158e-03 1.166459e-03 8.254623e-04 0.000000e+00 0.000000e+00 0.000000e+00
7044.0 5.142709e-03 5.703892e-03 5.003135e-03 8.178564e-03 8.809376e-03 6.695833e-03 5.403973e-03 5.905329e-03 5.899674e-03 5.009349e-03 6.157499e-03 1.457082e-02 6.544116e-03 6.474495e-03 5.960919e-03 5.643493e-03 5.346352e-03
7063.9 1.689195e-03 1.831464e-03 2.538954e-03 3.830790e-03 6.699257e-03 3.400761e-03 2.705326e-03 2.452095e-03 2.202368e-03 1.865730e-03 2.779349e-03 1.066697e-02 3.347831e-03 5.038909e-03 1.342440e-03 1.963965e-03 1.807295e-03
7084.1 3.102197e-03 2.337019e-03 1.707037e-03 4.864205e-03 6.550151e-03 4.004068e-03 4.166235e-03 3.275746e-03 2.201816e-03 3.043067e-03 1.800862e-03 9.566851e-03 3.513757e-03 6.073084e-03 2.241093e-03 4.426389e-03 2.331069e-03
7103.9 4.874802e-03 4.947489e-03 5.375892e-03 6.648689e-03 8.625479e-03 7.479692e-03 5.200837e-03 6.183762e-03 5.298275e-03 4.804378e-03 6.533282e-03 1.079043e-02 6.877627e-03 1.051125e-02 4.836218e-03 6.293538e-03 5.089978e-03
7124.1 1.106925e-02 1.103951e-02 1.136935e-02 1.235161e-02 1.584219e-02 1.407809e-02 1.227331e-02 1.154831e-02 1.038228e-02 1.132532e-02 1.130306e-02 1.513925e-02 1.288304e-02 1.494777e-02 1.204594e-02 1.351761e-02 1.207436e-02
7143.9 0.000000e+00 0.000000e+00 9.986331e-04 1.118284e-03 6.252492e-03 4.491779e-03 2.592905e-03 9.745151e-04 8.405227e-04 1.386728e-04 1.185335e-03 2.787995e-03 1.940779e-03 3.119640e-03 8.953291e-04 2.195214e-03 6.858680e-04
7164.0 0.000000e+00 0.000000e+00 0.000000e+00 0.000000e+00 4.081626e-03 2.350477e-03 0.000000e+00 0.000000e+00 0.000000e+00 0.000000e+00 0.000000e+00 0.000000e+00 1.655387e-03 1.019266e-03 0.000000e+00 4.868419e-04 0.000000e+00
7184.2 2.036369e-03 2.056951e-03 3.342070e-03 3.535132e-03 7.900937e-03 8.283919e-03 4.613134e-03 3.845924e-03 4.217525e-03 2.917102e-03 3.223153e-03 5.029384e-03 7.672412e-03 4.873264e-03 4.762530e-03 3.143450e-03 5.007829e-03
7203.9 2.338248e-03 1.942829e-03 2.180044e-03 2.726373e-03 6.296672e-03 7.150515e-03 4.750598e-03 3.580802e-03 4.585874e-03 3.456323e-03 3.719923e-03 3.717695e-03 1.208715e-02 5.201241e-03 5.036226e-03 2.864069e-03 5.545386e-03
7224.0 5.358691e-03 4.722002e-03 5.381984e-03 6.052936e-03 7.259231e-03 1.039770e-02 7.242214e-03 5.931397e-03 6.929066e-03 5.891109e-03 5.972395e-03 5.381268e-03 1.619381e-02 8.120451e-03 8.105055e-03 5.917342e-03 6.974462e-03
7244.1 4.087653e-03 3.863055e-03 4.125246e-03 4.484232e-03 6.281761e-03 9.952372e-03 6.533186e-03 6.514886e-03 5.777075e-03 4.541949e-03 5.281042e-03 4.052453e-03 1.516839e-02 7.018362e-03 8.525571e-03 5.658431e-03 5.182053e-03
7263.9 0.000000e+00 9.063597e-04 2.398270e-04 5.045038e-04 2.840185e-03 5.598210e-03 3.406562e-03 1.426552e-03 1.560655e-03 7.071761e-04 1.809225e-03 4.082284e-04 8.518081e-03 2.990989e-03 6.140428e-03 9.183609e-05 1.970492e-03
7283.9 1.210829e-03 0.000000e+00 2.270880e-04 3.810820e-04 1.353547e-03 4.652514e-03 2.592905e-03 1.577971e-03 1.422041e-03 8.867326e-04 4.594150e-04 0.000000e+00 4.123811e-03 2.404884e-03 6.129902e-03 0.000000e+00 1.695924e-03
7303.9 5.952506e-03 3.452878e-03 3.563065e-03 4.073750e-03 4.740452e-03 8.787042e-03 7.685217e-03 5.738380e-03 4.039700e-03 3.339198e-03 4.331548e-03 3.763545e-03 7.459473e-03 6.060384e-03 7.937735e-03 4.464562e-03 5.576261e-03
7324.0 7.981417e-03 2.265899e-03 3.135475e-03 4.115353e-03 4.186000e-03 9.796041e-03 8.147143e-03 5.732834e-03 4.227465e-03 2.999974e-03 4.448631e-03 2.858703e-03 6.328412e-03 7.489621e-03 7.446855e-03 4.485031e-03 4.607004e-03
7344.0 1.517458e-02 6.314196e-03 7.256844e-03 7.408634e-03 8.221790e-03 1.416782e-02 1.315486e-02 9.385186e-03 8.282628e-03 8.024792e-03 7.656731e-03 8.172301e-03 9.523591e-03 1.188058e-02 1.006857e-02 8.960104e-03 9.390437e-03
7364.0 2.079786e-02 2.702540e-03 2.186691e-03 2.531672e-03 3.067156e-03 8.397314e-03 8.196118e-03 3.412190e-03 4.696324e-03 3.761293e-03 3.741110e-03 3.623786e-03 5.498230e-03 1.064211e-02 5.939866e-03 3.497516e-03 3.413902e-03
7384.0 4.863119e-02 7.187477e-03 5.997337e-03 5.917034e-03 6.863825e-03 1.003329e-02 1.144295e-02 8.309170e-03 6.764496e-03 7.962361e-03 5.931137e-03 6.250479e-03 7.800728e-03 1.857981e-02 7.762104e-03 9.466309e-03 5.801208e-03
7404.0 9.071771e-02 3.033879e-03 1.630048e-03 5.535951e-04 1.915730e-03 4.462604e-03 7.118106e-03 3.435485e-03 3.285880e-03 2.646938e-03 1.875015e-03 1.761072e-03 2.867199e-03 1.729937e-02 3.792960e-03 4.802032e-03 1.946784e-03
7423.9 2.455936e-01 2.323787e-03 1.565245e-03 2.045196e-03 2.358076e-03 4.251777e-03 7.844387e-03 5.920859e-03 5.487144e-03 4.020960e-03 3.151787e-03 2.815063e-03 3.455130e-03 1.495716e-02 3.934794e-03 7.520048e-03 3.077584e-03
7443.9 5.552402e-01 2.793507e-03 8.861968e-06 0.000000e+00 1.924566e-03 1.748271e-03 5.546446e-03 3.431048e-03 2.919740e-03 1.866835e-03 1.857174e-03 7.333196e-04 8.075058e-04 9.009410e-03 2.528640e-03 7.416041e-03 1.313294e-03
7464.2 8.343815e-01 3.362462e-03 0.000000e+00 0.000000e+00 5.953177e-04 1.700931e-03 5.655528e-03 3.380020e-03 2.045530e-03 2.777877e-03 1.624679e-03 1.297050e-03 5.038615e-04 7.939898e-03 2.100921e-03 7.505664e-03 2.012394e-03
7484.1 9.377842e-01 8.278555e-03 3.202808e-03 3.249750e-03 4.282377e-03 5.785130e-03 1.030537e-02 1.016764e-02 7.251219e-03 6.214080e-03 5.461173e-03 5.106051e-03 4.636932e-03 9.551453e-03 7.438188e-03 8.940091e-03 6.516826e-03
7504.0 9.441855e-01 1.361910e-02 8.582600e-03 7.697600e-03 8.531327e-03 9.393265e-03 1.513525e-02 1.458752e-02 1.149555e-02 1.084985e-02 8.927781e-03 8.851911e-03 9.405598e-03 1.205285e-02 1.222036e-02 1.161700e-02 1.051849e-02
7523.9 9.842862e-01 9.684965e-03 1.107600e-03 1.592218e-04 0.000000e+00 5.013094e-04 6.429183e-03 6.273537e-03 2.489400e-03 2.449881e-03 1.544006e-03 9.382033e-04 4.203639e-04 3.691037e-03 5.598319e-03 3.081005e-03 1.742922e-03
7544.1 1.000000e+00 2.253899e-02 3.522272e-03 2.924643e-03 2.801298e-03 3.754335e-03 9.090938e-03 8.935631e-03 6.096184e-03 5.241488e-03 4.866406e-03 4.308643e-03 4.458891e-03 7.765369e-03 1.315897e-02 7.870270e-03 6.362142e-03
7564.0 9.655163e-01 5.179302e-02 5.657056e-03 4.632772e-03 4.628671e-03 6.152869e-03 9.758003e-03 9.756383e-03 6.807549e-03 6.623110e-03 6.122429e-03 6.887697e-03 6.434607e-03 6.716318e-03 1.926643e-02 9.621175e-03 7.808492e-03
7584.1 8.297607e-01 1.014753e-01 1.633964e-03 1.636417e-03 1.520747e-03 3.102717e-03 4.474619e-03 8.089227e-03 4.334280e-03 3.843227e-03 3.852742e-03 3.892598e-03 2.882007e-03 3.484707e-03 1.645180e-02 5.737465e-03 6.455161e-03
7604.0 6.269605e-01 2.567711e-01 2.796268e-03 1.870866e-03 2.230127e-03 2.697020e-03 6.132326e-03 8.542516e-03 6.070940e-03 5.263293e-03 3.038060e-03 3.282799e-03 3.964938e-03 3.607375e-03 1.652738e-02 6.058453e-03 8.946265e-03
7624.1 3.733928e-01 5.628753e-01 7.311278e-03 4.427003e-03 4.682722e-03 5.778925e-03 7.646990e-03 1.210099e-02 8.289916e-03 7.133285e-03 7.550909e-03 7.527093e-03 5.434599e-03 5.751894e-03 1.339825e-02 7.359049e-03 1.221246e-02
7643.9 1.535844e-01 8.239262e-01 5.440462e-03 2.041272e-03 3.281753e-03 3.251685e-03 3.981731e-03 8.301723e-03 6.985473e-03 5.809740e-03 5.281551e-03 3.655840e-03 4.925006e-03 4.827211e-03 9.785588e-03 6.785820e-03 9.606620e-03
7664.1 5.773701e-02 9.231177e-01 9.378481e-03 5.506250e-03 5.154261e-03 5.807425e-03 6.852107e-03 1.212776e-02 1.117587e-02 8.624462e-03 7.632227e-03 6.782008e-03 7.048557e-03 7.851744e-03 1.087819e-02 8.737810e-03 9.784113e-03
7684.2 2.503835e-02 9.270047e-01 8.087902e-03 1.362014e-03 5.192463e-04 1.336825e-03 1.764999e-03 7.698232e-03 7.816991e-03 4.614966e-03 3.257849e-03 1.919533e-03 1.379589e-03 2.897914e-03 5.135493e-03 4.913872e-03 4.358651e-03
7703.9 1.121994e-02 9.662665e-01 1.019642e-02 1.244094e-03 1.086525e-03 1.914236e-03 2.028628e-03 9.128895e-03 7.481100e-03 4.164215e-03 4.039321e-03 2.586990e-03 3.147271e-03 3.464392e-03 4.726444e-03 7.014248e-03 5.000885e-03
7724.0 1.009266e-02 1.000000e+00 2.330672e-02 3.659715e-03 3.106081e-03 2.141230e-03 3.945081e-03 8.675928e-03 8.183238e-03 5.758067e-03 5.290862e-03 3.951152e-03 3.972531e-03 4.906603e-03 5.375335e-03 1.429169e-02 5.608346e-03
7744.1 3.221895e-03 9.753375e-01 4.869906e-02 8.179463e-04 2.994916e-04 1.766789e-04 6.462841e-04 5.128163e-03 5.419588e-03 2.762910e-03 1.761506e-03 1.722940e-03 8.617059e-05 5.537536e-04 3.143341e-03 1.554345e-02 2.449755e-03
7764.1 6.240176e-03 8.837249e-01 1.041419e-01 4.971838e-03 3.261299e-03 3.799965e-03 4.458200e-03 7.491367e-03 9.413462e-03 7.264038e-03 6.136840e-03 5.232813e-03 4.920269e-03 4.905454e-03 6.153520e-03 2.068160e-02 6.900815e-03
7784.2 3.185158e-04 6.885070e-01 2.540100e-01 2.130813e-04 0.000000e+00 0.000000e+00 0.000000e+00 2.137987e-03 5.541357e-03 2.633736e-03 1.094086e-03 1.315999e-03 0.000000e+00 3.671484e-04 6.038537e-04 1.236642e-02 1.287274e-03
7803.8 9.052819e-04 4.628363e-01 5.486149e-01 1.208286e-03 6.852963e-06 0.000000e+00 0.000000e+00 2.422287e-03 6.574349e-03 4.113098e-03 2.372202e-03 1.323471e-03 5.193329e-04 1.363051e-03 1.139003e-03 9.189309e-03 4.369611e-04
7823.9 2.415311e-03 2.294211e-01 8.121957e-01 4.552295e-03 1.807080e-03 1.965333e-03 1.767196e-03 4.209885e-03 8.177825e-03 5.211211e-03 3.341898e-03 3.681364e-03 2.690887e-03 2.394490e-03 3.022205e-03 8.001763e-03 3.670670e-03
7843.9 3.325904e-03 8.777797e-02 9.358851e-01 7.591057e-03 3.709151e-03 3.939221e-03 4.084979e-03 4.966619e-03 9.651949e-03 8.337230e-03 5.414195e-03 5.206875e-03 5.729192e-03 4.846335e-03 5.796497e-03 7.843227e-03 7.398598e-03
7864.2 2.219874e-03 3.533918e-02 9.369426e-01 8.261838e-03 2.125202e-03 3.333708e-03 2.673580e-03 4.152113e-03 9.084585e-03 7.911229e-03 4.564099e-03 4.200827e-03 5.014833e-03 3.541622e-03 4.068750e-03 7.025520e-03 7.752650e-03
7884.1 5.057300e-03 2.312350e-02 9.700724e-01 1.429681e-02 5.282805e-03 5.593119e-03 5.054269e-03 7.014747e-03 1.204966e-02 1.078438e-02 8.774530e-03 7.024074e-03 8.040023e-03 6.954035e-03 7.323358e-03 8.877284e-03 1.117960e-02
7904.1 1.128449e-03 1.017889e-02 1.000000e+00 1.726865e-02 1.289944e-03 1.551095e-03 2.127032e-03 3.041030e-03 7.413131e-03 8.145042e-03 3.978542e-03 3.693484e-03 3.972441e-03 2.986456e-03 3.044683e-03 5.060946e-03 1.149284e-02
7924.0 3.276450e-03 9.173577e-03 9.893165e-01 4.040577e-02 4.381783e-03 3.903336e-03 4.421912e-03 5.169265e-03 8.084019e-03 1.017274e-02 5.727664e-03 5.338633e-03 6.183252e-03 5.605289e-03 5.733466e-03 6.645922e-03 1.823790e-02
7943.9 8.243734e-04 4.872615e-03 9.283033e-01 7.380074e-02 1.923682e-03 1.572259e-03 1.397424e-03 2.588675e-03 4.589267e-03 6.088376e-03 3.351158e-03 2.302773e-03 2.727845e-03 2.732412e-03 2.364063e-03 3.290110e-03 1.758838e-02
7964.1 6.221622e-04 3.060119e-03 7.696732e-01 1.594884e-01 1.553944e-03 7.911618e-04 1.316915e-03 2.996647e-03 3.938538e-03 7.258123e-03 4.317030e-03 2.915409e-03 3.635794e-03 2.233228e-03 1.147238e-03 3.016596e-03 1.625061e-02
7984.0 0.000000e+00 9.293238e-04 5.521813e-01 3.848720e-01 1.611399e-03 1.416497e-04 0.000000e+00 6.014898e-04 2.469571e-03 5.966024e-03 3.127336e-03 1.446036e-03 1.322434e-03 8.689926e-04 1.194874e-03 1.198210e-03 1.209532e-02
8003.9 0.000000e+00 0.000000e+00 3.206357e-01 6.849539e-01 1.449363e-03 0.000000e+00 0.000000e+00 3.009122e-04 1.051156e-03 4.341151e-03 2.906632e-03 8.533375e-04 1.190595e-03 4.900311e-04 0.000000e+00 0.000000e+00 6.593172e-03
8024.1 4.665284e-04 1.813808e-03 1.363137e-01 8.883619e-01 5.030452e-03 6.319215e-04 1.806630e-03 1.669048e-03 2.772219e-03 7.346908e-03 4.738715e-03 2.988980e-03 2.955088e-03 2.734210e-03 2.273142e-03 2.101541e-03 6.280605e-03
8043.9 2.043178e-03 2.722668e-03 5.530960e-02 9.419445e-01 7.399126e-03 3.031011e-03 4.054535e-03 3.445829e-03 4.123816e-03 1.049659e-02 7.532360e-03 4.698495e-03 4.564661e-03 3.940676e-03 4.273316e-03 4.039142e-03 7.076478e-03
8064.0 3.564177e-03 4.522863e-03 2.914881e-02 9.386334e-01 1.194835e-02 5.317070e-03 6.503268e-03 5.580748e-03 6.631326e-03 1.297430e-02 1.081546e-02 7.187894e-03 6.230080e-03 6.599073e-03 5.909579e-03 6.638598e-03 8.219637e-03
8083.8 4.585420e-03 4.396101e-03 1.651179e-02 9.858754e-01 1.486929e-02 5.562081e-03 6.477783e-03 5.616241e-03 6.725686e-03 1.288646e-02 1.118073e-02 7.815546e-03 8.584718e-03 6.971648e-03 6.851872e-03 6.407409e-03 8.677779e-03
8104.0 2.054051e-03 2.707065e-03 9.111896e-03 1.000000e+00 2.344635e-02 3.006754e-03 4.570510e-03 3.547564e-03 4.389048e-03 9.239769e-03 9.472060e-03 5.482810e-03 5.965481e-03 4.184920e-03 5.421804e-03 3.292152e-03 5.494479e-03
8124.1 0.000000e+00 0.000000e+00 4.047444e-03 9.877135e-01 4.760130e-02 9.094509e-04 2.122889e-03 8.282441e-04 2.022013e-03 4.935162e-03 5.066919e-03 2.963030e-03 3.380238e-03 1.710593e-03 1.874734e-03 1.567585e-03 1.567055e-03
8144.2 3.785163e-03 3.921193e-03 6.758176e-03 9.124658e-01 9.320324e-02 4.904611e-03 4.466200e-03 4.701424e-03 4.559405e-03 7.009974e-03 1.050857e-02 6.801933e-03 6.351693e-03 5.481354e-03 5.107322e-03 5.574805e-03 5.484379e-03
8163.9 6.427980e-03 7.064002e-03 9.499410e-03 7.444254e-01 2.019152e-01 8.276058e-03 7.805139e-03 7.780589e-03 7.968009e-03 9.393531e-03 1.351295e-02 1.006535e-02 9.664123e-03 8.723832e-03 8.024258e-03 7.793005e-03 8.060021e-03
8183.9 3.244208e-03 3.953691e-03 5.238388e-03 5.267813e-01 4.549383e-01 6.191788e-03 4.927138e-03 4.341131e-03 4.730913e-03 6.693713e-03 1.124828e-02 7.541346e-03 7.241336e-03 6.186879e-03 5.325731e-03 5.173281e-03 4.916888e-03
8204.0 3.592476e-03 3.493084e-03 5.668459e-03 3.011957e-01 7.407967e-01 6.372171e-03 4.336028e-03 4.543087e-03 4.997717e-03 5.832239e-03 1.063748e-02 7.792848e-03 6.985069e-03 6.334402e-03 4.658401e-03 4.559221e-03 4.675856e-03
8224.0 3.953378e-03 3.976792e-03 4.643727e-03 1.267336e-01 9.057898e-01 7.518015e-03 5.224082e-03 5.353666e-03 4.464668e-03 5.997807e-03 1.103516e-02 8.524729e-03 6.335382e-03 6.268381e-03 5.447168e-03 5.435062e-03 4.857704e-03
8244.0 2.413503e-03 2.667434e-03 3.793255e-03 5.217656e-02 9.472211e-01 8.226017e-03 3.773477e-03 2.925920e-03 3.908389e-03 4.318864e-03 9.608000e-03 7.398652e-03 5.800953e-03 5.084130e-03 4.413871e-03 4.595638e-03 4.513940e-03
8264.0 5.139054e-04 6.033342e-04 1.290829e-03 2.467743e-02 9.459644e-01 8.863248e-03 1.953600e-03 1.566298e-03 2.056227e-03 2.515380e-03 8.806709e-03 6.862791e-03 4.266290e-03 3.161724e-03 3.282982e-03 2.719976e-03 2.800009e-03
8284.0 1.975285e-03 2.349986e-03 3.722653e-03 1.609888e-02 9.889159e-01 1.323372e-02 4.129335e-03 3.768777e-03 3.675031e-03 4.726085e-03 1.033736e-02 8.561608e-03 5.763165e-03 5.489527e-03 5.060905e-03 4.275415e-03 5.005464e-03
8303.9 1.969103e-03 1.862665e-03 2.760786e-03 1.035283e-02 1.000000e+00 2.803746e-02 4.381793e-03 3.585080e-03 3.386476e-03 3.938527e-03 9.304340e-03 8.992317e-03 6.089284e-03 4.997952e-03 4.743350e-03 3.901725e-03 4.230841e-03
8323.8 4.694284e-03 4.720910e-03 5.170402e-03 9.934942e-03 9.734135e-01 6.207797e-02 6.423923e-03 5.123343e-03 5.649931e-03 6.204148e-03 9.597282e-03 1.042299e-02 7.964344e-03 7.389317e-03 7.145296e-03 6.836852e-03 6.611601e-03
8344.1 2.456707e-03 2.700523e-03 2.884185e-03 6.607523e-03 8.918190e-01 1.119491e-01 5.337941e-03 3.834652e-03 3.973409e-03 4.549404e-03 6.426003e-03 9.242644e-03 6.758773e-03 6.035801e-03 6.398477e-03 5.090423e-03 4.885312e-03
8364.0 1.729337e-03 1.063441e-03 1.220650e-03 3.450372e-03 7.183010e-01 2.509279e-01 4.438903e-03 2.256140e-03 2.806131e-03 3.582618e-03 4.991765e-03 8.442289e-03 6.302376e-03 4.971649e-03 4.288230e-03 3.661576e-03 3.904047e-03
8383.9 0.000000e+00 0.000000e+00 1.500058e-05 1.700231e-03 4.916881e-01 5.400256e-01 3.105683e-03 6.609482e-04 1.347485e-03 1.993196e-03 2.424422e-03 7.545145e-03 4.485421e-03 3.112842e-03 3.086168e-03 2.765262e-03 2.604072e-03
8404.1 3.476353e-03 2.776851e-03 3.444755e-03 4.828105e-03 2.798618e-01 8.022634e-01 7.374332e-03 4.467069e-03 4.796092e-03 4.442759e-03 6.353759e-03 9.882254e-03 7.815305e-03 6.812475e-03 6.702912e-03 6.006533e-03 5.924698e-03
8423.9 1.919118e-03 1.892272e-03 2.181518e-03 3.018545e-03 1.180535e-01 9.303891e-01 7.778442e-03 2.866004e-03 3.812422e-03 3.454875e-03 4.579695e-03 8.873317e-03 6.694561e-03 5.168465e-03 4.995154e-03 4.147438e-03 4.701838e-03
8444.1 2.936671e-03 2.367247e-03 3.438548e-03 3.576174e-03 4.794651e-02 9.456739e-01 9.840773e-03 4.042419e-03 3.802565e-03 4.524747e-03 5.442482e-03 9.243781e-03 7.953592e-03 5.912870e-03 5.553425e-03 4.253507e-03 4.802573e-03
8463.9 5.891087e-03 5.561386e-03 5.716930e-03 6.730946e-03 2.840479e-02 9.487490e-01 1.488997e-02 6.756531e-03 6.341099e-03 7.517817e-03 7.347918e-03 1.305707e-02 1.168732e-02 9.537080e-03 8.615701e-03 8.027053e-03 7.629281e-03
8484.0 5.602567e-03 5.138940e-03 5.855882e-03 6.133409e-03 1.696356e-02 9.876698e-01 2.006593e-02 6.780296e-03 6.937607e-03 7.675286e-03 7.689927e-03 1.289028e-02 1.201895e-02 8.693680e-03 9.657020e-03 7.799750e-03 7.521001e-03
8504.1 3.279785e-03 3.249680e-03 3.080280e-03 4.425531e-03 1.011281e-02 1.000000e+00 3.206465e-02 4.657425e-03 4.127029e-03 4.866474e-03 5.049559e-03 9.721594e-03 9.486305e-03 5.949543e-03 7.184296e-03 5.640942e-03 4.763072e-03
8523.9 1.783280e-03 2.566170e-03 2.022133e-03 2.551289e-03 6.097772e-03 9.719174e-01 6.486741e-02 3.655971e-03 2.625827e-03 4.258292e-03 3.684415e-03 6.719450e-03 8.285146e-03 4.962566e-03 5.033286e-03 3.911148e-03 3.970243e-03
8544.0 3.739727e-03 3.850497e-03 3.988211e-03 4.628495e-03 7.366546e-03 8.826727e-01 1.235566e-01 6.034533e-03 5.371907e-03 5.416118e-03 5.937761e-03 7.480998e-03 9.453849e-03 7.337553e-03 6.776281e-03 6.452113e-03 5.751794e-03
8564.0 4.348781e-03 4.381422e-03 4.448971e-03 4.606416e-03 6.742968e-03 7.007987e-01 2.785017e-01 7.087603e-03 5.899812e-03 6.038579e-03 6.076902e-03 7.588126e-03 1.124962e-02 8.413639e-03 7.451071e-03 6.837771e-03 6.824698e-03
8584.0 9.385234e-04 8.265563e-04 1.147879e-03 1.457222e-03 2.975269e-03 4.870086e-01 5.563070e-01 4.367665e-03 2.497397e-03 2.713059e-03 2.959142e-03 3.977732e-03 8.517447e-03 4.790471e-03 3.571708e-03 3.866664e-03 3.604012e-03
8604.1 2.399101e-03 2.403822e-03 2.656540e-03 2.837938e-03 5.062047e-03 2.757262e-01 8.164900e-01 6.871383e-03 4.372877e-03 4.350168e-03 4.722489e-03 6.190565e-03 9.569742e-03 6.869811e-03 6.374825e-03 5.587032e-03 5.095519e-03
8624.1 4.574103e-03 4.205551e-03 4.145338e-03 4.999460e-03 5.621614e-03 1.202974e-01 9.388530e-01 9.698537e-03 5.731847e-03 5.691663e-03 6.282199e-03 6.331552e-03 1.054291e-02 8.568525e-03 7.285584e-03 7.106986e-03 6.411789e-03
8644.0 0.000000e+00 1.239278e-04 0.000000e+00 7.618295e-05 9.068792e-04 4.696440e-02 9.500761e-01 7.487474e-03 2.094941e-03 2.219717e-03 1.721091e-03 2.719518e-03 6.401468e-03 5.413393e-03 3.723738e-03 2.871227e-03 2.645797e-03
8664.0 1.748221e-04 1.337022e-04 5.396327e-04 2.863409e-04 1.025902e-03 2.516689e-02 9.494009e-01 9.953494e-03 2.402260e-03 1.918706e-03 2.039975e-03 3.128529e-03 7.550554e-03 6.716532e-03 5.032628e-03 3.412923e-03 2.385493e-03
8683.9 1.007066e-04 1.652279e-04 3.449357e-04 0.000000e+00 6.588701e-04 1.111809e-02 9.902864e-01 1.329095e-02 1.689790e-03 2.150503e-03 1.981100e-03 2.823336e-03 7.539885e-03 7.290503e-03 4.057600e-03 3.542187e-03 2.650363e-03
8703.9 3.910607e-03 3.857783e-03 3.914059e-03 4.301210e-03 4.284520e-03 1.184971e-02 1.000000e+00 2.724106e-02 5.806300e-03 5.783325e-03 5.611984e-03 6.389431e-03 1.076611e-02 1.083961e-02 7.656571e-03 6.986098e-03 6.448416e-03
8724.1 0.000000e+00 0.000000e+00 0.000000e+00 0.000000e+00 0.000000e+00 3.154434e-03 9.813702e-01 4.840170e-02 5.608626e-06 0.000000e+00 0.000000e+00 6.827645e-04 3.172836e-03 3.268956e-03 8.696250e-04 1.041124e-03 2.766106e-04
8744.0 2.940865e-03 2.793749e-03 2.893952e-03 3.081070e-03 3.257365e-03 7.132265e-03 9.136042e-01 9.711230e-02 4.747627e-03 4.246321e-03 4.267937e-03 4.408979e-03 6.289898e-03 8.111244e-03 5.889378e-03 5.581465e-03 4.987921e-03
8763.9 2.014215e-03 1.745628e-03 1.613199e-03 2.054951e-03 2.145236e-03 4.752521e-03 7.581644e-01 1.830434e-01 3.874376e-03 3.288040e-03 2.922500e-03 3.180804e-03 4.975100e-03 8.049732e-03 5.951729e-03 4.387898e-03 3.494147e-03
8784.0 1.985189e-03 1.895052e-03 1.794949e-03 1.943062e-03 1.814785e-03 3.411646e-03 5.478894e-01 4.182583e-01 4.758360e-03 2.825900e-03 2.480112e-03 3.033554e-03 5.060972e-03 8.399412e-03 6.182333e-03 5.685159e-03 4.138686e-03
8803.9 2.437367e-03 2.095672e-03 1.507900e-03 1.807224e-03 2.280215e-03 4.065211e-03 3.371571e-01 7.046984e-01 5.576553e-03 3.278261e-03 3.099205e-03 3.781337e-03 4.698030e-03 9.375875e-03 6.482618e-03 5.644056e-03 3.835433e-03
8824.0 2.210179e-03 1.516583e-03 9.928667e-04 1.234979e-03 1.333212e-03 2.893607e-03 1.585381e-01 8.930648e-01 6.065606e-03 2.792587e-03 2.897992e-03 2.436903e-03 3.775938e-03 6.990045e-03 5.269965e-03 3.979725e-03 3.124424e-03
8844.1 0.000000e+00 0.000000e+00 0.000000e+00 0.000000e+00 0.000000e+00 0.000000e+00 6.167501e-02 9.535310e-01 5.374037e-03 0.000000e+00 0.000000e+00 0.000000e+00 1.862122e-04 3.830770e-03 2.705909e-03 1.041235e-03 0.000000e+00
8863.9 1.875848e-03 1.077521e-03 1.000277e-03 1.480600e-03 1.364690e-03 2.178454e-03 3.179466e-02 9.444173e-01 1.061389e-02 2.746150e-03 2.375148e-03 2.120982e-03 2.790861e-03 7.953294e-03 6.570657e-03 5.354886e-03 3.145751e-03
8884.0 2.238887e-04 0.000000e+00 0.000000e+00 0.000000e+00 0.000000e+00 2.212241e-04 1.761108e-02 9.601842e-01 1.320251e-02 1.563834e-03 4.644343e-04 5.107378e-04 1.153321e-03 6.666627e-03 6.055892e-03 3.237513e-03 1.937035e-03
8904.0 4.177078e-04 0.000000e+00 0.000000e+00 0.000000e+00 0.000000e+00 3.574975e-04 1.043520e-02 9.988145e-01 1.774309e-02 1.584032e-03 1.063184e-03 9.673076e-04 2.007242e-03 6.925655e-03 6.574339e-03 3.181074e-03 2.703386e-03
8924.1 0.000000e+00 0.000000e+00 0.000000e+00 2.466934e-06 0.000000e+00 1.650000e-04 5.599627e-03 1.000000e+00 3.627027e-02 2.249672e-03 1.349374e-03 9.559072e-04 2.051912e-03 5.913620e-03 5.507734e-03 2.589789e-03 1.965993e-03
8944.1 8.505076e-04 1.002778e-03 4.920642e-04 3.235919e-04 5.784765e-04 1.124273e-03 5.141885e-03 9.695922e-01 7.498373e-02 2.448328e-03 1.333734e-03 2.210726e-03 2.022427e-03 4.565557e-03 5.951720e-03 3.258350e-03 2.668970e-03
8964.1 0.000000e+00 0.000000e+00 0.000000e+00 0.000000e+00 0.000000e+00 0.000000e+00 2.603326e-03 8.851966e-01 1.324208e-01 1.759150e-03 6.210171e-04 8.382366e-04 1.243351e-03 2.976883e-03 5.148306e-03 2.330601e-03 2.211271e-03
8984.1 0.000000e+00 0.000000e+00 0.000000e+00 0.000000e+00 0.000000e+00 0.000000e+00 8.068207e-05 7.197908e-01 2.729761e-01 4.853042e-04 0.000000e+00 0.000000e+00 0.000000e+00 1.841648e-03 4.560188e-03 1.697305e-03 1.386930e-03
9004.1 0.000000e+00 0.000000e+00 0.000000e+00 0.000000e+00 0.000000e+00 0.000000e+00 0.000000e+00 5.145254e-01 5.488671e-01 0.000000e+00 0.000000e+00 0.000000e+00 0.000000e+00 2.741170e-04 4.415052e-03 1.117223e-03 0.000000e+00
9024.0 0.000000e+00 0.000000e+00 0.000000e+00 0.000000e+00 0.000000e+00 0.000000e+00 2.989999e-04 3.131832e-01 8.060667e-01 2.286613e-03 0.000000e+00 0.000000e+00 0.000000e+00 9.796851e-04 4.742057e-03 2.249041e-03 1.075753e-03
9043.9 0.000000e+00 0.000000e+00 0.000000e+00 0.000000e+00 0.000000e+00 0.000000e+00 0.000000e+00 1.458444e-01 9.313320e-01 2.716811e-03 0.000000e+00 0.000000e+00 0.000000e+00 0.000000e+00 3.214749e-03 1.540637e-03 0.000000e+00
9063.9 2.233140e-04 8.354636e-04 0.000000e+00 0.000000e+00 0.000000e+00 0.000000e+00 1.200263e-04 6.225156e-02 9.535200e-01 7.175830e-03 9.226264e-04 8.298717e-04 3.973047e-04 1.385040e-03 4.860840e-03 4.065035e-03 2.188679e-03
9084.0 1.547317e-03 1.854156e-03 5.554369e-04 4.466732e-04 3.284091e-04 2.284784e-04 1.143435e-03 3.135007e-02 9.424874e-01 1.106337e-02 1.919867e-03 1.529922e-03 2.106082e-03 2.195474e-03 6.621694e-03 6.419251e-03 4.409101e-03
9103.9 1.518365e-03 1.449219e-03 5.391779e-04 7.090600e-04 4.598128e-04 6.303524e-04 1.258891e-03 1.760927e-02 9.693955e-01 1.361445e-02 1.795801e-03 1.616561e-03 1.559359e-03 2.849408e-03 7.774428e-03 7.538062e-03 4.097569e-03
9124.1 0.000000e+00 0.000000e+00 0.000000e+00 0.000000e+00 0.000000e+00 0.000000e+00 0.000000e+00 7.202492e-03 1.000000e+00 1.665869e-02 0.000000e+00 0.000000e+00 0.000000e+00 0.000000e+00 4.540459e-03 3.081913e-03 0.000000e+00
9143.9 3.342106e-03 3.364540e-03 3.123548e-03 2.580512e-03 2.908238e-03 2.787513e-03 3.689152e-03 9.659141e-03 9.916468e-01 4.351658e-02 4.792446e-03 4.177791e-03 4.160047e-03 4.575311e-03 9.134268e-03 8.309763e-03 5.463168e-03
9164.0 2.825023e-03 3.153453e-03 2.242595e-03 1.940748e-03 2.343830e-03 2.430328e-03 2.600355e-03 7.399869e-03 9.627977e-01 8.371515e-02 4.564956e-03 3.920033e-03 3.735628e-03 3.901986e-03 6.643862e-03 7.363102e-03 4.859740e-03
9184.1 4.265067e-03 3.865393e-03 4.090566e-03 3.131658e-03 3.258134e-03 3.357236e-03 4.122047e-03 7.047934e-03 8.661189e-01 1.497527e-01 5.666597e-03 4.188709e-03 4.650722e-03 4.640135e-03 6.852598e-03 8.838638e-03 7.296559e-03
9203.9 3.639377e-03 3.507599e-03 3.527896e-03 3.043538e-03 3.086492e-03 2.603043e-03 3.656648e-03 5.278700e-03 6.938108e-01 2.982639e-01 5.284710e-03 4.113355e-03 4.577478e-03 4.157998e-03 5.932820e-03 9.035963e-03 6.627616e-03
9224.0 2.806374e-03 2.304766e-03 2.224150e-03 1.506857e-03 1.468016e-03 1.667259e-03 2.105677e-03 3.546301e-03 4.951497e-01 5.714158e-01 4.989355e-03 3.182269e-03 3.313226e-03 2.588641e-03 5.175065e-03 8.215475e-03 5.946310e-03
9244.0 3.607048e-03 3.495132e-03 2.979053e-03 2.127564e-03 1.860761e-03 1.920155e-03 2.192522e-03 3.858483e-03 2.995046e-01 8.123525e-01 6.679606e-03 3.246379e-03 3.405948e-03 3.563384e-03 5.138867e-03 8.519934e-03 6.318796e-03
9264.0 2.580507e-03 2.797749e-03 2.560594e-03 1.559096e-03 1.064424e-03 1.304625e-03 1.579327e-03 2.937515e-03 1.400473e-01 9.367822e-01 6.492283e-03 2.510642e-03 2.419247e-03 2.264660e-03 3.950623e-03 6.960884e-03 5.717457e-03
9284.0 2.136052e-03 2.390658e-03 1.852470e-03 9.949664e-04 8.391452e-04 5.518720e-04 1.157086e-03 2.081653e-03 5.840250e-02 9.565385e-01 8.195844e-03 1.789488e-03 1.880252e-03 2.162933e-03 2.970812e-03 7.276803e-03 5.784575e-03
9304.0 6.809802e-04 1.054353e-03 9.469564e-04 2.364755e-04 0.000000e+00 0.000000e+00 1.482336e-04 6.592156e-04 3.054799e-02 9.409408e-01 9.379858e-03 1.649703e-03 9.137204e-04 5.424556e-04 2.561635e-03 6.324641e-03 5.804869e-03
9324.0 2.541496e-03 2.983678e-03 2.581629e-03 1.875967e-03 1.599721e-03 1.774929e-03 1.596041e-03 2.239642e-03 1.932443e-02 9.711538e-01 1.451447e-02 3.003392e-03 3.101403e-03 2.758905e-03 3.716349e-03 8.504027e-03 8.595762e-03
9343.9 1.666870e-03 1.791257e-03 1.429266e-03 7.237809e-04 6.383882e-04 5.540194e-04 4.973176e-04 1.452795e-03 9.982270e-03 1.000000e+00 1.897470e-02 2.529291e-03 2.091648e-03 1.780276e-03 2.935071e-03 7.696817e-03 6.877030e-03
9364.1 1.643141e-03 1.410240e-03 9.373013e-04 7.169538e-04 2.419832e-04 0.000000e+00 2.141735e-04 6.490188e-04 6.074592e-03 9.929104e-01 3.681239e-02 2.371235e-03 1.857973e-03 1.693201e-03 2.192229e-03 5.888613e-03 5.893611e-03
9384.0 2.085705e-03 1.634482e-03 1.521192e-03 9.813404e-04 5.614657e-04 3.712341e-04 6.317441e-04 1.187467e-03 4.490998e-03 9.650880e-01 7.541606e-02 2.842328e-03 2.348035e-03 2.237912e-03 2.490134e-03 4.767084e-03 5.701592e-03
9403.9 3.436548e-03 2.184800e-03 1.993384e-03 1.599035e-03 1.190970e-03 8.383026e-04 1.338547e-03 1.605636e-03 4.149094e-03 8.802597e-01 1.336542e-01 3.774801e-03 2.564679e-03 2.795233e-03 3.052101e-03 4.573380e-03 7.103976e-03
9424.1 1.307231e-03 6.381990e-04 2.566183e-04 0.000000e+00 0.000000e+00 0.000000e+00 0.000000e+00 1.615724e-05 1.325868e-03 7.014988e-01 2.643290e-01 1.979694e-03 5.953681e-04 1.021171e-03 8.680776e-04 2.521569e-03 5.577346e-03
9443.9 6.425871e-04 5.546624e-04 5.364220e-04 1.622775e-04 0.000000e+00 0.000000e+00 0.000000e+00 1.644599e-05 1.008768e-03 5.158552e-01 5.032447e-01 2.709862e-03 5.251718e-04 6.025241e-04 1.020637e-03 2.202516e-03 6.433108e-03
9464.0 1.679580e-03 2.300984e-03 1.986403e-03 1.661748e-03 6.891501e-04 4.588882e-04 7.554106e-04 1.303060e-03 2.368135e-03 3.178527e-01 7.713228e-01 4.696508e-03 1.942605e-03 2.253430e-03 2.084724e-03 3.382718e-03 6.868067e-03
9484.1 2.134938e-03 2.984494e-03 2.692857e-03 2.223249e-03 1.539582e-03 1.074830e-03 1.317428e-03 1.757296e-03 2.634350e-03 1.590625e-01 9.192560e-01 6.503879e-03 2.959861e-03 2.881090e-03 2.069200e-03 3.916261e-03 6.764291e-03
9503.9 1.414086e-03 1.726105e-03 1.419195e-03 1.428028e-03 5.788710e-04 4.728009e-04 6.836830e-04 6.651654e-04 9.227190e-04 6.830866e-02 9.661148e-01 7.441151e-03 2.042045e-03 1.374747e-03 1.781689e-03 2.332434e-03 5.702458e-03
9523.9 2.797229e-03 2.424185e-03 2.582231e-03 2.100294e-03 1.382692e-03 1.275503e-03 1.443994e-03 1.721320e-03 1.735845e-03 3.424453e-02 9.493960e-01 1.092803e-02 2.882732e-03 2.278043e-03 2.391452e-03 2.670377e-03 7.497989e-03
9544.0 2.474728e-03 1.193503e-03 1.308713e-03 1.097427e-03 9.518111e-04 6.152096e-04 9.684106e-04 5.045625e-04 9.269947e-04 2.050803e-02 9.634146e-01 1.347046e-02 2.052426e-03 1.756554e-03 1.835646e-03 1.944330e-03 7.873061e-03
9564.0 3.126287e-03 2.044520e-03 1.928340e-03 1.761125e-03 1.683256e-03 9.622832e-04 1.067880e-03 1.466999e-03 1.606541e-03 1.210290e-02 9.967265e-01 1.902230e-02 2.705858e-03 2.217303e-03 2.124368e-03 2.892495e-03 8.297989e-03
9584.0 3.444098e-03 2.246276e-03 1.906548e-03 1.918990e-03 1.397223e-03 1.420704e-03 1.348964e-03 1.139237e-03 1.848227e-03 8.038404e-03 1.000000e+00 3.435912e-02 2.959845e-03 2.556641e-03 2.471515e-03 3.281156e-03 7.120595e-03
9604.0 7.429663e-04 5.814970e-04 1.825838e-04 0.000000e+00 0.000000e+00 0.000000e+00 0.000000e+00 0.000000e+00 0.000000e+00 3.488134e-03 9.799663e-01 6.955124e-02 1.295812e-03 8.417094e-04 6.606969e-04 6.930841e-04 2.948017e-03
9623.9 2.501164e-03 2.530232e-03 1.431837e-03 1.063383e-03 7.895061e-04 7.328781e-04 8.280949e-04 9.306993e-04 1.096924e-03 4.167432e-03 9.295924e-01 1.234148e-01 3.044010e-03 1.673368e-03 1.829378e-03 2.142140e-03 3.233678e-03
9644.1 1.270566e-03 1.782617e-03 6.153413e-04 5.888359e-04 1.260751e-04 0.000000e+00 0.000000e+00 1.941212e-05 0.000000e+00 2.135333e-03 7.901980e-01 2.280706e-01 2.037154e-03 6.485291e-04 9.106598e-04 1.154645e-03 2.355046e-03
9664.0 1.108312e-03 3.129146e-04 0.000000e+00 0.000000e+00 0.000000e+00 0.000000e+00 0.000000e+00 0.000000e+00 0.000000e+00 6.197138e-04 6.049460e-01 4.539548e-01 1.409273e-03 0.000000e+00 0.000000e+00 9.224915e-06 1.552274e-03
9683.9 2.755759e-03 6.098748e-04 2.141822e-04 3.333385e-04 0.000000e+00 0.000000e+00 0.000000e+00 0.000000e+00 0.000000e+00 1.133740e-03 4.171556e-01 7.143609e-01 3.369856e-03 4.232464e-04 3.023831e-04 8.449750e-04 1.741832e-03
9704.1 4.105773e-03 1.882031e-03 1.984248e-03 1.972389e-03 1.697562e-03 5.938884e-04 6.447478e-04 9.880355e-04 6.323941e-04 2.663296e-03 2.356035e-01 8.943139e-01 5.717436e-03 1.935169e-03 1.849701e-03 2.183132e-03 2.634447e-03
9723.9 2.166805e-03 2.937656e-04 3.966399e-04 9.242089e-05 3.685637e-04 0.000000e+00 0.000000e+00 0.000000e+00 0.000000e+00 1.125447e-04 1.051884e-01 9.558923e-01 5.046063e-03 6.366752e-04 5.291291e-04 3.527002e-04 8.723275e-04
9744.0 6.485106e-04 0.000000e+00 0.000000e+00 0.000000e+00 0.000000e+00 0.000000e+00 0.000000e+00 0.000000e+00 0.000000e+00 0.000000e+00 4.745062e-02 9.589571e-01 5.596461e-03 0.000000e+00 0.000000e+00 0.000000e+00 0.000000e+00
9764.1 2.435404e-03 2.400806e-03 1.717240e-03 1.634872e-03 1.178001e-03 8.246119e-04 8.091392e-04 8.113579e-04 1.096854e-03 1.106186e-03 2.777493e-02 9.503885e-01 1.240746e-02 1.936237e-03 1.694153e-03 1.494220e-03 1.803183e-03
9783.9 1.056809e-03 2.171063e-03 8.963036e-04 1.182707e-03 4.390204e-04 1.391535e-04 0.000000e+00 2.348794e-04 0.000000e+00 4.966387e-04 1.677532e-02 9.822702e-01 1.456423e-02 1.208162e-03 6.583738e-04 9.087030e-04 7.950501e-04
9803.9 0.000000e+00 2.001730e-04 0.000000e+00 0.000000e+00 0.000000e+00 0.000000e+00 0.000000e+00 0.000000e+00 0.000000e+00 0.000000e+00 8.643623e-03 1.000000e+00 2.024234e-02 0.000000e+00 0.000000e+00 0.000000e+00 0.000000e+00
9824.0 0.000000e+00 8.137437e-04 3.263709e-04 0.000000e+00 0.000000e+00 0.000000e+00 0.000000e+00 0.000000e+00 0.000000e+00 0.000000e+00 5.563949e-03 9.853576e-01 4.402521e-02 8.138052e-04 0.000000e+00 0.000000e+00 0.000000e+00
9844.0 1.565998e-03 2.893730e-03 2.832519e-03 1.734602e-03 1.345473e-03 1.213134e-03 5.834590e-04 1.085537e-03 7.346275e-04 1.646378e-03 5.715148e-03 9.623646e-01 8.961677e-02 3.234964e-03 2.115697e-03 2.387868e-03 1.300319e-03
9863.9 3.051362e-03 4.189149e-03 4.238860e-03 3.267640e-03 3.131039e-03 2.564276e-03 2.399648e-03 2.405908e-03 2.565505e-03 3.165383e-03 5.960269e-03 8.794229e-01 1.528782e-01 4.703836e-03 3.243958e-03 3.731617e-03 2.751091e-03
9883.9 9.529424e-04 2.049912e-03 1.868095e-03 1.029524e-03 8.699032e-04 6.839998e-04 1.892672e-04 1.644886e-04 4.691110e-05 4.274824e-04 2.631431e-03 7.219786e-01 2.814766e-01 2.817611e-03 1.278139e-03 1.406204e-03 5.587210e-04
9904.1 1.118567e-03 2.697713e-03 1.586769e-03 1.082465e-03 9.482761e-04 5.150551e-04 4.654459e-05 0.000000e+00 1.539532e-05 8.318615e-04 1.922028e-03 5.334921e-01 5.313538e-01 3.337232e-03 1.473380e-03 1.487631e-03 4.532519e-04
9924.0 1.608026e-03 3.620910e-03 1.665574e-03 1.747203e-03 1.907583e-03 1.186613e-03 7.576483e-04 4.524897e-04 3.921005e-04 1.197314e-03 2.513516e-03 3.469007e-01 7.804147e-01 4.993696e-03 1.985151e-03 1.973278e-03 1.080606e-03
9943.9 1.050392e-03 3.047398e-03 5.785685e-04 1.127129e-03 1.041323e-03 9.015635e-04 0.000000e+00 0.000000e+00 0.000000e+00 9.289903e-05 1.475330e-03 1.988004e-01 9.159914e-01 5.048221e-03 1.744892e-03 1.184842e-03 5.718573e-04
9964.1 2.463894e-03 4.267073e-03 2.233571e-03 2.625686e-03 2.475018e-03 2.380862e-03 1.342763e-03 1.194348e-03 1.204918e-03 1.835563e-03 2.287346e-03 8.984829e-02 9.659717e-01 7.534398e-03 3.137448e-03 2.557766e-03 2.106759e-03
9983.9 1.834515e-03 3.182103e-03 2.036251e-03 1.939304e-03 1.845175e-03 1.787920e-03 1.128723e-03 1.084375e-03 1.008847e-03 1.039298e-03 1.816453e-03 4.338488e-02 9.595459e-01 9.221078e-03 2.688300e-03 1.624748e-03 1.464708e-03
10004.1 8.395855e-04 1.603452e-03 1.782260e-03 1.031185e-03 9.960979e-04 6.910038e-04 4.678560e-04 0.000000e+00 5.861353e-05 3.217872e-04 5.967796e-04 2.531173e-02 9.567577e-01 1.173728e-02 1.734144e-03 1.066247e-03 7.180777e-04
10024.1 2.579301e-03 3.359799e-03 4.242402e-03 3.125647e-03 2.886739e-03 2.803889e-03 2.094465e-03 1.949429e-03 2.231021e-03 2.411299e-03 2.504164e-03 1.789633e-02 9.867462e-01 1.736117e-02 4.231639e-03 3.445712e-03 3.018647e-03
10043.9 0.000000e+00 0.000000e+00 8.694305e-04 0.000000e+00 0.000000e+00 0.000000e+00 0.000000e+00 0.000000e+00 0.000000e+00 0.000000e+00 0.000000e+00 9.405353e-03 1.000000e+00 2.254764e-02 5.347751e-04 1.750006e-04 0.000000e+00
10064.0 6.590595e-04 8.352848e-04 2.084428e-03 1.243700e-03 6.849713e-04 6.350481e-04 5.197665e-04 0.000000e+00 3.459088e-04 5.489139e-04 1.034989e-03 6.681364e-03 9.874880e-01 4.678239e-02 2.387891e-03 1.555131e-03 1.060631e-03
10084.0 1.174415e-03 1.194340e-03 2.107478e-03 1.992182e-03 1.024518e-03 7.327761e-04 4.009012e-04 3.305387e-04 5.318939e-04 4.825486e-04 1.273919e-03 4.841616e-03 9.643208e-01 8.905470e-02 2.420980e-03 2.070933e-03 1.551967e-03
10104.0 0.000000e+00 0.000000e+00 0.000000e+00 0.000000e+00 0.000000e+00 0.000000e+00 0.000000e+00 0.000000e+00 0.000000e+00 0.000000e+00 0.000000e+00 8.428761e-04 8.888275e-01 1.499291e-01 2.945575e-04 0.000000e+00 0.000000e+00
10123.9 0.000000e+00 1.261268e-05 1.033847e-03 5.664110e-04 0.000000e+00 0.000000e+00 0.000000e+00 0.000000e+00 0.000000e+00 0.000000e+00 0.000000e+00 1.341321e-03 7.470953e-01 2.659634e-01 1.810408e-03 1.031387e-04 0.000000e+00
10143.9 3.610938e-04 9.756397e-04 2.875715e-03 1.564700e-03 1.103209e-03 8.103528e-04 7.430260e-04 0.000000e+00 1.856906e-04 3.904268e-04 6.139268e-04 2.109049e-03 5.590250e-01 4.966808e-01 3.633809e-03 1.625255e-03 1.228217e-03
10164.1 0.000000e+00 0.000000e+00 1.222772e-03 0.000000e+00 0.000000e+00 0.000000e+00 0.000000e+00 0.000000e+00 0.000000e+00 0.000000e+00 0.000000e+00 1.301085e-04 3.802078e-01 7.469237e-01 2.428175e-03 0.000000e+00 0.000000e+00
10184.0 0.000000e+00 0.000000e+00 1.583786e-03 0.000000e+00 0.000000e+00 0.000000e+00 0.000000e+00 0.000000e+00 0.000000e+00 0.000000e+00 0.000000e+00 8.389688e-05 2.187180e-01 9.084973e-01 3.798680e-03 6.675071e-05 0.000000e+00
10203.9 0.000000e+00 0.000000e+00 1.625019e-03 0.000000e+00 0.000000e+00 0.000000e+00 0.000000e+00 0.000000e+00 0.000000e+00 0.000000e+00 0.000000e+00 3.611462e-04 1.041053e-01 9.614791e-01 4.865681e-03 6.217101e-04 0.000000e+00
10224.0 0.000000e+00 0.000000e+00 1.306521e-03 2.556521e-04 2.388596e-04 0.000000e+00 0.000000e+00 0.000000e+00 0.000000e+00 0.000000e+00 0.000000e+00 4.448467e-04 4.715104e-02 9.599807e-01 7.491585e-03 9.339243e-04 0.000000e+00
10244.1 0.000000e+00 0.000000e+00 0.000000e+00 0.000000e+00 0.000000e+00 0.000000e+00 0.000000e+00 0.000000e+00 0.000000e+00 0.000000e+00 0.000000e+00 0.000000e+00 2.559990e-02 9.517393e-01 8.360995e-03 0.000000e+00 0.000000e+00
10263.9 0.000000e+00 0.000000e+00 1.294411e-04 5.093478e-04 0.000000e+00 0.000000e+00 0.000000e+00 0.000000e+00 0.000000e+00 0.000000e+00 0.000000e+00 0.000000e+00 1.666303e-02 9.783705e-01 1.339967e-02 5.199138e-04 0.000000e+00
10284.0 1.214632e-03 1.260396e-03 1.507052e-03 2.755775e-03 1.436320e-03 1.442149e-03 1.194799e-03 8.014637e-04 8.230876e-04 9.681018e-04 5.845856e-04 1.389746e-03 1.023163e-02 1.000000e+00 2.116109e-02 2.900317e-03 1.972587e-03
10304.0 0.000000e+00 0.000000e+00 3.527689e-05 1.407864e-03 3.439986e-04 2.825934e-05 0.000000e+00 0.000000e+00 0.000000e+00 0.000000e+00 0.000000e+00 0.000000e+00 6.942561e-03 9.892904e-01 3.782293e-02 1.941772e-03 6.187614e-04
10324.0 0.000000e+00 0.000000e+00 0.000000e+00 2.045754e-04 0.000000e+00 0.000000e+00 0.000000e+00 0.000000e+00 0.000000e+00 0.000000e+00 0.000000e+00 0.000000e+00 3.624333e-03 9.740976e-01 7.632820e-02 1.365161e-03 0.000000e+00
10344.0 0.000000e+00 0.000000e+00 0.000000e+00 3.582767e-04 6.100841e-04 0.000000e+00 0.000000e+00 0.000000e+00 0.000000e+00 0.000000e+00 0.000000e+00 0.000000e+00 2.795028e-03 9.149614e-01 1.362282e-01 1.888809e-03 9.363633e-05
10364.0 0.000000e+00 0.000000e+00 3.468880e-04 8.393565e-04 1.047707e-03 0.000000e+00 0.000000e+00 0.000000e+00 0.000000e+00 0.000000e+00 0.000000e+00 0.000000e+00 2.234574e-03 7.816167e-01 2.321207e-01 2.360872e-03 4.580937e-04
10383.9 5.189237e-04 8.502768e-04 1.611676e-03 2.764638e-03 2.054365e-03 1.239115e-03 1.196555e-03 5.722819e-04 2.167631e-04 2.261332e-04 9.741367e-04 6.627453e-04 2.760317e-03 6.035478e-01 4.284853e-01 4.132407e-03 1.954083e-03
10404.1 0.000000e+00 0.000000e+00 0.000000e+00 7.628481e-04 0.000000e+00 0.000000e+00 0.000000e+00 0.000000e+00 0.000000e+00 0.000000e+00 0.000000e+00 0.000000e+00 0.000000e+00 4.192257e-01 6.946980e-01 2.722601e-03 0.000000e+00
10424.0 1.112345e-04 3.721952e-04 1.284884e-03 2.863810e-03 1.217896e-03 1.183659e-03 1.039731e-03 7.216426e-04 5.515626e-06 0.000000e+00 1.191959e-04 2.782458e-04 1.861136e-03 2.603582e-01 8.791043e-01 5.413120e-03 1.393754e-03
10444.1 0.000000e+00 0.000000e+00 5.870647e-04 2.658759e-03 7.045168e-04 8.799214e-04 9.380631e-04 6.089559e-04 0.000000e+00 0.000000e+00 0.000000e+00 0.000000e+00 1.616083e-03 1.285155e-01 9.610737e-01 6.590469e-03 1.366328e-03
10464.0 1.610916e-03 1.554930e-03 1.940708e-03 3.789712e-03 2.106857e-03 2.441208e-03 2.297928e-03 2.483680e-03 1.280693e-03 1.374451e-03 1.308797e-03 1.787476e-03 2.571492e-03 6.113473e-02 9.747341e-01 9.847245e-03 3.183696e-03
10484.1 0.000000e+00 0.000000e+00 5.805541e-05 1.509853e-03 8.601464e-04 6.741245e-04 5.631077e-04 0.000000e+00 0.000000e+00 0.000000e+00 0.000000e+00 0.000000e+00 5.974762e-05 3.013765e-02 9.623826e-01 1.194759e-02 1.276687e-03
10504.1 8.029624e-04 7.875973e-04 7.818092e-04 2.288651e-03 2.283202e-03 1.681438e-03 1.274585e-03 1.281932e-03 5.783843e-04 4.030229e-04 5.528827e-04 1.167990e-03 8.148855e-04 2.055959e-02 9.692649e-01 1.613921e-02 2.486738e-03
10523.9 1.392812e-03 1.101259e-03 1.335192e-03 2.247384e-03 2.674234e-03 2.064729e-03 1.691548e-03 1.770933e-03 1.191620e-03 1.057093e-03 1.146289e-03 1.192253e-03 1.147537e-03 1.385483e-02 9.991841e-01 2.039140e-02 2.873892e-03
10543.9 0.000000e+00 5.826789e-04 3.227482e-04 7.661378e-04 1.643594e-03 7.762886e-04 6.636094e-04 2.217229e-04 0.000000e+00 0.000000e+00 0.000000e+00 6.762102e-05 3.012326e-04 8.433356e-03 1.000000e+00 3.245664e-02 2.098476e-03
10563.9 1.020368e-04 3.392686e-04 2.430630e-04 4.117635e-04 1.437035e-03 8.073523e-04 9.021750e-04 3.054609e-04 0.000000e+00 0.000000e+00 0.000000e+00 2.255098e-04 4.188814e-04 5.785627e-03 9.894494e-01 6.387472e-02 2.593234e-03
10584.1 8.906630e-04 1.417569e-03 1.157877e-03 1.425267e-03 2.192315e-03 1.945517e-03 1.691819e-03 1.369398e-03 9.948674e-04 8.973560e-04 7.906198e-04 1.016217e-03 1.032594e-03 5.107900e-03 9.579051e-01 1.226878e-01 3.552724e-03
10604.1 4.291047e-03 4.661186e-03 4.320413e-03 5.009742e-03 5.322868e-03 5.573079e-03 5.073428e-03 4.382274e-03 4.196148e-03 4.251353e-03 4.035236e-03 4.691219e-03 4.562383e-03 7.388694e-03 8.708609e-01 1.986194e-01 7.130342e-03
10624.0 0.000000e+00 0.000000e+00 0.000000e+00 3.352874e-04 1.041153e-03 6.850448e-04 0.000000e+00 0.000000e+00 0.000000e+00 0.000000e+00 0.000000e+00 0.000000e+00 0.000000e+00 1.734695e-03 7.150714e-01 3.421817e-01 2.360491e-03
10644.1 0.000000e+00 0.000000e+00 0.000000e+00 1.823793e-04 1.566565e-03 2.438607e-04 1.927504e-04 0.000000e+00 0.000000e+00 0.000000e+00 0.000000e+00 0.000000e+00 0.000000e+00 8.586575e-04 5.289278e-01 5.906835e-01 2.919728e-03
10664.0 0.000000e+00 0.000000e+00 0.000000e+00 0.000000e+00 1.293432e-03 0.000000e+00 0.000000e+00 0.000000e+00 0.000000e+00 0.000000e+00 0.000000e+00 0.000000e+00 0.000000e+00 2.592780e-04 3.663880e-01 8.084116e-01 3.546406e-03
10684.1 0.000000e+00 0.000000e+00 0.000000e+00 5.407672e-04 2.050402e-03 4.072092e-04 6.384433e-04 2.264048e-04 2.654439e-04 0.000000e+00 0.000000e+00 0.000000e+00 0.000000e+00 1.077775e-03 2.146473e-01 9.348757e-01 5.456078e-03
10703.9 0.000000e+00 0.000000e+00 0.000000e+00 3.523924e-04 1.823304e-03 0.000000e+00 3.456032e-04 4.241242e-04 2.371885e-04 0.000000e+00 0.000000e+00 0.000000e+00 0.000000e+00 7.542604e-04 1.064806e-01 9.761542e-01 6.682359e-03
10723.9 0.000000e+00 0.000000e+00 0.000000e+00 0.000000e+00 1.353610e-03 0.000000e+00 0.000000e+00 4.047256e-05 0.000000e+00 0.000000e+00 0.000000e+00 0.000000e+00 0.000000e+00 0.000000e+00 4.977943e-02 9.733892e-01 8.917460e-03
10744.0 2.691906e-04 5.751583e-04 8.359369e-04 1.246113e-03 2.570206e-03 1.864407e-03 1.494264e-03 1.250714e-03 1.259289e-03 6.241283e-04 6.212018e-04 8.061752e-04 9.763752e-04 1.173245e-03 3.000475e-02 9.610104e-01 1.370689e-02
10764.0 6.613735e-04 6.890242e-04 1.033347e-03 1.463157e-03 2.083911e-03 2.138797e-03 1.744321e-03 1.254820e-03 1.329950e-03 6.742803e-04 4.171099e-04 8.702351e-04 9.179056e-04 1.195473e-03 2.018415e-02 9.795594e-01 1.696121e-02
10783.9 2.217146e-03 2.186849e-03 2.378676e-03 2.592483e-03 2.997885e-03 3.515649e-03 3.032035e-03 2.765901e-03 2.416279e-03 2.276852e-03 1.863370e-03 2.431408e-03 2.371470e-03 2.625957e-03 1.294107e-02 1.000000e+00 2.393148e-02
10804.1 2.120830e-03 2.176964e-03 2.606523e-03 2.902909e-03 3.111261e-03 3.827316e-03 3.152790e-03 2.720204e-03 2.553053e-03 2.196951e-03 2.184761e-03 2.520072e-03 2.605927e-03 2.876986e-03 1.094799e-02 9.982061e-01 3.776743e-02
10824.0 2.155988e-03 2.288045e-03 2.447790e-03 2.767787e-03 2.945325e-03 3.716745e-03 3.140848e-03 2.885951e-03 2.432469e-03 2.299212e-03 2.173423e-03 2.417433e-03 2.217782e-03 2.851895e-03 8.137771e-03 9.772231e-01 7.332337e-02
10843.9 1.665603e-03 1.364785e-03 1.792680e-03 1.940439e-03 2.069810e-03 3.048584e-03 2.533196e-03 1.973917e-03 1.794564e-03 1.266543e-03 1.537535e-03 1.615667e-03 1.951534e-03 2.116913e-03 5.555251e-03 9.403983e-01 1.248196e-01
10864.1 2.379272e-03 2.158905e-03 2.545518e-03 2.665441e-03 2.842259e-03 3.644601e-03 3.509315e-03 2.915550e-03 2.402387e-03 2.044075e-03 2.251146e-03 2.196866e-03 2.500707e-03 2.757296e-03 5.311909e-03 8.452789e-01 2.013947e-01
10883.9 1.410354e-03 1.594073e-03 1.601890e-03 1.970446e-03 2.266605e-03 3.223445e-03 2.859234e-03 1.876381e-03 2.040757e-03 1.588433e-03 1.857059e-03 1.176842e-03 1.964142e-03 2.072827e-03 3.875243e-03 6.875515e-01 3.413342e-01
10904.0 2.376622e-03 2.617558e-03 2.846184e-03 2.946365e-03 3.549434e-03 4.663703e-03 3.832148e-03 3.321743e-03 3.333219e-03 2.805440e-03 3.251751e-03 2.826346e-03 3.114633e-03 3.161715e-03 4.393460e-03 5.133403e-01 5.761677e-01
10924.0 2.093179e-03 1.999571e-03 2.100614e-03 2.486875e-03 3.100486e-03 4.382633e-03 2.985492e-03 2.764709e-03 2.902920e-03 2.188453e-03 2.142095e-03 2.078914e-03 2.415541e-03 2.468937e-03 3.838800e-03 3.573546e-01 7.956471e-01
10944.0 0.000000e+00 2.308851e-04 3.973439e-04 5.810402e-04 1.008444e-03 2.823841e-03 1.215704e-03 9.349456e-04 6.466365e-04 6.678927e-04 2.412954e-04 1.101501e-04 3.681715e-04 6.879098e-04 2.355988e-03 2.142782e-01 9.236872e-01
10964.0 0.000000e+00 0.000000e+00 0.000000e+00 1.168784e-04 6.428342e-04 2.137110e-03 7.726560e-04 1.238327e-03 3.480508e-04 4.655024e-04 0.000000e+00 0.000000e+00 1.911738e-04 1.058136e-04 1.580353e-03 1.079515e-01 9.682532e-01
10984.0 6.050649e-05 4.869470e-04 5.904608e-04 7.284373e-04 9.878802e-04 2.591631e-03 1.090529e-03 1.317168e-03 7.778853e-04 1.153802e-03 3.204516e-04 4.884610e-04 5.878361e-04 9.633003e-04 1.681505e-03 5.220544e-02 9.727999e-01
11003.9 1.112159e-04 1.725149e-04 3.361941e-04 6.497407e-04 8.610156e-04 1.990414e-03 1.030268e-03 9.555317e-04 6.548063e-04 6.569999e-04 5.466169e-04 3.069510e-04 6.168516e-04 4.668517e-04 1.341886e-03 3.073075e-02 9.584160e-01
11024.1 2.113851e-03 2.270270e-03 2.356541e-03 2.635252e-03 2.742663e-03 3.592878e-03 3.406092e-03 2.857003e-03 2.601650e-03 2.613684e-03 2.527519e-03 2.114478e-03 2.379200e-03 2.829649e-03 2.972891e-03 2.198058e-02 9.737639e-01
11043.9 0.000000e+00 0.000000e+00 9.103196e-05 1.755993e-04 1.399107e-04 1.061914e-03 1.509596e-03 4.904447e-04 6.393252e-04 2.532356e-04 7.836663e-05 1.496749e-04 0.000000e+00 9.430732e-05 7.194108e-04 1.315954e-02 9.971051e-01
11064.1 0.000000e+00 0.000000e+00 0.000000e+00 0.000000e+00 0.000000e+00 3.124026e-04 1.327590e-03 2.692391e-04 2.720474e-04 2.712026e-04 0.000000e+00 0.000000e+00 0.000000e+00 0.000000e+00 2.578129e-04 8.567281e-03 1.000000e+00
11084.1 0.000000e+00 0.000000e+00 0.000000e+00 0.000000e+00 0.000000e+00 0.000000e+00 3.168089e-04 0.000000e+00 0.000000e+00 0.000000e+00 0.000000e+00 0.000000e+00 0.000000e+00 0.000000e+00 0.000000e+00 4.921407e-03 9.860163e-01
11103.9 9.261350e-04 9.244744e-04 1.035310e-03 1.081164e-03 8.722345e-04 1.516728e-03 2.523389e-03 1.827764e-03 1.486283e-03 1.345526e-03 1.161550e-03 9.223459e-04 1.231718e-03 8.195260e-04 1.586448e-03 5.514279e-03 9.602649e-01
11123.9 5.511348e-04 7.254763e-04 8.588239e-04 8.233902e-04 7.932709e-04 1.217823e-03 2.186050e-03 2.117109e-03 1.224092e-03 8.116287e-04 7.827037e-04 5.169729e-04 8.823332e-04 9.428973e-04 9.903339e-04 4.572840e-03 8.876458e-01
11143.9 1.006613e-03 1.276824e-03 1.306159e-03 1.235462e-03 1.510177e-03 1.722299e-03 2.269195e-03 2.467790e-03 1.569155e-03 1.522026e-03 1.501108e-03 1.359767e-03 1.221469e-03 1.432821e-03 1.621759e-03 4.097412e-03 7.374379e-01
11163.9 0.000000e+00 0.000000e+00 0.000000e+00 0.000000e+00 0.000000e+00 0.000000e+00 0.000000e+00 0.000000e+00 0.000000e+00 0.000000e+00 0.000000e+00 0.000000e+00 0.000000e+00 0.000000e+00 0.000000e+00 0.000000e+00 5.580732e-01
11204.0 0.000000e+00 0.000000e+00 0.000000e+00 0.000000e+00 0.000000e+00 0.000000e+00 0.000000e+00 0.000000e+00 0.000000e+00 0.000000e+00 0.000000e+00 0.000000e+00 0.000000e+00 0.000000e+00 0.000000e+00 0.000000e+00 2.509871e-01
11224.1 0.000000e+00 0.000000e+00 0.000000e+00 0.000000e+00 0.000000e+00 0.000000e+00 0.000000e+00 0.000000e+00 0.000000e+00 0.000000e+00 0.000000e+00 0.000000e+00 0.000000e+00 0.000000e+00 0.000000e+00 0.000000e+00 2.509871e-01
11244.0 0.000000e+00 0.000000e+00 2.254500e-04 2.451183e-04 4.205022e-04 6.534123e-04 2.105243e-03 8.260236e-04 1.383810e-03 4.311975e-04 7.577190e-04 4.184424e-04 1.033382e-04 1.007068e-04 5.327814e-04 1.976104e-03 6.818382e-02
11264.0 0.000000e+00 0.000000e+00 0.000000e+00 0.000000e+00 0.000000e+00 3.890816e-05 8.644616e-04 1.676447e-04 0.000000e+00 0.000000e+00 0.000000e+00 0.000000e+00 0.000000e+00 0.000000e+00 0.000000e+00 4.321916e-04 3.671184e-02
11284.1 0.000000e+00 0.000000e+00 0.000000e+00 0.000000e+00 0.000000e+00 0.000000e+00 3.072724e-04 1.092501e-04 0.000000e+00 0.000000e+00 0.000000e+00 0.000000e+00 0.000000e+00 0.000000e+00 0.000000e+00 3.092747e-04 2.400156e-02
11304.1 0.000000e+00 0.000000e+00 0.000000e+00 0.000000e+00 0.000000e+00 0.000000e+00 2.492290e-04 7.744828e-04 0.000000e+00 0.000000e+00 0.000000e+00 0.000000e+00 0.000000e+00 0.000000e+00 0.000000e+00 3.064035e-04 1.700872e-02
11324.1 0.000000e+00 0.000000e+00 0.000000e+00 0.000000e+00 7.438289e-05 4.814545e-04 3.727432e-04 1.265765e-03 2.374819e-04 3.274261e-04 4.023531e-05 1.205497e-04 0.000000e+00 0.000000e+00 9.625941e-05 7.310751e-04 1.088372e-02
11344.0 1.928448e-03 1.532912e-03 2.160871e-03 1.763399e-03 1.992370e-03 1.953707e-03 2.234809e-03 2.991834e-03 2.493560e-03 2.294577e-03 2.155620e-03 1.796094e-03 1.927067e-03 1.829917e-03 1.616966e-03 2.723176e-03 9.018333e-03
11363.9 1.778688e-03 9.590831e-04 1.913246e-03 1.268501e-03 1.622639e-03 1.793449e-03 1.893838e-03 2.660657e-03 2.483461e-03 2.045662e-03 1.784271e-03 1.441681e-03 1.690865e-03 1.694822e-03 1.484695e-03 1.892017e-03 7.254862e-03
11384.1 2.138139e-03 1.397272e-03 2.272159e-03 1.794176e-03 2.002469e-03 2.147023e-03 2.495866e-03 2.806918e-03 2.863977e-03 2.092632e-03 1.910764e-03 1.764011e-03 2.025758e-03 1.887912e-03 1.718429e-03 2.039818e-03 6.172145e-03
11403.9 2.589739e-03 1.926205e-03 2.445182e-03 2.275844e-03 2.442761e-03 2.464818e-03 2.961452e-03 3.181137e-03 3.523195e-03 2.664468e-03 2.338608e-03 2.077058e-03 2.086859e-03 2.373024e-03 2.581751e-03 2.569632e-03 5.372302e-03
11424.0 6.599263e-04 4.935075e-04 1.276455e-03 8.254236e-04 1.091040e-03 1.055826e-03 1.454799e-03 2.029282e-03 1.781660e-03 1.527215e-03 1.140368e-03 5.269098e-04 1.129749e-03 8.276928e-04 1.043792e-03 1.178033e-03 3.015694e-03
11444.1 3.062091e-04 2.895371e-04 6.706009e-04 5.449359e-04 9.267153e-04 7.449689e-04 8.962342e-04 2.397881e-03 1.114118e-03 1.201154e-03 1.225661e-03 8.045289e-04 6.136051e-04 6.655112e-04 6.538245e-04 8.512574e-04 2.303058e-03
11464.1 2.615678e-04 3.308217e-04 5.253657e-04 6.125216e-04 1.009151e-03 6.365430e-04 1.166370e-03 2.698079e-03 1.342319e-03 1.235699e-03 1.279262e-03 9.666498e-04 6.465475e-04 5.895034e-04 5.049853e-04 1.249951e-03 1.977942e-03
11484.0 6.292098e-04 6.951615e-04 7.320624e-04 9.692318e-04 1.354451e-03 1.267916e-03 1.502939e-03 3.026103e-03 1.497228e-03 1.772034e-03 1.837872e-03 1.674043e-03 1.064138e-03 9.582159e-04 9.738220e-04 1.303821e-03 2.695621e-03
11504.0 0.000000e+00 0.000000e+00 0.000000e+00 0.000000e+00 1.599573e-04 0.000000e+00 0.000000e+00 1.793922e-03 0.000000e+00 2.528746e-04 6.105570e-04 6.368790e-04 0.000000e+00 0.000000e+00 0.000000e+00 0.000000e+00 9.391002e-04
11523.9 1.830701e-04 2.983254e-04 9.691477e-05 5.102519e-04 6.526586e-04 5.991313e-04 7.533264e-04 2.332495e-03 1.207063e-03 1.003442e-03 1.317017e-03 1.330278e-03 5.742381e-04 7.035832e-04 4.910188e-04 7.500800e-04 1.375403e-03
11544.1 2.202029e-04 2.542476e-04 3.027902e-04 8.217222e-04 7.521543e-04 7.142233e-04 1.215610e-03 2.292332e-03 1.582667e-03 1.140257e-03 1.258318e-03 1.371918e-03 8.858931e-04 6.746539e-04 5.373000e-04 1.012594e-03 1.253587e-03
11563.9 8.855899e-04 1.371929e-03 1.453995e-03 1.595874e-03 1.378335e-03 1.544763e-03 1.907867e-03 2.629129e-03 2.490831e-03 1.884407e-03 1.707658e-03 1.847768e-03 1.954405e-03 1.414535e-03 1.459501e-03 1.739704e-03 1.897549e-03
11584.0 0.000000e+00 0.000000e+00 0.000000e+00 1.302362e-05 0.000000e+00 0.000000e+00 9.999421e-05 7.362385e-04 9.373712e-04 0.000000e+00 2.593248e-04 2.099721e-04 1.641657e-04 9.825057e-06 0.000000e+00 0.000000e+00 1.812251e-05
11604.0 0.000000e+00 0.000000e+00 0.000000e+00 0.000000e+00 0.000000e+00 0.000000e+00 0.000000e+00 0.000000e+00 1.327988e-04 0.000000e+00 0.000000e+00 0.000000e+00 0.000000e+00 0.000000e+00 0.000000e+00 0.000000e+00 0.000000e+00
11624.0 0.000000e+00 0.000000e+00 0.000000e+00 0.000000e+00 0.000000e+00 0.000000e+00 0.000000e+00 0.000000e+00 9.103474e-05 0.000000e+00 0.000000e+00 0.000000e+00 0.000000e+00 0.000000e+00 0.000000e+00 0.000000e+00 0.000000e+00
11644.0 5.522138e-04 1.440192e-03 8.191215e-04 1.155401e-03 1.008741e-03 1.252136e-03 1.423164e-03 1.486870e-03 2.212267e-03 2.111202e-03 1.869840e-03 1.333896e-03 6.561159e-04 8.648779e-04 1.264791e-03 1.245302e-03 1.617127e-03
11664.0 1.305109e-04 7.147820e-04 1.010213e-04 4.606250e-04 3.835155e-04 6.002196e-04 8.497444e-04 8.893530e-04 1.483170e-03 1.695980e-03 1.012772e-03 1.038802e-03 2.635399e-04 6.252557e-04 1.020651e-03 8.466088e-04 1.114602e-03
11684.1 7.169906e-04 9.440272e-04 6.314518e-04 8.731312e-04 6.638502e-04 7.825166e-04 1.250409e-03 1.218063e-03 1.745492e-03 2.047847e-03 1.263554e-03 1.078803e-03 7.971808e-04 1.058104e-03 1.088703e-03 1.288235e-03 1.699837e-03
11704.0 1.131526e-03 8.519885e-04 7.810674e-04 6.478910e-04 9.458227e-04 1.040861e-03 1.442557e-03 1.511133e-03 2.089568e-03 2.149570e-03 1.739626e-03 1.651448e-03 9.500011e-04 1.140935e-03 1.258629e-03 1.064277e-03 1.800396e-03
11724.1 2.330356e-03 1.753709e-03 1.792650e-03 1.966156e-03 1.840192e-03 2.167974e-03 2.167687e-03 2.762231e-03 3.491394e-03 2.460612e-03 2.490593e-03 2.397341e-03 1.708635e-03 1.947272e-03 2.211776e-03 2.071949e-03 2.722737e-03
11744.1 2.534723e-03 1.896638e-03 2.003864e-03 1.965745e-03 2.085723e-03 2.385778e-03 2.477160e-03 2.817199e-03 3.993381e-03 2.783941e-03 2.470475e-03 2.648406e-03 2.529327e-03 2.193649e-03 2.366913e-03 2.770483e-03 2.610459e-03
11763.9 1.443537e-03 5.993759e-04 4.112034e-04 6.147151e-04 7.767211e-04 7.765308e-04 8.043551e-04 1.358978e-03 2.738958e-03 1.241980e-03 1.479199e-03 1.361679e-03 1.193174e-03 9.062250e-04 1.194959e-03 8.887204e-04 1.372678e-03
11783.9 1.098831e-03 3.905004e-04 3.912181e-04 5.097036e-04 5.967009e-04 6.852462e-04 4.962574e-04 1.273990e-03 2.525907e-03 1.232012e-03 1.290286e-03 1.291915e-03 1.317289e-03 9.881005e-04 7.700753e-04 9.680216e-04 7.698660e-04
11804.1 1.619509e-03 5.929720e-04 8.328101e-04 9.161777e-04 9.784421e-04 9.234567e-04 9.779351e-04 1.787616e-03 2.474180e-03 1.431363e-03 1.556776e-03 1.557179e-03 1.592175e-03 1.231816e-03 1.280948e-03 1.181861e-03 9.955116e-04
11824.0 3.481199e-05 0.000000e+00 0.000000e+00 0.000000e+00 0.000000e+00 0.000000e+00 1.045331e-05 2.722341e-04 1.067850e-03 8.361792e-04 8.722243e-05 0.000000e+00 4.163602e-04 3.022570e-04 8.598991e-05 0.000000e+00 4.292173e-05
11844.1 8.891394e-04 3.768751e-04 6.358321e-04 5.553548e-04 7.151676e-04 1.190644e-03 1.190853e-03 1.327450e-03 1.900947e-03 1.705401e-03 1.413885e-03 1.616703e-03 1.460541e-03 1.217352e-03 1.399664e-03 8.239122e-04 1.178236e-03
11864.0 1.323402e-03 6.222664e-04 9.123404e-04 9.356446e-04 9.541482e-04 1.124664e-03 1.206120e-03 1.250687e-03 1.742899e-03 2.198862e-03 1.737146e-03 1.893094e-03 1.491844e-03 1.477852e-03 1.501126e-03 1.019978e-03 1.423911e-03
11884.0 1.898278e-03 1.223550e-03 1.423881e-03 1.422591e-03 1.561085e-03 1.733862e-03 2.021203e-03 1.659586e-03 1.966460e-03 2.806880e-03 2.005978e-03 2.273241e-03 2.186233e-03 1.846155e-03 1.969141e-03 1.595185e-03 2.130553e-03
11904.0 1.331456e-03 5.762129e-04 1.199389e-03 7.105415e-04 7.596608e-04 1.136363e-03 1.222213e-03 9.921605e-04 1.190276e-03 1.902704e-03 1.373099e-03 1.602778e-03 1.488426e-03 1.197292e-03 1.390216e-03 9.982381e-04 9.513635e-04
11924.0 1.133779e-03 2.819070e-04 8.712748e-04 2.542349e-04 5.810054e-04 6.051172e-04 1.033915e-03 8.393201e-04 7.647191e-04 1.365277e-03 1.114876e-03 1.342838e-03 9.568357e-04 6.503642e-04 1.034480e-03 7.585571e-04 8.200094e-04
11944.0 4.425902e-04 0.000000e+00 3.089501e-04 0.000000e+00 0.000000e+00 5.156012e-05 5.034096e-05 2.692184e-04 5.683188e-04 8.197942e-04 6.029784e-04 5.333947e-04 1.260289e-04 2.913402e-04 9.995643e-05 4.211167e-05 1.361232e-04
11963.9 3.032739e-04 0.000000e+00 0.000000e+00 0.000000e+00 0.000000e+00 0.000000e+00 7.331075e-05 0.000000e+00 2.358441e-04 8.214327e-04 4.571943e-04 6.648661e-05 0.000000e+00 1.161267e-04 0.000000e+00 0.000000e+00 0.000000e+00
11984.0 0.000000e+00 0.000000e+00 0.000000e+00 0.000000e+00 0.000000e+00 0.000000e+00 0.000000e+00 0.000000e+00 0.000000e+00 3.180048e-04 0.000000e+00 0.000000e+00 0.000000e+00 0.000000e+00 0.000000e+00 0.000000e+00 0.000000e+00
12004.1 5.455245e-04 2.167781e-04 0.000000e+00 0.000000e+00 2.544031e-04 4.569669e-04 4.296863e-04 7.233533e-04 8.751346e-04 1.928783e-03 1.056039e-03 4.759185e-04 5.515474e-04 7.291011e-04 5.049853e-04 4.518801e-04 7.169973e-04
12024.1 0.000000e+00 1.376153e-04 0.000000e+00 0.000000e+00 0.000000e+00 0.000000e+00 9.215422e-06 0.000000e+00 6.511645e-04 1.902157e-03 4.950872e-04 5.283433e-04 4.698063e-04 1.971834e-04 1.697890e-04 1.547741e-04 0.000000e+00
12043.9 1.457462e-03 1.676318e-03 1.193092e-03 9.863682e-04 1.318966e-03 1.088476e-03 1.145326e-03 1.390916e-03 1.979698e-03 3.122427e-03 1.814447e-03 1.866267e-03 2.128823e-03 1.798804e-03 1.792369e-03 1.711949e-03 1.251543e-03
12064.1 7.217688e-04 1.086752e-03 6.660838e-04 4.488352e-04 7.544745e-04 9.314832e-04 7.296689e-04 9.855808e-04 1.444818e-03 2.563290e-03 1.180603e-03 1.635270e-03 1.503462e-03 1.455882e-03 1.434991e-03 9.029399e-04 8.002518e-04
12084.0 3.392736e-03 3.847233e-03 3.150141e-03 2.811321e-03 3.265204e-03 3.348551e-03 3.345611e-03 3.536850e-03 4.108983e-03 5.073876e-03 4.126599e-03 4.167359e-03 4.203106e-03 4.050516e-03 3.982236e-03 3.606154e-03 3.853418e-03
12103.9 7.879115e-04 1.149292e-03 4.733493e-04 6.218438e-04 9.299908e-04 8.559796e-04 5.855232e-04 1.180915e-03 1.343547e-03 1.988042e-03 1.536658e-03 1.542025e-03 1.517951e-03 1.517425e-03 1.556719e-03 1.369313e-03 1.186820e-03
12124.0 4.245698e-05 4.245636e-04 1.064967e-04 1.597108e-04 2.485344e-04 5.981790e-04 1.354805e-04 4.805906e-04 7.875119e-04 1.604907e-03 1.275128e-03 8.895826e-04 9.583393e-04 1.071341e-03 1.020240e-03 8.719031e-04 6.942419e-04
12144.1 0.000000e+00 0.000000e+00 0.000000e+00 0.000000e+00 0.000000e+00 0.000000e+00 8.995353e-05 9.965470e-05 1.374393e-04 7.532986e-04 9.412582e-04 3.164599e-04 7.150296e-04 5.656231e-04 1.933404e-04 3.600001e-04 1.308091e-05
12164.1 1.369272e-04 8.850979e-04 4.656837e-04 5.084697e-04 8.232616e-04 8.310838e-04 7.337952e-04 1.147605e-03 8.552079e-04 1.260959e-03 2.024993e-03 1.485778e-03 1.371282e-03 1.498253e-03 1.162370e-03 1.122796e-03 1.237100e-03
12184.1 0.000000e+00 7.207771e-04 3.860165e-04 5.394522e-04 7.297712e-04 8.452322e-04 7.456240e-04 8.623489e-04 6.186814e-04 1.041264e-03 2.054067e-03 1.033887e-03 1.346678e-03 1.372506e-03 1.066384e-03 9.182533e-04 1.135859e-03
12204.0 1.264153e-04 8.825091e-04 4.514477e-04 5.724225e-04 7.641647e-04 7.438805e-04 7.141265e-04 8.097115e-04 7.662204e-04 8.398658e-04 1.922752e-03 9.724520e-04 1.203973e-03 1.319833e-03 8.300491e-04 6.940223e-04 1.037071e-03
12223.9 0.000000e+00 0.000000e+00 0.000000e+00 0.000000e+00 0.000000e+00 0.000000e+00 0.000000e+00 0.000000e+00 0.000000e+00 0.000000e+00 1.219461e-04 0.000000e+00 0.000000e+00 0.000000e+00 0.000000e+00 0.000000e+00 0.000000e+00
12244.0 1.316713e-03 2.285640e-03 1.394450e-03 1.868273e-03 1.314871e-03 1.928131e-03 1.519994e-03 1.658764e-03 1.602321e-03 2.164044e-03 2.348254e-03 2.541099e-03 1.749779e-03 1.799896e-03 1.739926e-03 1.981983e-03 2.023589e-03
12264.1 1.805855e-03 2.786914e-03 2.074086e-03 2.125730e-03 1.935593e-03 2.316940e-03 2.041835e-03 2.054367e-03 2.044528e-03 2.347692e-03 3.034459e-03 3.151766e-03 2.517161e-03 2.170792e-03 2.338980e-03 2.351691e-03 2.574486e-03
12284.1 7.976725e-04 1.589661e-03 1.002411e-03 1.122499e-03 1.023481e-03 1.134323e-03 1.027588e-03 1.178722e-03 1.202832e-03 1.589887e-03 2.051174e-03 2.044020e-03 1.383584e-03 1.462978e-03 1.157578e-03 1.629503e-03 1.692751e-03
