# from M Ashby, priv. comm.
# Mar 26, 2025

# Based on monochromometer scans of individual pixels, rebinned.
# No units given, assumed to be detector signal/photon

# wave ch01 ch02 ch03 ch04 ch05 ch06 ch07 ch08 ch09 ch10 ch11 ch12 ch13 ch14 ch15 ch16 ch17
14968.7 1.253053e-04 7.272959e-05 1.926560e-04 2.943514e-05 0.000000e+00 9.466256e-05 0.000000e+00 7.192011e-05 1.037421e-04 1.965764e-05 0.000000e+00 7.510596e-05 1.400244e-05 1.796417e-05 7.171801e-05 1.130010e-04 6.783951e-05
15008.8 3.200945e-05 8.446017e-05 0.000000e+00 6.971481e-05 0.000000e+00 0.000000e+00 4.686355e-05 0.000000e+00 0.000000e+00 0.000000e+00 0.000000e+00 0.000000e+00 0.000000e+00 0.000000e+00 0.000000e+00 1.239872e-04 0.000000e+00
15048.9 1.335028e-04 8.289610e-05 1.207984e-04 5.344802e-05 3.825667e-05 3.911676e-05 1.163778e-04 8.599143e-05 4.086811e-05 6.998121e-05 1.023663e-05 0.000000e+00 7.390177e-05 0.000000e+00 9.721774e-05 8.945914e-05 7.017880e-06
15089.0 3.357088e-04 3.542635e-04 3.091818e-04 1.518234e-04 1.702032e-04 2.519119e-04 2.772760e-04 2.134151e-04 2.452087e-04 1.706283e-04 1.381945e-04 2.010649e-04 1.400244e-04 2.069784e-04 2.733253e-04 2.887804e-04 2.518639e-04
15129.1 1.194499e-04 4.066601e-05 2.050854e-04 4.802576e-05 4.996790e-05 1.595964e-04 1.319990e-04 5.941226e-05 1.053140e-04 0.000000e+00 6.299462e-06 0.000000e+00 0.000000e+00 0.000000e+00 2.709347e-05 1.867656e-04 5.887222e-05
15169.1 3.645954e-04 3.308023e-04 2.314980e-04 3.028721e-04 2.240748e-04 1.376910e-04 2.233829e-04 1.868359e-04 3.190857e-04 1.596201e-04 2.921376e-04 2.307943e-04 1.470256e-04 1.202818e-04 2.438412e-04 1.946129e-04 2.230126e-04
15209.2 2.326540e-04 2.228810e-04 1.759540e-04 2.602686e-04 1.803529e-04 1.525554e-04 1.499634e-04 1.774550e-04 2.239887e-04 1.281678e-04 2.189063e-04 1.775943e-04 1.804759e-04 1.444944e-04 2.008104e-04 1.930434e-04 1.723279e-04
15249.3 1.545822e-04 2.565087e-04 8.079124e-05 1.231628e-04 1.296042e-04 1.259560e-04 3.592872e-05 0.000000e+00 1.186747e-04 4.403312e-05 8.819247e-05 6.415301e-05 3.500610e-05 0.000000e+00 1.633577e-04 9.495225e-05 6.316092e-05
15289.3 3.747447e-04 4.934664e-04 4.024025e-04 4.128666e-04 3.240106e-04 3.723916e-04 3.530388e-04 2.485934e-04 4.196841e-04 2.877879e-04 4.055279e-04 3.504945e-04 3.376144e-04 2.843025e-04 3.705431e-04 2.291410e-04 3.508940e-04
15329.3 1.108620e-04 1.673563e-04 1.709045e-05 6.429255e-05 0.000000e+00 5.789281e-05 0.000000e+00 0.000000e+00 0.000000e+00 0.000000e+00 1.102406e-05 0.000000e+00 7.779134e-07 0.000000e+00 4.781201e-05 0.000000e+00 2.573223e-05
15369.3 2.100132e-04 7.820386e-05 0.000000e+00 7.591168e-05 2.029946e-05 0.000000e+00 4.842567e-05 7.817403e-06 0.000000e+00 0.000000e+00 0.000000e+00 9.388245e-06 0.000000e+00 0.000000e+00 2.948407e-05 0.000000e+00 1.247623e-05
15409.3 4.051928e-04 2.439960e-04 1.491531e-04 1.735124e-04 2.404705e-04 8.527453e-05 3.077373e-04 2.360856e-04 2.216309e-04 1.666968e-04 2.472539e-04 1.517766e-04 1.656955e-04 2.225995e-05 1.290924e-04 2.997666e-04 1.980602e-04
15449.3 1.881531e-04 5.161455e-05 0.000000e+00 5.189880e-05 0.000000e+00 0.000000e+00 1.602776e-15 0.000000e+00 0.000000e+00 0.000000e+00 0.000000e+00 0.000000e+00 0.000000e+00 0.000000e+00 0.000000e+00 0.000000e+00 0.000000e+00
15489.3 3.103355e-04 2.393038e-04 8.312175e-05 1.587948e-04 9.368981e-05 5.006945e-05 1.468391e-04 1.117889e-04 7.544883e-05 1.462529e-04 2.362298e-04 1.783767e-04 5.134228e-05 0.000000e+00 1.617639e-04 7.141037e-05 7.641692e-05
15529.3 3.076030e-04 2.111504e-04 5.903975e-05 2.656909e-04 5.465239e-05 1.157856e-04 2.546253e-04 9.380883e-05 1.540414e-04 1.682694e-04 1.102406e-04 1.259589e-04 1.384686e-04 0.000000e+00 1.306861e-04 1.302651e-04 8.889315e-05
15569.2 3.341474e-04 1.994198e-04 9.322066e-06 7.901012e-05 1.491230e-04 1.110916e-04 2.444715e-04 1.102254e-04 1.202466e-04 7.627166e-05 5.354543e-05 6.884713e-05 4.667480e-05 1.249681e-04 1.713264e-04 0.000000e+00 5.965198e-05
15609.2 4.895103e-04 2.549446e-04 5.437872e-05 1.417534e-04 1.959679e-04 1.337793e-04 2.358799e-04 1.242967e-04 1.453962e-04 1.698420e-04 1.433128e-04 8.840597e-05 1.680293e-04 9.138294e-05 2.518099e-04 2.275715e-05 1.512743e-04
15649.1 3.911398e-04 1.896444e-04 2.874304e-05 8.210856e-05 6.402137e-05 2.190539e-05 1.765194e-04 1.219515e-04 0.000000e+00 4.717834e-05 0.000000e+00 8.840597e-05 2.800488e-05 0.000000e+00 7.888981e-05 7.925766e-05 0.000000e+00
15689.1 3.934820e-04 1.775228e-04 1.009890e-04 4.027967e-05 1.139893e-04 1.353440e-04 1.999512e-04 1.508759e-04 2.436368e-05 1.148006e-04 1.370133e-04 9.153539e-05 5.678767e-05 8.474401e-05 1.107645e-04 1.961823e-05 4.678587e-05
15729.0 4.840453e-04 2.111504e-04 5.593239e-05 1.146421e-04 1.022780e-04 1.283030e-04 2.007322e-04 9.224536e-05 1.619006e-04 1.729873e-05 1.118155e-04 8.918833e-05 0.000000e+00 1.062229e-04 2.215290e-04 1.334040e-05 6.238116e-06
15768.9 4.075349e-04 1.689203e-04 4.427981e-05 0.000000e+00 3.669518e-05 1.564670e-06 0.000000e+00 3.048787e-05 2.357776e-06 3.381115e-05 0.000000e+00 4.459416e-05 8.557047e-05 0.000000e+00 7.171801e-05 7.925766e-05 0.000000e+00
15808.8 5.004404e-04 1.560167e-04 0.000000e+00 0.000000e+00 0.000000e+00 0.000000e+00 0.000000e+00 0.000000e+00 0.000000e+00 5.110988e-06 0.000000e+00 0.000000e+00 3.111654e-06 1.171576e-05 0.000000e+00 1.130010e-04 0.000000e+00
15848.7 5.160547e-04 1.650101e-04 0.000000e+00 0.000000e+00 0.000000e+00 0.000000e+00 0.000000e+00 0.000000e+00 0.000000e+00 0.000000e+00 0.000000e+00 0.000000e+00 1.400244e-05 0.000000e+00 0.000000e+00 0.000000e+00 0.000000e+00
15888.5 7.510509e-04 1.392029e-04 1.021543e-04 0.000000e+00 1.327272e-05 0.000000e+00 0.000000e+00 0.000000e+00 6.130217e-05 0.000000e+00 0.000000e+00 0.000000e+00 0.000000e+00 2.655573e-05 0.000000e+00 0.000000e+00 0.000000e+00
15929.4 7.323137e-04 2.041121e-04 0.000000e+00 0.000000e+00 0.000000e+00 0.000000e+00 0.000000e+00 0.000000e+00 0.000000e+00 0.000000e+00 0.000000e+00 0.000000e+00 0.000000e+00 0.000000e+00 0.000000e+00 0.000000e+00 0.000000e+00
15969.3 1.997858e-03 1.023689e-03 9.116203e-04 8.830542e-04 7.869944e-04 7.760765e-04 8.693189e-04 7.238915e-04 7.034031e-04 8.499965e-04 7.598726e-04 7.995655e-04 7.584655e-04 6.834194e-04 8.466709e-04 7.093953e-04 7.197226e-04
16009.1 2.254714e-03 8.054998e-04 5.406798e-04 6.576431e-04 4.957752e-04 4.952182e-04 6.240663e-04 5.229843e-04 5.006344e-04 5.311496e-04 4.653728e-04 4.522004e-04 4.620805e-04 3.975549e-04 5.362914e-04 4.449415e-04 4.990493e-04
16048.9 2.923790e-03 8.993444e-04 6.649740e-04 5.228611e-04 4.731335e-04 4.952182e-04 5.069074e-04 4.362111e-04 4.754848e-04 5.016631e-04 4.515927e-04 4.412475e-04 4.364094e-04 4.565242e-04 4.797138e-04 4.331706e-04 3.859834e-04
16088.7 3.827081e-03 6.983605e-04 4.754254e-04 3.849807e-04 2.232940e-04 2.605176e-04 2.811813e-04 1.868359e-04 2.145576e-04 3.396841e-04 1.913462e-04 1.940237e-04 2.388194e-04 2.265047e-04 2.382632e-04 3.186001e-04 2.908522e-04
16128.5 5.854606e-03 7.100911e-04 4.257077e-04 4.089935e-04 2.279785e-04 2.127952e-04 2.921161e-04 2.392125e-04 2.334198e-04 1.666968e-04 1.795347e-04 2.073237e-04 2.691580e-04 1.675354e-04 2.494193e-04 1.365429e-04 2.596616e-04
16169.4 8.748728e-03 7.202576e-04 2.579105e-04 2.223128e-04 2.888769e-04 1.611610e-04 2.147913e-04 1.196063e-04 1.100295e-04 1.265952e-04 1.464625e-04 1.118766e-04 0.000000e+00 9.333557e-05 7.928824e-05 2.369883e-04 1.965007e-04
16209.2 1.698882e-02 8.289609e-04 1.918792e-04 1.154167e-04 1.272620e-04 1.306500e-04 3.983402e-05 0.000000e+00 2.829331e-05 8.649363e-05 6.299462e-05 6.728242e-05 0.000000e+00 5.623565e-05 6.215561e-05 1.553764e-04 2.042983e-04
16248.9 3.817712e-02 8.492939e-04 2.788851e-04 1.022484e-04 9.993580e-05 9.153322e-05 5.467415e-05 4.221397e-05 1.178888e-05 8.020319e-05 7.874328e-06 6.258830e-05 0.000000e+00 0.000000e+00 6.613994e-05 1.326193e-04 1.653101e-04
16288.7 9.063163e-02 1.060444e-03 1.988707e-04 1.921030e-04 2.787272e-04 1.228266e-04 1.124725e-04 9.537231e-05 3.693849e-05 1.344583e-04 1.157526e-04 4.146475e-05 0.000000e+00 0.000000e+00 3.506214e-05 1.341887e-04 1.918221e-04
16329.5 2.471968e-01 1.187917e-03 2.955872e-04 1.851315e-04 2.935614e-04 1.768078e-04 1.390285e-04 6.879314e-05 9.038141e-05 8.806625e-05 2.570968e-04 6.493536e-05 1.244661e-05 4.842515e-05 1.418423e-04 1.585153e-04 2.717479e-04
16369.2 5.153621e-01 1.306712e-03 3.703081e-04 2.272875e-04 1.548110e-04 1.566925e-06 1.407933e-04 1.088185e-04 9.444694e-06 8.110620e-05 0.000000e+00 0.000000e+00 5.297434e-05 9.698986e-05 1.731693e-04 4.557989e-05 2.655020e-05
16408.9 8.143626e-01 1.609000e-03 3.019491e-04 1.493742e-04 8.468895e-05 1.131481e-04 5.491284e-05 2.355460e-06 9.472277e-06 0.000000e+00 0.000000e+00 0.000000e+00 0.000000e+00 1.255137e-05 1.024443e-04 9.930757e-05 8.693173e-05
16448.6 9.422936e-01 2.381202e-03 2.215583e-04 1.439107e-04 4.233930e-05 0.000000e+00 0.000000e+00 2.198160e-05 0.000000e+00 0.000000e+00 0.000000e+00 0.000000e+00 0.000000e+00 0.000000e+00 1.840570e-05 2.048953e-05 4.698438e-06
16489.4 9.717181e-01 3.983907e-03 2.567731e-04 1.000868e-04 0.000000e+00 1.018687e-05 0.000000e+00 0.000000e+00 1.039106e-04 0.000000e+00 0.000000e+00 0.000000e+00 0.000000e+00 0.000000e+00 0.000000e+00 0.000000e+00 0.000000e+00
16529.0 9.855809e-01 6.708623e-03 2.544556e-04 8.754488e-05 0.000000e+00 0.000000e+00 8.593032e-06 0.000000e+00 0.000000e+00 0.000000e+00 0.000000e+00 0.000000e+00 0.000000e+00 0.000000e+00 0.000000e+00 0.000000e+00 0.000000e+00
16568.7 9.945308e-01 1.200700e-02 4.357837e-04 1.273498e-04 6.923613e-05 0.000000e+00 3.891219e-05 0.000000e+00 0.000000e+00 3.603968e-05 0.000000e+00 0.000000e+00 0.000000e+00 0.000000e+00 0.000000e+00 0.000000e+00 1.351899e-04
16609.4 1.000000e+00 2.399069e-02 7.681236e-04 3.293528e-04 3.218566e-04 2.570738e-04 2.146565e-04 3.020266e-04 2.527754e-04 2.615104e-04 2.728624e-04 1.694390e-04 3.129418e-04 2.488744e-04 2.078921e-04 1.429953e-04 3.812378e-04
16649.1 9.700547e-01 5.702473e-02 8.894541e-04 3.695421e-04 4.430853e-04 3.320175e-04 2.763593e-04 3.869296e-04 2.890168e-04 3.337025e-04 3.584422e-04 5.598553e-05 2.798852e-04 2.810140e-04 2.154243e-04 2.168228e-04 3.441015e-04
16688.7 8.774921e-01 1.408530e-01 6.207320e-04 1.804949e-04 1.366393e-04 0.000000e+00 1.796546e-05 1.375947e-04 0.000000e+00 6.762641e-05 0.000000e+00 0.000000e+00 6.457074e-05 0.000000e+00 0.000000e+00 8.318638e-05 0.000000e+00
16729.4 6.452180e-01 3.594341e-01 1.271663e-03 4.663511e-04 4.016768e-04 3.573392e-04 4.220452e-04 3.796273e-04 2.807701e-04 3.325489e-04 3.267568e-04 1.144447e-04 3.622866e-04 3.182793e-04 2.105355e-04 2.842474e-04 3.577170e-04
16769.0 3.907343e-01 6.449462e-01 1.226853e-03 1.490744e-04 0.000000e+00 0.000000e+00 0.000000e+00 5.428493e-06 0.000000e+00 0.000000e+00 0.000000e+00 0.000000e+00 0.000000e+00 0.000000e+00 0.000000e+00 0.000000e+00 0.000000e+00
16808.5 1.853337e-01 8.766493e-01 1.821924e-03 1.178975e-04 0.000000e+00 0.000000e+00 0.000000e+00 0.000000e+00 0.000000e+00 0.000000e+00 0.000000e+00 0.000000e+00 0.000000e+00 0.000000e+00 0.000000e+00 4.110525e-05 0.000000e+00
16849.2 7.852933e-02 9.604741e-01 2.630027e-03 8.793471e-05 0.000000e+00 0.000000e+00 0.000000e+00 0.000000e+00 0.000000e+00 0.000000e+00 0.000000e+00 0.000000e+00 0.000000e+00 0.000000e+00 0.000000e+00 0.000000e+00 0.000000e+00
16888.8 3.325176e-02 9.732594e-01 4.605543e-03 2.116170e-04 0.000000e+00 0.000000e+00 0.000000e+00 0.000000e+00 0.000000e+00 0.000000e+00 0.000000e+00 0.000000e+00 0.000000e+00 0.000000e+00 0.000000e+00 0.000000e+00 0.000000e+00
16929.4 1.559814e-02 9.842466e-01 8.075079e-03 3.692452e-04 0.000000e+00 0.000000e+00 0.000000e+00 0.000000e+00 0.000000e+00 0.000000e+00 0.000000e+00 0.000000e+00 0.000000e+00 0.000000e+00 0.000000e+00 7.958922e-06 0.000000e+00
16968.9 8.473487e-03 9.983809e-01 1.453265e-02 3.233222e-04 0.000000e+00 0.000000e+00 0.000000e+00 0.000000e+00 0.000000e+00 0.000000e+00 0.000000e+00 0.000000e+00 0.000000e+00 0.000000e+00 0.000000e+00 0.000000e+00 0.000000e+00
17009.5 5.066374e-03 1.000000e+00 2.965542e-02 3.748359e-04 0.000000e+00 0.000000e+00 0.000000e+00 0.000000e+00 0.000000e+00 0.000000e+00 0.000000e+00 0.000000e+00 0.000000e+00 0.000000e+00 0.000000e+00 0.000000e+00 0.000000e+00
17049.0 3.143955e-03 9.664787e-01 7.166605e-02 5.962246e-04 1.074324e-04 0.000000e+00 2.938775e-05 0.000000e+00 0.000000e+00 0.000000e+00 0.000000e+00 0.000000e+00 0.000000e+00 0.000000e+00 0.000000e+00 0.000000e+00 4.526594e-05
17088.5 2.352632e-03 8.603454e-01 1.733677e-01 1.113566e-03 3.988666e-04 3.194039e-04 3.990254e-04 2.043306e-04 2.427743e-04 2.896018e-04 1.845562e-04 2.028009e-04 3.327223e-04 3.129743e-04 2.254979e-04 1.542577e-04 2.526622e-04
17129.0 1.390488e-03 6.229665e-01 4.089995e-01 1.016597e-03 1.859149e-04 2.211695e-05 3.991543e-05 0.000000e+00 0.000000e+00 4.702330e-05 0.000000e+00 0.000000e+00 2.199194e-04 0.000000e+00 0.000000e+00 0.000000e+00 0.000000e+00
17168.5 1.241737e-03 3.661475e-01 6.989070e-01 1.552498e-03 3.519955e-04 1.690962e-04 1.824625e-04 1.032580e-04 1.527134e-04 6.008491e-05 1.504276e-04 1.195658e-04 1.477598e-04 7.844098e-05 2.218206e-04 2.741232e-05 1.557724e-04
17209.1 1.011559e-03 1.711513e-01 9.066490e-01 2.319288e-03 5.905962e-04 2.672905e-04 3.103356e-04 3.464454e-04 2.350597e-04 2.454730e-04 2.140223e-04 2.203277e-04 2.182281e-04 2.847554e-04 2.392019e-04 3.905989e-04 3.685510e-04
17248.5 6.916398e-04 7.616389e-02 9.597291e-01 3.259792e-03 6.627408e-04 1.645301e-04 2.476692e-04 2.052933e-04 1.387367e-04 1.216676e-04 3.234819e-04 5.370798e-05 1.534281e-04 1.361740e-04 1.962408e-04 1.522071e-04 2.540562e-04
17289.0 1.038812e-03 3.376582e-02 9.724903e-01 5.471528e-03 1.017477e-03 5.945915e-04 6.107290e-04 4.965430e-04 5.430965e-04 4.899707e-04 4.923976e-04 4.472394e-04 4.157358e-04 3.985947e-04 5.218591e-04 5.551608e-04 5.798285e-04
17329.5 6.457175e-04 1.626808e-02 9.893656e-01 7.738148e-03 7.572562e-04 2.165512e-04 3.000828e-04 2.068655e-04 2.549626e-04 2.698863e-04 2.118592e-04 1.914358e-04 2.540861e-04 2.447334e-04 3.537999e-04 2.085253e-04 2.754113e-04
17368.9 0.000000e+00 8.480897e-03 1.000000e+00 1.399577e-02 2.054650e-04 0.000000e+00 0.000000e+00 0.000000e+00 0.000000e+00 0.000000e+00 0.000000e+00 0.000000e+00 0.000000e+00 0.000000e+00 0.000000e+00 0.000000e+00 0.000000e+00
17409.4 6.570267e-05 5.144077e-03 9.985143e-01 2.865758e-02 4.118703e-04 0.000000e+00 0.000000e+00 0.000000e+00 0.000000e+00 0.000000e+00 0.000000e+00 0.000000e+00 0.000000e+00 0.000000e+00 0.000000e+00 0.000000e+00 0.000000e+00
17448.7 0.000000e+00 3.054219e-03 9.663910e-01 6.641521e-02 4.657982e-04 0.000000e+00 0.000000e+00 0.000000e+00 0.000000e+00 0.000000e+00 0.000000e+00 0.000000e+00 0.000000e+00 0.000000e+00 0.000000e+00 0.000000e+00 0.000000e+00
17489.2 1.162935e-04 2.127250e-03 8.643059e-01 1.599732e-01 6.960521e-04 2.087182e-05 0.000000e+00 0.000000e+00 0.000000e+00 0.000000e+00 0.000000e+00 0.000000e+00 0.000000e+00 0.000000e+00 0.000000e+00 0.000000e+00 0.000000e+00
17528.5 2.188977e-04 1.487950e-03 6.485712e-01 3.748402e-01 1.059608e-03 7.681554e-05 5.368318e-05 4.520142e-05 0.000000e+00 2.573513e-05 0.000000e+00 1.280289e-06 0.000000e+00 0.000000e+00 0.000000e+00 0.000000e+00 0.000000e+00
17568.9 0.000000e+00 8.604101e-04 3.952432e-01 6.649396e-01 1.152264e-03 0.000000e+00 0.000000e+00 0.000000e+00 0.000000e+00 0.000000e+00 0.000000e+00 0.000000e+00 0.000000e+00 0.000000e+00 0.000000e+00 0.000000e+00 0.000000e+00
17609.3 7.494313e-05 7.425390e-04 1.937729e-01 8.939521e-01 1.996660e-03 2.497836e-04 1.564714e-04 0.000000e+00 2.788110e-05 0.000000e+00 0.000000e+00 0.000000e+00 3.733694e-05 7.741989e-06 0.000000e+00 7.369060e-06 0.000000e+00
17648.6 0.000000e+00 3.448995e-04 8.909576e-02 9.669470e-01 2.713324e-03 9.417297e-05 0.000000e+00 0.000000e+00 0.000000e+00 0.000000e+00 0.000000e+00 0.000000e+00 0.000000e+00 0.000000e+00 0.000000e+00 0.000000e+00 0.000000e+00
17689.0 0.000000e+00 3.076294e-04 3.927980e-02 9.749911e-01 4.590405e-03 1.810271e-04 9.200895e-05 0.000000e+00 0.000000e+00 0.000000e+00 0.000000e+00 0.000000e+00 0.000000e+00 0.000000e+00 0.000000e+00 0.000000e+00 0.000000e+00
17729.3 1.289756e-04 3.422350e-04 1.928590e-02 9.875154e-01 7.036702e-03 3.817368e-04 2.170471e-04 1.308550e-04 1.530515e-04 1.032307e-05 8.571816e-05 2.054238e-05 0.000000e+00 8.886871e-05 0.000000e+00 0.000000e+00 5.203907e-05
17768.6 0.000000e+00 2.135245e-04 1.040033e-02 1.000000e+00 1.300712e-02 2.896346e-04 0.000000e+00 0.000000e+00 0.000000e+00 0.000000e+00 0.000000e+00 0.000000e+00 0.000000e+00 0.000000e+00 0.000000e+00 0.000000e+00 0.000000e+00
17808.9 0.000000e+00 4.180557e-05 5.989412e-03 9.988976e-01 2.466633e-02 3.583335e-04 0.000000e+00 0.000000e+00 0.000000e+00 0.000000e+00 0.000000e+00 0.000000e+00 0.000000e+00 0.000000e+00 0.000000e+00 0.000000e+00 0.000000e+00
17849.2 6.954833e-06 1.472937e-04 3.787367e-03 9.875778e-01 5.565373e-02 6.809940e-04 1.809046e-04 0.000000e+00 0.000000e+00 0.000000e+00 0.000000e+00 0.000000e+00 0.000000e+00 0.000000e+00 0.000000e+00 0.000000e+00 0.000000e+00
17888.5 1.608041e-04 3.099185e-04 2.675528e-03 9.273690e-01 1.239685e-01 8.413806e-04 2.616753e-04 2.578272e-04 4.815316e-05 8.302754e-05 1.621871e-04 3.059638e-06 7.504274e-05 1.181090e-04 0.000000e+00 0.000000e+00 8.335334e-05
17928.8 0.000000e+00 7.323074e-05 1.438711e-03 7.594840e-01 2.981717e-01 7.061306e-04 1.046294e-04 0.000000e+00 0.000000e+00 0.000000e+00 0.000000e+00 0.000000e+00 0.000000e+00 0.000000e+00 0.000000e+00 0.000000e+00 0.000000e+00
17969.0 2.249171e-04 3.945209e-04 1.723753e-03 5.188675e-01 5.665750e-01 1.641789e-03 4.210287e-04 3.843610e-04 3.572360e-04 3.423072e-04 3.024687e-04 2.584452e-04 7.569905e-05 3.310190e-04 2.305896e-04 4.621930e-05 2.226455e-04
18009.3 4.191332e-04 5.124969e-04 1.365241e-03 2.774612e-01 8.402857e-01 2.133800e-03 5.860788e-04 4.611677e-04 3.317232e-04 4.624054e-04 3.459649e-04 3.253880e-04 2.227346e-04 4.434101e-04 3.274903e-04 3.486510e-04 4.253576e-04
18049.5 5.289943e-04 6.893164e-04 1.306302e-03 1.334596e-01 9.552865e-01 3.162101e-03 7.611641e-04 6.669448e-04 5.371531e-04 5.716964e-04 4.945720e-04 5.927928e-04 4.684260e-04 5.586719e-04 5.544909e-04 4.660572e-04 4.575954e-04
18088.7 2.789577e-04 4.297892e-04 8.468136e-04 6.132540e-02 9.747116e-01 3.892199e-03 5.528433e-04 2.642484e-04 3.146947e-04 2.372502e-04 2.518814e-04 2.910788e-04 1.853037e-04 2.445242e-04 2.024731e-04 2.020595e-04 1.662857e-04
18128.9 3.150709e-04 4.435746e-04 8.838273e-04 2.947570e-02 9.823177e-01 5.995286e-03 6.623697e-04 4.071032e-04 2.711171e-04 3.681849e-04 3.212632e-04 3.304362e-04 1.625602e-04 3.342038e-04 2.876670e-04 3.106162e-04 9.742334e-05
18169.1 2.497127e-05 1.725069e-04 3.851314e-04 1.565322e-02 9.900614e-01 9.166181e-03 5.254872e-04 2.241735e-04 1.126868e-04 7.978617e-05 4.602966e-05 5.177293e-05 9.437833e-06 7.322284e-05 0.000000e+00 9.001224e-05 4.300132e-07
18209.3 0.000000e+00 0.000000e+00 0.000000e+00 8.286247e-03 1.000000e+00 1.593571e-02 1.975932e-04 0.000000e+00 0.000000e+00 0.000000e+00 0.000000e+00 0.000000e+00 0.000000e+00 0.000000e+00 0.000000e+00 0.000000e+00 0.000000e+00
18249.4 0.000000e+00 0.000000e+00 1.321914e-04 5.018522e-03 9.982518e-01 3.309087e-02 4.696139e-04 1.915567e-04 1.783169e-06 0.000000e+00 0.000000e+00 0.000000e+00 0.000000e+00 4.518878e-05 0.000000e+00 0.000000e+00 0.000000e+00
18288.5 0.000000e+00 2.186798e-04 2.805834e-04 3.453002e-03 9.792792e-01 6.584942e-02 8.290326e-04 2.923727e-04 1.666564e-04 9.161377e-05 1.761506e-04 1.166762e-04 5.710065e-05 1.965632e-04 9.052314e-05 7.131548e-05 1.244667e-04
18328.7 0.000000e+00 2.830338e-05 2.586597e-04 2.219397e-03 8.869265e-01 1.591565e-01 8.508648e-04 3.102753e-04 1.431684e-04 0.000000e+00 6.364688e-05 3.020244e-05 1.126163e-05 3.203664e-05 6.248675e-05 4.165445e-05 5.456075e-05
18368.8 0.000000e+00 6.594120e-05 1.521976e-04 1.592527e-03 6.943403e-01 3.550709e-01 9.714146e-04 1.134144e-04 1.227924e-04 1.350395e-04 0.000000e+00 0.000000e+00 0.000000e+00 0.000000e+00 0.000000e+00 0.000000e+00 5.124589e-05
18408.9 1.430131e-05 0.000000e+00 1.508406e-04 1.108665e-03 4.375511e-01 6.366399e-01 1.183712e-03 2.415312e-04 1.103746e-04 0.000000e+00 0.000000e+00 0.000000e+00 0.000000e+00 0.000000e+00 0.000000e+00 5.558249e-05 0.000000e+00
18449.0 0.000000e+00 1.184632e-04 1.826324e-04 9.039702e-04 2.305105e-01 8.754546e-01 1.845712e-03 3.884111e-04 2.219128e-04 4.240301e-05 0.000000e+00 2.180601e-05 3.393744e-05 9.181133e-05 0.000000e+00 1.331353e-05 1.700910e-05
18489.1 0.000000e+00 4.490144e-05 2.462451e-05 6.597104e-04 1.094012e-01 9.673097e-01 2.471157e-03 2.608900e-04 2.914296e-05 1.147472e-04 0.000000e+00 0.000000e+00 0.000000e+00 0.000000e+00 0.000000e+00 0.000000e+00 0.000000e+00
18529.2 0.000000e+00 7.490613e-05 8.267564e-05 4.589067e-04 5.049853e-02 9.765811e-01 4.074962e-03 4.492653e-04 1.598504e-04 1.255247e-04 3.445239e-05 0.000000e+00 4.875411e-05 5.541593e-05 0.000000e+00 3.155026e-05 0.000000e+00
18569.2 0.000000e+00 0.000000e+00 4.077070e-05 2.987360e-04 2.568774e-02 9.812330e-01 6.297139e-03 4.692860e-04 1.103025e-04 3.709443e-06 6.965175e-06 0.000000e+00 0.000000e+00 0.000000e+00 0.000000e+00 0.000000e+00 0.000000e+00
18609.3 5.133717e-05 1.652914e-04 9.669106e-05 3.692820e-04 1.361037e-02 9.966369e-01 1.089924e-02 5.324025e-04 2.630120e-04 0.000000e+00 1.183513e-04 0.000000e+00 9.773825e-05 1.201435e-04 1.113480e-04 5.528670e-05 4.761199e-05
18649.3 5.752037e-05 9.823337e-05 1.369876e-04 2.731888e-04 7.757064e-03 1.000000e+00 1.886926e-02 6.420501e-04 3.094542e-04 1.861423e-04 1.654856e-04 1.842618e-05 7.516554e-05 5.660151e-06 1.828676e-04 1.052060e-04 9.794772e-05
18689.3 0.000000e+00 0.000000e+00 0.000000e+00 5.142911e-05 4.707174e-03 9.998381e-01 3.770429e-02 6.388011e-04 1.143956e-04 0.000000e+00 0.000000e+00 0.000000e+00 0.000000e+00 0.000000e+00 1.017440e-05 0.000000e+00 0.000000e+00
18729.3 0.000000e+00 6.385928e-05 1.160510e-04 1.843642e-04 3.089841e-03 9.793013e-01 7.968359e-02 8.511322e-04 2.507367e-04 0.000000e+00 8.573300e-05 0.000000e+00 0.000000e+00 4.350789e-05 8.676014e-05 0.000000e+00 1.974374e-05
18769.3 3.656835e-04 4.389960e-04 4.051297e-04 6.031449e-04 2.624918e-03 8.888327e-01 1.859361e-01 1.260806e-03 6.527533e-04 5.372634e-04 4.325181e-04 3.437826e-04 4.770614e-04 4.412701e-04 3.857531e-04 3.476685e-04 3.144049e-04
18809.2 1.374104e-04 1.527836e-04 1.731883e-04 2.653991e-04 1.723193e-03 7.016048e-01 3.788951e-01 1.255741e-03 3.753270e-04 2.850914e-04 3.418608e-05 1.055687e-04 1.825557e-04 1.612969e-04 1.262274e-04 1.197009e-04 1.692658e-04
18849.2 1.914519e-04 3.083093e-04 3.053478e-04 4.135358e-04 1.451060e-03 4.516938e-01 6.679761e-01 1.648275e-03 4.905824e-04 3.930250e-04 2.873379e-04 2.313251e-04 3.176359e-04 2.565999e-04 2.505761e-04 2.292653e-04 2.104313e-04
18889.1 2.674989e-04 1.920470e-04 1.989459e-04 3.568936e-04 1.073689e-03 2.413876e-01 8.840124e-01 1.976416e-03 6.249571e-04 3.144689e-04 2.394125e-04 1.404338e-04 2.510732e-04 1.598370e-04 1.817107e-04 1.954607e-04 1.262913e-04
18929.0 0.000000e+00 0.000000e+00 0.000000e+00 1.241260e-04 5.593142e-04 1.123889e-01 9.703731e-01 2.563403e-03 3.222565e-04 1.278532e-04 0.000000e+00 0.000000e+00 0.000000e+00 0.000000e+00 0.000000e+00 0.000000e+00 0.000000e+00
18969.0 2.258053e-04 1.658389e-04 3.209761e-04 2.682812e-04 8.254547e-04 5.568027e-02 9.754608e-01 4.189517e-03 6.704729e-04 3.879541e-04 1.071752e-04 3.261070e-04 1.909614e-04 2.035961e-04 1.839934e-04 3.290045e-04 8.812706e-05
19008.8 1.752983e-04 1.972975e-04 1.783470e-04 2.833636e-04 7.120539e-04 2.778509e-02 9.824039e-01 6.500447e-03 7.356117e-04 4.304718e-04 1.291280e-04 2.467213e-04 1.727060e-04 0.000000e+00 1.372088e-04 2.157943e-04 5.311543e-05
19048.7 2.621339e-04 2.225655e-04 3.477751e-04 2.774215e-04 6.601036e-04 1.505614e-02 9.928104e-01 1.078106e-02 9.298706e-04 3.268695e-04 1.581294e-04 2.401673e-04 3.671615e-04 1.658391e-04 1.488121e-04 2.449116e-04 1.336496e-04
19088.6 2.255630e-04 2.178751e-04 1.863672e-04 7.693056e-05 4.702769e-04 8.793988e-03 9.975611e-01 1.864541e-02 8.585988e-04 3.417802e-04 2.498470e-04 2.018175e-04 2.177291e-04 1.118221e-04 1.572544e-04 1.042516e-04 1.227012e-04
19129.5 3.999404e-04 3.717063e-04 4.759027e-04 4.080606e-04 6.834298e-04 5.619026e-03 1.000000e+00 3.637617e-02 1.191221e-03 7.225534e-04 4.345693e-04 3.630761e-04 4.056930e-04 3.459721e-04 3.840147e-04 4.786644e-04 4.190126e-04
19169.3 2.227079e-04 2.943041e-04 1.966321e-04 2.603862e-04 5.876370e-04 3.868265e-03 9.791472e-01 7.312602e-02 1.048340e-03 6.307830e-04 4.856293e-04 3.751007e-04 2.667061e-04 2.065894e-04 3.009515e-04 1.996803e-04 1.294932e-04
19209.1 0.000000e+00 0.000000e+00 0.000000e+00 0.000000e+00 5.835477e-05 2.388011e-03 8.914384e-01 1.683535e-01 8.853214e-04 2.172396e-04 3.363107e-05 0.000000e+00 0.000000e+00 0.000000e+00 0.000000e+00 0.000000e+00 0.000000e+00
19248.9 0.000000e+00 0.000000e+00 0.000000e+00 4.061681e-05 1.310040e-04 1.721896e-03 7.132636e-01 3.464364e-01 1.202307e-03 3.164413e-04 0.000000e+00 0.000000e+00 0.000000e+00 0.000000e+00 9.975907e-05 0.000000e+00 0.000000e+00
19288.7 1.003682e-05 8.847343e-05 1.098565e-04 1.593325e-05 2.429005e-04 1.341685e-03 4.624699e-01 6.259740e-01 1.564063e-03 3.457161e-04 1.791797e-04 0.000000e+00 6.600505e-05 4.217262e-05 1.280554e-04 6.860106e-05 0.000000e+00
19328.5 3.161412e-04 2.949044e-04 3.283327e-04 2.577953e-04 3.892639e-04 1.118686e-03 2.574118e-01 8.530001e-01 2.321234e-03 7.303387e-04 3.627034e-04 3.791741e-04 3.130366e-04 2.204047e-04 2.944458e-04 1.707989e-04 9.669996e-05
19369.3 5.136615e-04 4.831684e-04 4.984530e-04 4.873148e-04 6.927360e-04 1.293186e-03 1.197227e-01 9.584412e-01 3.340877e-03 7.804409e-04 5.545915e-04 5.725842e-04 3.597336e-04 5.246473e-04 5.013174e-04 3.678027e-04 4.695482e-04
19409.0 0.000000e+00 0.000000e+00 0.000000e+00 0.000000e+00 0.000000e+00 4.506556e-04 5.816070e-02 9.709173e-01 4.135849e-03 2.113733e-04 1.365653e-05 0.000000e+00 0.000000e+00 0.000000e+00 0.000000e+00 0.000000e+00 0.000000e+00
19448.8 0.000000e+00 3.878577e-06 2.022714e-05 0.000000e+00 4.840222e-05 4.442655e-04 2.962814e-02 9.803745e-01 6.505517e-03 2.973552e-04 1.767162e-04 4.656168e-05 0.000000e+00 0.000000e+00 0.000000e+00 1.235685e-04 9.668245e-06
19488.5 3.016713e-05 3.704161e-05 1.568642e-04 9.848288e-05 7.980002e-05 5.343816e-04 1.606177e-02 9.936714e-01 1.006563e-02 6.341234e-04 4.397132e-04 2.184385e-04 8.726735e-06 2.044451e-05 6.754181e-05 1.408511e-04 1.846695e-04
19529.2 2.739817e-05 1.568257e-05 3.115660e-05 2.232953e-05 1.634168e-04 3.657386e-04 9.346855e-03 1.000000e+00 1.699180e-02 5.834213e-04 2.487042e-04 1.431611e-04 0.000000e+00 1.957846e-06 0.000000e+00 0.000000e+00 8.551468e-05
19568.9 1.121512e-04 2.296090e-04 1.713065e-04 2.323081e-04 1.908612e-04 4.850236e-04 6.189712e-03 9.938122e-01 3.288735e-02 8.461634e-04 5.020754e-04 2.242794e-04 2.460423e-04 2.509715e-04 0.000000e+00 1.493144e-04 1.336310e-04
19608.6 1.946448e-04 2.850381e-04 3.146032e-04 3.235034e-04 2.321995e-04 4.039572e-04 4.155555e-03 9.869847e-01 6.405547e-02 1.047857e-03 4.324994e-04 3.960459e-04 3.691857e-04 3.024705e-04 1.583316e-04 1.757824e-04 2.526305e-04
19649.3 2.492523e-05 8.289171e-05 2.182521e-05 0.000000e+00 1.046900e-04 2.947269e-04 2.707065e-03 9.316730e-01 1.456359e-01 9.649831e-04 2.433513e-04 6.993684e-06 1.788169e-05 8.976905e-06 0.000000e+00 0.000000e+00 0.000000e+00
19688.9 2.585408e-04 4.500930e-04 3.692791e-04 4.477940e-04 3.776138e-04 5.910335e-04 2.361275e-03 7.810075e-01 3.053087e-01 1.492107e-03 5.577043e-04 4.762325e-04 4.894132e-04 3.289204e-04 2.298220e-04 3.344752e-04 2.736489e-04
19728.5 6.002327e-06 1.152392e-04 2.189917e-05 2.977679e-05 1.500640e-05 1.142804e-04 1.489227e-03 5.430823e-01 5.654551e-01 1.512329e-03 2.986615e-04 1.082682e-04 4.684931e-05 5.904802e-05 0.000000e+00 0.000000e+00 0.000000e+00
19769.2 0.000000e+00 0.000000e+00 0.000000e+00 0.000000e+00 0.000000e+00 4.659635e-05 9.010791e-04 3.128013e-01 8.265131e-01 1.751141e-03 2.324607e-04 0.000000e+00 0.000000e+00 0.000000e+00 0.000000e+00 0.000000e+00 0.000000e+00
19808.7 2.598475e-04 2.274949e-04 1.857737e-04 1.684927e-04 3.202181e-04 4.100562e-04 9.200980e-04 1.568051e-01 9.546742e-01 2.763381e-03 6.644921e-04 1.476237e-04 2.568752e-04 2.988495e-04 1.587157e-04 9.562981e-05 1.307868e-04
19849.4 3.215725e-05 0.000000e+00 0.000000e+00 4.116854e-05 6.742910e-05 1.299349e-04 5.458743e-04 7.557083e-02 9.728936e-01 3.551122e-03 4.415184e-04 2.079007e-05 8.475552e-05 1.556659e-05 9.317326e-05 0.000000e+00 0.000000e+00
19888.9 0.000000e+00 0.000000e+00 0.000000e+00 0.000000e+00 0.000000e+00 0.000000e+00 2.311358e-04 3.780622e-02 9.776550e-01 5.058581e-03 2.553664e-04 0.000000e+00 0.000000e+00 0.000000e+00 0.000000e+00 0.000000e+00 0.000000e+00
19929.5 0.000000e+00 0.000000e+00 0.000000e+00 0.000000e+00 0.000000e+00 9.751504e-06 1.990389e-04 1.886456e-02 9.895402e-01 8.318867e-03 3.740622e-04 0.000000e+00 0.000000e+00 0.000000e+00 0.000000e+00 0.000000e+00 0.000000e+00
19969.0 2.670325e-04 2.308577e-04 2.855508e-04 3.759771e-04 3.778490e-04 4.885380e-04 8.103154e-04 1.223966e-02 9.969969e-01 1.510883e-02 8.415138e-04 4.557945e-04 5.498109e-04 2.327830e-04 2.069615e-04 3.541602e-04 2.052864e-04
20008.5 1.656712e-04 3.273871e-05 2.310115e-04 4.372146e-04 2.141411e-04 3.128297e-04 4.791905e-04 7.672606e-03 1.000000e+00 2.674478e-02 8.695815e-04 2.620152e-04 4.345878e-04 2.457939e-04 1.794509e-04 1.472647e-04 6.528701e-05
20049.1 2.432713e-04 2.127934e-04 1.818310e-04 2.232368e-04 2.592710e-04 3.467788e-04 5.164633e-04 5.041052e-03 9.984312e-01 5.133758e-02 9.768467e-04 4.795504e-04 2.537775e-04 2.370906e-04 1.935133e-04 2.112296e-04 2.327076e-04
20088.5 2.466414e-04 1.662450e-04 2.511498e-04 2.721557e-04 2.120737e-04 3.233767e-04 5.073346e-04 3.344404e-03 9.685606e-01 1.121881e-01 1.224052e-03 4.527381e-04 3.927491e-04 1.475867e-04 1.752790e-04 2.015705e-04 1.853306e-04
20129.0 0.000000e+00 0.000000e+00 0.000000e+00 5.730836e-06 2.888129e-05 1.018688e-04 1.779796e-04 2.315752e-03 8.648121e-01 2.329509e-01 1.131353e-03 1.099746e-04 3.107853e-05 0.000000e+00 0.000000e+00 0.000000e+00 0.000000e+00
20169.5 0.000000e+00 2.065564e-05 0.000000e+00 1.341227e-04 0.000000e+00 1.767875e-04 1.352396e-04 1.852563e-03 6.582339e-01 4.571643e-01 1.368054e-03 3.673593e-04 9.588450e-05 1.123164e-04 1.613625e-04 1.209058e-04 1.601878e-05
20208.9 0.000000e+00 7.911420e-06 0.000000e+00 8.507939e-05 7.898368e-06 1.797704e-04 6.885603e-05 1.228062e-03 4.053594e-01 7.433131e-01 1.758208e-03 3.177150e-04 1.079271e-04 5.079489e-05 1.531671e-04 0.000000e+00 3.042674e-05
20249.4 1.865114e-04 1.191440e-04 9.779307e-05 2.626186e-04 5.807764e-05 2.618806e-04 2.268164e-04 1.102640e-03 2.289490e-01 9.189077e-01 2.292305e-03 5.886856e-04 1.391028e-04 1.407811e-04 3.043627e-04 1.324635e-04 7.919838e-05
20288.8 0.000000e+00 0.000000e+00 0.000000e+00 0.000000e+00 0.000000e+00 2.666147e-05 0.000000e+00 4.873119e-04 1.125300e-01 9.800276e-01 2.781915e-03 3.910441e-04 0.000000e+00 0.000000e+00 0.000000e+00 0.000000e+00 0.000000e+00
20329.2 0.000000e+00 0.000000e+00 0.000000e+00 4.387284e-06 0.000000e+00 4.209491e-05 0.000000e+00 4.781888e-04 5.693645e-02 9.852294e-01 4.144377e-03 3.744321e-04 0.000000e+00 0.000000e+00 9.083114e-05 0.000000e+00 0.000000e+00
20368.6 0.000000e+00 0.000000e+00 0.000000e+00 0.000000e+00 0.000000e+00 0.000000e+00 0.000000e+00 2.701046e-04 2.945709e-02 9.851046e-01 6.360650e-03 3.064700e-04 0.000000e+00 0.000000e+00 0.000000e+00 0.000000e+00 0.000000e+00
20409.0 0.000000e+00 5.147284e-05 7.854571e-15 0.000000e+00 0.000000e+00 7.835794e-06 2.458662e-04 3.780692e-04 1.657229e-02 9.949109e-01 1.022305e-02 6.279978e-04 7.234970e-05 3.576196e-05 1.368230e-05 0.000000e+00 0.000000e+00
20449.3 0.000000e+00 0.000000e+00 0.000000e+00 0.000000e+00 0.000000e+00 0.000000e+00 0.000000e+00 1.019880e-04 9.477560e-03 9.993664e-01 1.725476e-02 4.128085e-04 0.000000e+00 0.000000e+00 0.000000e+00 0.000000e+00 0.000000e+00
20488.7 2.185756e-04 3.897455e-04 3.882927e-04 3.780948e-04 4.921002e-04 3.291158e-04 5.449603e-04 7.814854e-04 6.513449e-03 1.000000e+00 3.269897e-02 1.016040e-03 4.960146e-04 4.968702e-04 2.347771e-04 4.416977e-04 2.640276e-04
20529.0 0.000000e+00 0.000000e+00 0.000000e+00 0.000000e+00 0.000000e+00 0.000000e+00 9.575563e-05 2.263189e-04 3.984105e-03 9.943088e-01 6.055080e-02 6.326879e-04 1.217978e-04 0.000000e+00 0.000000e+00 0.000000e+00 0.000000e+00
20569.3 0.000000e+00 0.000000e+00 0.000000e+00 0.000000e+00 0.000000e+00 0.000000e+00 0.000000e+00 0.000000e+00 2.521079e-03 9.503010e-01 1.267784e-01 6.819122e-04 0.000000e+00 0.000000e+00 0.000000e+00 0.000000e+00 0.000000e+00
20608.6 0.000000e+00 0.000000e+00 0.000000e+00 0.000000e+00 0.000000e+00 0.000000e+00 0.000000e+00 0.000000e+00 1.942037e-03 8.252950e-01 2.599732e-01 8.828295e-04 0.000000e+00 0.000000e+00 0.000000e+00 0.000000e+00 0.000000e+00
20648.8 0.000000e+00 0.000000e+00 0.000000e+00 0.000000e+00 0.000000e+00 0.000000e+00 0.000000e+00 0.000000e+00 1.393863e-03 5.979329e-01 5.041219e-01 1.197480e-03 0.000000e+00 0.000000e+00 0.000000e+00 0.000000e+00 0.000000e+00
20689.1 0.000000e+00 0.000000e+00 0.000000e+00 0.000000e+00 0.000000e+00 0.000000e+00 0.000000e+00 1.922558e-05 9.630143e-04 3.720388e-01 7.578218e-01 1.598107e-03 2.430821e-04 0.000000e+00 0.000000e+00 0.000000e+00 0.000000e+00
20729.4 0.000000e+00 0.000000e+00 0.000000e+00 0.000000e+00 0.000000e+00 0.000000e+00 0.000000e+00 0.000000e+00 4.462163e-04 2.046932e-01 9.277594e-01 1.914374e-03 1.780020e-05 0.000000e+00 0.000000e+00 0.000000e+00 0.000000e+00
20768.6 0.000000e+00 0.000000e+00 0.000000e+00 0.000000e+00 0.000000e+00 0.000000e+00 0.000000e+00 0.000000e+00 3.575016e-04 1.044781e-01 9.786556e-01 2.707127e-03 0.000000e+00 0.000000e+00 0.000000e+00 0.000000e+00 0.000000e+00
20808.8 0.000000e+00 0.000000e+00 0.000000e+00 0.000000e+00 0.000000e+00 0.000000e+00 0.000000e+00 0.000000e+00 1.940949e-04 5.473642e-02 9.806573e-01 4.035003e-03 0.000000e+00 0.000000e+00 0.000000e+00 0.000000e+00 0.000000e+00
20849.0 0.000000e+00 0.000000e+00 0.000000e+00 0.000000e+00 0.000000e+00 0.000000e+00 0.000000e+00 0.000000e+00 1.268658e-04 2.837401e-02 9.838180e-01 6.629040e-03 2.180395e-04 0.000000e+00 0.000000e+00 1.266728e-05 0.000000e+00
20889.2 8.543935e-05 0.000000e+00 0.000000e+00 0.000000e+00 0.000000e+00 2.479920e-05 0.000000e+00 0.000000e+00 4.508068e-04 1.633898e-02 9.909970e-01 1.058361e-02 5.354534e-04 5.835930e-05 0.000000e+00 0.000000e+00 0.000000e+00
20929.3 0.000000e+00 0.000000e+00 0.000000e+00 0.000000e+00 0.000000e+00 0.000000e+00 0.000000e+00 0.000000e+00 0.000000e+00 8.786132e-03 9.953333e-01 1.705138e-02 3.923379e-04 0.000000e+00 0.000000e+00 0.000000e+00 0.000000e+00
20969.5 0.000000e+00 0.000000e+00 0.000000e+00 0.000000e+00 0.000000e+00 0.000000e+00 0.000000e+00 0.000000e+00 0.000000e+00 6.017708e-03 1.000000e+00 3.064077e-02 0.000000e+00 0.000000e+00 0.000000e+00 0.000000e+00 0.000000e+00
21008.6 0.000000e+00 0.000000e+00 0.000000e+00 0.000000e+00 0.000000e+00 0.000000e+00 0.000000e+00 0.000000e+00 0.000000e+00 3.919803e-03 9.967592e-01 5.508695e-02 3.033783e-05 0.000000e+00 0.000000e+00 0.000000e+00 0.000000e+00
21048.7 0.000000e+00 0.000000e+00 0.000000e+00 0.000000e+00 0.000000e+00 0.000000e+00 0.000000e+00 0.000000e+00 0.000000e+00 2.428871e-03 9.684513e-01 1.146551e-01 1.758254e-04 0.000000e+00 0.000000e+00 0.000000e+00 0.000000e+00
21088.8 0.000000e+00 0.000000e+00 0.000000e+00 0.000000e+00 0.000000e+00 0.000000e+00 0.000000e+00 0.000000e+00 0.000000e+00 1.315743e-03 8.689989e-01 2.366018e-01 1.478887e-04 0.000000e+00 0.000000e+00 0.000000e+00 0.000000e+00
21128.9 0.000000e+00 0.000000e+00 0.000000e+00 0.000000e+00 0.000000e+00 0.000000e+00 0.000000e+00 0.000000e+00 0.000000e+00 8.011418e-04 6.740961e-01 4.452448e-01 5.800134e-04 0.000000e+00 0.000000e+00 0.000000e+00 0.000000e+00
21168.9 0.000000e+00 1.259211e-04 0.000000e+00 0.000000e+00 0.000000e+00 0.000000e+00 9.184972e-05 0.000000e+00 0.000000e+00 1.303069e-03 4.371780e-01 7.216987e-01 1.579082e-03 3.320685e-04 0.000000e+00 1.391318e-04 0.000000e+00
21209.0 0.000000e+00 2.779943e-06 0.000000e+00 0.000000e+00 1.165650e-04 0.000000e+00 8.884677e-05 0.000000e+00 3.352511e-05 1.048167e-03 2.570976e-01 9.067232e-01 2.107142e-03 4.414526e-04 0.000000e+00 1.576072e-04 0.000000e+00
21249.0 1.594132e-04 1.718620e-04 8.199904e-05 1.152734e-04 2.445331e-04 9.070176e-05 1.405612e-04 1.866765e-04 1.958357e-04 8.605974e-04 1.334666e-01 9.805525e-01 2.947972e-03 6.054877e-04 1.227224e-04 2.688643e-04 1.646157e-04
21289.0 0.000000e+00 0.000000e+00 0.000000e+00 0.000000e+00 0.000000e+00 0.000000e+00 0.000000e+00 0.000000e+00 0.000000e+00 3.638301e-04 6.930930e-02 9.888783e-01 3.722059e-03 2.645018e-04 0.000000e+00 0.000000e+00 0.000000e+00
21329.0 1.814699e-04 7.817675e-05 9.975446e-05 1.636817e-05 2.208181e-04 0.000000e+00 2.793064e-04 9.403045e-05 1.865127e-04 5.981521e-04 3.695939e-02 9.905018e-01 5.980902e-03 7.007977e-04 9.844046e-05 3.099563e-04 1.837832e-04
21369.0 3.387094e-04 3.492246e-04 3.765313e-04 4.480786e-04 3.015003e-04 4.500614e-04 3.984367e-04 5.602855e-04 3.322257e-04 5.623080e-04 2.168239e-02 9.954599e-01 8.296383e-03 9.756008e-04 4.438580e-04 4.514387e-04 5.068239e-04
21408.9 2.032392e-04 2.291832e-04 2.155498e-04 2.040638e-04 1.630845e-04 2.902462e-04 1.948052e-04 2.156912e-04 1.776421e-04 3.995819e-04 1.264108e-02 9.965358e-01 1.377850e-02 1.037327e-03 3.229652e-04 2.055067e-04 2.722753e-04
21448.8 1.795692e-04 2.734555e-04 1.847133e-04 1.540879e-04 1.577358e-04 2.699117e-04 2.961759e-04 3.778321e-04 2.015307e-04 3.910365e-04 8.413217e-03 9.970586e-01 2.383317e-02 1.138565e-03 4.012422e-04 2.804940e-04 2.381233e-04
21488.8 3.689266e-06 5.543258e-06 7.341867e-05 2.196238e-05 0.000000e+00 1.343209e-04 0.000000e+00 1.379129e-04 1.733140e-04 3.096391e-05 5.500871e-03 1.000000e+00 4.273424e-02 9.903747e-04 2.309553e-04 2.966576e-05 4.421711e-05
21528.7 3.659110e-04 3.476366e-04 3.528322e-04 3.306105e-04 2.364053e-04 3.679289e-04 3.421693e-04 3.399496e-04 3.544276e-04 4.356504e-04 4.144611e-03 9.892117e-01 7.975766e-02 1.308280e-03 6.879212e-04 4.587908e-04 2.135013e-04
21568.6 2.215862e-04 1.312181e-04 2.152973e-04 3.711624e-04 3.128397e-04 1.658808e-04 3.207883e-04 2.949650e-04 3.988911e-04 5.093575e-04 3.015827e-03 9.331721e-01 1.616892e-01 1.266187e-03 5.241812e-04 3.144348e-04 2.890120e-04
21609.4 0.000000e+00 0.000000e+00 0.000000e+00 0.000000e+00 0.000000e+00 0.000000e+00 0.000000e+00 0.000000e+00 0.000000e+00 0.000000e+00 1.749664e-03 7.918922e-01 3.079897e-01 9.122758e-04 0.000000e+00 0.000000e+00 0.000000e+00
21649.3 8.857451e-05 6.478283e-05 0.000000e+00 6.556232e-05 1.504419e-04 1.690628e-05 1.603477e-04 1.604875e-04 6.510480e-05 2.067370e-04 1.771127e-03 5.617948e-01 5.612295e-01 1.717390e-03 4.599257e-04 1.639275e-04 6.178599e-05
21689.1 0.000000e+00 0.000000e+00 0.000000e+00 0.000000e+00 0.000000e+00 0.000000e+00 0.000000e+00 0.000000e+00 0.000000e+00 0.000000e+00 9.864722e-04 3.491312e-01 7.997130e-01 1.686929e-03 1.688504e-04 0.000000e+00 0.000000e+00
21729.0 0.000000e+00 0.000000e+00 0.000000e+00 0.000000e+00 0.000000e+00 0.000000e+00 0.000000e+00 0.000000e+00 0.000000e+00 6.727974e-05 9.043379e-04 1.990277e-01 9.406307e-01 2.440041e-03 4.454648e-04 2.536583e-05 0.000000e+00
21768.8 8.547554e-05 0.000000e+00 0.000000e+00 0.000000e+00 0.000000e+00 0.000000e+00 0.000000e+00 3.635573e-05 0.000000e+00 0.000000e+00 6.515391e-04 1.038839e-01 9.823315e-01 3.167726e-03 3.844892e-04 0.000000e+00 0.000000e+00
21808.5 1.706335e-04 5.013713e-05 1.011167e-04 2.016530e-04 2.062849e-04 1.763065e-04 2.822372e-04 3.872755e-04 3.465967e-04 2.245568e-04 7.947240e-04 5.644372e-02 9.840669e-01 4.997517e-03 6.997477e-04 2.789898e-04 2.560162e-04
21849.3 0.000000e+00 0.000000e+00 0.000000e+00 0.000000e+00 0.000000e+00 0.000000e+00 0.000000e+00 1.361822e-04 0.000000e+00 0.000000e+00 2.926376e-04 3.043487e-02 9.853697e-01 7.132678e-03 7.033411e-04 0.000000e+00 0.000000e+00
21889.0 8.996593e-06 0.000000e+00 1.029467e-04 1.130651e-04 0.000000e+00 7.212181e-05 2.100122e-05 1.381283e-04 2.913205e-04 1.449757e-04 5.686353e-04 1.760565e-02 9.895569e-01 1.083501e-02 7.208404e-04 2.712845e-04 1.123200e-04
21928.8 0.000000e+00 0.000000e+00 0.000000e+00 0.000000e+00 0.000000e+00 0.000000e+00 0.000000e+00 0.000000e+00 0.000000e+00 0.000000e+00 2.361989e-04 1.032572e-02 9.936883e-01 1.664685e-02 4.416341e-04 0.000000e+00 0.000000e+00
21969.5 1.470649e-04 8.544193e-05 2.048678e-05 5.690652e-05 0.000000e+00 0.000000e+00 2.236364e-04 1.914347e-05 1.421240e-04 3.599255e-04 4.390562e-04 7.497603e-03 9.907984e-01 2.963444e-02 6.964959e-04 4.242449e-04 4.406558e-05
22009.2 0.000000e+00 0.000000e+00 0.000000e+00 0.000000e+00 0.000000e+00 0.000000e+00 0.000000e+00 0.000000e+00 0.000000e+00 0.000000e+00 8.844644e-06 4.789239e-03 1.000000e+00 5.391277e-02 7.682607e-04 4.260235e-05 0.000000e+00
22048.8 0.000000e+00 0.000000e+00 0.000000e+00 0.000000e+00 0.000000e+00 0.000000e+00 0.000000e+00 0.000000e+00 0.000000e+00 0.000000e+00 0.000000e+00 3.381893e-03 9.851214e-01 1.007901e-01 8.240384e-04 4.825058e-05 0.000000e+00
22088.5 0.000000e+00 0.000000e+00 0.000000e+00 0.000000e+00 0.000000e+00 0.000000e+00 0.000000e+00 0.000000e+00 6.884637e-05 5.715549e-05 0.000000e+00 2.308267e-03 9.092032e-01 2.032201e-01 9.861790e-04 1.345580e-04 8.720003e-06
22129.1 0.000000e+00 0.000000e+00 0.000000e+00 0.000000e+00 0.000000e+00 2.920893e-06 5.832259e-05 0.000000e+00 0.000000e+00 0.000000e+00 0.000000e+00 1.763531e-03 7.470701e-01 3.796628e-01 9.907242e-04 2.929832e-04 0.000000e+00
22168.8 0.000000e+00 0.000000e+00 1.001438e-04 0.000000e+00 7.400575e-05 1.156836e-04 0.000000e+00 2.222993e-05 1.519728e-04 1.498104e-04 1.119590e-04 1.512821e-03 5.164688e-01 6.422174e-01 1.537864e-03 4.269590e-04 2.246939e-04
22209.4 0.000000e+00 1.239206e-04 3.856040e-05 1.183068e-05 2.593568e-04 3.017043e-04 1.163097e-04 2.835655e-04 3.556042e-04 3.032355e-04 5.321744e-04 1.202365e-03 3.081428e-01 8.656224e-01 2.297206e-03 5.423326e-04 3.304865e-04
22249.0 1.217846e-05 7.471919e-05 4.089804e-05 1.510395e-04 2.070417e-04 5.339109e-05 2.025552e-04 3.368703e-04 4.750626e-05 2.008495e-04 2.502701e-04 9.198740e-04 1.762186e-01 9.748178e-01 2.785954e-03 5.753282e-04 1.756117e-04
22288.5 0.000000e+00 0.000000e+00 0.000000e+00 0.000000e+00 0.000000e+00 0.000000e+00 0.000000e+00 6.052580e-06 0.000000e+00 1.521982e-06 0.000000e+00 6.693349e-04 9.233484e-02 9.985401e-01 3.445775e-03 3.888462e-04 0.000000e+00
22329.0 0.000000e+00 0.000000e+00 0.000000e+00 0.000000e+00 0.000000e+00 0.000000e+00 0.000000e+00 0.000000e+00 0.000000e+00 0.000000e+00 0.000000e+00 5.331653e-04 4.858620e-02 9.955148e-01 4.754859e-03 4.056985e-04 0.000000e+00
22368.6 1.944210e-04 1.947498e-04 3.702848e-04 3.104479e-04 2.779720e-04 3.105002e-04 2.446520e-04 4.030392e-04 3.853192e-04 3.839760e-04 6.250468e-04 7.184294e-04 2.816695e-02 9.971953e-01 7.540814e-03 8.900766e-04 5.051805e-04
22409.1 2.289206e-04 2.987036e-04 7.343008e-05 3.093142e-04 2.018194e-04 1.388442e-04 1.024566e-04 4.343122e-04 3.123169e-04 4.823537e-04 4.663360e-04 5.372794e-04 1.640881e-02 9.953580e-01 1.132923e-02 1.086904e-03 2.120946e-04
22448.6 3.582913e-04 1.546712e-04 2.013765e-04 2.260842e-04 2.383704e-04 2.358504e-04 1.454788e-04 3.287386e-04 1.071479e-04 4.167202e-04 5.481072e-04 4.897391e-04 9.845246e-03 9.953972e-01 1.813593e-02 1.080396e-03 3.578536e-04
22489.0 3.399686e-04 2.359907e-04 2.596442e-04 3.861292e-04 3.399817e-04 2.928590e-04 2.744804e-04 3.045806e-04 2.972050e-04 3.469070e-04 6.519469e-04 5.558475e-04 6.769001e-03 9.971587e-01 3.182969e-02 1.258951e-03 4.527377e-04
22528.5 4.897895e-05 1.694861e-04 1.772202e-05 1.340063e-04 2.775581e-04 1.769869e-04 0.000000e+00 2.600769e-04 2.390575e-04 2.601009e-04 3.136163e-04 2.647429e-04 4.229592e-03 1.000000e+00 5.721740e-02 1.044285e-03 4.032121e-04
22568.9 3.934798e-04 4.941746e-04 4.923719e-04 2.735763e-04 4.352294e-04 3.584498e-04 4.518048e-04 3.671317e-04 2.130560e-04 5.659226e-04 5.667338e-04 6.452249e-04 3.608791e-03 9.844749e-01 1.056881e-01 1.366278e-03 8.381005e-04
22609.3 0.000000e+00 0.000000e+00 5.980420e-05 0.000000e+00 0.000000e+00 0.000000e+00 6.614201e-05 0.000000e+00 0.000000e+00 0.000000e+00 6.061976e-06 1.731577e-04 2.358048e-03 8.996630e-01 2.137035e-01 9.424216e-04 2.401177e-04
22648.8 3.001354e-04 0.000000e+00 1.553858e-04 0.000000e+00 1.660712e-04 1.221348e-04 3.307504e-04 8.695489e-05 0.000000e+00 2.961457e-04 2.981068e-04 1.564890e-04 1.861137e-03 7.255031e-01 3.922751e-01 1.359845e-03 5.538874e-04
22689.1 1.008706e-04 1.212495e-04 1.605911e-04 0.000000e+00 0.000000e+00 1.072998e-04 7.296909e-05 3.884719e-05 2.655751e-05 1.344148e-04 1.502595e-04 1.974986e-04 1.382375e-03 5.067369e-01 6.308892e-01 1.569188e-03 4.758378e-04
22729.5 0.000000e+00 0.000000e+00 0.000000e+00 0.000000e+00 0.000000e+00 0.000000e+00 0.000000e+00 0.000000e+00 0.000000e+00 0.000000e+00 0.000000e+00 0.000000e+00 9.171652e-04 2.965644e-01 8.624218e-01 1.610298e-03 1.940492e-04
22768.8 0.000000e+00 8.620058e-05 2.218158e-04 0.000000e+00 1.475286e-04 0.000000e+00 0.000000e+00 1.838244e-04 1.369563e-04 1.419752e-04 9.092826e-06 1.461894e-04 8.345931e-04 1.654436e-01 9.743647e-01 2.744843e-03 6.139279e-04
22809.1 0.000000e+00 0.000000e+00 0.000000e+00 0.000000e+00 0.000000e+00 0.000000e+00 0.000000e+00 0.000000e+00 0.000000e+00 0.000000e+00 0.000000e+00 0.000000e+00 5.980928e-04 9.147302e-02 9.943125e-01 3.151489e-03 2.846864e-04
22849.4 1.399574e-04 1.702971e-04 3.366208e-04 1.107490e-04 3.778136e-05 7.743713e-05 0.000000e+00 3.610985e-05 1.503988e-04 2.974841e-04 2.546095e-04 3.286854e-04 8.572605e-04 4.920351e-02 9.980554e-01 5.204164e-03 8.438638e-04
22888.7 0.000000e+00 1.741350e-06 8.302902e-05 0.000000e+00 1.773246e-04 0.000000e+00 0.000000e+00 3.307302e-05 0.000000e+00 0.000000e+00 3.033314e-04 3.240215e-04 6.270434e-04 2.918294e-02 9.978873e-01 7.480367e-03 7.604932e-04
22929.0 9.364384e-05 0.000000e+00 0.000000e+00 0.000000e+00 1.102765e-04 9.822273e-05 0.000000e+00 0.000000e+00 1.268659e-04 8.814397e-05 2.612801e-04 1.368135e-04 6.086782e-04 1.639553e-02 9.933587e-01 1.166182e-02 8.671141e-04
22969.2 4.727778e-04 2.615278e-04 5.248438e-04 5.285882e-04 5.574760e-04 2.775368e-04 4.376870e-04 5.440530e-04 3.516207e-04 5.987553e-04 4.892988e-04 3.730041e-04 1.000165e-03 1.062791e-02 9.960730e-01 2.081158e-02 1.254502e-03
23009.5 1.490263e-04 3.301686e-04 1.744539e-05 3.444272e-04 7.363937e-05 1.387937e-04 9.471688e-05 3.177538e-04 5.294832e-05 4.538102e-04 2.776277e-04 2.670524e-04 5.485428e-04 7.276458e-03 9.901012e-01 3.316218e-02 1.467429e-03
23048.6 4.641456e-04 3.952781e-04 6.123262e-04 5.277797e-04 2.903196e-04 3.936860e-04 4.034787e-04 6.335962e-04 4.024925e-04 5.944015e-04 3.646914e-04 5.992531e-04 7.863860e-04 5.234732e-03 1.000000e+00 5.992031e-02 1.545262e-03
23088.8 4.226729e-04 2.902255e-04 3.646093e-04 6.019923e-04 3.323565e-04 3.859754e-04 3.273736e-04 4.624771e-04 4.426489e-04 6.299642e-04 4.357625e-04 4.320978e-04 6.826776e-04 3.645402e-03 9.873606e-01 1.127225e-01 1.511593e-03
23129.0 5.726754e-04 5.702795e-04 4.979744e-04 6.065181e-04 3.896359e-04 5.418868e-04 4.922791e-04 5.431564e-04 5.731137e-04 8.186470e-04 5.826822e-04 4.039004e-04 7.413014e-04 2.886438e-03 9.279601e-01 2.088336e-01 1.647156e-03
23169.1 0.000000e+00 0.000000e+00 0.000000e+00 0.000000e+00 0.000000e+00 1.924667e-04 7.351932e-05 0.000000e+00 0.000000e+00 5.719199e-05 1.684528e-05 1.171564e-04 0.000000e+00 1.969962e-03 7.675236e-01 3.912491e-01 1.351180e-03
23209.2 0.000000e+00 4.641048e-05 0.000000e+00 0.000000e+00 0.000000e+00 0.000000e+00 0.000000e+00 3.479458e-05 0.000000e+00 1.499905e-04 1.552123e-04 2.321459e-05 0.000000e+00 1.771303e-03 5.443926e-01 6.370931e-01 1.624601e-03
23249.4 0.000000e+00 4.148203e-05 0.000000e+00 0.000000e+00 0.000000e+00 8.963517e-05 0.000000e+00 6.136999e-05 0.000000e+00 1.484818e-04 5.513397e-05 5.477835e-05 0.000000e+00 1.567697e-03 3.535022e-01 8.417259e-01 1.743797e-03
23289.5 0.000000e+00 0.000000e+00 0.000000e+00 0.000000e+00 0.000000e+00 0.000000e+00 0.000000e+00 0.000000e+00 0.000000e+00 4.866162e-05 0.000000e+00 7.846900e-05 0.000000e+00 8.533877e-04 1.919246e-01 9.736174e-01 2.106659e-03
23329.5 0.000000e+00 0.000000e+00 0.000000e+00 0.000000e+00 0.000000e+00 0.000000e+00 0.000000e+00 0.000000e+00 0.000000e+00 0.000000e+00 0.000000e+00 0.000000e+00 0.000000e+00 8.247012e-04 1.048299e-01 1.000000e+00 2.932629e-03
23368.5 3.484784e-04 2.769966e-04 4.192014e-04 3.663934e-04 4.351814e-04 5.229316e-04 3.243479e-04 2.638709e-04 2.303778e-04 4.470097e-04 4.861203e-04 5.020957e-04 3.437715e-04 1.070163e-03 6.319008e-02 9.971212e-01 4.243299e-03
23408.6 8.919898e-06 0.000000e+00 0.000000e+00 0.000000e+00 0.000000e+00 8.044536e-05 7.139035e-05 7.323892e-05 0.000000e+00 2.012357e-04 1.565411e-04 2.431295e-04 1.475383e-04 3.926427e-04 3.430629e-02 9.957900e-01 5.846087e-03
23448.6 4.775834e-04 1.306376e-04 2.010505e-04 2.095859e-04 2.534964e-04 2.945062e-04 0.000000e+00 2.906037e-04 6.286976e-05 3.801762e-04 4.576064e-04 2.742654e-04 2.269523e-04 1.003353e-03 2.047996e-02 9.946499e-01 1.002434e-02
23488.5 3.936632e-04 0.000000e+00 3.802981e-05 2.085636e-04 9.746408e-05 2.087290e-04 1.950058e-04 1.377711e-04 1.654410e-04 4.888645e-04 1.927422e-04 4.615125e-04 2.075492e-04 5.525104e-04 1.343319e-02 9.941268e-01 1.420323e-02
23528.5 2.843434e-04 3.955894e-05 3.045433e-04 1.293043e-04 2.547342e-04 3.304424e-04 1.224791e-04 3.064648e-04 0.000000e+00 4.653650e-04 2.011506e-04 4.669835e-04 2.321666e-04 8.435164e-04 8.818603e-03 9.920784e-01 2.482402e-02
23569.5 0.000000e+00 0.000000e+00 0.000000e+00 0.000000e+00 0.000000e+00 0.000000e+00 0.000000e+00 0.000000e+00 0.000000e+00 0.000000e+00 0.000000e+00 0.000000e+00 0.000000e+00 0.000000e+00 5.522747e-03 9.977197e-01 4.103794e-02
23609.4 0.000000e+00 0.000000e+00 0.000000e+00 0.000000e+00 0.000000e+00 0.000000e+00 0.000000e+00 0.000000e+00 0.000000e+00 0.000000e+00 0.000000e+00 0.000000e+00 0.000000e+00 0.000000e+00 3.573207e-03 9.990575e-01 7.171312e-02
23649.3 0.000000e+00 0.000000e+00 0.000000e+00 0.000000e+00 0.000000e+00 0.000000e+00 0.000000e+00 0.000000e+00 0.000000e+00 0.000000e+00 0.000000e+00 0.000000e+00 0.000000e+00 0.000000e+00 2.461509e-03 9.628592e-01 1.392440e-01
23689.2 0.000000e+00 0.000000e+00 0.000000e+00 0.000000e+00 0.000000e+00 0.000000e+00 0.000000e+00 0.000000e+00 0.000000e+00 0.000000e+00 0.000000e+00 0.000000e+00 0.000000e+00 0.000000e+00 1.384995e-03 8.452905e-01 2.592059e-01
23729.0 0.000000e+00 0.000000e+00 0.000000e+00 0.000000e+00 0.000000e+00 0.000000e+00 0.000000e+00 0.000000e+00 0.000000e+00 0.000000e+00 0.000000e+00 0.000000e+00 0.000000e+00 0.000000e+00 1.198605e-03 6.533460e-01 4.425173e-01
23768.9 0.000000e+00 0.000000e+00 0.000000e+00 0.000000e+00 0.000000e+00 0.000000e+00 0.000000e+00 0.000000e+00 0.000000e+00 0.000000e+00 0.000000e+00 0.000000e+00 0.000000e+00 0.000000e+00 8.056373e-04 4.239493e-01 6.925056e-01
23808.7 0.000000e+00 0.000000e+00 0.000000e+00 0.000000e+00 2.195245e-05 0.000000e+00 0.000000e+00 1.802388e-04 0.000000e+00 4.642829e-05 2.081198e-04 0.000000e+00 0.000000e+00 8.784382e-05 1.169575e-03 2.554074e-01 8.845248e-01
23849.5 0.000000e+00 0.000000e+00 0.000000e+00 1.489589e-04 7.394931e-05 0.000000e+00 0.000000e+00 2.243735e-05 0.000000e+00 7.221884e-05 2.373077e-05 0.000000e+00 0.000000e+00 0.000000e+00 1.127565e-03 1.465333e-01 9.821587e-01
23889.2 0.000000e+00 0.000000e+00 0.000000e+00 0.000000e+00 0.000000e+00 0.000000e+00 0.000000e+00 0.000000e+00 0.000000e+00 2.404769e-04 1.366199e-04 0.000000e+00 1.143799e-04 9.876344e-05 7.686136e-04 8.092668e-02 1.000000e+00
23929.0 0.000000e+00 0.000000e+00 0.000000e+00 0.000000e+00 0.000000e+00 0.000000e+00 0.000000e+00 0.000000e+00 0.000000e+00 0.000000e+00 0.000000e+00 0.000000e+00 0.000000e+00 0.000000e+00 5.367269e-04 4.520189e-02 9.950793e-01
23968.7 0.000000e+00 0.000000e+00 0.000000e+00 0.000000e+00 0.000000e+00 0.000000e+00 0.000000e+00 0.000000e+00 0.000000e+00 0.000000e+00 0.000000e+00 0.000000e+00 0.000000e+00 0.000000e+00 2.244770e-04 2.824077e-02 9.963710e-01
24009.4 1.144534e-04 0.000000e+00 3.908315e-04 4.671355e-04 0.000000e+00 0.000000e+00 4.371948e-04 0.000000e+00 1.571138e-05 3.720159e-04 4.171501e-04 0.000000e+00 2.436356e-04 0.000000e+00 1.699211e-04 1.781443e-02 9.922498e-01
24049.1 0.000000e+00 0.000000e+00 0.000000e+00 0.000000e+00 0.000000e+00 0.000000e+00 1.006598e-04 0.000000e+00 0.000000e+00 2.420804e-04 0.000000e+00 0.000000e+00 8.354532e-06 0.000000e+00 2.852695e-06 1.016806e-02 9.881332e-01
24088.8 9.008379e-06 0.000000e+00 3.764718e-04 0.000000e+00 7.206982e-05 3.009012e-05 4.325910e-04 0.000000e+00 0.000000e+00 2.268213e-04 2.029174e-04 6.018166e-06 0.000000e+00 1.772402e-04 3.049579e-04 7.901701e-03 9.812296e-01
24129.5 0.000000e+00 0.000000e+00 0.000000e+00 0.000000e+00 0.000000e+00 0.000000e+00 2.066997e-04 0.000000e+00 0.000000e+00 8.587764e-05 0.000000e+00 0.000000e+00 0.000000e+00 5.905641e-04 5.690494e-05 5.349999e-03 9.793493e-01
24169.1 0.000000e+00 0.000000e+00 0.000000e+00 0.000000e+00 0.000000e+00 0.000000e+00 0.000000e+00 0.000000e+00 0.000000e+00 0.000000e+00 3.006225e-05 0.000000e+00 0.000000e+00 0.000000e+00 0.000000e+00 3.932124e-03 9.847525e-01
24208.7 6.682572e-04 2.173335e-04 1.208976e-03 7.749677e-04 2.907465e-04 1.026203e-03 8.508806e-04 5.214016e-04 8.474451e-04 1.477191e-03 1.496815e-03 7.544513e-04 3.156332e-04 7.380007e-04 9.655411e-04 3.833869e-03 9.618580e-01
24249.3 8.221116e-04 5.400889e-04 1.136738e-03 9.427972e-04 8.648521e-04 8.773087e-04 7.316784e-04 1.117184e-03 8.705866e-04 1.543082e-03 8.668723e-04 1.230401e-03 8.191580e-04 1.046770e-03 9.535413e-04 3.911678e-03 8.659136e-01
24288.8 0.000000e+00 0.000000e+00 0.000000e+00 0.000000e+00 0.000000e+00 0.000000e+00 0.000000e+00 0.000000e+00 0.000000e+00 0.000000e+00 0.000000e+00 0.000000e+00 0.000000e+00 0.000000e+00 0.000000e+00 1.318881e-03 6.752485e-01
24329.4 1.058879e-03 0.000000e+00 1.154927e-03 4.343799e-04 5.090962e-04 9.284382e-04 4.379970e-04 8.053940e-04 1.076191e-03 1.261291e-03 1.992205e-03 1.377386e-03 0.000000e+00 6.722673e-04 9.041151e-04 2.394719e-03 4.698375e-01
24368.9 0.000000e+00 0.000000e+00 0.000000e+00 0.000000e+00 0.000000e+00 0.000000e+00 0.000000e+00 0.000000e+00 0.000000e+00 0.000000e+00 0.000000e+00 0.000000e+00 0.000000e+00 1.833456e-04 0.000000e+00 5.116920e-04 1.998227e-01
24409.4 0.000000e+00 0.000000e+00 0.000000e+00 0.000000e+00 0.000000e+00 0.000000e+00 0.000000e+00 0.000000e+00 0.000000e+00 0.000000e+00 0.000000e+00 0.000000e+00 0.000000e+00 0.000000e+00 0.000000e+00 0.000000e+00 6.484322e-02
24448.9 0.000000e+00 0.000000e+00 0.000000e+00 0.000000e+00 0.000000e+00 0.000000e+00 0.000000e+00 0.000000e+00 0.000000e+00 0.000000e+00 8.317969e-04 0.000000e+00 1.318844e-04 9.167281e-05 0.000000e+00 1.023384e-04 2.636337e-02
24489.3 0.000000e+00 0.000000e+00 0.000000e+00 0.000000e+00 0.000000e+00 0.000000e+00 0.000000e+00 4.077944e-04 0.000000e+00 0.000000e+00 1.288772e-03 0.000000e+00 0.000000e+00 1.161189e-03 0.000000e+00 0.000000e+00 9.513186e-03
24528.7 0.000000e+00 2.345713e-04 0.000000e+00 3.030558e-05 9.265551e-04 6.631702e-04 0.000000e+00 1.202993e-03 0.000000e+00 3.896672e-04 1.109063e-03 0.000000e+00 1.359424e-03 9.676574e-04 8.157821e-04 6.037966e-04 6.833630e-03
24569.1 3.054459e-05 1.091266e-03 1.620950e-04 0.000000e+00 7.534624e-04 0.000000e+00 0.000000e+00 2.650664e-04 3.074831e-04 3.896672e-04 6.469531e-04 1.132517e-03 1.420293e-04 1.497323e-03 1.766662e-03 4.298213e-04 6.620079e-03
24608.5 0.000000e+00 5.558319e-04 0.000000e+00 0.000000e+00 6.109155e-05 9.386409e-04 0.000000e+00 0.000000e+00 3.792292e-04 1.343326e-03 0.000000e+00 0.000000e+00 0.000000e+00 7.639401e-04 7.274489e-05 6.140304e-05 3.274448e-03
24648.9 2.036306e-05 1.754185e-03 1.610819e-03 1.010186e-04 1.720745e-03 1.122288e-03 1.313991e-03 1.070460e-03 1.260681e-03 2.655889e-03 1.314444e-03 1.933442e-03 1.582612e-03 9.676574e-04 2.327837e-03 0.000000e+00 2.898191e-03
24689.2 0.000000e+00 0.000000e+00 0.000000e+00 0.000000e+00 0.000000e+00 0.000000e+00 0.000000e+00 0.000000e+00 0.000000e+00 0.000000e+00 0.000000e+00 0.000000e+00 0.000000e+00 0.000000e+00 0.000000e+00 0.000000e+00 0.000000e+00
24728.6 6.719811e-04 1.703191e-03 2.532734e-04 1.515279e-03 9.876467e-04 1.989511e-03 1.792732e-03 4.995481e-04 1.783402e-03 3.322426e-03 2.567274e-04 2.693555e-03 2.515948e-03 1.578809e-03 1.548427e-03 1.289464e-03 2.949037e-03
24768.9 2.652289e-03 1.652198e-03 2.796139e-03 1.757723e-03 2.117840e-03 1.846674e-03 2.403891e-03 1.773906e-03 1.803901e-03 3.035302e-03 1.899783e-03 1.877326e-03 3.276819e-03 4.807729e-03 3.060482e-03 2.640331e-03 5.003194e-03
24809.1 1.975217e-03 1.529813e-04 8.915226e-04 1.303140e-03 0.000000e+00 0.000000e+00 5.704147e-04 0.000000e+00 1.527166e-03 2.317494e-03 5.339930e-04 0.000000e+00 1.917396e-03 2.750184e-04 5.819592e-04 1.258763e-03 2.710063e-03
24849.4 1.058879e-03 1.427825e-04 0.000000e+00 7.677413e-04 2.036385e-05 0.000000e+00 1.140830e-03 2.140921e-04 5.739685e-04 3.301916e-03 2.669965e-04 0.000000e+00 1.643482e-03 0.000000e+00 6.962726e-04 2.087704e-03 1.260967e-03
24888.6 4.113338e-03 4.140693e-03 5.409921e-03 3.020456e-03 4.194953e-03 2.550655e-03 3.992903e-03 3.782293e-03 3.874287e-03 5.486103e-03 3.850911e-03 2.887409e-03 5.021751e-03 3.361336e-03 3.689205e-03 5.690015e-03 4.077806e-03
24928.8 3.364996e-03 1.325838e-03 3.586352e-03 1.919353e-03 2.840757e-03 1.765053e-03 2.240915e-03 5.607173e-04 1.055692e-03 5.188726e-03 1.622517e-03 2.928221e-03 3.865227e-03 1.660297e-03 3.470971e-03 2.916645e-03 2.755824e-03
24969.0 0.000000e+00 0.000000e+00 0.000000e+00 0.000000e+00 0.000000e+00 0.000000e+00 0.000000e+00 0.000000e+00 0.000000e+00 5.639920e-04 0.000000e+00 0.000000e+00 0.000000e+00 3.259478e-04 0.000000e+00 0.000000e+00 0.000000e+00
25009.1 0.000000e+00 0.000000e+00 0.000000e+00 0.000000e+00 0.000000e+00 0.000000e+00 6.722745e-04 0.000000e+00 0.000000e+00 1.045949e-03 0.000000e+00 0.000000e+00 0.000000e+00 4.430852e-04 0.000000e+00 0.000000e+00 0.000000e+00
25049.3 1.282873e-03 1.499216e-03 6.585110e-04 7.172320e-04 0.000000e+00 0.000000e+00 1.629756e-03 3.364304e-04 1.035193e-03 2.245714e-03 6.469531e-04 2.346658e-04 1.268119e-03 2.943716e-03 1.122350e-03 2.057002e-03 2.460920e-03
25089.4 0.000000e+00 0.000000e+00 0.000000e+00 0.000000e+00 0.000000e+00 0.000000e+00 0.000000e+00 0.000000e+00 0.000000e+00 0.000000e+00 0.000000e+00 0.000000e+00 0.000000e+00 1.578809e-04 0.000000e+00 0.000000e+00 0.000000e+00
25129.5 1.048698e-03 7.445088e-04 7.598204e-04 1.363751e-03 1.089466e-03 8.264121e-04 1.324177e-03 1.019486e-05 4.304764e-04 2.307240e-03 5.750694e-04 0.000000e+00 1.400003e-03 2.862229e-03 1.465290e-03 1.043852e-03 2.115171e-03
25168.6 2.728650e-03 2.707768e-03 2.036319e-03 3.293206e-03 2.382570e-03 2.183360e-03 2.424263e-03 3.955606e-03 2.142132e-03 3.737728e-03 4.097369e-03 1.601849e-03 3.134790e-03 3.748399e-03 1.652348e-03 3.418103e-03 3.010051e-03
25208.6 2.199211e-03 1.448223e-03 8.307369e-04 2.687094e-03 2.952758e-04 1.714040e-03 1.680686e-03 1.855464e-03 9.429482e-04 2.912249e-03 8.112587e-04 2.356860e-03 1.339134e-03 1.813084e-03 2.930580e-03 1.422504e-03 1.906705e-03
25248.6 2.015943e-03 1.896968e-03 1.043487e-03 2.040575e-03 4.683685e-04 7.141832e-04 2.098311e-03 2.293844e-03 2.008890e-03 2.901995e-03 1.252830e-03 9.998803e-04 1.988411e-03 2.913158e-03 2.374601e-03 2.711968e-03 1.444011e-03
25288.6 0.000000e+00 0.000000e+00 5.875944e-04 5.657041e-04 0.000000e+00 6.019544e-04 0.000000e+00 0.000000e+00 0.000000e+00 1.086966e-03 0.000000e+00 3.060858e-04 0.000000e+00 4.481782e-04 0.000000e+00 0.000000e+00 0.000000e+00
25328.6 3.838437e-03 4.936195e-03 2.796139e-03 5.192355e-03 3.869131e-03 3.173014e-03 3.493790e-03 2.966704e-03 2.408618e-03 5.188726e-03 3.614722e-03 3.897493e-03 4.727548e-03 3.977581e-03 2.068034e-03 3.469272e-03 4.047299e-03
25368.5 0.000000e+00 0.000000e+00 0.000000e+00 0.000000e+00 0.000000e+00 0.000000e+00 5.500428e-04 0.000000e+00 0.000000e+00 7.793343e-04 2.002474e-04 3.775058e-04 0.000000e+00 0.000000e+00 0.000000e+00 0.000000e+00 0.000000e+00
25409.5 0.000000e+00 0.000000e+00 0.000000e+00 0.000000e+00 0.000000e+00 0.000000e+00 0.000000e+00 0.000000e+00 0.000000e+00 0.000000e+00 0.000000e+00 0.000000e+00 0.000000e+00 0.000000e+00 0.000000e+00 0.000000e+00 0.000000e+00
25449.4 0.000000e+00 0.000000e+00 0.000000e+00 0.000000e+00 0.000000e+00 0.000000e+00 0.000000e+00 0.000000e+00 0.000000e+00 0.000000e+00 0.000000e+00 0.000000e+00 0.000000e+00 0.000000e+00 0.000000e+00 0.000000e+00 0.000000e+00
25489.2 0.000000e+00 0.000000e+00 0.000000e+00 0.000000e+00 0.000000e+00 0.000000e+00 0.000000e+00 0.000000e+00 0.000000e+00 4.717024e-04 0.000000e+00 0.000000e+00 0.000000e+00 0.000000e+00 0.000000e+00 0.000000e+00 0.000000e+00
25529.1 1.832676e-04 0.000000e+00 0.000000e+00 0.000000e+00 0.000000e+00 0.000000e+00 0.000000e+00 0.000000e+00 0.000000e+00 2.173933e-03 0.000000e+00 7.039973e-04 7.913062e-04 7.435684e-04 0.000000e+00 0.000000e+00 5.338774e-04
25568.9 3.563536e-04 6.221237e-04 0.000000e+00 0.000000e+00 2.138204e-04 1.020262e-04 1.629756e-04 5.811070e-04 1.004445e-03 2.614872e-03 2.875347e-04 2.448686e-04 5.072476e-04 0.000000e+00 0.000000e+00 0.000000e+00 7.016674e-04
25608.7 0.000000e+00 0.000000e+00 1.620950e-04 0.000000e+00 1.293104e-03 1.326340e-04 8.352502e-04 7.850042e-04 1.455420e-03 2.307240e-03 5.134548e-04 1.397792e-03 1.257974e-03 2.852043e-04 0.000000e+00 1.146190e-03 4.982856e-04
25649.5 0.000000e+00 0.000000e+00 0.000000e+00 0.000000e+00 0.000000e+00 0.000000e+00 0.000000e+00 0.000000e+00 0.000000e+00 0.000000e+00 0.000000e+00 0.000000e+00 0.000000e+00 0.000000e+00 0.000000e+00 0.000000e+00 0.000000e+00
25689.3 7.737963e-04 2.447700e-04 8.712607e-04 0.000000e+00 1.771655e-03 1.203909e-03 7.130184e-05 1.529229e-03 1.383674e-03 2.758433e-03 8.831423e-04 2.050775e-03 7.304365e-04 1.140817e-03 0.000000e+00 1.934196e-03 9.253874e-04
25729.0 0.000000e+00 1.121863e-04 0.000000e+00 0.000000e+00 0.000000e+00 0.000000e+00 0.000000e+00 0.000000e+00 0.000000e+00 1.548414e-03 3.388802e-04 1.428400e-04 0.000000e+00 3.768771e-04 0.000000e+00 0.000000e+00 0.000000e+00
25768.7 0.000000e+00 0.000000e+00 0.000000e+00 0.000000e+00 1.018192e-04 0.000000e+00 0.000000e+00 0.000000e+00 0.000000e+00 0.000000e+00 0.000000e+00 0.000000e+00 0.000000e+00 0.000000e+00 0.000000e+00 0.000000e+00 0.000000e+00
25809.4 0.000000e+00 0.000000e+00 0.000000e+00 0.000000e+00 0.000000e+00 0.000000e+00 0.000000e+00 0.000000e+00 0.000000e+00 0.000000e+00 0.000000e+00 0.000000e+00 0.000000e+00 0.000000e+00 0.000000e+00 0.000000e+00 0.000000e+00
25849.0 0.000000e+00 0.000000e+00 0.000000e+00 5.960097e-04 2.850939e-04 0.000000e+00 0.000000e+00 0.000000e+00 1.537416e-04 4.101760e-05 0.000000e+00 0.000000e+00 0.000000e+00 0.000000e+00 0.000000e+00 0.000000e+00 0.000000e+00
25888.7 0.000000e+00 0.000000e+00 0.000000e+00 4.646855e-04 0.000000e+00 0.000000e+00 5.500428e-04 0.000000e+00 0.000000e+00 1.845792e-04 0.000000e+00 0.000000e+00 0.000000e+00 0.000000e+00 0.000000e+00 0.000000e+00 0.000000e+00
25929.3 0.000000e+00 0.000000e+00 0.000000e+00 0.000000e+00 0.000000e+00 0.000000e+00 0.000000e+00 0.000000e+00 0.000000e+00 1.066457e-03 0.000000e+00 0.000000e+00 0.000000e+00 0.000000e+00 0.000000e+00 0.000000e+00 0.000000e+00
25968.9 1.058879e-03 9.688813e-04 1.995795e-03 9.394729e-04 1.333832e-03 1.918092e-03 1.222317e-03 1.080655e-03 1.516917e-03 2.563600e-03 2.711042e-03 1.071300e-03 1.237684e-03 1.619553e-03 2.353817e-03 1.801156e-03 3.965946e-04
26009.4 0.000000e+00 0.000000e+00 0.000000e+00 0.000000e+00 0.000000e+00 0.000000e+00 0.000000e+00 0.000000e+00 0.000000e+00 0.000000e+00 1.951128e-04 0.000000e+00 4.057981e-04 0.000000e+00 0.000000e+00 0.000000e+00 0.000000e+00
26049.0 0.000000e+00 0.000000e+00 0.000000e+00 0.000000e+00 0.000000e+00 0.000000e+00 0.000000e+00 0.000000e+00 0.000000e+00 3.999216e-04 2.978038e-04 0.000000e+00 0.000000e+00 4.685499e-04 1.028821e-03 0.000000e+00 0.000000e+00
26089.4 9.163377e-05 0.000000e+00 9.725700e-04 0.000000e+00 0.000000e+00 1.101883e-03 0.000000e+00 0.000000e+00 6.457145e-04 5.845007e-04 2.207856e-03 0.000000e+00 0.000000e+00 2.159404e-03 6.650962e-04 0.000000e+00 0.000000e+00
26129.0 0.000000e+00 0.000000e+00 0.000000e+00 0.000000e+00 0.000000e+00 1.326340e-04 0.000000e+00 0.000000e+00 0.000000e+00 6.614088e-04 2.053819e-05 0.000000e+00 0.000000e+00 4.685499e-04 7.066647e-04 0.000000e+00 0.000000e+00
26169.4 3.156275e-04 2.039750e-04 4.052375e-04 1.020288e-03 0.000000e+00 1.999713e-03 1.935336e-04 0.000000e+00 1.209433e-03 3.691584e-04 8.009895e-04 9.896775e-04 4.260880e-04 0.000000e+00 1.034017e-03 0.000000e+00 5.796383e-04
26208.8 1.903946e-03 1.193254e-03 1.296760e-03 1.656705e-03 1.995657e-03 2.295589e-03 1.670500e-03 5.301327e-04 1.906395e-03 1.189510e-03 1.663594e-03 2.152803e-03 1.795657e-03 8.352411e-04 8.729387e-04 1.115489e-03 7.931892e-04
26249.2 1.679953e-04 5.099375e-05 1.458855e-03 2.222409e-04 6.618251e-04 2.673086e-03 0.000000e+00 4.791584e-04 1.342676e-03 4.511936e-04 1.150139e-03 1.020286e-03 1.146380e-03 9.982151e-04 7.794096e-04 0.000000e+00 4.881164e-04
26288.6 0.000000e+00 6.527200e-04 0.000000e+00 0.000000e+00 0.000000e+00 9.998566e-04 0.000000e+00 0.000000e+00 1.434921e-04 0.000000e+00 1.283637e-04 3.673029e-04 1.115945e-04 9.370999e-04 0.000000e+00 0.000000e+00 1.220291e-04
26329.0 0.000000e+00 0.000000e+00 0.000000e+00 0.000000e+00 0.000000e+00 1.101883e-03 0.000000e+00 0.000000e+00 5.124718e-04 0.000000e+00 8.780078e-04 1.407995e-03 1.643482e-03 9.370999e-04 0.000000e+00 0.000000e+00 0.000000e+00
26369.3 0.000000e+00 0.000000e+00 0.000000e+00 0.000000e+00 0.000000e+00 0.000000e+00 0.000000e+00 0.000000e+00 0.000000e+00 1.251037e-03 9.242187e-05 0.000000e+00 0.000000e+00 0.000000e+00 0.000000e+00 0.000000e+00 0.000000e+00
26408.6 0.000000e+00 0.000000e+00 0.000000e+00 0.000000e+00 0.000000e+00 0.000000e+00 0.000000e+00 0.000000e+00 0.000000e+00 0.000000e+00 0.000000e+00 0.000000e+00 0.000000e+00 0.000000e+00 0.000000e+00 0.000000e+00 0.000000e+00
26448.9 0.000000e+00 0.000000e+00 0.000000e+00 0.000000e+00 0.000000e+00 0.000000e+00 0.000000e+00 0.000000e+00 0.000000e+00 2.050880e-05 0.000000e+00 0.000000e+00 0.000000e+00 0.000000e+00 0.000000e+00 0.000000e+00 0.000000e+00
26489.1 0.000000e+00 0.000000e+00 0.000000e+00 0.000000e+00 0.000000e+00 0.000000e+00 0.000000e+00 0.000000e+00 0.000000e+00 7.588255e-04 0.000000e+00 0.000000e+00 0.000000e+00 0.000000e+00 0.000000e+00 0.000000e+00 0.000000e+00
26529.4 0.000000e+00 0.000000e+00 0.000000e+00 0.000000e+00 0.000000e+00 0.000000e+00 0.000000e+00 0.000000e+00 0.000000e+00 1.251037e-03 0.000000e+00 0.000000e+00 0.000000e+00 0.000000e+00 0.000000e+00 0.000000e+00 0.000000e+00
26568.6 1.074151e-03 2.100943e-03 2.198414e-03 9.798804e-04 6.720070e-04 0.000000e+00 2.342775e-03 1.488450e-03 2.070386e-03 2.655889e-03 1.447943e-03 1.152923e-03 2.252179e-03 9.370999e-04 1.153526e-03 2.026301e-03 6.914983e-04
26608.8 0.000000e+00 0.000000e+00 0.000000e+00 0.000000e+00 0.000000e+00 0.000000e+00 1.629756e-04 6.218864e-04 9.019505e-04 1.025440e-03 7.599132e-04 0.000000e+00 1.724642e-04 0.000000e+00 0.000000e+00 0.000000e+00 0.000000e+00
26648.9 4.581689e-04 0.000000e+00 1.418331e-03 4.040744e-05 0.000000e+00 0.000000e+00 0.000000e+00 9.685117e-04 5.227213e-04 6.357728e-04 2.115434e-03 4.183173e-04 7.710163e-04 6.620814e-04 0.000000e+00 3.377167e-04 0.000000e+00
26689.0 2.239937e-03 2.009154e-03 1.940075e-03 1.828437e-03 1.893838e-03 1.622216e-03 1.853848e-03 2.609884e-03 2.951838e-03 3.035302e-03 3.255304e-03 1.040692e-03 1.663772e-03 1.965873e-03 1.579603e-03 1.934196e-03 1.708408e-03
26729.1 1.415233e-03 5.303350e-04 1.175189e-03 2.323428e-04 1.282923e-03 4.897257e-04 3.055793e-04 2.548715e-04 9.839459e-04 1.435616e-03 4.518403e-04 8.621416e-04 7.000017e-04 4.889216e-04 6.027434e-04 1.494141e-03 3.050728e-05
26769.2 2.545383e-04 8.260988e-04 1.732391e-03 7.071301e-05 1.282923e-03 1.632419e-03 0.000000e+00 4.893533e-04 1.342676e-03 5.845007e-04 2.628889e-03 7.856202e-04 1.024640e-03 1.716319e-03 8.573506e-04 0.000000e+00 0.000000e+00
