# from M Ashby, priv. comm.
# Mar 26, 2025

# Based on monochromometer scans of individual pixels, rebinned.
# No units given, assumed to be detector signal/photon

# wave ch01 ch02 ch03 ch04 ch05 ch06 ch07 ch08 ch09 ch10 ch11 ch12 ch13 ch14 ch15 ch16 ch17
10139.4 8.610525e-04 1.176750e-03 1.081901e-03 7.024787e-04 5.869759e-04 7.807756e-04 5.029320e-04 9.198381e-04 1.179531e-03 1.125916e-03 1.415856e-03 8.063134e-04 5.410584e-04 1.706475e-03 9.221830e-04 4.404003e-04 1.120478e-03
10169.5 7.693428e-04 6.520521e-04 3.943379e-04 2.508852e-04 2.327663e-04 4.332045e-04 7.620182e-05 0.000000e+00 3.830954e-04 2.738715e-04 5.258892e-04 0.000000e+00 0.000000e+00 9.114703e-05 0.000000e+00 0.000000e+00 9.430265e-04
10198.5 3.770289e-04 0.000000e+00 2.022245e-05 0.000000e+00 0.000000e+00 0.000000e+00 0.000000e+00 0.000000e+00 0.000000e+00 4.970260e-04 3.033976e-04 0.000000e+00 0.000000e+00 1.620392e-04 0.000000e+00 0.000000e+00 1.723812e-04
10228.6 9.221923e-04 5.960164e-04 4.752277e-04 4.716642e-04 7.413100e-04 5.692106e-04 3.225877e-04 1.372134e-04 6.956206e-04 8.672596e-04 9.304194e-04 3.752654e-04 7.079268e-04 9.418526e-04 5.370956e-04 4.353382e-04 6.743147e-04
10258.6 0.000000e+00 1.833897e-04 0.000000e+00 0.000000e+00 2.074656e-04 1.108198e-04 0.000000e+00 0.000000e+00 0.000000e+00 0.000000e+00 5.562290e-04 0.000000e+00 0.000000e+00 1.341887e-04 0.000000e+00 0.000000e+00 0.000000e+00
10288.7 1.080137e-03 1.227692e-03 1.420627e-03 1.189196e-03 1.672375e-03 1.239166e-03 1.061745e-03 1.036724e-03 3.679732e-04 1.087878e-03 1.254044e-03 9.077365e-04 3.994730e-04 5.873919e-04 1.033656e-03 4.657106e-04 6.134742e-04
10318.8 1.255914e-03 2.124263e-03 2.340749e-03 2.308144e-03 3.289089e-03 1.843638e-03 1.600238e-03 1.420413e-03 1.219856e-03 1.551938e-03 3.039033e-03 1.998035e-03 1.213589e-03 1.093764e-03 1.256601e-03 1.333856e-03 1.237089e-03
10348.8 0.000000e+00 0.000000e+00 7.077859e-04 1.655843e-03 1.244794e-03 6.800304e-04 0.000000e+00 1.118035e-04 0.000000e+00 0.000000e+00 1.663630e-03 2.231308e-04 0.000000e+00 0.000000e+00 1.114727e-04 0.000000e+00 0.000000e+00
10378.9 7.846277e-04 1.334669e-03 1.587463e-03 3.141083e-03 3.127165e-03 1.702594e-03 5.842140e-04 1.306068e-03 7.661908e-04 7.201805e-04 2.755862e-03 1.232290e-03 7.180400e-04 6.177743e-04 1.008321e-03 1.035194e-03 3.599725e-04
10408.9 5.502584e-04 5.705456e-04 1.228514e-03 3.301650e-03 2.990541e-03 1.415471e-03 1.066826e-03 6.454113e-04 5.897653e-04 2.282262e-04 1.319780e-03 1.313429e-03 4.904921e-04 9.874262e-04 6.840368e-04 0.000000e+00 9.633066e-05
10439.0 5.502584e-04 3.769676e-04 8.341762e-04 3.085888e-03 3.339690e-03 2.009867e-03 8.128195e-04 4.421321e-04 7.057020e-04 5.477429e-04 4.652097e-04 2.327660e-03 4.171712e-04 6.785390e-04 2.077445e-04 0.000000e+00 8.112056e-05
10469.0 1.564160e-03 2.108981e-03 1.845299e-03 3.532464e-03 5.070257e-03 3.380003e-03 2.717865e-03 2.436809e-03 1.809622e-03 2.155470e-03 1.916462e-03 5.162435e-03 3.155331e-03 1.990043e-03 1.327538e-03 1.635049e-03 1.313139e-03
10499.1 5.196885e-04 2.852728e-04 8.695655e-04 8.981692e-04 3.046203e-03 2.009867e-03 1.381793e-03 2.998367e-04 8.165981e-04 2.840149e-04 7.003429e-04 5.963677e-03 1.951855e-03 1.129210e-03 2.432131e-04 2.632277e-04 0.000000e+00
10529.1 1.472451e-03 1.599565e-03 1.344793e-03 1.901710e-03 3.957027e-03 2.876277e-03 2.367337e-03 1.361970e-03 1.703766e-03 1.384573e-03 1.355176e-03 7.388671e-03 3.453671e-03 1.944470e-03 1.281936e-03 1.316139e-03 1.069777e-03
10559.1 1.976854e-03 1.543530e-03 2.189081e-03 2.207790e-03 3.739441e-03 3.918990e-03 3.256358e-03 2.500333e-03 2.389305e-03 1.714232e-03 2.146538e-03 7.637158e-03 3.580087e-03 1.790026e-03 1.945705e-03 1.690732e-03 7.909255e-04
10589.1 2.272364e-03 2.750845e-03 2.719920e-03 2.192737e-03 5.156280e-03 4.508350e-03 3.363041e-03 3.272794e-03 2.865654e-03 2.723500e-03 2.988467e-03 7.738581e-03 3.590200e-03 2.774920e-03 2.781750e-03 2.384236e-03 2.109135e-03
10619.2 1.110707e-03 1.966344e-03 1.526795e-03 1.706020e-03 4.665446e-03 4.019735e-03 2.275895e-03 2.385989e-03 1.597911e-03 2.064180e-03 1.719253e-03 4.290196e-03 2.588990e-03 1.387460e-03 1.525149e-03 1.146559e-03 1.389190e-03
10649.2 2.730912e-03 3.020835e-03 2.588474e-03 2.930340e-03 6.315051e-03 5.294163e-03 3.393521e-03 3.420171e-03 2.974030e-03 3.367605e-03 2.821598e-03 4.371335e-03 3.554804e-03 2.400205e-03 2.918557e-03 2.647464e-03 1.673112e-03
10679.2 1.773055e-03 1.095244e-03 1.749242e-03 1.565524e-03 5.429527e-03 4.644356e-03 3.200477e-03 2.429186e-03 2.338898e-03 1.861312e-03 2.058047e-03 2.976767e-03 3.691333e-03 2.126764e-03 2.163583e-03 1.447753e-03 1.880983e-03
10709.2 2.002329e-03 1.477306e-03 1.541962e-03 1.706020e-03 4.351718e-03 4.795474e-03 3.347800e-03 2.129349e-03 2.127187e-03 1.592512e-03 1.881065e-03 2.525435e-03 4.753223e-03 2.131828e-03 2.214253e-03 1.285766e-03 1.414540e-03
10739.2 2.328408e-03 1.171656e-03 1.638019e-03 1.756197e-03 3.790043e-03 4.956666e-03 3.236038e-03 2.744268e-03 1.723929e-03 1.526580e-03 1.658574e-03 2.160312e-03 7.493911e-03 3.458523e-03 2.644943e-03 7.593108e-04 1.206668e-03
10769.2 2.379358e-03 8.965716e-04 1.385238e-03 1.455134e-03 1.836830e-03 4.538573e-03 2.636583e-03 2.230988e-03 1.582789e-03 1.130988e-03 9.809857e-04 1.389496e-03 8.540632e-03 2.931896e-03 2.082512e-03 7.744970e-04 7.605053e-04
10799.2 3.133416e-03 1.823708e-03 1.562185e-03 2.518888e-03 2.479467e-03 4.731248e-03 4.094578e-03 3.191482e-03 2.157432e-03 1.846097e-03 1.810273e-03 2.510221e-03 9.875579e-03 4.056043e-03 2.351060e-03 1.295890e-03 2.322076e-03
10829.2 3.836524e-03 2.108981e-03 1.784632e-03 2.303127e-03 2.813436e-03 4.231300e-03 4.221581e-03 2.947547e-03 2.066699e-03 2.150398e-03 2.159180e-03 1.987892e-03 8.667047e-03 3.180018e-03 2.209186e-03 1.488249e-03 1.186388e-03
10859.2 5.843948e-03 2.699903e-03 3.200203e-03 2.990552e-03 3.056323e-03 6.266354e-03 5.824360e-03 4.162140e-03 3.329401e-03 2.738715e-03 2.831711e-03 2.865202e-03 7.746742e-03 3.701582e-03 3.374582e-03 2.973967e-03 2.453897e-03
10889.2 6.837470e-03 1.833896e-03 7.684532e-04 1.334710e-03 2.277062e-03 5.163193e-03 4.932798e-03 2.683285e-03 2.112065e-03 1.075199e-03 1.269213e-03 9.939462e-04 3.827861e-03 2.704028e-03 1.636621e-03 1.265518e-03 8.619060e-04
10919.2 2.368404e-02 1.625036e-03 6.622854e-04 1.078807e-03 2.137908e-03 5.122896e-03 5.024240e-03 2.540989e-03 1.764255e-03 1.389644e-03 1.281855e-03 1.389496e-03 2.776085e-03 2.496416e-03 1.737960e-03 2.323491e-03 1.191458e-03
10949.1 1.043300e-01 2.781410e-03 2.113246e-03 2.403481e-03 2.914639e-03 6.472882e-03 5.892941e-03 3.773369e-03 2.903460e-03 1.881598e-03 2.320992e-03 2.297233e-03 3.403105e-03 4.942195e-03 3.024963e-03 2.824636e-03 2.195325e-03
10979.1 3.192212e-01 2.007098e-03 1.814965e-03 1.680931e-03 2.565489e-03 4.931479e-03 6.030105e-03 3.501483e-03 2.979071e-03 2.180828e-03 1.456309e-03 1.850971e-03 2.690122e-03 5.982789e-03 3.714067e-03 3.578885e-03 1.267509e-03
11009.1 6.422025e-01 2.506325e-03 1.213347e-03 1.525382e-03 2.125258e-03 3.107991e-03 5.069962e-03 3.232138e-03 2.530446e-03 1.293282e-03 1.304610e-03 1.419923e-03 2.108611e-03 7.914600e-03 3.729268e-03 2.642402e-03 1.242159e-03
11039.0 8.903946e-01 1.716731e-03 1.193125e-03 1.465170e-03 2.423806e-03 2.891389e-03 4.597510e-03 3.760664e-03 2.474998e-03 1.927244e-03 1.992311e-03 1.485848e-03 2.133894e-03 1.058318e-02 3.774870e-03 2.450043e-03 1.389190e-03
11069.0 9.753229e-01 3.881747e-03 2.881700e-03 2.794862e-03 3.445953e-03 3.913952e-03 5.415410e-03 5.158208e-03 4.481208e-03 3.403107e-03 3.458733e-03 2.707996e-03 3.119934e-03 1.183392e-02 4.666652e-03 2.687960e-03 2.443757e-03
11099.0 9.896440e-01 1.680048e-03 0.000000e+00 0.000000e+00 1.089235e-03 8.853552e-04 3.165239e-03 2.920511e-03 1.662428e-03 7.011066e-04 6.590796e-04 1.852728e-04 6.091485e-04 8.040056e-03 1.881207e-03 1.399553e-04 4.956204e-04
11128.9 9.986746e-01 3.084384e-03 5.216574e-04 1.230868e-03 1.477710e-03 1.755429e-03 4.242942e-03 3.789372e-03 2.320920e-03 1.224364e-03 1.077980e-03 6.713537e-04 1.663730e-03 5.984039e-03 1.356388e-03 1.261461e-03 1.332541e-03
11158.8 1.000000e+00 8.087890e-03 1.067638e-03 8.284399e-04 1.748607e-03 2.282254e-03 5.646900e-03 4.897720e-03 3.474123e-03 2.137199e-03 1.689148e-03 1.401931e-03 1.609057e-03 4.270112e-03 2.704257e-03 1.710403e-03 2.014832e-03
11188.8 9.693562e-01 3.252886e-02 4.000731e-03 3.658001e-03 4.453481e-03 4.642649e-03 8.683087e-03 6.565085e-03 5.569300e-03 4.751012e-03 4.297589e-03 3.706544e-03 4.011077e-03 4.858309e-03 6.067174e-03 4.823263e-03 4.356862e-03
11218.7 8.530460e-01 1.240488e-01 2.002137e-03 2.234930e-03 2.348132e-03 2.872612e-03 6.456832e-03 5.504993e-03 3.776421e-03 2.986765e-03 2.403046e-03 2.202032e-03 2.318229e-03 3.260461e-03 4.702579e-03 2.985816e-03 2.825161e-03
11248.6 5.545425e-01 3.783776e-01 2.239752e-03 2.102798e-03 2.726460e-03 2.741972e-03 5.118851e-03 5.654325e-03 3.937044e-03 2.952236e-03 2.300747e-03 2.372747e-03 2.845657e-03 2.868310e-03 6.902317e-03 3.781205e-03 3.082023e-03
11278.6 2.478771e-01 6.959657e-01 1.740029e-03 1.695085e-03 2.081632e-03 2.470198e-03 3.681464e-03 5.076554e-03 3.481257e-03 2.823300e-03 2.273053e-03 1.598011e-03 1.735784e-03 1.917563e-03 8.512576e-03 3.829277e-03 2.030454e-03
11308.5 7.556462e-02 9.162508e-01 2.683944e-03 2.991742e-03 3.026102e-03 3.391230e-03 4.302393e-03 5.577866e-03 4.463078e-03 3.714079e-03 3.177920e-03 2.569615e-03 2.806706e-03 3.028247e-03 1.103200e-02 4.708566e-03 3.068333e-03
11339.5 1.845931e-02 9.831159e-01 2.026278e-03 1.463009e-03 1.002902e-03 1.686133e-03 2.441084e-03 3.330577e-03 3.268022e-03 2.497345e-03 1.570124e-03 1.442856e-03 1.242734e-03 1.637005e-03 9.051644e-03 3.620747e-03 1.402344e-03
11369.4 3.647215e-03 1.000000e+00 1.647404e-03 6.827208e-04 8.989893e-05 4.409144e-04 1.761053e-03 3.287767e-03 3.110367e-03 1.586714e-03 8.983657e-04 5.273833e-04 7.822344e-04 4.037348e-04 6.955675e-03 2.581744e-03 4.481769e-04
11399.3 1.230905e-03 9.994149e-01 2.221895e-03 2.407274e-04 2.297579e-04 9.494007e-05 9.313656e-04 3.395938e-03 2.927894e-03 1.260037e-03 8.664096e-04 1.173013e-04 9.443852e-04 2.906546e-04 4.575290e-03 1.578563e-03 7.036527e-04
11429.2 1.095266e-03 9.980092e-01 7.629012e-03 9.597468e-04 6.552345e-04 6.309564e-04 1.472576e-03 4.326870e-03 3.865135e-03 1.948731e-03 9.971488e-04 1.124479e-03 8.323827e-04 8.314092e-04 2.813149e-03 1.587302e-03 1.158558e-03
11459.1 1.780200e-04 9.823496e-01 2.716958e-02 8.974704e-04 6.440658e-04 9.135401e-04 1.728518e-03 4.701259e-03 4.080212e-03 1.940830e-03 1.665838e-03 9.618741e-04 7.656112e-04 5.813339e-04 1.854706e-03 1.852924e-03 8.435630e-04
11489.0 2.214158e-03 8.830880e-01 1.234761e-01 2.855317e-03 2.145075e-03 2.680581e-03 2.574259e-03 7.031797e-03 5.811234e-03 3.580518e-03 2.753080e-03 2.681984e-03 2.243093e-03 2.312677e-03 3.498223e-03 4.233682e-03 2.810266e-03
11518.9 1.265078e-03 6.010493e-01 3.930527e-01 1.911446e-03 1.657499e-03 1.537969e-03 1.651719e-03 4.578825e-03 4.818889e-03 2.481673e-03 1.881286e-03 2.075360e-03 1.278046e-03 1.441613e-03 1.840044e-03 4.573172e-03 2.382447e-03
11548.8 1.524958e-03 2.878227e-01 7.006278e-01 2.045384e-03 1.869812e-03 2.213017e-03 1.769171e-03 3.686441e-03 4.793113e-03 3.569100e-03 2.203265e-03 1.985787e-03 1.692008e-03 1.832536e-03 2.480171e-03 7.352126e-03 3.100073e-03
11578.7 7.601699e-04 9.205859e-02 9.099835e-01 1.537101e-03 1.361356e-03 1.687007e-03 1.342543e-03 3.178110e-03 4.232421e-03 3.163629e-03 2.267354e-03 1.786897e-03 1.384488e-03 1.205594e-03 1.934197e-03 8.934556e-03 3.508628e-03
11608.6 7.492001e-04 2.697483e-02 9.720233e-01 2.170107e-03 1.356844e-03 1.643826e-03 1.310271e-03 2.241862e-03 4.237252e-03 3.222387e-03 2.326109e-03 2.101506e-03 1.232637e-03 1.477261e-03 1.553902e-03 9.326397e-03 3.484462e-03
11638.4 7.139440e-04 8.371615e-03 9.855518e-01 2.496058e-03 1.406304e-03 6.313485e-04 1.140955e-03 2.132408e-03 3.743608e-03 2.988805e-03 2.298913e-03 1.733086e-03 1.153391e-03 1.257504e-03 1.159690e-03 8.043036e-03 3.228591e-03
11669.4 4.032232e-04 2.732078e-03 1.000000e+00 3.354206e-03 1.368580e-03 9.656737e-04 1.014876e-03 1.804015e-03 3.570998e-03 3.222730e-03 2.185490e-03 1.893688e-03 1.029607e-03 1.346206e-03 7.319289e-04 5.435575e-03 2.045199e-03
11699.3 6.232714e-04 1.563731e-03 9.952669e-01 5.913236e-03 1.022709e-03 9.912944e-04 7.835713e-04 1.505933e-03 3.872156e-03 3.568390e-03 2.240908e-03 1.579789e-03 8.414199e-04 1.186953e-03 9.008862e-04 3.311615e-03 1.883771e-03
11729.1 1.093686e-03 1.402919e-03 9.802315e-01 1.689281e-02 1.889882e-03 1.869937e-03 1.510211e-03 2.419521e-03 4.879634e-03 4.660877e-03 2.865287e-03 2.031742e-03 1.415473e-03 1.696369e-03 1.571285e-03 3.024968e-03 2.402359e-03
11759.0 3.206489e-04 8.167586e-04 9.251962e-01 6.449916e-02 1.264345e-03 8.265065e-04 1.149446e-03 1.858062e-03 4.513036e-03 3.814999e-03 2.220067e-03 1.709728e-03 7.728551e-04 7.853223e-04 6.795265e-04 1.494281e-03 2.275335e-03
11788.9 2.458473e-04 4.537982e-04 7.258414e-01 2.221119e-01 1.108137e-03 6.581371e-04 1.040860e-03 1.614677e-03 3.865475e-03 3.975815e-03 2.023294e-03 1.426774e-03 1.006015e-03 1.007428e-03 7.673351e-04 9.432162e-04 2.886792e-03
11818.7 8.130331e-04 9.365218e-04 3.737782e-01 5.529081e-01 1.574013e-03 1.203881e-03 1.408384e-03 1.808772e-03 3.484390e-03 4.274086e-03 2.309182e-03 2.323274e-03 1.528297e-03 1.489483e-03 1.382373e-03 1.649064e-03 5.570153e-03
11848.5 0.000000e+00 2.747446e-04 1.333041e-01 8.282474e-01 1.097171e-03 3.377594e-04 4.517093e-04 8.074477e-04 1.506268e-03 2.936784e-03 2.310753e-03 1.190112e-03 1.135105e-03 5.572782e-04 0.000000e+00 8.559362e-04 6.610684e-03
11879.5 0.000000e+00 1.838302e-04 3.564134e-02 9.616262e-01 1.506471e-03 7.852769e-04 5.756364e-04 1.133354e-03 1.276953e-03 2.884389e-03 2.182412e-03 1.500601e-03 6.459637e-04 8.076752e-04 1.828480e-04 8.950946e-04 8.368578e-03
11909.3 4.235646e-04 5.549255e-04 1.050729e-02 9.849611e-01 2.074326e-03 8.375318e-04 9.429586e-04 1.136335e-03 1.744855e-03 3.125865e-03 2.554870e-03 2.282366e-03 1.228510e-03 1.212091e-03 6.173244e-04 1.012165e-03 8.368038e-03
11939.1 0.000000e+00 0.000000e+00 3.466648e-03 9.929239e-01 1.942482e-03 3.845836e-04 4.639771e-04 4.532682e-04 8.740013e-04 2.247280e-03 2.583369e-03 2.105922e-03 5.448159e-04 3.396334e-04 2.096941e-04 8.181049e-04 6.312754e-03
11969.0 0.000000e+00 0.000000e+00 1.189983e-03 1.000000e+00 3.349371e-03 1.097637e-03 3.007497e-04 4.567266e-04 1.006710e-03 2.532235e-03 1.933208e-03 1.721736e-03 6.347839e-04 6.862408e-05 8.023274e-04 4.621588e-04 3.797110e-03
11998.8 0.000000e+00 0.000000e+00 9.710594e-04 9.981769e-01 8.341775e-03 1.171226e-03 1.052801e-03 1.053186e-03 1.259388e-03 3.614602e-03 3.249685e-03 2.145827e-03 1.161122e-03 5.448119e-04 1.064704e-03 8.955394e-04 2.427251e-03
12028.6 0.000000e+00 0.000000e+00 0.000000e+00 9.730325e-01 3.070240e-02 4.304215e-04 3.598814e-04 3.377441e-04 4.528058e-04 3.537284e-03 2.647852e-03 1.477724e-03 6.795035e-04 2.662662e-04 5.920784e-05 2.476947e-04 5.665209e-04
12059.5 0.000000e+00 0.000000e+00 1.938679e-04 8.720755e-01 1.287043e-01 1.020490e-03 9.115529e-04 8.567317e-04 1.064958e-03 3.731901e-03 3.124460e-03 2.051043e-03 1.167097e-03 6.668029e-04 7.515462e-04 6.922233e-04 1.269238e-03
12089.3 1.303859e-03 1.278228e-03 2.007346e-03 6.285349e-01 3.540491e-01 2.815165e-03 2.194522e-03 2.169966e-03 2.220624e-03 5.263900e-03 4.898619e-03 3.398035e-03 2.735869e-03 2.331824e-03 1.845695e-03 1.908874e-03 2.294975e-03
12119.1 0.000000e+00 0.000000e+00 0.000000e+00 3.032892e-01 6.779390e-01 1.020360e-03 5.490586e-04 3.649916e-04 6.994542e-04 2.489651e-03 3.102819e-03 2.043843e-03 9.520000e-04 2.189145e-04 9.186116e-05 0.000000e+00 7.777616e-04
12148.9 7.924040e-04 1.020616e-03 1.476422e-03 8.860946e-02 9.125235e-01 2.459754e-03 2.021808e-03 2.046707e-03 1.855499e-03 3.155126e-03 4.091883e-03 3.234004e-03 2.448601e-03 1.946501e-03 1.307668e-03 1.340791e-03 1.425540e-03
12178.7 0.000000e+00 2.882420e-04 2.153872e-04 2.781376e-02 9.814645e-01 2.132641e-03 1.061866e-03 9.658394e-04 9.462556e-04 2.275511e-03 2.931873e-03 2.173996e-03 1.804227e-03 1.068551e-03 5.767769e-04 2.560990e-04 2.902521e-04
12208.5 2.649897e-04 2.053336e-04 4.338542e-04 9.215515e-03 9.907274e-01 2.485607e-03 1.165856e-03 1.120027e-03 7.340699e-04 2.499299e-03 2.952116e-03 2.281439e-03 1.689739e-03 1.280606e-03 5.468269e-04 4.804822e-04 3.164304e-04
12239.3 8.159113e-05 4.764148e-04 2.461203e-04 3.021294e-03 1.000000e+00 3.265390e-03 1.438323e-03 1.210977e-03 7.006693e-04 1.517155e-03 3.284422e-03 2.657175e-03 1.833314e-03 1.410975e-03 1.035372e-03 9.760114e-04 5.943224e-04
12269.1 1.952237e-04 0.000000e+00 5.716183e-05 1.872196e-03 9.992977e-01 4.907565e-03 1.353006e-03 1.130045e-03 7.282507e-04 1.376247e-03 3.103239e-03 2.828652e-03 1.658023e-03 1.291385e-03 9.452831e-04 8.807808e-04 3.248410e-04
12298.9 3.764978e-05 0.000000e+00 2.490589e-05 8.744395e-04 9.956375e-01 1.222163e-02 1.470314e-03 9.200647e-04 1.042968e-03 1.386673e-03 3.708608e-03 3.122806e-03 1.650344e-03 1.412558e-03 4.274689e-04 6.343530e-04 4.776839e-04
12328.6 1.917730e-04 0.000000e+00 4.388972e-04 1.041800e-03 9.664255e-01 4.419218e-02 1.554381e-03 7.651339e-04 8.384880e-04 1.376301e-03 4.359154e-03 3.451162e-03 1.835754e-03 1.426399e-03 5.290870e-04 5.224325e-04 4.924747e-04
12359.5 2.431342e-04 0.000000e+00 2.171298e-04 3.831142e-04 8.177091e-01 1.787283e-01 1.266670e-03 8.912371e-04 7.486965e-04 1.073976e-03 4.011675e-03 3.176210e-03 1.468935e-03 1.428711e-03 7.797916e-04 2.476027e-04 2.237978e-04
12389.3 5.850040e-04 1.073833e-03 1.083569e-03 1.291124e-03 5.388160e-01 4.337199e-01 2.165678e-03 1.910623e-03 1.923311e-03 2.054579e-03 4.272619e-03 3.836995e-03 2.687131e-03 2.283916e-03 1.688665e-03 1.532049e-03 6.836404e-04
12419.0 0.000000e+00 0.000000e+00 0.000000e+00 1.978221e-04 2.438592e-01 7.354723e-01 1.259131e-03 7.307104e-04 7.481594e-04 8.409688e-04 2.078586e-03 2.575560e-03 1.515694e-03 1.326995e-03 4.994080e-04 7.498598e-04 0.000000e+00
12448.8 0.000000e+00 0.000000e+00 0.000000e+00 3.892099e-04 7.284073e-02 9.312689e-01 1.434231e-03 9.289679e-04 5.663689e-04 8.041512e-04 1.690046e-03 2.296504e-03 1.300699e-03 1.230324e-03 1.184867e-04 6.496070e-04 0.000000e+00
12478.5 0.000000e+00 0.000000e+00 3.697519e-05 2.427710e-04 2.188612e-02 9.796524e-01 1.394720e-03 3.631029e-04 7.472521e-04 8.360146e-04 1.395382e-03 2.359421e-03 1.364087e-03 1.518415e-03 3.221197e-04 3.930073e-04 0.000000e+00
12509.3 6.129227e-04 8.883122e-04 1.060141e-03 1.196176e-03 7.050662e-03 9.893574e-01 3.274336e-03 1.957467e-03 1.827532e-03 2.094841e-03 2.218372e-03 3.302137e-03 2.829466e-03 2.562392e-03 1.755948e-03 1.664872e-03 9.176796e-04
12539.1 0.000000e+00 0.000000e+00 5.549046e-04 5.315637e-04 2.846086e-03 1.000000e+00 3.309505e-03 1.476362e-03 9.854278e-04 1.057949e-03 1.350263e-03 2.747052e-03 2.498949e-03 1.775225e-03 9.933188e-04 7.656963e-04 1.068678e-03
12568.8 0.000000e+00 7.707645e-05 5.736995e-05 1.897992e-04 1.837481e-03 9.988273e-01 5.685198e-03 1.189083e-03 8.661873e-04 8.057340e-04 1.251462e-03 2.997888e-03 2.196887e-03 1.288790e-03 9.090236e-04 3.501303e-04 1.002729e-03
12598.5 3.798697e-05 0.000000e+00 4.603982e-04 4.409128e-04 1.320450e-03 9.921461e-01 1.286707e-02 1.117755e-03 1.096602e-03 9.480338e-04 1.030045e-03 3.351523e-03 2.851806e-03 1.283632e-03 1.235876e-03 4.299844e-04 4.509113e-04
12629.3 2.196829e-04 9.643045e-05 3.057110e-04 6.015605e-04 1.472717e-03 9.571685e-01 5.105815e-02 1.304043e-03 1.317313e-03 1.109394e-03 1.387940e-03 4.125119e-03 2.704087e-03 1.576272e-03 1.374785e-03 5.563063e-04 4.558757e-04
12659.0 0.000000e+00 0.000000e+00 2.658553e-04 1.985495e-04 7.508570e-04 8.145507e-01 1.814147e-01 1.010756e-03 1.013050e-03 8.502742e-04 1.045205e-03 3.606680e-03 2.595896e-03 1.158721e-03 8.257340e-04 3.979746e-04 4.117993e-04
12688.7 0.000000e+00 1.343684e-04 8.105696e-05 1.427324e-04 9.212122e-04 5.223734e-01 4.537942e-01 1.169628e-03 1.045424e-03 9.888926e-04 7.715031e-04 3.215526e-03 3.459991e-03 1.847659e-03 1.483259e-03 6.885553e-04 0.000000e+00
12719.5 0.000000e+00 0.000000e+00 0.000000e+00 9.769854e-05 2.566829e-04 2.255980e-01 7.592940e-01 1.062410e-03 8.833216e-04 5.717091e-04 1.943218e-04 1.699354e-03 2.513226e-03 1.577513e-03 1.061863e-03 3.242185e-04 0.000000e+00
12749.2 0.000000e+00 7.742582e-06 0.000000e+00 0.000000e+00 3.371167e-04 7.413154e-02 9.237292e-01 1.338839e-03 9.500107e-04 9.815414e-04 7.839251e-04 1.708522e-03 2.756543e-03 1.757328e-03 1.506871e-03 5.436964e-04 1.592557e-04
12778.9 1.020102e-04 1.096432e-04 1.315885e-04 2.436226e-04 7.699750e-04 2.148453e-02 9.777101e-01 2.246127e-03 1.359950e-03 1.299762e-03 1.014953e-03 1.588993e-03 2.885399e-03 2.260870e-03 1.851439e-03 1.426519e-03 2.893054e-04
12808.6 2.652370e-04 2.525656e-04 2.556677e-04 3.557484e-04 6.547939e-04 6.735616e-03 9.934547e-01 2.537255e-03 1.284572e-03 1.352811e-03 8.523966e-04 1.594035e-03 2.700088e-03 2.618521e-03 2.105191e-03 1.090486e-03 5.530132e-04
12839.4 0.000000e+00 0.000000e+00 0.000000e+00 0.000000e+00 0.000000e+00 2.678608e-03 9.987467e-01 2.782532e-03 6.185658e-04 1.449687e-04 5.781521e-04 6.697840e-04 2.183020e-03 1.634574e-03 1.221090e-03 5.588169e-04 2.948398e-04
12869.0 0.000000e+00 0.000000e+00 0.000000e+00 0.000000e+00 0.000000e+00 6.323554e-04 9.991508e-01 4.324286e-03 3.841063e-04 0.000000e+00 7.162959e-05 4.954163e-04 1.914236e-03 1.795726e-03 9.578339e-04 3.610062e-04 0.000000e+00
12898.7 0.000000e+00 0.000000e+00 0.000000e+00 0.000000e+00 0.000000e+00 2.194808e-04 1.000000e+00 9.457487e-03 1.305590e-04 1.436377e-04 1.272987e-04 4.910168e-05 2.173866e-03 1.845970e-03 5.911835e-04 0.000000e+00 0.000000e+00
12929.5 0.000000e+00 0.000000e+00 0.000000e+00 0.000000e+00 0.000000e+00 0.000000e+00 9.743349e-01 3.295288e-02 1.472642e-04 0.000000e+00 0.000000e+00 0.000000e+00 2.722078e-03 1.737641e-03 3.251805e-04 1.454633e-05 0.000000e+00
12959.1 0.000000e+00 0.000000e+00 0.000000e+00 0.000000e+00 0.000000e+00 8.154339e-05 8.528264e-01 1.371976e-01 6.815959e-04 3.670388e-04 2.552008e-04 3.718286e-04 3.118983e-03 2.140909e-03 1.348568e-03 8.242704e-04 0.000000e+00
12988.8 0.000000e+00 0.000000e+00 0.000000e+00 0.000000e+00 0.000000e+00 1.141231e-04 5.802038e-01 3.773397e-01 4.639442e-04 4.332808e-04 2.028699e-04 3.566407e-04 2.465463e-03 2.576479e-03 7.796526e-04 4.372373e-04 0.000000e+00
13019.5 0.000000e+00 0.000000e+00 0.000000e+00 0.000000e+00 0.000000e+00 0.000000e+00 2.581517e-01 6.998576e-01 2.007944e-05 0.000000e+00 0.000000e+00 0.000000e+00 1.315203e-03 1.779798e-03 3.941787e-04 0.000000e+00 0.000000e+00
13049.2 0.000000e+00 0.000000e+00 0.000000e+00 0.000000e+00 0.000000e+00 0.000000e+00 8.925979e-02 8.992297e-01 9.567095e-04 4.807042e-04 3.336138e-04 3.110108e-04 1.000840e-03 2.028019e-03 8.121935e-04 6.114999e-04 2.167173e-04
13078.8 0.000000e+00 0.000000e+00 0.000000e+00 0.000000e+00 0.000000e+00 0.000000e+00 2.777843e-02 9.640574e-01 5.645300e-04 7.495230e-05 7.005903e-06 0.000000e+00 2.965828e-04 1.372746e-03 5.218342e-04 1.683227e-04 0.000000e+00
13109.5 0.000000e+00 0.000000e+00 0.000000e+00 0.000000e+00 0.000000e+00 0.000000e+00 8.399350e-03 9.826303e-01 1.349778e-03 5.274285e-04 3.776011e-04 2.230297e-04 5.189112e-04 1.729427e-03 1.030655e-03 8.070348e-04 9.290854e-05
13139.1 1.719673e-04 1.231458e-04 2.974643e-04 1.693589e-04 4.154378e-05 4.687011e-04 2.882476e-03 9.965864e-01 2.669296e-03 1.064099e-03 1.116291e-03 5.875053e-04 8.372174e-04 2.104067e-03 1.895094e-03 1.454589e-03 9.689387e-04
13168.8 6.045026e-04 5.721078e-04 6.318833e-04 6.635014e-04 9.291954e-04 9.056053e-04 2.358044e-03 1.000000e+00 4.866699e-03 1.531908e-03 1.422022e-03 1.182682e-03 1.273178e-03 2.767777e-03 2.372576e-03 1.712391e-03 1.460232e-03
13199.5 2.069526e-04 0.000000e+00 0.000000e+00 0.000000e+00 0.000000e+00 2.591701e-04 1.031744e-03 9.996005e-01 8.199052e-03 1.094124e-03 8.797734e-04 6.545733e-04 6.778011e-04 2.708157e-03 2.277669e-03 1.160587e-03 6.704464e-04
13229.1 6.126831e-04 5.015169e-04 5.136312e-04 2.706796e-04 6.551246e-04 6.193284e-04 1.206947e-03 9.902275e-01 2.114870e-02 1.390760e-03 1.440047e-03 1.064616e-03 1.188861e-03 3.482816e-03 2.993024e-03 1.609993e-03 1.447284e-03
13258.7 2.756461e-04 0.000000e+00 4.520926e-05 4.711378e-05 5.429965e-05 3.828838e-05 5.633124e-04 9.329409e-01 7.738224e-02 1.123622e-03 8.885401e-04 5.827247e-04 6.748826e-04 3.604430e-03 2.569108e-03 1.066038e-03 8.614262e-04
13289.4 4.244936e-04 3.901968e-04 3.578048e-04 2.247607e-06 2.334612e-04 1.850221e-04 8.647149e-04 7.289593e-01 2.684035e-01 1.304008e-03 1.045317e-03 7.132663e-04 9.637738e-04 3.524814e-03 2.419458e-03 1.217637e-03 1.112813e-03
13319.0 6.675862e-04 7.200529e-04 4.333001e-04 2.791955e-04 7.379504e-04 3.955616e-04 1.116996e-03 4.186846e-01 5.661713e-01 1.670439e-03 1.318313e-03 9.830420e-04 1.070986e-03 3.051600e-03 2.676109e-03 1.608211e-03 1.542489e-03
13348.6 1.183850e-03 1.202045e-03 8.758943e-04 8.240491e-04 1.278489e-03 1.070439e-03 1.464609e-03 1.567819e-01 8.410870e-01 2.404930e-03 1.804613e-03 1.562695e-03 1.592437e-03 2.657029e-03 3.234810e-03 2.208520e-03 1.983246e-03
13379.3 1.072385e-03 9.233248e-04 7.353619e-04 6.025224e-04 8.013673e-04 8.080160e-04 1.282187e-03 4.991765e-02 9.558693e-01 2.387761e-03 1.849084e-03 1.125965e-03 1.356451e-03 2.094899e-03 2.833238e-03 2.144678e-03 1.833311e-03
13408.8 1.139570e-03 1.245482e-03 9.636673e-04 8.632963e-04 1.205089e-03 9.339414e-04 1.382356e-03 1.815896e-02 9.810874e-01 2.771606e-03 1.712512e-03 1.705952e-03 1.483565e-03 1.980865e-03 2.830949e-03 2.312548e-03 2.146317e-03
13439.5 2.450807e-04 2.219238e-04 2.041851e-04 1.776070e-04 2.939222e-04 2.674488e-04 3.896019e-04 6.350064e-03 9.886586e-01 2.336035e-03 1.227651e-03 7.640207e-04 7.733044e-04 9.513287e-04 1.993541e-03 1.732048e-03 1.435674e-03
13469.1 1.619042e-05 0.000000e+00 0.000000e+00 0.000000e+00 0.000000e+00 0.000000e+00 1.383701e-05 2.187047e-03 9.987820e-01 3.379840e-03 1.051341e-03 1.012923e-04 2.467663e-04 5.999672e-04 1.674535e-03 1.530451e-03 8.469852e-04
13498.6 9.838411e-05 0.000000e+00 0.000000e+00 0.000000e+00 0.000000e+00 0.000000e+00 0.000000e+00 1.348462e-03 1.000000e+00 5.608758e-03 9.052119e-04 5.345494e-04 4.066555e-04 2.507781e-04 1.890088e-03 1.655976e-03 8.154687e-04
13529.3 2.955448e-04 4.327747e-04 1.547125e-04 0.000000e+00 4.622414e-05 5.061670e-05 1.485015e-04 9.818605e-04 9.941308e-01 1.229359e-02 9.977490e-04 7.411965e-04 6.720939e-04 6.522224e-04 2.235628e-03 2.064697e-03 1.021236e-03
13558.9 3.929281e-04 6.044064e-05 0.000000e+00 0.000000e+00 0.000000e+00 0.000000e+00 4.636471e-05 1.043587e-03 9.739941e-01 3.825917e-02 1.070687e-03 5.299388e-04 3.784318e-04 8.087634e-05 2.763103e-03 1.808729e-03 9.509030e-04
13589.5 0.000000e+00 0.000000e+00 0.000000e+00 0.000000e+00 0.000000e+00 0.000000e+00 0.000000e+00 3.216813e-04 8.791636e-01 1.335393e-01 6.633473e-04 9.304236e-05 0.000000e+00 6.735688e-05 2.658800e-03 1.641579e-03 6.651062e-04
13619.0 0.000000e+00 0.000000e+00 0.000000e+00 0.000000e+00 0.000000e+00 0.000000e+00 0.000000e+00 3.545119e-04 6.118095e-01 3.813950e-01 9.963855e-04 2.986259e-04 4.031347e-04 4.495762e-04 2.818521e-03 1.915808e-03 7.969255e-04
13648.6 0.000000e+00 0.000000e+00 0.000000e+00 0.000000e+00 0.000000e+00 0.000000e+00 0.000000e+00 2.930023e-05 2.793858e-01 7.148171e-01 2.668718e-04 0.000000e+00 0.000000e+00 4.716112e-05 1.152810e-03 1.533359e-03 4.024935e-04
13679.2 0.000000e+00 0.000000e+00 0.000000e+00 0.000000e+00 0.000000e+00 0.000000e+00 0.000000e+00 0.000000e+00 9.604033e-02 9.072166e-01 0.000000e+00 0.000000e+00 0.000000e+00 0.000000e+00 0.000000e+00 8.017426e-04 0.000000e+00
13708.7 0.000000e+00 0.000000e+00 0.000000e+00 0.000000e+00 0.000000e+00 0.000000e+00 0.000000e+00 4.255180e-04 3.130096e-02 9.663003e-01 1.203897e-03 2.852190e-04 1.539617e-04 9.421990e-05 3.985462e-04 1.310086e-03 8.533241e-04
13739.3 1.440554e-04 1.228508e-04 2.900885e-04 0.000000e+00 0.000000e+00 0.000000e+00 0.000000e+00 3.930279e-04 1.250415e-02 9.813869e-01 1.612627e-03 8.645065e-04 5.613700e-04 5.642641e-04 8.490404e-04 1.441772e-03 8.938290e-04
13768.8 0.000000e+00 0.000000e+00 0.000000e+00 0.000000e+00 0.000000e+00 0.000000e+00 0.000000e+00 0.000000e+00 3.543348e-03 9.896419e-01 1.019810e-03 0.000000e+00 0.000000e+00 0.000000e+00 0.000000e+00 5.824682e-04 9.164071e-15
13799.4 0.000000e+00 0.000000e+00 0.000000e+00 0.000000e+00 0.000000e+00 0.000000e+00 0.000000e+00 0.000000e+00 1.691566e-03 9.992420e-01 3.408763e-03 5.701165e-04 6.518315e-05 1.391101e-04 2.933874e-04 1.379950e-03 1.000698e-03
13828.9 0.000000e+00 1.956360e-04 1.336126e-04 0.000000e+00 6.895564e-05 0.000000e+00 0.000000e+00 1.489995e-04 1.252053e-03 1.000000e+00 5.942777e-03 8.502104e-04 3.727281e-04 5.102153e-04 3.222256e-04 1.674382e-03 1.262472e-03
13859.5 0.000000e+00 0.000000e+00 0.000000e+00 0.000000e+00 0.000000e+00 0.000000e+00 0.000000e+00 0.000000e+00 2.025236e-05 9.935571e-01 1.346357e-02 3.545181e-04 9.345456e-05 0.000000e+00 3.257227e-05 1.496885e-03 1.273132e-03
13889.0 9.389027e-04 9.488878e-04 7.606105e-04 8.307974e-04 7.733751e-04 4.992184e-04 6.733099e-04 9.223470e-04 1.416429e-03 9.596049e-01 4.327293e-02 1.574338e-03 1.545675e-03 8.303552e-04 1.024486e-03 3.042300e-03 2.593049e-03
13918.5 5.484470e-04 1.780646e-04 3.172878e-04 3.946324e-04 9.647749e-05 2.961275e-04 4.560422e-04 2.624211e-04 7.748663e-04 8.480159e-01 1.351375e-01 1.412041e-03 9.279505e-04 3.540016e-04 5.937317e-04 2.899453e-03 2.243462e-03
13949.1 6.814563e-04 3.798652e-04 2.154235e-04 4.672104e-04 2.575416e-04 2.673082e-04 1.112404e-04 4.812153e-04 7.000537e-04 5.755794e-01 3.759574e-01 1.254497e-03 7.581224e-04 4.155552e-04 7.136896e-04 2.782113e-03 2.380419e-03
13978.5 1.036067e-03 8.828001e-04 5.150169e-04 7.559611e-04 6.754535e-04 5.799942e-04 6.820868e-04 7.497763e-04 1.143080e-03 2.714121e-01 6.804441e-01 1.599283e-03 1.381546e-03 9.249599e-04 1.099582e-03 2.226688e-03 2.800106e-03
14009.1 8.660128e-04 6.108549e-04 2.256207e-04 6.893117e-04 5.694657e-04 1.534516e-04 2.444573e-04 4.516225e-04 7.805011e-04 8.267255e-02 9.088412e-01 1.546809e-03 9.399465e-04 5.177951e-04 5.525344e-04 1.263126e-03 2.313799e-03
14038.6 6.550002e-04 5.958942e-04 8.392601e-05 1.937133e-04 1.054898e-04 0.000000e+00 5.099196e-05 3.041016e-04 2.568748e-04 3.039561e-02 9.667326e-01 1.219689e-03 6.988719e-04 3.391749e-04 7.433333e-05 9.302283e-04 1.736156e-03
14069.1 6.947840e-04 5.258543e-04 3.716678e-04 5.925031e-05 3.161040e-04 4.892812e-05 1.780269e-04 3.339225e-04 3.417725e-04 1.151199e-02 9.844374e-01 1.738494e-03 1.020846e-03 6.808768e-04 3.145989e-04 5.157936e-04 1.863640e-03
14098.6 8.368483e-04 5.839754e-04 6.460634e-04 2.847767e-04 1.825811e-04 1.268504e-04 1.852116e-04 1.566279e-04 4.149157e-04 4.277581e-03 9.895533e-01 2.306293e-03 9.768903e-04 7.917457e-04 3.770798e-04 6.830384e-04 1.701707e-03
14129.1 1.315622e-03 8.338833e-04 5.598849e-04 4.902018e-04 8.622772e-04 2.197601e-04 4.167400e-04 4.557391e-04 5.131265e-04 1.964884e-03 9.963330e-01 3.967169e-03 1.063427e-03 1.029046e-03 3.854290e-04 6.936719e-04 1.761957e-03
14158.6 7.076524e-04 1.999972e-04 3.876056e-04 0.000000e+00 5.997331e-05 0.000000e+00 0.000000e+00 0.000000e+00 8.214702e-05 4.649155e-04 1.000000e+00 5.783121e-03 5.955706e-04 2.419388e-04 0.000000e+00 1.649897e-04 1.271292e-03
14189.1 7.404778e-04 2.586565e-04 1.339302e-04 7.754011e-05 0.000000e+00 0.000000e+00 0.000000e+00 9.349208e-05 4.636661e-05 8.005387e-04 9.958512e-01 1.270650e-02 8.623470e-04 2.906475e-04 3.430327e-04 4.209289e-04 1.406547e-03
14218.5 3.164700e-04 9.678686e-05 0.000000e+00 0.000000e+00 0.000000e+00 0.000000e+00 0.000000e+00 0.000000e+00 0.000000e+00 1.630709e-04 9.759824e-01 3.715212e-02 4.637402e-04 0.000000e+00 0.000000e+00 9.617726e-05 1.628323e-03
14249.0 0.000000e+00 0.000000e+00 0.000000e+00 0.000000e+00 0.000000e+00 0.000000e+00 0.000000e+00 0.000000e+00 0.000000e+00 0.000000e+00 8.883989e-01 1.284556e-01 1.911204e-04 0.000000e+00 0.000000e+00 0.000000e+00 1.711749e-03
14279.5 5.064376e-04 9.424861e-05 0.000000e+00 0.000000e+00 0.000000e+00 0.000000e+00 0.000000e+00 0.000000e+00 0.000000e+00 3.679726e-05 6.712866e-01 3.387361e-01 4.989554e-04 0.000000e+00 3.676277e-06 1.322188e-04 1.969849e-03
14309.0 8.754019e-04 1.507800e-04 0.000000e+00 0.000000e+00 0.000000e+00 0.000000e+00 0.000000e+00 0.000000e+00 0.000000e+00 0.000000e+00 3.813169e-01 6.223129e-01 6.789861e-04 1.462236e-05 0.000000e+00 8.039677e-05 1.464059e-03
14339.4 1.662604e-03 6.872933e-04 3.801532e-04 0.000000e+00 1.583872e-04 7.611712e-05 7.493704e-05 1.645560e-05 3.989831e-05 4.142070e-04 1.419639e-01 8.695541e-01 1.191627e-03 9.291348e-04 2.843864e-04 2.240124e-04 1.451986e-03
14368.8 2.475864e-03 8.645913e-04 6.177957e-04 3.263033e-04 3.760716e-04 1.439890e-04 1.125410e-04 2.179009e-05 3.205961e-04 4.512293e-04 4.400057e-02 9.604725e-01 1.499627e-03 9.010404e-04 5.268460e-04 6.836992e-04 9.220908e-04
14399.3 2.613268e-03 9.048651e-04 4.526158e-04 1.968702e-04 1.245356e-04 3.054398e-05 1.866352e-04 0.000000e+00 2.229447e-04 1.420054e-04 1.650666e-02 9.781575e-01 1.668339e-03 6.845282e-04 5.078485e-04 3.990274e-04 6.112373e-04
14428.7 2.910560e-03 1.061176e-03 5.661117e-04 4.655468e-04 4.317091e-04 3.276901e-04 3.088076e-04 1.047800e-04 4.309492e-04 4.831762e-04 6.307569e-03 9.883020e-01 2.166932e-03 1.143040e-03 9.132116e-04 4.147792e-04 6.217958e-04
14459.2 2.391046e-03 8.413240e-04 3.039463e-05 1.330885e-04 0.000000e+00 0.000000e+00 0.000000e+00 0.000000e+00 1.247859e-05 0.000000e+00 1.904516e-03 9.964395e-01 2.321181e-03 6.518466e-04 4.175185e-04 2.864326e-05 3.801202e-04
14488.6 2.411261e-03 1.310607e-03 5.994952e-04 5.861458e-04 5.000263e-04 4.604335e-04 4.087724e-04 2.941367e-04 4.429607e-04 3.579774e-04 2.021025e-03 9.976519e-01 4.119673e-03 1.040077e-03 7.742945e-04 5.162960e-04 5.582621e-04
14519.0 1.572361e-03 8.558843e-04 2.754358e-04 4.268107e-04 5.691505e-05 1.593499e-05 0.000000e+00 0.000000e+00 2.498201e-04 0.000000e+00 8.033675e-04 1.000000e+00 6.908595e-03 7.546589e-04 5.841635e-04 1.138736e-04 2.138489e-04
14549.5 1.503846e-03 1.115231e-03 4.773706e-04 5.545111e-04 3.309191e-04 4.034113e-04 2.202997e-04 0.000000e+00 3.261242e-04 2.092922e-04 9.690798e-04 9.877132e-01 1.860082e-02 1.071380e-03 6.963961e-04 3.921210e-04 6.613599e-04
14578.8 1.130624e-03 1.273186e-03 6.599338e-04 9.449255e-04 5.618860e-04 6.084421e-04 5.411165e-04 4.210222e-04 5.579762e-04 4.484169e-04 1.021782e-03 9.457729e-01 5.880037e-02 1.200362e-03 1.021220e-03 7.400700e-04 4.376812e-04
14609.3 1.166033e-03 1.328355e-03 8.344588e-04 7.029275e-04 4.430449e-04 5.868916e-04 6.464936e-04 1.938427e-04 5.401021e-04 3.974528e-04 7.609826e-04 7.972669e-01 1.892565e-01 1.274767e-03 1.068251e-03 7.398607e-04 8.069520e-04
14638.6 8.657112e-04 1.533296e-03 1.160555e-03 8.647599e-04 3.544441e-04 6.288269e-04 3.646519e-04 5.084083e-04 3.469668e-04 5.117762e-04 9.766752e-04 5.413400e-01 4.200347e-01 1.589983e-03 8.750022e-04 6.213920e-04 6.751126e-04
14669.0 8.303417e-04 1.706242e-03 9.026441e-04 7.465632e-04 4.202101e-05 5.542614e-04 0.000000e+00 3.516866e-05 2.773215e-04 7.019498e-05 7.331080e-04 2.601026e-01 7.050040e-01 1.417462e-03 8.731082e-04 4.116131e-04 2.403392e-04
14699.5 9.118484e-04 2.273102e-03 1.047757e-03 7.042257e-04 2.547578e-04 5.037382e-04 3.818941e-04 1.752448e-04 1.321050e-04 3.314169e-04 7.332284e-04 8.934012e-02 9.053902e-01 1.634399e-03 9.609942e-04 5.306574e-04 1.940646e-04
14728.8 9.775229e-04 2.685124e-03 1.115986e-03 6.659509e-04 2.070423e-04 5.637615e-04 3.842790e-04 2.830725e-04 2.409117e-04 3.487650e-04 6.885032e-04 2.964535e-02 9.676325e-01 1.699298e-03 9.268451e-04 5.969972e-04 3.643402e-04
14759.2 3.670964e-04 2.623438e-03 7.059698e-04 5.853315e-05 0.000000e+00 0.000000e+00 0.000000e+00 0.000000e+00 0.000000e+00 0.000000e+00 5.378244e-05 1.004967e-02 9.805167e-01 1.461113e-03 4.745984e-04 1.458900e-04 1.913469e-05
14788.5 8.049636e-04 3.174037e-03 1.345070e-03 9.849367e-04 8.081100e-04 4.668261e-04 2.918601e-04 4.118817e-04 2.309880e-04 4.942984e-04 7.574019e-04 4.940723e-03 9.896133e-01 2.325612e-03 1.174808e-03 8.430408e-04 7.871512e-04
14818.9 8.595122e-04 3.148145e-03 1.741850e-03 1.068334e-03 1.010248e-03 8.891793e-04 5.529063e-04 7.138555e-04 4.320374e-04 8.366084e-04 1.205609e-03 2.416420e-03 9.933429e-01 3.806184e-03 1.278725e-03 9.658699e-04 9.277281e-04
14849.3 6.556962e-04 2.518571e-03 1.476362e-03 9.473282e-04 7.422780e-04 5.439290e-04 3.174041e-04 2.243348e-04 2.053975e-04 5.200924e-04 4.498656e-04 1.775358e-03 1.000000e+00 5.408542e-03 1.145884e-03 6.746655e-04 7.334004e-04
14878.6 8.942431e-04 2.319821e-03 1.610218e-03 1.088098e-03 9.035575e-04 7.543966e-04 4.854071e-04 5.200231e-04 3.074318e-04 7.165920e-04 8.523872e-04 1.644378e-03 9.965207e-01 8.951045e-03 1.596657e-03 8.335804e-04 8.469169e-04
14909.0 4.019240e-04 1.301747e-03 9.697755e-04 5.023966e-04 3.914985e-04 3.107640e-04 3.425226e-05 1.576180e-04 4.758132e-05 2.444974e-04 4.057168e-04 7.795730e-04 9.825331e-01 2.061902e-02 9.856136e-04 5.051323e-04 6.341179e-04
14939.4 6.531191e-04 1.247598e-03 1.331959e-03 8.615664e-04 7.391218e-04 5.148764e-04 5.483906e-04 2.014357e-04 4.200066e-04 2.275467e-04 5.936166e-04 9.237754e-04 9.369287e-01 7.242208e-02 1.586206e-03 8.572311e-04 6.755755e-04
14968.7 6.926614e-04 1.005313e-03 1.432604e-03 8.497316e-04 5.718473e-04 5.624650e-04 4.627121e-04 4.843109e-04 3.332900e-04 3.242166e-04 5.117468e-04 7.783791e-04 8.062389e-01 1.999126e-01 1.423848e-03 8.452915e-04 5.524417e-04
14999.0 1.264696e-03 1.331313e-03 2.062631e-03 1.419345e-03 1.079042e-03 1.006393e-03 8.398166e-04 6.444080e-04 8.494110e-04 8.836283e-04 1.081695e-03 1.282660e-03 5.413460e-01 4.510766e-01 1.987152e-03 1.086265e-03 1.064100e-03
15029.4 6.990659e-04 1.062954e-03 2.069120e-03 1.215330e-03 7.231423e-04 4.097870e-04 4.822946e-04 3.000526e-04 2.739430e-04 3.811123e-04 5.258653e-04 8.369968e-04 2.653546e-01 7.271033e-01 1.813686e-03 9.637094e-04 7.568728e-04
15058.6 7.141260e-04 1.098739e-03 2.616006e-03 1.067125e-03 7.490676e-04 4.791255e-04 4.151456e-04 3.318974e-04 2.937508e-04 4.773048e-04 7.654835e-04 9.409207e-04 1.031843e-01 9.006562e-01 1.724153e-03 9.180435e-04 7.607211e-04
15089.0 2.113828e-04 2.965696e-04 2.374904e-03 5.372299e-04 2.387187e-04 0.000000e+00 0.000000e+00 0.000000e+00 0.000000e+00 0.000000e+00 0.000000e+00 1.221643e-04 3.550884e-02 9.652123e-01 1.278269e-03 2.676027e-04 1.594571e-04
15119.3 0.000000e+00 2.749814e-04 2.408940e-03 4.647998e-04 3.372161e-04 0.000000e+00 0.000000e+00 0.000000e+00 0.000000e+00 0.000000e+00 0.000000e+00 0.000000e+00 1.307152e-02 9.793167e-01 1.094049e-03 2.563823e-04 1.689379e-04
15148.6 0.000000e+00 2.924280e-04 2.416212e-03 4.806237e-04 2.651430e-04 0.000000e+00 0.000000e+00 0.000000e+00 0.000000e+00 0.000000e+00 0.000000e+00 6.092948e-05 5.022402e-03 9.923385e-01 1.738430e-03 4.054691e-04 2.791985e-04
15178.9 1.425131e-04 0.000000e+00 2.038686e-03 5.714309e-04 8.003655e-05 0.000000e+00 0.000000e+00 0.000000e+00 0.000000e+00 0.000000e+00 0.000000e+00 0.000000e+00 1.867344e-03 1.000000e+00 2.336835e-03 3.994930e-04 8.441380e-05
15209.2 3.725326e-04 2.539582e-04 2.029736e-03 9.772403e-04 3.767116e-04 1.037970e-04 4.052136e-05 0.000000e+00 0.000000e+00 0.000000e+00 7.058443e-05 1.314619e-04 9.663331e-04 9.980188e-01 4.418840e-03 7.612820e-04 2.999367e-04
15239.5 5.289576e-04 4.983597e-04 1.668817e-03 8.365004e-04 5.724855e-05 3.193102e-04 2.637072e-04 0.000000e+00 0.000000e+00 5.231642e-05 0.000000e+00 1.619949e-04 9.330076e-04 9.972512e-01 7.091503e-03 6.889297e-04 4.723809e-04
15268.7 6.303225e-04 4.477434e-04 1.403493e-03 8.720621e-04 1.359435e-04 4.076575e-04 1.887136e-04 5.730899e-05 2.374066e-04 1.076574e-04 0.000000e+00 2.354756e-04 7.932909e-04 9.907486e-01 1.390672e-02 8.377991e-04 4.372153e-04
15299.0 5.465160e-04 4.823401e-04 9.624024e-04 8.571756e-04 3.048938e-04 3.735576e-04 2.320963e-04 2.759254e-04 0.000000e+00 0.000000e+00 7.031131e-05 3.727132e-04 9.274384e-04 9.597300e-01 4.388322e-02 9.016242e-04 6.982634e-04
15329.3 6.211138e-04 4.556344e-04 7.804412e-04 9.923386e-04 4.525916e-04 3.771233e-04 2.221409e-04 9.259252e-05 0.000000e+00 2.352131e-05 1.021812e-04 2.301483e-04 6.013609e-04 8.393472e-01 1.494838e-01 9.658979e-04 5.542495e-04
15358.5 4.902636e-04 4.884994e-04 8.492417e-04 1.128256e-03 6.190956e-04 4.563929e-04 4.703552e-05 0.000000e+00 9.500839e-05 3.354106e-05 0.000000e+00 4.393411e-04 6.069609e-04 6.152345e-01 3.485151e-01 8.051321e-04 4.962453e-04
15388.8 1.416002e-04 4.887784e-04 6.874757e-04 1.265033e-03 7.475244e-04 3.633228e-04 0.000000e+00 4.035392e-05 0.000000e+00 0.000000e+00 0.000000e+00 0.000000e+00 2.877600e-04 3.248549e-01 6.328552e-01 9.446025e-04 4.143330e-04
15419.1 6.399694e-05 2.946749e-04 6.534063e-04 1.701709e-03 4.716763e-04 1.831555e-04 0.000000e+00 0.000000e+00 0.000000e+00 0.000000e+00 0.000000e+00 0.000000e+00 1.989024e-04 1.300590e-01 8.564127e-01 1.005624e-03 4.591919e-04
15449.3 2.370688e-04 3.261268e-04 8.441834e-04 2.243659e-03 7.021675e-04 5.003495e-04 3.101403e-05 8.217530e-05 0.000000e+00 9.539823e-05 1.184764e-04 7.865332e-05 4.505433e-04 4.586123e-02 9.550059e-01 1.331371e-03 9.218813e-04
15478.5 8.327821e-04 9.988403e-04 1.619373e-03 3.343436e-03 1.572464e-03 9.428653e-04 8.018930e-04 7.946498e-04 5.830519e-04 8.456883e-04 8.165143e-04 6.550880e-04 1.099793e-03 1.936103e-02 9.786262e-01 2.101869e-03 1.730922e-03
15508.8 6.472813e-04 9.144514e-04 1.244521e-03 2.965446e-03 1.269011e-03 9.690641e-04 5.548703e-04 6.540136e-04 4.091833e-04 6.526901e-04 7.441924e-04 6.124594e-04 8.593241e-04 7.455710e-03 9.904183e-01 2.331864e-03 1.202899e-03
15539.0 7.281734e-04 9.191168e-04 9.723052e-04 2.914941e-03 1.349403e-03 8.822185e-04 6.505064e-04 2.754117e-04 3.897758e-04 2.832341e-04 5.196693e-04 5.312168e-04 7.886932e-04 3.421914e-03 9.996074e-01 2.597799e-03 1.211309e-03
15569.2 6.290733e-04 1.029225e-03 1.003079e-03 2.776296e-03 1.590325e-03 8.447826e-04 5.635080e-04 5.033160e-04 5.158718e-04 4.269529e-04 5.876115e-04 6.144118e-04 7.311747e-04 2.146455e-03 9.997006e-01 4.361698e-03 1.181687e-03
15599.5 6.483780e-04 8.901151e-04 8.817136e-04 2.165423e-03 1.282882e-03 6.543178e-04 4.421565e-04 4.188618e-04 4.719648e-04 2.391041e-04 6.101548e-04 4.280010e-04 6.885070e-04 1.609330e-03 1.000000e+00 6.201575e-03 1.049708e-03
15628.6 3.952527e-04 7.685154e-04 4.055498e-04 1.783959e-03 1.094127e-03 6.302282e-04 1.240995e-04 2.071876e-04 8.486479e-05 7.450357e-05 2.804363e-04 1.807984e-04 3.889379e-04 9.778899e-04 9.983739e-01 1.016507e-02 1.096267e-03
15658.8 1.012417e-03 1.205302e-03 1.194516e-03 1.908139e-03 1.520744e-03 1.221719e-03 1.073078e-03 8.289668e-04 8.363574e-04 7.153127e-04 7.981703e-04 9.057434e-04 9.764659e-04 1.516816e-03 9.871930e-01 2.443463e-02 1.527061e-03
15689.1 8.035606e-04 9.345335e-04 1.037557e-03 1.443675e-03 1.514319e-03 1.028805e-03 7.819402e-04 5.499896e-04 5.488517e-04 5.154085e-04 6.573625e-04 6.525581e-04 6.940670e-04 1.112736e-03 9.356092e-01 7.920895e-02 1.617652e-03
15719.3 4.409526e-04 4.710552e-04 7.386693e-04 9.593442e-04 1.042389e-03 7.044930e-04 2.607906e-04 1.187365e-04 2.396925e-04 2.169650e-05 2.446085e-04 2.619990e-04 4.276482e-04 6.182116e-04 7.641512e-01 2.424148e-01 1.136191e-03
15749.5 7.349933e-04 5.798548e-04 8.099788e-04 1.158812e-03 1.507376e-03 1.057270e-03 7.219859e-04 1.939374e-04 4.809082e-04 3.704050e-04 4.815932e-04 4.454397e-04 6.404598e-04 6.930015e-04 4.973693e-01 4.944119e-01 1.596224e-03
15778.6 4.317000e-04 3.379427e-04 4.748531e-04 8.535997e-04 1.781462e-03 8.188779e-04 3.587005e-04 3.671765e-05 3.641962e-05 0.000000e+00 4.981976e-06 2.181712e-04 1.610837e-04 3.866450e-04 2.315087e-01 7.666606e-01 1.268777e-03
15808.8 6.250714e-04 6.483643e-04 7.860809e-04 1.068230e-03 2.413469e-03 1.042651e-03 7.582293e-04 3.467458e-04 4.431423e-04 2.453918e-04 5.142067e-04 4.824140e-04 4.843489e-04 7.657482e-04 8.655459e-02 9.227511e-01 1.703045e-03
15838.9 1.018837e-04 4.007887e-05 2.552269e-04 8.191555e-04 2.423508e-03 4.326411e-04 1.881848e-04 0.000000e+00 0.000000e+00 0.000000e+00 0.000000e+00 0.000000e+00 2.652236e-05 8.133884e-05 3.320733e-02 9.695382e-01 1.206645e-03
15869.1 4.883364e-04 3.499453e-04 6.152128e-04 1.135847e-03 2.755209e-03 9.672555e-04 6.248424e-04 2.111276e-04 2.011693e-04 3.815834e-05 1.339845e-04 2.388789e-04 3.994717e-04 4.464135e-04 1.457608e-02 9.827631e-01 1.563980e-03
15899.3 4.393832e-04 4.775852e-04 5.730598e-04 8.556028e-04 2.801745e-03 8.145099e-04 3.750414e-04 2.274312e-04 2.716902e-05 2.087470e-04 0.000000e+00 1.043624e-04 4.294675e-05 2.448095e-04 5.890747e-03 9.935314e-01 1.767144e-03
15929.4 4.989614e-04 5.870157e-04 7.987704e-04 1.031926e-03 2.704043e-03 1.137898e-03 5.688149e-04 5.640459e-04 1.053116e-04 2.400622e-04 3.194071e-04 4.138563e-04 2.946465e-04 5.554078e-04 2.560468e-03 9.959147e-01 2.638165e-03
15958.5 8.741778e-04 8.374790e-04 1.002648e-03 1.073693e-03 2.645860e-03 1.253690e-03 8.310289e-04 8.006653e-04 5.985023e-04 4.913383e-04 6.498726e-04 6.583563e-04 6.086362e-04 6.639986e-04 1.875913e-03 9.983578e-01 4.797664e-03
15988.7 8.341977e-04 6.259627e-04 9.136657e-04 9.642081e-04 2.224195e-03 1.251113e-03 7.620354e-04 4.268293e-04 4.250122e-04 5.610481e-04 4.247001e-04 3.281409e-04 6.230028e-04 5.262419e-04 1.392612e-03 1.000000e+00 7.017848e-03
16018.8 8.160827e-04 8.375535e-04 1.149520e-03 9.788497e-04 1.984159e-03 1.436203e-03 9.993121e-04 8.156571e-04 5.179807e-04 5.691427e-04 6.350843e-04 7.378216e-04 7.043653e-04 6.318459e-04 1.292594e-03 9.928502e-01 1.331921e-02
16048.9 4.390369e-04 6.692154e-04 7.496368e-04 7.717532e-04 1.433153e-03 1.124468e-03 6.706753e-04 5.982099e-04 1.475190e-04 2.968505e-04 3.370754e-04 4.007055e-04 3.847586e-04 3.638937e-04 6.112682e-04 9.710355e-01 3.157786e-02
16079.0 1.505181e-04 2.695655e-04 4.940202e-04 4.121259e-04 8.336862e-04 6.181455e-04 3.397392e-04 1.319858e-04 3.518326e-05 2.140428e-05 2.462388e-05 9.548587e-05 1.313272e-05 0.000000e+00 4.408439e-04 8.997493e-01 9.627955e-02
16109.2 4.507850e-04 6.488268e-04 7.930181e-04 7.057628e-04 1.069237e-03 1.306016e-03 9.318681e-04 4.743394e-04 1.993045e-04 3.977703e-04 4.023244e-04 4.273110e-04 3.244811e-04 2.117013e-04 5.386212e-04 7.092241e-01 2.719366e-01
16139.3 1.035487e-03 1.086507e-03 1.361787e-03 1.468680e-03 1.743531e-03 2.321003e-03 1.572576e-03 1.172862e-03 8.398286e-04 1.132678e-03 8.047790e-04 8.777731e-04 9.129558e-04 7.878535e-04 1.310638e-03 4.147237e-01 5.571824e-01
16169.4 5.349049e-04 5.405864e-04 8.047444e-04 8.409184e-04 1.348989e-03 2.121898e-03 1.201463e-03 5.828650e-04 3.049677e-04 3.691939e-04 5.644156e-04 4.150939e-04 3.664606e-04 3.981028e-04 7.262204e-04 1.824108e-01 8.086680e-01
16199.5 7.866170e-04 8.539495e-04 6.809299e-04 9.286504e-04 1.516711e-03 2.601570e-03 1.027167e-03 6.729909e-04 5.560023e-04 5.487700e-04 5.651055e-04 8.173346e-04 6.435008e-04 5.953384e-04 8.526601e-04 6.484129e-02 9.462351e-01
16228.5 7.467097e-04 4.801845e-04 7.588917e-04 7.807377e-04 1.254517e-03 2.736728e-03 1.024961e-03 7.070711e-04 3.091718e-04 4.960765e-04 5.296984e-04 3.994382e-04 4.048228e-04 4.429883e-04 6.706294e-04 2.554114e-02 9.810698e-01
16258.6 5.323273e-04 3.712544e-04 4.956080e-04 6.990040e-04 1.063900e-03 2.808538e-03 9.206642e-04 5.686605e-04 3.364763e-04 1.504637e-04 3.791183e-04 5.788964e-04 3.538432e-04 2.808596e-04 5.016201e-04 1.111319e-02 9.927330e-01
16288.7 8.366152e-04 6.195534e-04 7.176151e-04 9.550414e-04 1.265112e-03 3.071294e-03 1.478243e-03 9.000574e-04 5.886633e-04 4.875670e-04 5.464756e-04 5.284140e-04 4.877492e-04 6.289206e-04 7.175882e-04 5.078714e-03 9.987742e-01
16318.8 6.733310e-04 6.371853e-04 4.730540e-04 8.809304e-04 8.265513e-04 2.724359e-03 1.270860e-03 7.149155e-04 5.980859e-04 4.574354e-04 2.861656e-04 3.652571e-04 3.292526e-04 4.721846e-04 5.669814e-04 2.322716e-03 1.000000e+00
16348.8 5.845201e-04 5.385879e-04 4.630278e-04 6.724028e-04 7.724035e-04 2.339110e-03 1.089717e-03 5.813948e-04 4.713838e-04 3.316697e-04 2.502476e-04 2.477073e-04 2.144977e-04 4.930613e-04 3.224031e-04 1.574679e-03 9.967365e-01
16378.9 7.853240e-04 7.246708e-04 6.656140e-04 8.539761e-04 8.335743e-04 2.065619e-03 1.318105e-03 7.751596e-04 7.186890e-04 4.283251e-04 3.474877e-04 6.432335e-04 1.851100e-04 6.439170e-04 6.296822e-04 1.209389e-03 9.993267e-01
16408.9 1.293696e-03 1.142852e-03 1.314573e-03 1.503084e-03 1.424717e-03 2.242367e-03 1.636079e-03 1.037215e-03 1.253997e-03 7.416974e-04 8.516371e-04 9.909979e-04 8.857663e-04 1.217402e-03 9.380599e-04 1.539153e-03 9.967402e-01
16439.0 9.189773e-04 6.256547e-04 5.949137e-04 8.195356e-04 7.760320e-04 1.297257e-03 1.094329e-03 6.306946e-04 5.121290e-04 4.891852e-04 3.609216e-04 4.010891e-04 3.633598e-04 5.030689e-04 4.203049e-04 1.088000e-03 9.744699e-01
16469.0 6.756529e-04 5.140002e-04 4.534321e-04 5.721838e-04 6.305104e-04 1.247253e-03 9.958776e-04 5.860244e-04 4.165752e-04 2.761737e-04 3.142267e-04 3.638607e-04 4.243674e-04 5.320155e-04 4.090032e-04 9.631527e-04 8.972109e-01
16499.0 2.010949e-04 1.562913e-04 8.886437e-05 7.857643e-05 3.687128e-04 8.821983e-04 1.061801e-03 4.953632e-04 1.643178e-04 0.000000e+00 1.842285e-04 1.944819e-05 7.756980e-05 1.925786e-04 0.000000e+00 4.497428e-04 7.157882e-01
16529.0 0.000000e+00 0.000000e+00 0.000000e+00 0.000000e+00 1.552475e-04 5.489591e-04 1.149472e-03 2.923455e-04 0.000000e+00 0.000000e+00 0.000000e+00 0.000000e+00 0.000000e+00 0.000000e+00 0.000000e+00 1.844269e-04 4.396265e-01
16559.0 0.000000e+00 1.090783e-04 8.401722e-05 1.122520e-05 0.000000e+00 5.135425e-04 1.487170e-03 2.939696e-04 0.000000e+00 0.000000e+00 5.656139e-05 0.000000e+00 0.000000e+00 0.000000e+00 0.000000e+00 2.895826e-04 1.931557e-01
16589.1 6.252666e-04 6.463294e-04 5.848891e-04 5.965394e-04 8.085807e-04 1.048013e-03 2.329792e-03 7.268034e-04 5.026191e-04 1.750523e-04 4.282505e-04 3.581708e-04 9.049810e-05 4.628360e-04 2.315650e-04 5.646052e-04 6.645276e-02
16619.1 9.265019e-04 1.007753e-03 8.514822e-04 7.601067e-04 1.025280e-03 1.257294e-03 2.873681e-03 1.162885e-03 7.474849e-04 5.186736e-04 6.189433e-04 6.417902e-04 3.926971e-04 8.156271e-04 5.910574e-04 9.690501e-04 2.845776e-02
16649.1 6.602751e-04 6.951704e-04 5.913520e-04 6.254042e-04 8.061550e-04 1.118846e-03 2.563583e-03 1.008592e-03 7.088219e-04 3.403795e-04 4.137062e-04 3.841017e-04 2.084688e-04 4.774008e-04 2.850030e-04 5.371029e-04 1.300473e-02
16679.0 9.313868e-04 9.670521e-04 9.775080e-04 8.771695e-04 1.128779e-03 1.401375e-03 2.761656e-03 1.328548e-03 9.520766e-04 8.242047e-04 9.179106e-04 6.985141e-04 5.866216e-04 8.188637e-04 5.554321e-04 9.658146e-04 6.262555e-03
16709.0 7.017967e-04 9.605400e-04 7.480764e-04 6.943591e-04 1.038218e-03 8.339027e-04 2.415840e-03 1.263582e-03 7.200986e-04 6.029580e-04 2.399819e-04 6.547557e-04 4.815792e-04 8.172454e-04 5.246647e-04 8.477166e-04 3.187179e-03
16739.0 2.312184e-04 4.818980e-04 4.588633e-04 3.720354e-04 4.236963e-04 3.911938e-04 1.828115e-03 8.770365e-04 1.707616e-04 4.019720e-04 1.939248e-05 2.009646e-04 1.551396e-04 8.253369e-05 1.360242e-04 2.588448e-05 2.171235e-03
16769.0 3.745087e-04 5.812081e-04 6.753692e-04 5.195666e-04 5.110230e-04 6.857964e-04 1.638160e-03 9.647401e-04 3.769644e-04 6.191666e-04 2.844230e-04 1.798957e-04 1.583717e-04 5.178585e-05 1.813656e-04 1.391291e-04 1.568474e-03
16798.9 3.875351e-04 6.414453e-04 6.220506e-04 5.933322e-04 5.336632e-04 4.314400e-04 1.207920e-03 8.607951e-04 2.190904e-04 4.830148e-04 2.585664e-04 2.074473e-04 1.535236e-04 7.363301e-05 2.671904e-04 9.706679e-05 1.194179e-03
16828.9 7.099382e-04 9.133270e-04 7.238407e-04 8.242507e-04 7.600659e-04 8.186092e-04 1.204673e-03 1.026458e-03 6.234410e-04 7.391099e-04 5.753101e-04 5.656181e-04 4.710749e-04 2.702574e-04 3.368218e-04 3.979738e-04 1.111543e-03
16858.8 7.115665e-04 1.032173e-03 8.013951e-04 8.595299e-04 6.662705e-04 7.856072e-04 1.191684e-03 1.213234e-03 6.282739e-04 8.785033e-04 6.375277e-04 5.299631e-04 5.753093e-04 3.414629e-04 3.530151e-04 3.332627e-04 8.263656e-04
16888.8 6.448062e-04 7.277311e-04 7.109149e-04 6.334222e-04 6.234157e-04 1.007767e-03 1.065048e-03 1.409755e-03 9.375780e-04 5.316404e-04 5.227889e-04 5.542734e-04 5.316763e-04 1.861054e-04 2.736677e-04 4.368006e-04 6.513705e-04
16918.7 3.777653e-04 5.177147e-04 7.432292e-04 4.393866e-04 5.660065e-04 6.310616e-04 9.026929e-04 1.442238e-03 7.684274e-04 5.040859e-04 5.559177e-04 4.440669e-04 4.201698e-04 3.382263e-04 1.036375e-04 2.701692e-04 5.249852e-04
16948.6 3.500842e-04 3.988683e-04 7.803907e-04 5.035306e-04 3.687128e-04 6.568191e-04 7.987858e-04 1.435741e-03 8.215890e-04 3.168772e-04 3.910816e-04 3.144124e-04 3.272476e-04 8.415200e-05 3.562538e-04 1.633958e-04 5.120226e-04
16978.5 3.761370e-04 5.926043e-04 7.286878e-04 4.874946e-04 2.684488e-04 5.827660e-04 8.539864e-04 1.995258e-03 8.666958e-04 6.515837e-04 3.894656e-04 3.905845e-04 3.232075e-04 2.427462e-04 1.554562e-04 3.462049e-04 3.904983e-04
17009.5 7.880965e-04 9.084429e-04 9.661981e-04 7.841607e-04 7.228712e-04 9.321036e-04 1.186814e-03 2.663592e-03 1.019737e-03 9.952050e-04 7.958995e-04 6.045145e-04 4.880433e-04 4.353248e-04 6.088701e-04 6.495386e-04 6.837770e-04
17039.4 1.302639e-05 2.930461e-04 9.048008e-05 0.000000e+00 0.000000e+00 3.783150e-05 2.768150e-04 2.114632e-03 2.867507e-04 0.000000e+00 0.000000e+00 0.000000e+00 0.000000e+00 0.000000e+00 0.000000e+00 0.000000e+00 5.185039e-05
17069.3 4.282425e-04 3.158386e-04 2.601302e-04 2.325221e-04 4.524009e-04 2.849436e-04 5.292768e-04 2.364750e-03 5.751123e-04 2.820288e-04 1.519077e-04 7.293071e-05 5.332924e-05 1.027625e-04 0.000000e+00 2.507559e-05 7.453494e-05
17099.2 1.888826e-04 9.931006e-05 1.437987e-04 3.784497e-04 1.277558e-04 3.477278e-04 3.669219e-04 2.064284e-03 7.249315e-04 5.835078e-05 6.625763e-05 0.000000e+00 0.000000e+00 0.000000e+00 0.000000e+00 0.000000e+00 2.268455e-05
17129.0 6.692307e-04 4.786419e-04 6.317448e-04 6.670979e-04 5.498349e-04 5.731069e-04 7.395262e-04 2.322523e-03 1.192109e-03 4.060242e-04 5.656139e-04 3.597915e-04 4.048174e-04 5.049120e-04 1.068761e-04 4.885695e-04 4.941991e-04
17158.9 4.347557e-04 2.897900e-04 4.847147e-04 5.837106e-04 4.188448e-04 3.992430e-04 4.188755e-04 1.856394e-03 8.425314e-04 1.766732e-04 2.020050e-04 1.879992e-04 1.915004e-04 1.399836e-04 1.473595e-04 3.138493e-04 1.944390e-04
17188.8 5.243122e-04 4.558495e-04 3.974661e-04 3.159093e-04 4.059075e-04 3.235800e-04 3.474393e-04 1.400822e-03 7.458739e-04 3.371378e-04 5.300611e-04 2.625505e-04 3.167433e-04 1.569758e-04 1.149728e-04 1.100090e-04 8.587721e-05
17218.6 0.000000e+00 0.000000e+00 1.017901e-04 0.000000e+00 1.342244e-04 0.000000e+00 0.000000e+00 8.080105e-04 3.817972e-04 1.782940e-05 0.000000e+00 0.000000e+00 0.000000e+00 0.000000e+00 0.000000e+00 0.000000e+00 0.000000e+00
17248.5 1.807411e-04 1.139624e-04 3.134488e-04 9.140524e-05 7.438943e-05 1.545457e-04 6.494193e-05 5.002356e-04 6.129698e-04 2.852705e-04 1.405955e-04 2.431023e-05 0.000000e+00 0.000000e+00 7.934744e-05 0.000000e+00 0.000000e+00
17279.4 0.000000e+00 0.000000e+00 1.163315e-04 0.000000e+00 1.730363e-04 1.609851e-05 1.591077e-04 4.807459e-04 6.081369e-04 3.193084e-04 2.100852e-05 6.482729e-06 2.585660e-05 0.000000e+00 0.000000e+00 0.000000e+00 0.000000e+00
17309.2 0.000000e+00 0.000000e+00 0.000000e+00 0.000000e+00 6.792078e-05 0.000000e+00 0.000000e+00 3.816733e-04 4.832876e-04 1.620855e-04 0.000000e+00 0.000000e+00 0.000000e+00 0.000000e+00 0.000000e+00 0.000000e+00 0.000000e+00
17339.1 0.000000e+00 0.000000e+00 1.518773e-04 1.106484e-04 1.908250e-04 8.210239e-05 3.247097e-06 6.447842e-04 7.668164e-04 5.721618e-04 2.892711e-04 0.000000e+00 1.308990e-04 2.540743e-04 0.000000e+00 0.000000e+00 6.319266e-05
17368.9 6.350364e-05 0.000000e+00 1.922702e-04 2.870445e-04 4.204620e-05 1.151043e-04 1.582960e-04 2.176350e-04 1.172778e-03 3.444317e-04 2.100852e-04 0.000000e+00 0.000000e+00 0.000000e+00 0.000000e+00 0.000000e+00 1.620325e-06
17398.7 3.549691e-04 1.953641e-05 6.139720e-04 4.618370e-04 5.563035e-04 4.056824e-04 3.214626e-04 8.283122e-04 1.764000e-03 5.251570e-04 6.948971e-04 0.000000e+00 2.634141e-04 1.488843e-04 2.914804e-05 0.000000e+00 2.624926e-04
17428.5 0.000000e+00 0.000000e+00 1.551087e-04 1.138556e-04 0.000000e+00 8.693195e-05 2.922387e-05 1.071933e-04 1.399923e-03 2.220571e-04 0.000000e+00 0.000000e+00 0.000000e+00 0.000000e+00 0.000000e+00 0.000000e+00 0.000000e+00
17459.4 0.000000e+00 0.000000e+00 1.260258e-04 1.250808e-04 6.468646e-06 1.207388e-04 0.000000e+00 2.436212e-04 1.427310e-03 3.890052e-05 2.262456e-04 0.000000e+00 0.000000e+00 1.780139e-05 0.000000e+00 0.000000e+00 0.000000e+00
17489.2 3.028635e-04 2.800218e-04 4.023132e-04 3.543957e-04 2.425742e-04 3.332391e-04 2.630148e-04 1.689107e-04 1.662509e-03 8.055649e-04 1.890767e-04 2.366196e-04 3.264396e-04 1.019534e-04 1.765076e-04 0.000000e+00 2.592520e-05
17519.0 5.015160e-04 6.088847e-04 6.656749e-04 5.596566e-04 4.091418e-04 4.893947e-04 4.675819e-04 4.320217e-04 1.685063e-03 8.955224e-04 5.397573e-04 2.819987e-04 5.058198e-04 5.437514e-04 5.262841e-04 7.765343e-05 1.215243e-04
17548.7 2.784391e-04 2.653695e-04 3.393003e-04 2.822337e-04 1.843564e-04 1.851329e-04 1.818374e-04 1.104416e-04 1.237216e-03 6.094414e-04 1.300912e-04 3.241365e-05 1.292830e-04 4.207600e-05 5.181874e-05 0.000000e+00 0.000000e+00
17578.5 3.549691e-04 5.828361e-04 4.944090e-04 5.211702e-04 4.819141e-04 5.328607e-04 1.948258e-04 3.897940e-04 1.166334e-03 9.400958e-04 2.262456e-04 3.403433e-04 4.298660e-04 4.272332e-04 2.720484e-04 0.000000e+00 1.134227e-05
17609.3 2.678551e-04 9.931006e-05 2.375102e-04 3.127021e-04 1.730363e-04 8.693195e-05 7.305968e-05 1.080054e-04 7.845369e-04 5.770243e-04 0.000000e+00 1.588269e-04 1.695641e-14 1.877237e-04 0.000000e+00 0.000000e+00 1.458292e-05
17639.1 8.532284e-04 6.870303e-04 8.999537e-04 8.803768e-04 7.746203e-04 7.992909e-04 8.523628e-04 6.545291e-04 7.410410e-04 9.757546e-04 7.401462e-04 4.392049e-04 7.256008e-04 6.181935e-04 5.894381e-04 8.283033e-04 4.877177e-04
17668.8 8.239191e-04 6.495855e-04 8.918751e-04 1.116106e-03 5.773266e-04 8.081452e-04 9.075635e-04 8.997745e-04 9.585205e-04 1.149186e-03 9.179106e-04 5.526527e-04 7.175207e-04 6.117203e-04 7.125076e-04 8.056544e-04 6.173437e-04
17698.5 7.425042e-04 4.705018e-04 7.642336e-04 8.098183e-04 6.468646e-04 6.375009e-04 6.770196e-04 5.213495e-04 4.913424e-04 1.001688e-03 7.886274e-04 4.229981e-04 4.452183e-04 5.065303e-04 3.157704e-04 4.659206e-04 2.527706e-04
17729.3 4.917462e-04 1.465231e-04 2.682088e-04 3.527921e-04 9.379537e-05 3.219702e-05 1.688490e-04 3.183318e-04 1.965370e-04 7.796312e-04 4.427949e-04 0.000000e+00 9.696225e-05 2.459828e-04 1.295468e-05 1.892803e-04 0.000000e+00
17759.1 5.503649e-04 4.314290e-04 4.879462e-04 4.345758e-04 4.673597e-04 3.412884e-04 6.120777e-04 5.749462e-04 4.768438e-04 1.199433e-03 7.692350e-04 1.377580e-04 6.189424e-04 4.434163e-04 3.643505e-04 4.076805e-04 3.370276e-04
17788.8 3.614823e-04 5.746959e-04 7.561550e-04 7.456743e-04 6.792078e-04 6.713078e-04 7.241025e-04 6.658981e-04 7.797040e-04 1.207537e-03 7.967076e-04 5.980318e-04 2.213971e-04 5.955373e-04 7.400363e-04 3.769427e-04 4.958194e-04
17818.5 4.754632e-04 6.658659e-04 6.252820e-04 8.563228e-04 7.212540e-04 8.033156e-04 7.500793e-04 7.308638e-04 7.281534e-04 1.209158e-03 8.565011e-04 5.915490e-04 5.349084e-04 6.877808e-04 8.031904e-04 5.128362e-04 5.152633e-04
17849.2 5.813026e-04 6.740060e-04 7.739279e-04 9.557460e-04 9.031847e-04 9.160052e-04 7.517029e-04 6.853878e-04 7.797040e-04 1.207537e-03 8.241803e-04 6.920314e-04 6.593433e-04 6.052471e-04 9.294986e-04 7.425610e-04 5.962795e-04
17878.9 1.432903e-04 3.516553e-04 2.989074e-04 5.227738e-04 3.978217e-04 3.726805e-04 3.636748e-04 2.273798e-04 4.301260e-04 6.564462e-04 3.838094e-04 2.819987e-04 3.329037e-04 2.039068e-04 4.777040e-04 1.164802e-04 2.219845e-04
17908.6 3.451993e-04 5.339951e-04 5.008719e-04 5.965394e-04 5.328547e-04 4.700765e-04 7.825503e-04 5.587047e-04 4.961753e-04 6.118727e-04 6.318715e-04 3.759983e-04 4.201698e-04 4.790191e-04 6.477342e-04 5.613696e-04 5.330868e-04
17939.4 2.100505e-04 2.930461e-04 2.278159e-04 3.271345e-04 3.024092e-04 1.633999e-04 0.000000e+00 2.013936e-04 3.834082e-04 4.141284e-04 2.682626e-04 3.063090e-04 2.165490e-04 2.022885e-04 3.708278e-04 1.083913e-04 3.256853e-04
17969.0 5.210555e-05 2.279247e-04 2.132745e-04 7.055843e-05 3.396039e-05 8.210239e-05 6.494193e-06 9.907264e-05 0.000000e+00 1.669481e-04 6.140951e-05 2.722746e-04 1.971566e-04 0.000000e+00 9.392146e-05 0.000000e+00 2.106422e-04
17998.7 0.000000e+00 0.000000e+00 2.423574e-05 8.018003e-05 4.851484e-06 0.000000e+00 0.000000e+00 7.633466e-05 0.000000e+00 1.912609e-04 2.908872e-05 5.996525e-05 1.179707e-04 8.738862e-05 5.343807e-05 0.000000e+00 0.000000e+00
18029.4 0.000000e+00 1.628034e-05 0.000000e+00 0.000000e+00 0.000000e+00 0.000000e+00 0.000000e+00 1.624142e-05 0.000000e+00 0.000000e+00 4.848119e-06 4.537911e-05 1.470594e-04 0.000000e+00 1.279275e-04 0.000000e+00 1.182837e-04
18059.0 0.000000e+00 0.000000e+00 0.000000e+00 0.000000e+00 0.000000e+00 0.000000e+00 0.000000e+00 0.000000e+00 0.000000e+00 0.000000e+00 0.000000e+00 0.000000e+00 0.000000e+00 0.000000e+00 0.000000e+00 0.000000e+00 0.000000e+00
18088.7 2.442448e-05 0.000000e+00 0.000000e+00 0.000000e+00 0.000000e+00 0.000000e+00 0.000000e+00 0.000000e+00 0.000000e+00 0.000000e+00 7.918595e-05 0.000000e+00 8.564999e-05 0.000000e+00 0.000000e+00 0.000000e+00 0.000000e+00
18119.4 3.500842e-05 0.000000e+00 0.000000e+00 0.000000e+00 0.000000e+00 0.000000e+00 1.542371e-05 0.000000e+00 6.121644e-05 1.377727e-04 1.761483e-04 1.393787e-04 3.555282e-05 0.000000e+00 0.000000e+00 8.897789e-05 4.374877e-05
18149.0 4.559236e-05 1.269866e-04 7.270721e-05 0.000000e+00 0.000000e+00 0.000000e+00 0.000000e+00 0.000000e+00 4.349589e-05 2.463700e-04 2.989674e-05 1.458614e-04 0.000000e+00 1.270372e-04 0.000000e+00 2.038403e-04 5.671137e-05
18178.6 0.000000e+00 0.000000e+00 0.000000e+00 0.000000e+00 0.000000e+00 0.000000e+00 0.000000e+00 0.000000e+00 0.000000e+00 0.000000e+00 0.000000e+00 0.000000e+00 0.000000e+00 0.000000e+00 0.000000e+00 4.368006e-05 0.000000e+00
