# from M Ashby, priv. comm.
# Mar 26, 2025

# Based on monochromometer scans of individual pixels, rebinned.
# No units given, assumed to be detector signal/photon

# wave ch01 ch02 ch03 ch04 ch05 ch06 ch07 ch08 ch09 ch10 ch11 ch12 ch13 ch14 ch15 ch16 ch17
42660.2 0.000000e+00 0.000000e+00 0.000000e+00 0.000000e+00 0.000000e+00 0.000000e+00 0.000000e+00 6.842480e-05 0.000000e+00 0.000000e+00 0.000000e+00 0.000000e+00 0.000000e+00 0.000000e+00 0.000000e+00 0.000000e+00 0.000000e+00
42700.2 0.000000e+00 0.000000e+00 0.000000e+00 9.649177e-04 0.000000e+00 0.000000e+00 0.000000e+00 3.436674e-04 0.000000e+00 0.000000e+00 0.000000e+00 0.000000e+00 0.000000e+00 0.000000e+00 1.747206e-04 0.000000e+00 0.000000e+00
42740.2 0.000000e+00 0.000000e+00 0.000000e+00 2.175261e-04 0.000000e+00 0.000000e+00 0.000000e+00 0.000000e+00 0.000000e+00 6.998379e-04 0.000000e+00 0.000000e+00 0.000000e+00 0.000000e+00 7.955896e-05 0.000000e+00 0.000000e+00
42780.2 7.604763e-05 7.778146e-05 2.143515e-05 5.357546e-04 2.883422e-05 1.492617e-04 6.576326e-05 0.000000e+00 1.516410e-04 1.968340e-04 0.000000e+00 0.000000e+00 3.339578e-04 0.000000e+00 6.044936e-04 9.371167e-04 1.188634e-04
42820.3 0.000000e+00 0.000000e+00 0.000000e+00 0.000000e+00 0.000000e+00 0.000000e+00 0.000000e+00 0.000000e+00 0.000000e+00 0.000000e+00 0.000000e+00 0.000000e+00 0.000000e+00 0.000000e+00 0.000000e+00 0.000000e+00 0.000000e+00
42860.3 0.000000e+00 0.000000e+00 0.000000e+00 5.077081e-04 0.000000e+00 0.000000e+00 2.935572e-04 1.694083e-04 0.000000e+00 2.812645e-04 0.000000e+00 0.000000e+00 0.000000e+00 0.000000e+00 0.000000e+00 0.000000e+00 0.000000e+00
42900.2 0.000000e+00 0.000000e+00 7.208668e-05 9.535077e-04 1.260948e-04 0.000000e+00 4.937731e-05 0.000000e+00 9.743119e-05 0.000000e+00 0.000000e+00 0.000000e+00 8.894759e-06 0.000000e+00 0.000000e+00 0.000000e+00 2.554828e-04
42940.2 0.000000e+00 0.000000e+00 0.000000e+00 0.000000e+00 0.000000e+00 0.000000e+00 0.000000e+00 0.000000e+00 0.000000e+00 0.000000e+00 0.000000e+00 0.000000e+00 0.000000e+00 0.000000e+00 0.000000e+00 0.000000e+00 0.000000e+00
42980.3 0.000000e+00 0.000000e+00 0.000000e+00 0.000000e+00 0.000000e+00 0.000000e+00 7.893055e-05 0.000000e+00 0.000000e+00 0.000000e+00 9.310742e-05 0.000000e+00 0.000000e+00 0.000000e+00 0.000000e+00 0.000000e+00 9.105520e-05
43020.2 0.000000e+00 7.691317e-04 0.000000e+00 3.986138e-04 0.000000e+00 0.000000e+00 3.462264e-04 0.000000e+00 0.000000e+00 0.000000e+00 0.000000e+00 0.000000e+00 5.880832e-05 0.000000e+00 0.000000e+00 0.000000e+00 0.000000e+00
43060.2 5.592685e-04 1.792768e-04 1.068160e-03 2.907709e-04 2.590689e-04 5.747239e-04 3.103090e-04 1.014319e-03 0.000000e+00 7.346400e-04 8.762060e-04 9.173174e-04 1.671921e-03 7.264030e-04 9.949654e-04 1.315331e-03 1.821764e-03
43100.2 0.000000e+00 0.000000e+00 2.387229e-04 0.000000e+00 0.000000e+00 0.000000e+00 0.000000e+00 0.000000e+00 0.000000e+00 0.000000e+00 0.000000e+00 0.000000e+00 0.000000e+00 0.000000e+00 0.000000e+00 0.000000e+00 0.000000e+00
43140.2 7.310527e-04 1.394375e-04 1.593321e-03 4.169434e-04 0.000000e+00 5.975626e-04 7.660432e-04 2.884719e-04 3.395440e-04 0.000000e+00 0.000000e+00 0.000000e+00 7.154768e-04 0.000000e+00 1.115739e-03 7.954510e-04 3.463179e-05
43180.2 1.101556e-04 0.000000e+00 6.754273e-04 0.000000e+00 0.000000e+00 0.000000e+00 0.000000e+00 0.000000e+00 0.000000e+00 0.000000e+00 0.000000e+00 0.000000e+00 0.000000e+00 0.000000e+00 0.000000e+00 0.000000e+00 0.000000e+00
43220.1 4.101010e-04 0.000000e+00 0.000000e+00 0.000000e+00 0.000000e+00 0.000000e+00 1.499607e-05 0.000000e+00 0.000000e+00 0.000000e+00 0.000000e+00 0.000000e+00 0.000000e+00 0.000000e+00 0.000000e+00 0.000000e+00 0.000000e+00
43260.0 1.095335e-03 5.655573e-04 6.856310e-04 6.364570e-04 6.066895e-04 7.606012e-04 9.092740e-04 9.872722e-04 5.229052e-04 3.763583e-04 1.288047e-03 1.390225e-03 3.936482e-04 7.399443e-04 1.440231e-03 9.426077e-04 1.306616e-03
43300.0 6.873564e-04 0.000000e+00 7.580113e-04 0.000000e+00 4.461986e-04 0.000000e+00 7.070099e-04 0.000000e+00 7.132257e-04 0.000000e+00 2.280436e-04 7.753420e-04 0.000000e+00 0.000000e+00 3.974268e-05 0.000000e+00 0.000000e+00
43340.0 3.450323e-04 6.202086e-06 9.704541e-05 1.532620e-04 0.000000e+00 0.000000e+00 0.000000e+00 0.000000e+00 0.000000e+00 0.000000e+00 2.465039e-05 0.000000e+00 0.000000e+00 0.000000e+00 0.000000e+00 0.000000e+00 0.000000e+00
43379.9 0.000000e+00 0.000000e+00 0.000000e+00 0.000000e+00 0.000000e+00 0.000000e+00 0.000000e+00 0.000000e+00 0.000000e+00 0.000000e+00 0.000000e+00 0.000000e+00 0.000000e+00 0.000000e+00 0.000000e+00 0.000000e+00 0.000000e+00
43419.8 1.234914e-03 1.065956e-03 5.779414e-04 6.682578e-04 9.654341e-04 1.109001e-03 1.073060e-03 6.158967e-05 5.659800e-04 1.121844e-04 9.254336e-04 0.000000e+00 5.187629e-04 7.454341e-04 5.159189e-04 5.742769e-04 1.287686e-03
43459.8 1.663094e-03 1.812250e-03 1.235898e-03 2.013312e-03 1.780769e-03 2.126648e-03 1.088642e-03 1.620440e-03 1.047825e-03 1.764933e-03 1.995693e-03 2.246054e-03 2.270810e-03 2.200875e-03 1.994935e-03 2.042402e-03 3.375059e-03
43499.7 1.860422e-03 5.975893e-04 9.877050e-04 1.127161e-03 1.180813e-03 1.289574e-03 8.518500e-04 1.226355e-03 1.046616e-03 1.090658e-03 1.499095e-03 1.004874e-03 1.636195e-03 8.619630e-04 1.433533e-03 1.304935e-03 1.516572e-03
43539.7 1.545546e-03 2.677842e-04 1.279649e-03 1.234341e-03 1.089919e-03 1.170003e-03 2.581519e-04 9.261969e-04 8.393734e-04 1.213615e-03 3.834180e-04 1.337794e-03 6.127828e-04 1.619548e-03 9.410184e-04 1.572745e-03 2.129929e-03
43579.6 1.824192e-03 5.787641e-04 1.120574e-03 8.455912e-04 1.238115e-03 1.436994e-03 6.444653e-04 7.869955e-04 0.000000e+00 1.496011e-03 9.933411e-05 7.746792e-04 1.020986e-03 1.290895e-03 1.376274e-03 8.110452e-04 2.078788e-03
43619.5 2.004100e-03 8.285987e-04 1.319803e-03 1.462688e-03 1.035324e-03 2.301032e-03 2.018252e-04 6.828516e-04 2.591084e-04 1.633028e-03 1.377199e-03 2.051574e-03 1.614803e-03 2.000390e-03 1.662937e-03 2.488045e-03 2.320770e-03
43659.4 1.156524e-03 4.628945e-04 1.887320e-04 0.000000e+00 0.000000e+00 6.528174e-04 2.481301e-04 0.000000e+00 1.592597e-04 8.978405e-04 0.000000e+00 0.000000e+00 5.645599e-05 1.278013e-04 0.000000e+00 1.240948e-04 7.703373e-04
43699.3 1.833048e-03 5.545395e-06 1.860160e-04 0.000000e+00 0.000000e+00 4.088858e-04 0.000000e+00 0.000000e+00 0.000000e+00 6.076656e-04 2.886257e-05 0.000000e+00 0.000000e+00 0.000000e+00 0.000000e+00 0.000000e+00 0.000000e+00
43739.2 1.097278e-04 5.075941e-07 0.000000e+00 0.000000e+00 0.000000e+00 9.824445e-15 9.292436e-16 0.000000e+00 0.000000e+00 2.908741e-22 3.028931e-23 0.000000e+00 4.349639e-27 0.000000e+00 0.000000e+00 0.000000e+00 0.000000e+00
43779.1 5.968802e-04 1.070116e-06 2.112228e-08 0.000000e+00 0.000000e+00 1.645507e-13 0.000000e+00 5.694792e-17 6.422535e-20 0.000000e+00 0.000000e+00 0.000000e+00 0.000000e+00 0.000000e+00 0.000000e+00 0.000000e+00 0.000000e+00
43819.0 1.865549e-03 0.000000e+00 0.000000e+00 0.000000e+00 0.000000e+00 0.000000e+00 0.000000e+00 0.000000e+00 1.217082e-19 0.000000e+00 0.000000e+00 0.000000e+00 0.000000e+00 0.000000e+00 0.000000e+00 0.000000e+00 0.000000e+00
43858.9 6.329283e-03 4.127515e-07 4.265472e-09 4.442388e-10 0.000000e+00 7.820529e-14 9.978130e-17 7.131679e-18 0.000000e+00 5.249927e-21 0.000000e+00 0.000000e+00 4.655205e-26 8.087000e-28 9.465266e-31 0.000000e+00 8.122982e-34
43898.8 1.708425e-02 2.413759e-06 1.573103e-09 1.278468e-11 4.651948e-12 7.010222e-14 0.000000e+00 2.126026e-17 1.009915e-18 1.102728e-20 5.877223e-23 9.845721e-25 0.000000e+00 0.000000e+00 0.000000e+00 0.000000e+00 7.247672e-34
43938.7 4.031090e-02 4.806083e-06 4.840494e-09 1.486342e-10 4.355831e-12 1.205232e-14 0.000000e+00 9.100212e-18 1.145865e-19 6.556674e-21 1.024250e-22 4.349057e-24 1.787276e-26 2.184683e-28 3.114217e-31 3.101765e-32 1.758537e-33
43978.6 8.074312e-02 2.170772e-05 2.297131e-08 0.000000e+00 5.167447e-12 0.000000e+00 0.000000e+00 1.013366e-17 6.076010e-19 7.162335e-21 1.099331e-23 1.453114e-24 3.313432e-27 3.277590e-28 0.000000e+00 0.000000e+00 6.189745e-34
44018.4 1.411355e-01 1.073678e-04 0.000000e+00 0.000000e+00 0.000000e+00 0.000000e+00 0.000000e+00 0.000000e+00 0.000000e+00 0.000000e+00 0.000000e+00 0.000000e+00 0.000000e+00 0.000000e+00 0.000000e+00 0.000000e+00 0.000000e+00
44058.3 2.408650e-01 4.452456e-04 0.000000e+00 0.000000e+00 0.000000e+00 0.000000e+00 0.000000e+00 0.000000e+00 0.000000e+00 0.000000e+00 0.000000e+00 0.000000e+00 0.000000e+00 0.000000e+00 0.000000e+00 0.000000e+00 0.000000e+00
44098.1 3.619152e-01 1.108047e-03 7.263595e-08 0.000000e+00 0.000000e+00 2.397617e-13 1.085727e-14 0.000000e+00 0.000000e+00 4.391599e-21 0.000000e+00 0.000000e+00 0.000000e+00 0.000000e+00 0.000000e+00 0.000000e+00 0.000000e+00
44138.0 5.324086e-01 3.055512e-03 0.000000e+00 0.000000e+00 0.000000e+00 0.000000e+00 0.000000e+00 0.000000e+00 0.000000e+00 0.000000e+00 0.000000e+00 0.000000e+00 0.000000e+00 0.000000e+00 0.000000e+00 0.000000e+00 0.000000e+00
44177.9 7.098249e-01 7.510000e-03 0.000000e+00 0.000000e+00 0.000000e+00 0.000000e+00 0.000000e+00 0.000000e+00 0.000000e+00 0.000000e+00 0.000000e+00 0.000000e+00 0.000000e+00 0.000000e+00 0.000000e+00 0.000000e+00 0.000000e+00
44217.7 8.685755e-01 1.649946e-02 0.000000e+00 0.000000e+00 0.000000e+00 4.033314e-12 0.000000e+00 0.000000e+00 0.000000e+00 0.000000e+00 0.000000e+00 0.000000e+00 0.000000e+00 0.000000e+00 0.000000e+00 0.000000e+00 0.000000e+00
44260.4 9.754229e-01 3.555481e-02 0.000000e+00 0.000000e+00 0.000000e+00 0.000000e+00 0.000000e+00 0.000000e+00 0.000000e+00 0.000000e+00 0.000000e+00 0.000000e+00 0.000000e+00 0.000000e+00 0.000000e+00 0.000000e+00 0.000000e+00
44300.2 1.000000e+00 7.729844e-02 1.061152e-05 7.099836e-08 1.067058e-09 2.375284e-12 4.662792e-14 3.021391e-15 6.157800e-18 2.322832e-19 5.707801e-21 0.000000e+00 0.000000e+00 0.000000e+00 0.000000e+00 3.002447e-30 0.000000e+00
44340.1 9.341471e-01 1.472632e-01 5.979633e-05 4.919472e-09 0.000000e+00 0.000000e+00 1.110465e-14 0.000000e+00 0.000000e+00 0.000000e+00 0.000000e+00 0.000000e+00 0.000000e+00 0.000000e+00 0.000000e+00 0.000000e+00 0.000000e+00
44379.9 8.277547e-01 2.316992e-01 1.923797e-04 1.968373e-08 0.000000e+00 1.076420e-11 0.000000e+00 0.000000e+00 0.000000e+00 0.000000e+00 0.000000e+00 0.000000e+00 0.000000e+00 0.000000e+00 0.000000e+00 0.000000e+00 0.000000e+00
44419.7 6.846285e-01 3.928620e-01 2.078726e-03 4.395771e-04 5.155029e-05 0.000000e+00 0.000000e+00 8.259389e-05 0.000000e+00 0.000000e+00 0.000000e+00 0.000000e+00 0.000000e+00 0.000000e+00 2.972134e-04 5.480059e-04 4.754010e-06
44459.5 4.919892e-01 5.658387e-01 3.328338e-03 0.000000e+00 0.000000e+00 0.000000e+00 0.000000e+00 0.000000e+00 0.000000e+00 0.000000e+00 0.000000e+00 0.000000e+00 0.000000e+00 0.000000e+00 0.000000e+00 0.000000e+00 0.000000e+00
44499.4 3.188635e-01 7.369062e-01 6.687657e-03 3.377337e-04 0.000000e+00 1.540823e-04 2.263867e-04 9.073460e-05 1.828177e-04 2.365487e-04 2.060020e-06 0.000000e+00 0.000000e+00 0.000000e+00 8.068692e-05 5.552017e-04 6.492076e-04
44539.2 1.820940e-01 8.720548e-01 1.099310e-02 0.000000e+00 0.000000e+00 0.000000e+00 0.000000e+00 0.000000e+00 0.000000e+00 0.000000e+00 0.000000e+00 0.000000e+00 0.000000e+00 0.000000e+00 0.000000e+00 0.000000e+00 0.000000e+00
44579.0 8.569123e-02 9.639806e-01 2.441574e-02 0.000000e+00 0.000000e+00 0.000000e+00 0.000000e+00 4.114231e-04 0.000000e+00 4.465989e-05 0.000000e+00 0.000000e+00 0.000000e+00 0.000000e+00 0.000000e+00 0.000000e+00 0.000000e+00
44618.8 2.867925e-02 1.000000e+00 5.609345e-02 0.000000e+00 0.000000e+00 0.000000e+00 0.000000e+00 6.386287e-05 0.000000e+00 0.000000e+00 0.000000e+00 0.000000e+00 0.000000e+00 0.000000e+00 0.000000e+00 0.000000e+00 0.000000e+00
44658.6 4.710806e-03 9.647411e-01 1.199024e-01 3.015760e-04 2.370025e-05 0.000000e+00 0.000000e+00 0.000000e+00 4.650008e-04 0.000000e+00 7.411907e-05 4.681898e-05 0.000000e+00 5.705630e-04 2.769993e-05 2.409203e-05 0.000000e+00
44698.4 7.458529e-04 8.870724e-01 1.996680e-01 2.619771e-04 0.000000e+00 4.837164e-05 0.000000e+00 0.000000e+00 0.000000e+00 0.000000e+00 0.000000e+00 0.000000e+00 0.000000e+00 0.000000e+00 0.000000e+00 0.000000e+00 0.000000e+00
44738.2 1.206063e-04 7.381971e-01 3.317569e-01 2.783713e-04 0.000000e+00 0.000000e+00 0.000000e+00 0.000000e+00 0.000000e+00 0.000000e+00 0.000000e+00 0.000000e+00 0.000000e+00 0.000000e+00 0.000000e+00 0.000000e+00 0.000000e+00
44777.9 2.097899e-03 5.555190e-01 4.916916e-01 2.849315e-03 5.724229e-05 1.132040e-04 0.000000e+00 6.448879e-05 3.534892e-04 4.515511e-04 4.140334e-04 0.000000e+00 1.604046e-04 2.991678e-04 4.949385e-04 6.205292e-04 3.265817e-05
44817.7 0.000000e+00 3.641089e-01 6.697420e-01 3.463072e-03 0.000000e+00 0.000000e+00 0.000000e+00 0.000000e+00 0.000000e+00 0.000000e+00 0.000000e+00 0.000000e+00 0.000000e+00 0.000000e+00 0.000000e+00 0.000000e+00 0.000000e+00
44860.4 1.961340e-04 2.070182e-01 8.346622e-01 1.033087e-02 1.357600e-04 0.000000e+00 0.000000e+00 0.000000e+00 0.000000e+00 5.802446e-05 1.940151e-05 6.696762e-05 3.305901e-04 4.106113e-05 1.365140e-04 1.123725e-04 0.000000e+00
44900.1 0.000000e+00 9.490683e-02 9.531798e-01 2.109957e-02 2.421727e-04 2.179930e-05 0.000000e+00 0.000000e+00 0.000000e+00 6.169024e-05 0.000000e+00 0.000000e+00 0.000000e+00 0.000000e+00 3.576513e-04 0.000000e+00 0.000000e+00
44939.9 2.581749e-05 3.566641e-02 1.000000e+00 5.011894e-02 4.385971e-04 1.685659e-04 2.867850e-05 3.411606e-05 1.093012e-04 1.484082e-04 4.709138e-05 3.211162e-04 9.236257e-05 6.575993e-04 2.793259e-04 1.760407e-04 1.991532e-05
44979.6 0.000000e+00 7.617737e-03 9.798966e-01 1.101155e-01 0.000000e+00 0.000000e+00 0.000000e+00 0.000000e+00 0.000000e+00 7.986850e-05 0.000000e+00 0.000000e+00 0.000000e+00 0.000000e+00 0.000000e+00 5.553242e-05 0.000000e+00
45019.3 0.000000e+00 2.337212e-03 9.093692e-01 1.886144e-01 1.368601e-03 4.932578e-05 0.000000e+00 2.435314e-04 0.000000e+00 8.264301e-06 0.000000e+00 4.021460e-06 1.019431e-04 2.653694e-04 1.401782e-04 1.455097e-04 0.000000e+00
45059.1 0.000000e+00 1.419913e-03 7.639958e-01 3.236232e-01 1.293575e-03 0.000000e+00 0.000000e+00 0.000000e+00 0.000000e+00 0.000000e+00 0.000000e+00 4.297868e-04 0.000000e+00 0.000000e+00 0.000000e+00 0.000000e+00 1.626833e-06
45098.9 2.806064e-04 2.533058e-03 5.941138e-01 4.792667e-01 3.769826e-03 5.996083e-04 1.175081e-03 1.168568e-03 9.299071e-04 3.974786e-04 1.950191e-04 9.205808e-04 8.433251e-04 1.821083e-03 1.754230e-04 3.304485e-05 1.079372e-03
45138.6 1.042086e-04 2.139748e-03 4.062269e-01 6.538663e-01 6.256702e-03 1.176712e-03 3.510722e-05 4.145271e-05 8.915021e-04 8.533186e-04 7.809431e-04 1.232545e-03 1.474587e-03 7.475521e-04 0.000000e+00 9.792894e-04 1.415391e-03
45178.3 0.000000e+00 0.000000e+00 2.455384e-01 8.021860e-01 8.930235e-03 2.263942e-05 0.000000e+00 0.000000e+00 0.000000e+00 0.000000e+00 0.000000e+00 0.000000e+00 0.000000e+00 0.000000e+00 0.000000e+00 0.000000e+00 0.000000e+00
45218.1 1.098670e-04 5.326970e-06 1.290468e-01 9.212515e-01 2.024836e-02 7.639449e-04 0.000000e+00 0.000000e+00 1.139299e-04 0.000000e+00 0.000000e+00 0.000000e+00 0.000000e+00 1.959656e-05 0.000000e+00 0.000000e+00 9.435094e-05
45257.8 0.000000e+00 0.000000e+00 5.231840e-02 9.929916e-01 3.723548e-02 0.000000e+00 0.000000e+00 0.000000e+00 0.000000e+00 0.000000e+00 0.000000e+00 0.000000e+00 0.000000e+00 0.000000e+00 0.000000e+00 0.000000e+00 0.000000e+00
45300.4 0.000000e+00 0.000000e+00 1.387326e-02 1.000000e+00 8.885884e-02 0.000000e+00 0.000000e+00 0.000000e+00 0.000000e+00 0.000000e+00 0.000000e+00 0.000000e+00 1.109739e-04 1.007202e-05 0.000000e+00 0.000000e+00 0.000000e+00
45340.1 0.000000e+00 0.000000e+00 1.502724e-03 9.368177e-01 1.701331e-01 0.000000e+00 0.000000e+00 0.000000e+00 0.000000e+00 0.000000e+00 0.000000e+00 0.000000e+00 0.000000e+00 0.000000e+00 0.000000e+00 0.000000e+00 0.000000e+00
45379.8 0.000000e+00 0.000000e+00 1.681214e-03 8.330110e-01 2.723948e-01 1.124058e-03 6.874386e-05 7.968802e-05 0.000000e+00 4.312704e-04 0.000000e+00 1.085180e-04 0.000000e+00 0.000000e+00 3.948260e-04 0.000000e+00 1.453224e-04
45419.5 0.000000e+00 0.000000e+00 1.398335e-03 6.686079e-01 4.197561e-01 5.369452e-04 0.000000e+00 0.000000e+00 0.000000e+00 0.000000e+00 0.000000e+00 0.000000e+00 0.000000e+00 0.000000e+00 0.000000e+00 0.000000e+00 0.000000e+00
45459.2 2.330216e-04 0.000000e+00 2.000035e-03 4.834207e-01 5.890847e-01 4.225588e-03 6.581256e-04 1.048420e-03 7.192116e-04 4.612473e-04 1.437688e-04 1.120890e-04 0.000000e+00 6.567443e-05 5.842436e-04 1.275976e-03 1.412269e-03
45498.9 6.677607e-04 8.629280e-04 1.516238e-03 3.053737e-01 7.542559e-01 8.443352e-03 6.003367e-04 3.546274e-04 3.248346e-04 9.592156e-04 7.423098e-04 1.292220e-03 9.717252e-04 1.457903e-03 1.789890e-03 4.685672e-04 2.799894e-03
45538.6 0.000000e+00 1.136459e-04 7.485374e-04 1.631944e-01 8.900985e-01 1.369620e-02 8.017324e-05 1.849215e-03 7.445081e-04 3.269113e-04 1.681926e-04 6.268587e-05 0.000000e+00 8.091553e-04 1.428649e-03 2.156543e-03 1.839741e-03
45578.3 0.000000e+00 0.000000e+00 0.000000e+00 6.887818e-02 9.818611e-01 3.104625e-02 1.420581e-04 1.698784e-04 1.399909e-04 1.247201e-04 2.171679e-04 0.000000e+00 0.000000e+00 0.000000e+00 3.820754e-04 2.618313e-05 5.030046e-05
45617.9 2.561081e-04 2.607290e-04 7.487735e-04 2.094206e-02 1.000000e+00 6.796483e-02 1.304441e-03 6.996730e-04 2.843918e-04 1.233788e-03 7.715707e-05 3.337207e-04 5.731172e-04 7.608078e-04 1.719384e-03 1.381144e-03 1.630013e-03
45657.6 0.000000e+00 0.000000e+00 0.000000e+00 6.685025e-03 9.631059e-01 1.226334e-01 8.924152e-04 2.793666e-05 0.000000e+00 3.164960e-05 5.575121e-06 1.611432e-04 4.239600e-04 1.317451e-03 0.000000e+00 2.441383e-05 1.538899e-05
45700.1 5.200107e-04 0.000000e+00 0.000000e+00 1.397404e-03 8.249169e-01 2.545629e-01 9.501243e-04 0.000000e+00 0.000000e+00 0.000000e+00 6.921469e-05 0.000000e+00 0.000000e+00 0.000000e+00 4.677290e-04 7.379475e-04 1.006161e-04
45739.8 9.889677e-05 0.000000e+00 0.000000e+00 1.443501e-03 6.881712e-01 3.736950e-01 7.338660e-04 0.000000e+00 0.000000e+00 0.000000e+00 0.000000e+00 0.000000e+00 0.000000e+00 0.000000e+00 0.000000e+00 0.000000e+00 0.000000e+00
45779.5 2.447214e-04 0.000000e+00 2.924052e-04 2.111737e-03 5.145855e-01 5.325177e-01 2.793699e-03 6.234133e-05 0.000000e+00 6.832317e-04 1.650734e-04 1.165713e-04 3.749848e-05 1.925247e-05 6.414155e-04 7.280477e-04 1.828202e-04
45819.1 0.000000e+00 0.000000e+00 0.000000e+00 0.000000e+00 3.371232e-01 6.994335e-01 4.121244e-03 0.000000e+00 0.000000e+00 0.000000e+00 0.000000e+00 0.000000e+00 0.000000e+00 0.000000e+00 0.000000e+00 0.000000e+00 0.000000e+00
45858.7 4.273332e-04 9.395395e-04 0.000000e+00 6.108589e-04 1.994218e-01 8.385213e-01 9.185193e-03 1.986688e-04 2.674366e-04 6.927667e-04 5.737594e-04 1.206915e-03 4.745478e-04 1.019314e-03 2.800874e-04 1.236152e-03 9.402316e-04
45898.4 0.000000e+00 0.000000e+00 0.000000e+00 8.560382e-05 9.739862e-02 9.431439e-01 1.602339e-02 0.000000e+00 0.000000e+00 0.000000e+00 0.000000e+00 1.813322e-04 4.626231e-07 0.000000e+00 0.000000e+00 0.000000e+00 1.623849e-04
45938.1 7.026306e-07 2.175736e-05 0.000000e+00 0.000000e+00 3.707913e-02 9.998368e-01 3.870085e-02 1.875341e-04 1.852661e-04 2.255198e-04 1.022347e-04 0.000000e+00 0.000000e+00 6.187140e-05 9.943684e-06 0.000000e+00 5.173292e-05
45977.7 0.000000e+00 0.000000e+00 0.000000e+00 0.000000e+00 9.834118e-03 1.000000e+00 7.629873e-02 0.000000e+00 0.000000e+00 0.000000e+00 0.000000e+00 0.000000e+00 0.000000e+00 0.000000e+00 0.000000e+00 0.000000e+00 0.000000e+00
46020.1 0.000000e+00 0.000000e+00 0.000000e+00 0.000000e+00 1.991912e-03 9.142310e-01 1.689076e-01 1.778139e-05 0.000000e+00 0.000000e+00 0.000000e+00 0.000000e+00 0.000000e+00 0.000000e+00 0.000000e+00 0.000000e+00 4.357390e-06
46059.8 0.000000e+00 0.000000e+00 0.000000e+00 0.000000e+00 9.173018e-04 8.042408e-01 2.653285e-01 0.000000e+00 0.000000e+00 0.000000e+00 0.000000e+00 0.000000e+00 0.000000e+00 0.000000e+00 0.000000e+00 0.000000e+00 0.000000e+00
46099.4 0.000000e+00 1.163158e-04 4.947293e-05 0.000000e+00 2.762673e-03 6.356344e-01 4.113663e-01 1.992250e-03 1.920414e-04 0.000000e+00 5.344587e-04 3.120941e-05 0.000000e+00 2.949801e-04 2.830036e-05 0.000000e+00 2.128376e-04
46139.0 0.000000e+00 0.000000e+00 0.000000e+00 0.000000e+00 0.000000e+00 4.490975e-01 5.779509e-01 6.394822e-04 0.000000e+00 0.000000e+00 0.000000e+00 0.000000e+00 0.000000e+00 0.000000e+00 0.000000e+00 0.000000e+00 0.000000e+00
46178.6 3.135854e-04 7.939274e-04 0.000000e+00 1.522078e-04 1.267982e-03 2.779745e-01 7.442620e-01 6.946203e-03 7.503616e-04 4.711253e-04 4.999963e-04 1.201909e-03 8.621992e-04 1.544259e-04 3.973323e-05 1.892711e-04 3.079522e-04
46218.2 3.036508e-05 6.678359e-05 0.000000e+00 0.000000e+00 1.698467e-05 1.474712e-01 8.778751e-01 1.277104e-02 8.925800e-04 0.000000e+00 0.000000e+00 9.676521e-04 0.000000e+00 5.716513e-06 0.000000e+00 0.000000e+00 0.000000e+00
46257.8 1.026409e-03 2.197244e-04 1.733275e-03 5.153163e-04 1.279395e-03 6.278214e-02 9.716950e-01 2.926469e-02 2.710687e-03 4.249511e-04 1.111444e-03 1.325895e-03 2.788609e-03 8.634354e-04 2.154369e-03 3.114631e-03 2.018680e-03
46300.2 1.876014e-03 1.595584e-03 1.655625e-03 1.150146e-03 1.504510e-03 2.133554e-02 1.000000e+00 6.441326e-02 1.652041e-03 5.065790e-04 1.030737e-03 2.424588e-03 2.970935e-03 2.838632e-03 2.602636e-03 3.411128e-03 4.009292e-03
46339.9 2.963370e-04 9.459645e-05 3.435589e-04 3.000288e-05 2.245588e-04 3.932133e-03 9.619142e-01 1.295750e-01 3.052395e-04 0.000000e+00 0.000000e+00 2.555155e-04 0.000000e+00 0.000000e+00 3.389017e-05 3.311822e-04 1.788956e-04
46379.4 1.168298e-03 1.024794e-03 1.160163e-03 1.209873e-03 1.056834e-03 3.407339e-03 8.786731e-01 2.133915e-01 1.822819e-03 3.875199e-04 1.544039e-04 1.373991e-03 1.003504e-03 1.700306e-03 2.699966e-03 2.652189e-03 2.385823e-03
46419.0 1.227995e-03 6.854751e-04 4.384189e-04 6.088558e-04 4.879984e-04 3.295725e-03 7.251118e-01 3.491719e-01 2.267571e-03 0.000000e+00 1.348917e-03 2.091243e-03 1.961969e-03 9.043200e-04 2.614493e-03 1.869988e-03 2.329109e-03
46458.6 2.313870e-04 5.845028e-05 0.000000e+00 2.693770e-04 8.941362e-05 1.825828e-03 5.496920e-01 5.053173e-01 3.063609e-03 0.000000e+00 3.731897e-04 0.000000e+00 1.328877e-05 0.000000e+00 3.319529e-05 2.576750e-04 7.991141e-04
46498.2 1.532581e-03 1.096116e-03 1.259533e-03 1.740110e-03 1.117467e-03 3.740641e-03 3.765555e-01 6.723841e-01 7.525379e-03 8.773487e-04 1.216765e-03 1.587310e-03 2.146446e-03 2.905948e-03 2.669268e-03 3.196465e-03 3.700156e-03
46537.7 2.357031e-04 3.872982e-04 2.476259e-04 1.971824e-04 5.276676e-04 2.270281e-04 2.284264e-01 8.117082e-01 8.186430e-03 0.000000e+00 4.424550e-04 1.021876e-03 0.000000e+00 2.323258e-04 1.777585e-03 1.570447e-03 9.689853e-04
46580.1 4.748647e-04 5.826079e-05 0.000000e+00 0.000000e+00 0.000000e+00 3.012808e-04 1.119646e-01 9.282215e-01 1.781775e-02 0.000000e+00 9.325536e-05 0.000000e+00 0.000000e+00 1.028051e-04 1.561486e-03 4.380535e-04 7.766584e-04
46619.7 6.776372e-04 8.238393e-04 6.662284e-04 1.745841e-03 9.908415e-04 4.618545e-04 4.687126e-02 9.916529e-01 3.318961e-02 1.150822e-03 1.798776e-03 1.661161e-03 2.109048e-03 1.883326e-03 1.290825e-03 2.208060e-03 3.323578e-03
46659.2 1.579207e-03 1.631393e-03 1.267355e-03 1.164918e-03 2.084104e-04 7.821312e-04 1.265403e-02 1.000000e+00 7.274857e-02 7.918904e-04 2.076967e-03 1.062162e-03 1.372944e-03 2.509718e-03 2.629660e-03 4.357790e-03 2.804724e-03
46698.8 0.000000e+00 8.629640e-05 2.196841e-05 2.084882e-04 0.000000e+00 0.000000e+00 3.324317e-03 9.408023e-01 1.396198e-01 1.113891e-04 0.000000e+00 0.000000e+00 0.000000e+00 6.128042e-05 0.000000e+00 1.742016e-04 1.408303e-05
46738.3 4.952114e-05 1.671616e-03 9.772216e-04 4.847935e-05 1.019233e-03 4.470218e-04 3.975559e-03 8.453988e-01 2.279689e-01 2.045970e-03 5.840206e-04 9.184384e-04 2.454748e-03 2.578545e-03 1.500661e-03 3.280575e-03 2.891691e-03
46777.8 2.231371e-06 2.659985e-05 1.154707e-04 0.000000e+00 0.000000e+00 1.902190e-04 2.563855e-03 6.884836e-01 3.609999e-01 6.284389e-04 7.727005e-06 0.000000e+00 6.395327e-04 3.233443e-04 0.000000e+00 2.463972e-04 0.000000e+00
46820.2 1.035148e-03 7.591110e-04 9.748728e-04 5.784355e-04 1.906368e-04 2.832216e-05 2.843326e-03 5.006475e-01 5.300430e-01 3.697727e-03 8.510168e-04 1.897200e-03 1.365505e-03 2.396261e-03 5.605761e-04 2.857221e-03 2.431728e-03
46859.7 0.000000e+00 0.000000e+00 0.000000e+00 2.294786e-04 0.000000e+00 0.000000e+00 6.904945e-05 3.203055e-01 6.920702e-01 5.209137e-03 0.000000e+00 0.000000e+00 0.000000e+00 9.652009e-05 0.000000e+00 0.000000e+00 0.000000e+00
46899.3 0.000000e+00 0.000000e+00 0.000000e+00 2.907359e-04 6.932697e-05 0.000000e+00 2.183837e-04 1.815802e-01 8.373888e-01 8.400626e-03 0.000000e+00 0.000000e+00 1.100917e-04 3.261951e-04 0.000000e+00 4.089762e-04 3.378655e-04
46938.8 2.384640e-04 1.162643e-04 2.256905e-04 7.937297e-04 9.313846e-04 8.245256e-04 7.637224e-05 8.305186e-02 9.442407e-01 1.915081e-02 9.432693e-05 0.000000e+00 1.416973e-03 1.144536e-03 2.234999e-04 1.132501e-06 6.321541e-04
46978.3 0.000000e+00 0.000000e+00 0.000000e+00 1.789837e-04 0.000000e+00 0.000000e+00 0.000000e+00 2.599151e-02 1.000000e+00 3.940077e-02 0.000000e+00 0.000000e+00 0.000000e+00 0.000000e+00 0.000000e+00 0.000000e+00 0.000000e+00
47017.8 0.000000e+00 2.478452e-04 5.461693e-04 1.328813e-03 4.916663e-05 0.000000e+00 1.217002e-03 5.946549e-03 9.872601e-01 8.998040e-02 0.000000e+00 0.000000e+00 2.514659e-04 9.600655e-04 1.346235e-03 2.086946e-04 9.828340e-04
47060.1 3.688429e-05 3.359973e-06 0.000000e+00 0.000000e+00 0.000000e+00 0.000000e+00 1.952144e-04 1.583458e-03 9.088161e-01 1.701680e-01 0.000000e+00 0.000000e+00 0.000000e+00 0.000000e+00 0.000000e+00 0.000000e+00 0.000000e+00
47099.6 1.110019e-04 2.576763e-04 1.878198e-04 0.000000e+00 0.000000e+00 0.000000e+00 3.744097e-04 1.427871e-03 8.015062e-01 2.658755e-01 0.000000e+00 8.756178e-05 0.000000e+00 0.000000e+00 0.000000e+00 9.169012e-05 0.000000e+00
47139.1 0.000000e+00 6.730396e-05 0.000000e+00 0.000000e+00 0.000000e+00 0.000000e+00 0.000000e+00 4.224422e-04 6.314955e-01 4.100601e-01 5.171635e-04 0.000000e+00 0.000000e+00 0.000000e+00 0.000000e+00 0.000000e+00 0.000000e+00
47178.6 0.000000e+00 0.000000e+00 0.000000e+00 0.000000e+00 0.000000e+00 0.000000e+00 0.000000e+00 0.000000e+00 4.476148e-01 5.696076e-01 8.343424e-04 0.000000e+00 0.000000e+00 0.000000e+00 0.000000e+00 0.000000e+00 0.000000e+00
47218.1 0.000000e+00 2.865351e-06 6.496873e-05 0.000000e+00 0.000000e+00 0.000000e+00 6.480835e-05 0.000000e+00 2.865437e-01 7.230920e-01 3.182722e-03 0.000000e+00 0.000000e+00 0.000000e+00 0.000000e+00 1.286780e-04 0.000000e+00
47260.3 2.634937e-03 1.920499e-03 1.816925e-03 8.001826e-04 1.287755e-03 5.423666e-06 9.089014e-04 1.479180e-03 1.505727e-01 8.651315e-01 1.289605e-02 3.088348e-03 1.563799e-03 3.445091e-03 3.808488e-03 5.245785e-03 4.295656e-03
47299.9 0.000000e+00 3.456148e-05 0.000000e+00 0.000000e+00 0.000000e+00 0.000000e+00 0.000000e+00 0.000000e+00 6.684765e-02 9.577736e-01 2.063909e-02 0.000000e+00 0.000000e+00 0.000000e+00 0.000000e+00 1.311426e-03 0.000000e+00
47339.3 7.891883e-05 2.203346e-04 4.003013e-04 1.999897e-04 4.822623e-05 0.000000e+00 0.000000e+00 0.000000e+00 2.271294e-02 1.000000e+00 4.076027e-02 0.000000e+00 1.555288e-05 0.000000e+00 0.000000e+00 1.083698e-03 0.000000e+00
47378.8 0.000000e+00 1.891664e-04 0.000000e+00 0.000000e+00 0.000000e+00 0.000000e+00 0.000000e+00 0.000000e+00 2.928007e-03 9.782255e-01 8.531770e-02 0.000000e+00 0.000000e+00 2.204254e-04 0.000000e+00 7.177723e-04 0.000000e+00
47418.2 0.000000e+00 0.000000e+00 0.000000e+00 0.000000e+00 0.000000e+00 0.000000e+00 0.000000e+00 0.000000e+00 4.251459e-04 9.080920e-01 1.530545e-01 0.000000e+00 0.000000e+00 0.000000e+00 0.000000e+00 0.000000e+00 0.000000e+00
47457.7 4.849403e-04 0.000000e+00 1.223484e-03 1.452278e-03 4.355249e-05 6.779448e-06 0.000000e+00 3.582637e-04 1.276897e-03 7.819284e-01 2.660145e-01 4.991333e-04 1.734166e-04 1.315891e-03 1.155829e-05 4.361290e-04 9.859796e-05
47500.0 0.000000e+00 0.000000e+00 3.072836e-04 6.549425e-04 2.272647e-03 7.977722e-04 0.000000e+00 0.000000e+00 9.648247e-04 6.073001e-01 4.211692e-01 0.000000e+00 0.000000e+00 6.103347e-05 8.724045e-05 1.046169e-03 0.000000e+00
47519.7 0.000000e+00 0.000000e+00 0.000000e+00 0.000000e+00 1.416693e-05 0.000000e+00 0.000000e+00 0.000000e+00 0.000000e+00 4.415291e-01 5.676356e-01 0.000000e+00 0.000000e+00 0.000000e+00 0.000000e+00 0.000000e+00 0.000000e+00
47559.1 7.184535e-06 9.848911e-05 0.000000e+00 0.000000e+00 1.100106e-03 0.000000e+00 0.000000e+00 0.000000e+00 0.000000e+00 2.844337e-01 7.242808e-01 1.622001e-03 0.000000e+00 0.000000e+00 0.000000e+00 0.000000e+00 0.000000e+00
47598.6 0.000000e+00 2.605113e-05 0.000000e+00 0.000000e+00 0.000000e+00 1.019902e-04 8.050830e-04 0.000000e+00 0.000000e+00 1.604683e-01 8.596323e-01 6.190299e-03 0.000000e+00 0.000000e+00 0.000000e+00 0.000000e+00 0.000000e+00
47638.0 2.946523e-04 2.169666e-04 0.000000e+00 0.000000e+00 1.659903e-04 0.000000e+00 6.269430e-04 1.579316e-04 0.000000e+00 7.198269e-02 9.517679e-01 1.813765e-02 0.000000e+00 0.000000e+00 0.000000e+00 8.490550e-05 0.000000e+00
47680.2 4.628645e-04 0.000000e+00 0.000000e+00 0.000000e+00 0.000000e+00 0.000000e+00 1.689904e-04 0.000000e+00 0.000000e+00 2.467185e-02 1.000000e+00 3.934361e-02 0.000000e+00 0.000000e+00 0.000000e+00 3.108185e-04 0.000000e+00
47719.6 0.000000e+00 0.000000e+00 0.000000e+00 0.000000e+00 0.000000e+00 0.000000e+00 2.199857e-04 0.000000e+00 0.000000e+00 5.869501e-03 9.874502e-01 8.607127e-02 0.000000e+00 6.897905e-04 0.000000e+00 0.000000e+00 0.000000e+00
47759.1 0.000000e+00 0.000000e+00 0.000000e+00 0.000000e+00 0.000000e+00 0.000000e+00 0.000000e+00 0.000000e+00 0.000000e+00 1.194095e-03 9.134943e-01 1.619065e-01 0.000000e+00 0.000000e+00 0.000000e+00 0.000000e+00 0.000000e+00
47798.5 0.000000e+00 0.000000e+00 0.000000e+00 0.000000e+00 7.991363e-04 0.000000e+00 0.000000e+00 0.000000e+00 0.000000e+00 1.580659e-03 7.800534e-01 2.828327e-01 0.000000e+00 0.000000e+00 0.000000e+00 0.000000e+00 0.000000e+00
47837.8 0.000000e+00 0.000000e+00 0.000000e+00 0.000000e+00 0.000000e+00 0.000000e+00 0.000000e+00 0.000000e+00 0.000000e+00 1.267422e-04 6.411486e-01 4.011899e-01 6.695716e-04 0.000000e+00 0.000000e+00 0.000000e+00 0.000000e+00
47880.1 0.000000e+00 0.000000e+00 0.000000e+00 0.000000e+00 0.000000e+00 0.000000e+00 0.000000e+00 0.000000e+00 0.000000e+00 7.290249e-04 4.418360e-01 5.791472e-01 2.902441e-03 1.944410e-04 0.000000e+00 2.079343e-04 8.184899e-04
47919.4 7.485148e-04 1.223027e-03 1.679380e-03 1.457452e-03 8.001593e-04 2.835924e-03 3.122850e-03 7.225514e-04 8.750625e-04 0.000000e+00 2.953614e-01 7.263190e-01 7.194172e-03 2.600590e-03 2.856103e-03 3.647992e-03 2.946067e-03
47958.9 1.505296e-03 2.586318e-03 2.297967e-03 2.545239e-03 6.900801e-04 2.032398e-03 2.833299e-03 9.206348e-04 1.714569e-03 0.000000e+00 1.664677e-01 8.617463e-01 1.210045e-02 1.055965e-03 1.882859e-03 4.388495e-03 4.509928e-03
47998.2 3.727989e-03 3.034149e-03 2.757956e-03 3.291695e-03 2.590226e-03 4.546609e-03 3.601335e-03 3.592710e-03 4.202052e-03 1.581273e-03 7.419363e-02 9.653141e-01 2.886579e-02 6.834849e-03 3.872229e-03 6.325845e-03 6.844112e-03
48017.9 8.085539e-03 7.051865e-03 8.171644e-03 6.984328e-03 6.817544e-03 6.352559e-03 7.571577e-03 6.806054e-03 6.732968e-03 3.919519e-03 3.736885e-02 1.000000e+00 4.682622e-02 5.519482e-03 3.983495e-03 4.495421e-03 3.590275e-03
48060.1 7.268996e-03 7.294642e-03 6.665531e-03 5.090157e-03 5.465605e-03 6.373635e-03 6.638261e-03 6.627546e-03 5.514215e-03 4.162949e-03 1.368039e-02 9.971269e-01 1.002195e-01 5.881153e-03 5.362838e-03 5.136982e-03 6.262826e-03
48099.5 2.851837e-03 4.087926e-03 2.685566e-03 2.713190e-03 2.892154e-03 3.675930e-03 3.542875e-03 3.800664e-03 3.174318e-03 1.676918e-03 6.105502e-03 9.381146e-01 1.760299e-01 5.087182e-03 4.888954e-03 3.375678e-03 3.642212e-03
48138.8 1.510173e-03 4.580704e-04 1.044611e-03 3.353339e-05 1.432122e-03 2.081185e-03 2.053864e-03 1.407792e-04 6.177692e-04 0.000000e+00 1.251296e-03 8.210618e-01 2.872534e-01 1.839420e-04 5.434258e-04 3.949710e-05 0.000000e+00
48178.2 5.243274e-04 1.265026e-03 1.450616e-03 4.265792e-04 8.807197e-05 7.060007e-04 8.285291e-04 1.075673e-03 0.000000e+00 3.482174e-04 2.134336e-04 6.739509e-01 4.202798e-01 4.822226e-04 0.000000e+00 0.000000e+00 1.143141e-03
48220.3 0.000000e+00 0.000000e+00 0.000000e+00 0.000000e+00 0.000000e+00 0.000000e+00 0.000000e+00 1.771383e-05 0.000000e+00 0.000000e+00 0.000000e+00 4.605439e-01 6.096795e-01 1.445101e-04 0.000000e+00 0.000000e+00 0.000000e+00
48259.7 0.000000e+00 0.000000e+00 0.000000e+00 4.228384e-04 1.390861e-04 6.546217e-05 0.000000e+00 3.577401e-05 0.000000e+00 0.000000e+00 0.000000e+00 3.209194e-01 7.409035e-01 2.700875e-03 0.000000e+00 0.000000e+00 0.000000e+00
48299.1 5.768572e-06 5.476308e-04 2.610328e-05 1.254064e-04 7.630359e-05 6.345105e-04 1.457504e-03 1.908549e-04 1.353282e-03 9.696998e-04 0.000000e+00 1.870550e-01 8.645213e-01 8.985644e-03 3.182675e-04 0.000000e+00 2.222136e-04
48338.4 0.000000e+00 1.376062e-04 0.000000e+00 0.000000e+00 0.000000e+00 2.870089e-04 1.556490e-04 0.000000e+00 0.000000e+00 5.659005e-05 0.000000e+00 8.958369e-02 9.606374e-01 1.738920e-02 0.000000e+00 0.000000e+00 3.070076e-04
48377.7 0.000000e+00 4.502992e-05 0.000000e+00 0.000000e+00 0.000000e+00 0.000000e+00 0.000000e+00 0.000000e+00 0.000000e+00 0.000000e+00 0.000000e+00 3.103855e-02 1.000000e+00 4.037534e-02 1.921950e-05 0.000000e+00 0.000000e+00
48419.8 0.000000e+00 0.000000e+00 1.674721e-04 0.000000e+00 0.000000e+00 0.000000e+00 0.000000e+00 4.244600e-04 8.955972e-04 0.000000e+00 0.000000e+00 5.628910e-03 9.794985e-01 8.795534e-02 0.000000e+00 0.000000e+00 0.000000e+00
48459.2 0.000000e+00 0.000000e+00 0.000000e+00 3.391029e-04 0.000000e+00 0.000000e+00 0.000000e+00 5.923675e-06 7.929407e-04 0.000000e+00 1.210850e-04 2.706074e-03 8.919219e-01 1.721694e-01 0.000000e+00 1.216506e-04 0.000000e+00
48498.5 1.465117e-04 0.000000e+00 2.211274e-05 0.000000e+00 1.750834e-05 0.000000e+00 6.848477e-05 1.904540e-04 5.494711e-05 0.000000e+00 0.000000e+00 2.864304e-04 7.581075e-01 2.847719e-01 0.000000e+00 0.000000e+00 0.000000e+00
48537.8 4.387010e-05 0.000000e+00 0.000000e+00 1.979177e-04 0.000000e+00 2.551323e-04 1.716375e-03 5.471221e-04 1.323684e-04 0.000000e+00 0.000000e+00 5.540454e-04 5.790862e-01 4.391927e-01 7.534392e-06 9.534828e-05 3.809796e-04
48579.9 0.000000e+00 0.000000e+00 0.000000e+00 1.250951e-04 0.000000e+00 0.000000e+00 0.000000e+00 2.915146e-05 0.000000e+00 0.000000e+00 0.000000e+00 0.000000e+00 3.933612e-01 6.096124e-01 0.000000e+00 4.199593e-06 0.000000e+00
48619.2 0.000000e+00 4.138488e-04 8.897265e-05 0.000000e+00 4.286613e-05 0.000000e+00 3.834971e-05 1.262749e-03 1.371768e-04 1.535617e-04 0.000000e+00 0.000000e+00 2.578029e-01 7.417384e-01 4.119796e-03 0.000000e+00 0.000000e+00
48658.5 0.000000e+00 1.227562e-05 6.810032e-05 0.000000e+00 2.810482e-05 1.515248e-04 3.700282e-06 4.291378e-05 2.868121e-04 1.475832e-04 0.000000e+00 0.000000e+00 1.408130e-01 8.694423e-01 7.070100e-03 0.000000e+00 0.000000e+00
48697.8 0.000000e+00 0.000000e+00 0.000000e+00 0.000000e+00 2.500146e-05 0.000000e+00 0.000000e+00 4.493412e-07 5.530574e-04 3.760044e-04 0.000000e+00 0.000000e+00 5.869727e-02 9.660691e-01 1.645719e-02 0.000000e+00 0.000000e+00
48739.9 6.266381e-05 0.000000e+00 4.634725e-06 0.000000e+00 8.235033e-05 0.000000e+00 0.000000e+00 2.768930e-05 0.000000e+00 0.000000e+00 0.000000e+00 0.000000e+00 1.832182e-02 1.000000e+00 3.988937e-02 0.000000e+00 0.000000e+00
48779.2 3.005038e-04 1.703094e-04 0.000000e+00 3.724134e-04 5.485253e-04 0.000000e+00 1.211484e-03 0.000000e+00 2.362087e-04 2.544320e-04 0.000000e+00 0.000000e+00 3.093057e-03 9.716106e-01 8.865045e-02 0.000000e+00 5.250897e-05
48818.4 5.363653e-05 2.452773e-04 9.086238e-04 1.785459e-04 0.000000e+00 0.000000e+00 1.460013e-04 4.347238e-04 1.559349e-03 0.000000e+00 1.310073e-03 0.000000e+00 1.592874e-03 8.923895e-01 1.603853e-01 5.983494e-04 6.913987e-05
48857.7 0.000000e+00 3.662937e-04 2.984939e-04 0.000000e+00 0.000000e+00 0.000000e+00 1.353346e-04 4.267593e-04 6.455857e-04 1.281773e-05 0.000000e+00 0.000000e+00 1.328849e-03 7.681947e-01 2.647227e-01 0.000000e+00 1.453386e-04
48899.8 3.203699e-05 3.666785e-05 0.000000e+00 0.000000e+00 2.830091e-04 0.000000e+00 3.389013e-04 0.000000e+00 1.197170e-04 0.000000e+00 0.000000e+00 7.249641e-06 1.016295e-04 5.911714e-01 4.127535e-01 0.000000e+00 0.000000e+00
48939.1 1.135620e-03 1.250053e-03 7.859073e-04 1.528250e-03 4.504859e-04 6.271336e-04 4.591415e-04 1.297168e-03 2.094924e-03 0.000000e+00 7.222090e-04 1.100923e-03 3.837383e-04 4.174689e-01 5.785902e-01 2.388932e-03 4.568691e-04
48978.3 3.195376e-04 9.920655e-04 1.272414e-03 4.821745e-04 4.001510e-04 1.724803e-03 7.939338e-04 1.410816e-03 7.290864e-04 1.024400e-04 7.583993e-05 0.000000e+00 5.767525e-05 2.588450e-01 7.332035e-01 2.767802e-03 1.479939e-03
49020.3 0.000000e+00 0.000000e+00 0.000000e+00 0.000000e+00 0.000000e+00 0.000000e+00 0.000000e+00 0.000000e+00 0.000000e+00 0.000000e+00 0.000000e+00 0.000000e+00 0.000000e+00 1.464541e-01 8.600181e-01 5.834922e-03 0.000000e+00
49059.6 0.000000e+00 0.000000e+00 0.000000e+00 0.000000e+00 0.000000e+00 0.000000e+00 0.000000e+00 0.000000e+00 1.431842e-04 4.624660e-05 0.000000e+00 0.000000e+00 0.000000e+00 6.950684e-02 9.572103e-01 1.444376e-02 0.000000e+00
49098.9 0.000000e+00 0.000000e+00 0.000000e+00 0.000000e+00 0.000000e+00 0.000000e+00 0.000000e+00 0.000000e+00 0.000000e+00 0.000000e+00 0.000000e+00 0.000000e+00 0.000000e+00 2.771162e-02 1.000000e+00 2.545280e-02 0.000000e+00
49138.1 0.000000e+00 0.000000e+00 7.882943e-05 1.371965e-04 0.000000e+00 0.000000e+00 0.000000e+00 0.000000e+00 1.700309e-03 1.291617e-03 1.042244e-03 0.000000e+00 0.000000e+00 7.979359e-03 9.908865e-01 6.726813e-02 2.731557e-04
49180.1 0.000000e+00 0.000000e+00 4.490441e-05 0.000000e+00 0.000000e+00 0.000000e+00 4.251878e-04 0.000000e+00 4.881579e-04 4.567871e-05 1.369067e-05 0.000000e+00 0.000000e+00 1.719642e-03 9.237977e-01 1.337728e-01 0.000000e+00
49219.3 1.810634e-03 0.000000e+00 2.154390e-04 8.145605e-04 9.738677e-04 1.793614e-03 8.745013e-04 2.593398e-04 3.116956e-03 1.032313e-03 4.234176e-04 9.050123e-04 8.458700e-04 1.379900e-03 7.986708e-01 2.426710e-01 5.682191e-04
49258.5 9.070509e-06 3.630179e-05 0.000000e+00 0.000000e+00 0.000000e+00 8.221105e-04 0.000000e+00 0.000000e+00 8.882150e-04 0.000000e+00 0.000000e+00 0.000000e+00 0.000000e+00 0.000000e+00 6.375378e-01 3.778862e-01 0.000000e+00
49297.8 8.743739e-04 1.002975e-03 6.967220e-06 0.000000e+00 1.664893e-03 7.715854e-04 0.000000e+00 3.974136e-04 1.256161e-03 0.000000e+00 5.103604e-04 0.000000e+00 4.334678e-04 0.000000e+00 4.591528e-01 5.399952e-01 1.935944e-03
49339.8 1.102201e-04 1.575969e-03 1.368870e-04 0.000000e+00 2.852521e-04 2.322953e-03 0.000000e+00 7.382271e-04 7.942824e-04 0.000000e+00 1.658840e-03 0.000000e+00 0.000000e+00 0.000000e+00 2.926753e-01 6.981001e-01 1.885061e-03
49379.0 1.290647e-03 1.377443e-05 9.286629e-05 0.000000e+00 1.075899e-03 2.579202e-03 1.082773e-03 0.000000e+00 1.000119e-03 3.764462e-04 2.385302e-03 0.000000e+00 0.000000e+00 0.000000e+00 1.585767e-01 8.314316e-01 5.585054e-03
49418.1 6.484755e-04 4.925171e-04 5.125784e-04 1.574277e-03 3.043748e-04 2.013809e-04 0.000000e+00 0.000000e+00 0.000000e+00 9.731594e-04 0.000000e+00 1.758671e-03 3.011071e-05 0.000000e+00 8.213326e-02 9.375092e-01 1.422385e-02
49460.1 3.930765e-04 1.842894e-04 2.605378e-05 1.475359e-03 1.056862e-03 2.944610e-05 1.477173e-04 0.000000e+00 0.000000e+00 8.401763e-04 0.000000e+00 0.000000e+00 0.000000e+00 0.000000e+00 2.339708e-02 1.000000e+00 3.644306e-02
49499.3 0.000000e+00 0.000000e+00 0.000000e+00 0.000000e+00 8.038053e-05 1.152971e-04 0.000000e+00 1.024123e-04 0.000000e+00 0.000000e+00 0.000000e+00 0.000000e+00 0.000000e+00 0.000000e+00 6.431764e-03 9.936551e-01 5.988690e-02
49538.5 3.006749e-05 0.000000e+00 0.000000e+00 5.991494e-04 0.000000e+00 0.000000e+00 0.000000e+00 5.361415e-04 0.000000e+00 0.000000e+00 9.319943e-05 0.000000e+00 0.000000e+00 0.000000e+00 8.174324e-04 9.262687e-01 1.270103e-01
49577.7 4.017427e-31 0.000000e+00 0.000000e+00 2.995201e-28 0.000000e+00 0.000000e+00 0.000000e+00 0.000000e+00 0.000000e+00 0.000000e+00 0.000000e+00 0.000000e+00 0.000000e+00 0.000000e+00 0.000000e+00 7.749192e-01 2.097902e-01
49619.6 2.743785e-32 2.015878e-29 0.000000e+00 0.000000e+00 0.000000e+00 0.000000e+00 0.000000e+00 0.000000e+00 0.000000e+00 0.000000e+00 0.000000e+00 0.000000e+00 0.000000e+00 0.000000e+00 0.000000e+00 6.010894e-01 3.314531e-01
49658.8 5.654293e-32 0.000000e+00 4.439173e-28 1.954033e-26 3.347957e-24 0.000000e+00 0.000000e+00 7.889698e-19 6.130679e-17 0.000000e+00 1.214705e-13 1.954149e-12 0.000000e+00 0.000000e+00 0.000000e+00 4.510435e-01 4.695475e-01
49697.9 1.190969e-31 7.449737e-30 5.664965e-29 1.719327e-26 7.752212e-25 0.000000e+00 5.688596e-21 1.233362e-19 3.796774e-17 0.000000e+00 5.507410e-14 8.599007e-12 2.845314e-10 1.654785e-08 0.000000e+00 3.224877e-01 6.231546e-01
49739.9 4.649412e-32 4.985058e-30 6.793132e-28 3.794918e-26 1.436389e-24 0.000000e+00 0.000000e+00 2.431620e-20 9.035685e-18 0.000000e+00 1.643845e-14 0.000000e+00 2.059112e-10 0.000000e+00 4.973173e-06 2.001674e-01 7.870747e-01
49779.1 8.107899e-33 0.000000e+00 1.084409e-28 5.216642e-27 8.596201e-26 0.000000e+00 0.000000e+00 0.000000e+00 0.000000e+00 0.000000e+00 0.000000e+00 0.000000e+00 0.000000e+00 1.143340e-10 0.000000e+00 1.165198e-01 9.104914e-01
49818.2 3.474421e-32 2.264210e-31 1.521344e-29 2.294894e-28 2.784488e-26 1.816026e-23 4.667761e-22 3.608307e-20 3.132410e-18 2.845738e-16 3.400416e-14 1.354828e-12 1.258992e-10 4.381833e-09 0.000000e+00 5.632892e-02 9.906987e-01
49860.1 2.946540e-32 1.697131e-30 1.452634e-28 6.306427e-27 8.001151e-26 1.996810e-23 8.735301e-22 7.607111e-21 2.408623e-18 4.610322e-17 8.209525e-15 3.868987e-13 6.460664e-12 4.575101e-09 0.000000e+00 2.912025e-02 1.000000e+00
49899.2 1.926614e-32 3.557360e-31 0.000000e+00 1.070023e-28 6.493531e-26 1.646027e-24 3.543052e-22 1.757015e-20 2.070240e-18 1.433798e-16 3.469936e-15 1.749050e-13 1.723986e-11 3.089894e-11 0.000000e+00 1.523309e-02 9.414392e-01
49938.4 0.000000e+00 0.000000e+00 0.000000e+00 0.000000e+00 3.803883e-26 0.000000e+00 0.000000e+00 3.027551e-23 2.692024e-19 5.390414e-17 2.400724e-15 7.694051e-14 0.000000e+00 0.000000e+00 0.000000e+00 3.906224e-03 8.312985e-01
49980.3 0.000000e+00 0.000000e+00 0.000000e+00 0.000000e+00 0.000000e+00 0.000000e+00 0.000000e+00 7.778715e-21 0.000000e+00 0.000000e+00 3.083655e-16 3.199416e-14 5.452041e-12 0.000000e+00 0.000000e+00 0.000000e+00 6.557738e-01
50019.4 0.000000e+00 0.000000e+00 0.000000e+00 1.351255e-28 0.000000e+00 1.046143e-24 0.000000e+00 0.000000e+00 4.599549e-19 0.000000e+00 7.667522e-16 0.000000e+00 0.000000e+00 0.000000e+00 1.425421e-08 0.000000e+00 4.902023e-01
50058.5 1.832492e-33 0.000000e+00 0.000000e+00 0.000000e+00 4.203474e-26 1.542956e-24 6.591257e-23 1.022366e-21 2.037833e-19 0.000000e+00 8.428316e-16 5.461901e-14 1.076675e-14 0.000000e+00 1.548658e-08 8.007689e-05 3.345214e-01
50097.6 0.000000e+00 0.000000e+00 0.000000e+00 2.536620e-28 8.650104e-27 0.000000e+00 5.451698e-24 0.000000e+00 1.092361e-19 0.000000e+00 0.000000e+00 3.748015e-15 0.000000e+00 1.309997e-10 3.031834e-08 0.000000e+00 2.084465e-01
50139.5 9.189498e-34 0.000000e+00 3.053592e-31 9.373717e-29 0.000000e+00 0.000000e+00 1.639873e-23 0.000000e+00 0.000000e+00 2.343910e-18 0.000000e+00 0.000000e+00 0.000000e+00 0.000000e+00 0.000000e+00 0.000000e+00 1.105628e-01
50178.6 0.000000e+00 0.000000e+00 5.633166e-30 0.000000e+00 0.000000e+00 2.816363e-25 0.000000e+00 2.319358e-21 1.256965e-20 0.000000e+00 4.884577e-16 2.967907e-14 0.000000e+00 0.000000e+00 0.000000e+00 0.000000e+00 5.354712e-02
50217.7 0.000000e+00 0.000000e+00 0.000000e+00 0.000000e+00 0.000000e+00 0.000000e+00 0.000000e+00 6.489965e-22 0.000000e+00 0.000000e+00 0.000000e+00 1.503284e-13 0.000000e+00 0.000000e+00 0.000000e+00 0.000000e+00 2.079993e-02
50259.6 0.000000e+00 3.893325e-32 8.924881e-30 0.000000e+00 0.000000e+00 0.000000e+00 2.798855e-23 0.000000e+00 0.000000e+00 1.659458e-17 1.209078e-16 1.235248e-14 0.000000e+00 2.707155e-10 7.000845e-09 0.000000e+00 7.902900e-03
50298.7 4.592084e-33 5.227675e-32 6.144962e-30 3.262107e-28 8.964312e-27 4.353101e-25 6.399463e-23 6.792725e-21 7.860927e-19 4.607290e-17 1.647150e-15 5.171319e-14 3.211391e-12 2.098455e-10 5.447923e-08 0.000000e+00 2.518760e-03
50337.7 5.673179e-33 1.415397e-31 1.025662e-29 4.162071e-28 2.415351e-26 0.000000e+00 1.098658e-23 1.637587e-21 3.934334e-19 4.330297e-17 3.265478e-15 0.000000e+00 0.000000e+00 6.197159e-10 3.618996e-08 0.000000e+00 6.170855e-04
50379.6 7.618100e-04 9.103745e-04 1.289680e-03 0.000000e+00 4.398717e-04 1.556294e-03 0.000000e+00 0.000000e+00 1.768227e-03 1.218094e-03 2.532980e-03 0.000000e+00 0.000000e+00 0.000000e+00 0.000000e+00 0.000000e+00 0.000000e+00
50418.7 0.000000e+00 0.000000e+00 0.000000e+00 3.127124e-04 0.000000e+00 5.998510e-04 0.000000e+00 0.000000e+00 2.479322e-03 0.000000e+00 0.000000e+00 0.000000e+00 0.000000e+00 0.000000e+00 0.000000e+00 0.000000e+00 0.000000e+00
50457.7 0.000000e+00 0.000000e+00 0.000000e+00 0.000000e+00 0.000000e+00 0.000000e+00 0.000000e+00 0.000000e+00 0.000000e+00 0.000000e+00 0.000000e+00 0.000000e+00 0.000000e+00 0.000000e+00 0.000000e+00 0.000000e+00 0.000000e+00
50499.5 0.000000e+00 5.854733e-04 0.000000e+00 0.000000e+00 7.802633e-04 0.000000e+00 0.000000e+00 0.000000e+00 1.564992e-03 0.000000e+00 0.000000e+00 1.001379e-04 0.000000e+00 0.000000e+00 0.000000e+00 0.000000e+00 0.000000e+00
50538.6 0.000000e+00 0.000000e+00 0.000000e+00 8.873807e-04 2.749678e-03 4.006613e-05 0.000000e+00 0.000000e+00 2.169603e-03 7.485848e-05 1.811958e-03 2.452749e-03 1.736905e-03 0.000000e+00 0.000000e+00 0.000000e+00 0.000000e+00
50580.4 0.000000e+00 3.386518e-04 2.817658e-04 4.525781e-04 5.803041e-04 0.000000e+00 1.275843e-05 9.143675e-04 1.544014e-03 1.387709e-04 2.162913e-03 5.205004e-04 4.393759e-03 0.000000e+00 1.175253e-03 0.000000e+00 9.066674e-05
50619.4 5.062084e-05 1.098440e-03 1.406093e-03 0.000000e+00 1.186540e-03 1.129412e-03 1.200252e-03 6.065497e-04 9.379029e-04 0.000000e+00 4.453417e-04 1.439716e-03 0.000000e+00 2.126926e-03 3.256864e-04 0.000000e+00 5.923573e-04
50658.5 1.493036e-03 0.000000e+00 2.571036e-04 0.000000e+00 1.330257e-03 1.299017e-03 2.016619e-03 6.112567e-04 2.370897e-03 4.174822e-04 5.016199e-04 1.576152e-03 7.724444e-04 0.000000e+00 2.133690e-03 0.000000e+00 2.873681e-04
50700.3 1.379461e-03 1.644826e-03 1.956773e-03 5.619743e-04 6.600189e-04 1.241044e-03 1.612074e-03 2.870593e-03 2.982373e-03 2.109648e-03 7.002951e-04 2.941823e-03 1.255128e-03 2.364788e-03 4.394583e-03 2.067273e-03 0.000000e+00
50739.3 1.524389e-04 0.000000e+00 1.288196e-03 6.316270e-04 0.000000e+00 0.000000e+00 1.780458e-03 5.419653e-04 3.145885e-03 3.295115e-04 0.000000e+00 1.386429e-03 0.000000e+00 2.281120e-03 1.446445e-03 0.000000e+00 0.000000e+00
50778.3 1.091566e-03 0.000000e+00 0.000000e+00 0.000000e+00 0.000000e+00 4.040646e-04 0.000000e+00 5.391682e-04 1.476622e-03 1.201608e-03 0.000000e+00 1.534133e-03 0.000000e+00 0.000000e+00 0.000000e+00 0.000000e+00 0.000000e+00
50820.1 0.000000e+00 4.035746e-04 0.000000e+00 1.440487e-03 1.462141e-03 2.751974e-03 6.767631e-04 6.076879e-04 0.000000e+00 3.741217e-03 1.728953e-03 0.000000e+00 1.220881e-03 2.798204e-05 0.000000e+00 0.000000e+00 0.000000e+00
50859.1 0.000000e+00 1.245598e-03 9.190144e-04 0.000000e+00 0.000000e+00 0.000000e+00 2.122200e-03 7.566681e-04 0.000000e+00 5.023856e-04 0.000000e+00 0.000000e+00 0.000000e+00 2.828178e-04 1.171776e-03 1.632435e-03 0.000000e+00
50898.1 0.000000e+00 1.263495e-03 0.000000e+00 0.000000e+00 0.000000e+00 4.583627e-04 9.851158e-04 0.000000e+00 5.191355e-04 0.000000e+00 0.000000e+00 0.000000e+00 1.681589e-03 5.866150e-04 0.000000e+00 0.000000e+00 0.000000e+00
50939.9 0.000000e+00 0.000000e+00 0.000000e+00 0.000000e+00 0.000000e+00 0.000000e+00 0.000000e+00 0.000000e+00 0.000000e+00 0.000000e+00 0.000000e+00 0.000000e+00 0.000000e+00 0.000000e+00 0.000000e+00 0.000000e+00 0.000000e+00
50978.8 0.000000e+00 0.000000e+00 0.000000e+00 0.000000e+00 0.000000e+00 0.000000e+00 0.000000e+00 0.000000e+00 0.000000e+00 0.000000e+00 0.000000e+00 0.000000e+00 0.000000e+00 0.000000e+00 0.000000e+00 0.000000e+00 0.000000e+00
