# from M Ashby, priv. comm.
# Mar 26, 2025

# Based on monochromometer scans of individual pixels, rebinned.
# No units given, assumed to be detector signal/photon

# wave ch01 ch02 ch03 ch04 ch05 ch06 ch07 ch08 ch09 ch10 ch11 ch12 ch13 ch14 ch15 ch16 ch17
36889.3 1.468703e-04 1.164252e-04 2.864407e-05 6.317603e-05 1.597742e-05 0.000000e+00 0.000000e+00 0.000000e+00 0.000000e+00 0.000000e+00 0.000000e+00 0.000000e+00 1.148985e-04 0.000000e+00 0.000000e+00 0.000000e+00 0.000000e+00
36918.4 1.373094e-04 1.461881e-04 1.085025e-04 1.091933e-04 1.225770e-04 6.127420e-05 3.372585e-06 2.601721e-05 3.011750e-05 0.000000e+00 8.359263e-05 1.297129e-04 9.544194e-05 7.707236e-05 1.681031e-05 1.409914e-04 7.911547e-05
36950.3 1.739130e-04 1.247476e-04 8.441375e-05 7.934626e-05 7.286291e-05 0.000000e+00 0.000000e+00 3.273181e-05 1.758573e-05 0.000000e+00 0.000000e+00 0.000000e+00 0.000000e+00 2.642607e-05 0.000000e+00 0.000000e+00 0.000000e+00
36979.3 1.881293e-04 1.282595e-04 1.165665e-04 7.480207e-05 8.535034e-05 2.194059e-05 0.000000e+00 1.255851e-05 1.006299e-04 3.998628e-05 1.056692e-04 0.000000e+00 1.100823e-04 9.096921e-05 0.000000e+00 0.000000e+00 1.138297e-04
37008.3 1.507903e-04 1.398725e-04 8.786343e-05 1.191079e-04 1.361541e-04 0.000000e+00 0.000000e+00 0.000000e+00 6.301984e-05 0.000000e+00 0.000000e+00 0.000000e+00 5.729462e-05 9.463092e-05 0.000000e+00 2.394028e-05 5.148247e-05
37040.2 1.515625e-04 4.131692e-07 1.801495e-05 3.226669e-05 2.993741e-05 3.698599e-05 2.544903e-05 0.000000e+00 0.000000e+00 0.000000e+00 0.000000e+00 0.000000e+00 0.000000e+00 0.000000e+00 0.000000e+00 0.000000e+00 0.000000e+00
37069.2 2.210630e-04 1.322141e-04 1.219326e-04 1.406043e-04 1.093827e-04 4.801535e-05 1.217371e-04 0.000000e+00 4.533834e-05 5.105759e-05 0.000000e+00 0.000000e+00 0.000000e+00 9.651325e-05 0.000000e+00 0.000000e+00 1.824043e-05
37098.2 2.224015e-04 2.195699e-05 9.412148e-05 1.001492e-04 9.732235e-05 8.125106e-05 5.449156e-07 3.082811e-05 9.159022e-05 1.186338e-04 1.329916e-07 0.000000e+00 0.000000e+00 0.000000e+00 0.000000e+00 0.000000e+00 0.000000e+00
37130.2 2.287043e-04 3.231573e-05 1.447830e-04 1.330946e-04 7.108110e-05 9.843736e-05 9.226746e-05 4.588061e-05 1.086234e-04 0.000000e+00 2.925816e-05 0.000000e+00 1.944188e-06 0.000000e+00 7.649247e-05 4.280097e-05 7.072399e-05
37159.2 1.987051e-04 1.135625e-04 7.201558e-05 1.277979e-04 5.695912e-05 5.465954e-05 0.000000e+00 0.000000e+00 3.823626e-05 0.000000e+00 2.167764e-05 0.000000e+00 0.000000e+00 0.000000e+00 0.000000e+00 0.000000e+00 0.000000e+00
37188.2 1.653964e-04 7.708557e-05 9.177010e-05 0.000000e+00 1.395631e-04 2.012451e-05 3.353440e-05 0.000000e+00 5.960142e-05 0.000000e+00 0.000000e+00 1.163161e-04 0.000000e+00 0.000000e+00 3.395314e-05 0.000000e+00 3.168152e-05
37220.1 2.316094e-04 1.467636e-04 1.068956e-04 3.943707e-05 4.834457e-05 7.987793e-06 3.569933e-05 0.000000e+00 3.020591e-06 3.972128e-05 0.000000e+00 3.746673e-05 0.000000e+00 0.000000e+00 0.000000e+00 0.000000e+00 0.000000e+00
37249.1 2.153117e-04 1.010641e-04 1.088710e-04 6.780874e-05 1.101779e-04 4.968377e-05 7.348996e-05 0.000000e+00 5.133532e-05 0.000000e+00 0.000000e+00 0.000000e+00 0.000000e+00 0.000000e+00 0.000000e+00 0.000000e+00 0.000000e+00
37278.1 2.011763e-04 5.822734e-05 6.589757e-05 5.450076e-05 1.443122e-05 0.000000e+00 0.000000e+00 0.000000e+00 0.000000e+00 0.000000e+00 0.000000e+00 0.000000e+00 0.000000e+00 0.000000e+00 0.000000e+00 0.000000e+00 0.000000e+00
37310.0 3.435162e-04 1.950306e-04 1.530534e-04 1.250095e-04 1.232249e-04 1.121687e-04 1.320758e-04 0.000000e+00 5.257302e-05 7.471663e-05 1.043984e-05 0.000000e+00 0.000000e+00 0.000000e+00 0.000000e+00 0.000000e+00 0.000000e+00
37339.0 3.979840e-04 1.871214e-04 1.938008e-04 2.138277e-04 1.275396e-04 2.905726e-05 2.279956e-04 6.203990e-05 6.926731e-05 1.607180e-04 1.076456e-04 0.000000e+00 1.545482e-04 1.838060e-04 1.267683e-04 1.100428e-04 2.833376e-04
37367.9 4.512015e-04 1.634232e-04 1.002763e-04 1.350568e-04 9.874338e-05 0.000000e+00 1.814716e-04 1.364908e-04 2.124728e-05 1.647447e-04 2.087969e-05 0.000000e+00 4.542330e-05 8.529283e-06 1.103939e-05 4.935290e-05 3.115153e-05
37399.8 3.349996e-04 1.122345e-04 8.793714e-05 7.155622e-05 5.997790e-05 0.000000e+00 4.226777e-05 3.367628e-05 3.626183e-05 9.950930e-05 7.154950e-05 0.000000e+00 0.000000e+00 5.838147e-06 3.817973e-05 0.000000e+00 0.000000e+00
37428.8 4.002197e-04 1.820896e-04 1.825820e-04 1.424928e-04 7.930542e-05 3.232029e-05 4.755493e-05 5.901465e-05 1.629204e-04 2.400502e-04 5.625546e-05 6.698373e-05 8.993341e-05 7.395476e-05 7.566489e-05 0.000000e+00 1.775461e-05
37457.8 4.324179e-04 2.253395e-04 1.736187e-04 1.021705e-04 1.228200e-04 6.629425e-05 8.113351e-05 1.454189e-04 9.876597e-05 1.559332e-04 1.756819e-04 3.123945e-05 1.272854e-04 8.171935e-05 1.042609e-04 1.885186e-04 1.314077e-04
37489.7 4.498777e-04 1.264298e-04 6.523417e-05 4.616483e-05 2.182353e-05 1.359844e-05 0.000000e+00 0.000000e+00 0.000000e+00 0.000000e+00 0.000000e+00 0.000000e+00 0.000000e+00 0.000000e+00 0.000000e+00 0.000000e+00 0.000000e+00
37518.7 5.492376e-04 1.554992e-04 8.702312e-05 6.279243e-05 1.669898e-05 7.376527e-05 0.000000e+00 0.000000e+00 0.000000e+00 0.000000e+00 0.000000e+00 0.000000e+00 0.000000e+00 0.000000e+00 0.000000e+00 0.000000e+00 0.000000e+00
37547.6 5.272033e-04 2.317584e-04 1.026351e-04 1.762496e-04 1.109142e-04 0.000000e+00 5.253280e-05 2.709450e-05 4.906619e-05 0.000000e+00 0.000000e+00 0.000000e+00 0.000000e+00 0.000000e+00 0.000000e+00 0.000000e+00 7.748135e-05
37579.5 6.566433e-04 2.554418e-04 1.161832e-04 8.468716e-05 6.972633e-05 7.411963e-05 0.000000e+00 0.000000e+00 3.511253e-05 0.000000e+00 9.545843e-06 4.210406e-06 0.000000e+00 0.000000e+00 2.199011e-05 0.000000e+00 6.080144e-06
37608.4 7.079487e-04 2.164121e-04 9.477014e-05 9.815743e-05 0.000000e+00 4.016044e-05 0.000000e+00 0.000000e+00 0.000000e+00 0.000000e+00 0.000000e+00 0.000000e+00 0.000000e+00 0.000000e+00 0.000000e+00 0.000000e+00 0.000000e+00
37640.3 9.133024e-04 2.484770e-04 1.133822e-04 7.117262e-05 2.030678e-05 0.000000e+00 0.000000e+00 1.279905e-04 0.000000e+00 0.000000e+00 2.153726e-05 0.000000e+00 0.000000e+00 1.529389e-05 0.000000e+00 0.000000e+00 0.000000e+00
37669.3 1.190113e-03 3.325274e-04 1.584343e-04 9.886562e-05 0.000000e+00 0.000000e+00 8.079478e-05 8.740780e-05 0.000000e+00 2.635325e-05 0.000000e+00 0.000000e+00 5.998997e-05 5.758736e-05 0.000000e+00 0.000000e+00 0.000000e+00
37698.3 1.507829e-03 4.247674e-04 2.131720e-04 1.300110e-04 1.414554e-04 8.563623e-07 9.399057e-05 2.141439e-04 7.233211e-05 1.975316e-04 7.038213e-05 0.000000e+00 8.441015e-05 1.055572e-04 1.259111e-05 2.399917e-05 0.000000e+00
37730.1 1.982345e-03 5.249462e-04 2.488186e-04 1.333011e-04 1.052153e-04 5.743533e-06 2.001460e-05 7.327025e-05 0.000000e+00 6.960792e-05 4.970193e-05 0.000000e+00 2.565739e-05 1.707327e-05 0.000000e+00 0.000000e+00 0.000000e+00
37759.1 2.375710e-03 4.492772e-04 2.155013e-04 1.181489e-04 0.000000e+00 0.000000e+00 0.000000e+00 5.740610e-06 0.000000e+00 0.000000e+00 0.000000e+00 0.000000e+00 0.000000e+00 0.000000e+00 0.000000e+00 0.000000e+00 0.000000e+00
37788.0 3.553790e-03 6.376233e-04 2.744331e-04 1.192702e-04 2.065873e-04 1.493761e-04 0.000000e+00 0.000000e+00 7.004825e-05 3.617315e-05 8.674010e-06 1.285941e-04 1.107009e-04 6.036673e-05 7.377326e-05 1.420368e-04 2.482259e-04
37819.9 5.316837e-03 7.226329e-04 2.768435e-04 1.164817e-04 1.162891e-04 6.624996e-05 6.812918e-05 2.951470e-07 5.188050e-05 0.000000e+00 3.580430e-05 5.449973e-05 0.000000e+00 0.000000e+00 0.000000e+00 1.182291e-05 0.000000e+00
37848.9 7.246303e-03 8.271057e-04 3.139643e-04 1.761758e-04 2.366719e-04 1.776509e-04 5.449156e-05 3.709998e-05 7.271521e-05 1.958680e-04 2.058710e-04 1.827846e-04 1.975560e-04 8.182229e-05 2.400882e-04 2.396531e-04 3.930894e-04
37877.8 1.309889e-02 7.922224e-04 2.549956e-04 1.788168e-04 2.118738e-04 0.000000e+00 4.334288e-05 3.999242e-06 9.687257e-05 1.613879e-04 0.000000e+00 0.000000e+00 0.000000e+00 0.000000e+00 0.000000e+00 0.000000e+00 1.629714e-05
37909.7 2.406659e-02 9.346329e-04 3.695424e-04 1.899412e-04 2.487176e-04 1.062923e-04 5.858579e-05 0.000000e+00 2.690536e-05 9.640286e-05 0.000000e+00 0.000000e+00 1.422792e-05 0.000000e+00 1.117239e-05 1.838366e-04 0.000000e+00
37938.6 3.733384e-02 2.672403e-06 2.459477e-08 6.447518e-10 1.091995e-11 4.141910e-13 3.730998e-15 2.861462e-17 4.850400e-20 0.000000e+00 2.357142e-22 7.270354e-25 7.487923e-27 4.157820e-28 0.000000e+00 1.491645e-32 0.000000e+00
37967.6 8.492913e-02 6.891649e-06 7.673759e-08 4.259723e-10 7.787018e-14 1.113368e-13 1.460393e-15 6.984648e-17 0.000000e+00 3.039388e-21 0.000000e+00 0.000000e+00 0.000000e+00 0.000000e+00 0.000000e+00 0.000000e+00 0.000000e+00
37999.4 1.432685e-01 3.869497e-05 9.058927e-08 1.769664e-09 3.148006e-11 2.074214e-13 1.352850e-15 2.111866e-17 3.415982e-19 1.941028e-20 2.890462e-22 6.097744e-25 4.678929e-27 3.212186e-28 4.894664e-31 0.000000e+00 2.963744e-35
38028.3 1.946989e-01 9.461893e-05 4.518997e-08 1.593472e-09 1.687558e-11 4.740333e-13 5.881754e-15 1.914913e-17 0.000000e+00 7.089144e-21 0.000000e+00 0.000000e+00 0.000000e+00 0.000000e+00 0.000000e+00 0.000000e+00 0.000000e+00
38060.2 3.121314e-01 3.726849e-04 6.989546e-08 8.085448e-10 1.101455e-11 2.297089e-13 2.598471e-15 1.521774e-16 4.295575e-19 1.223167e-21 1.737229e-23 2.283316e-24 0.000000e+00 1.107297e-28 0.000000e+00 0.000000e+00 0.000000e+00
38089.1 4.332999e-01 9.820561e-04 2.275798e-07 3.256234e-09 4.534001e-11 2.155583e-13 4.311251e-15 8.854394e-17 2.702767e-18 2.870582e-20 1.313131e-22 0.000000e+00 9.400836e-26 7.484700e-28 3.501385e-30 1.362964e-31 1.213161e-33
38118.1 5.452396e-01 1.943204e-03 1.237547e-07 5.083536e-09 8.309218e-11 1.260642e-12 3.380440e-15 9.757565e-17 1.249692e-18 5.852221e-20 1.028633e-22 1.563585e-24 0.000000e+00 1.408742e-27 1.187005e-29 0.000000e+00 1.107793e-33
38149.9 6.568589e-01 3.654579e-03 1.567892e-07 2.276949e-09 3.724591e-11 1.675061e-12 3.135409e-14 1.085454e-16 1.672817e-18 3.835631e-20 7.574186e-22 1.042731e-23 2.678423e-26 1.512407e-27 3.542202e-29 8.411837e-32 2.212073e-33
38178.8 8.031300e-01 7.473791e-03 7.031309e-07 1.209252e-09 6.205270e-11 9.501820e-13 1.148216e-14 7.107248e-16 6.968873e-18 1.503602e-20 2.848716e-22 1.610966e-23 1.325299e-25 1.627704e-27 1.839608e-29 0.000000e+00 5.552958e-34
38207.8 8.974305e-01 1.200385e-02 1.754986e-06 1.549832e-08 2.130046e-10 9.606830e-13 2.086354e-14 3.748374e-17 1.212315e-17 1.842734e-19 9.898729e-22 2.754229e-24 2.012539e-25 3.414753e-27 1.751794e-29 6.904118e-31 3.729358e-33
38239.6 9.621984e-01 1.985042e-02 2.928237e-06 2.338578e-08 4.019855e-10 0.000000e+00 0.000000e+00 2.054395e-16 0.000000e+00 0.000000e+00 0.000000e+00 0.000000e+00 0.000000e+00 0.000000e+00 0.000000e+00 0.000000e+00 0.000000e+00
38268.5 1.000000e+00 3.813976e-02 5.130921e-06 1.082382e-08 8.290344e-11 4.358060e-12 2.155448e-14 1.050628e-15 0.000000e+00 0.000000e+00 0.000000e+00 2.045346e-23 0.000000e+00 0.000000e+00 0.000000e+00 0.000000e+00 0.000000e+00
38300.3 9.798537e-01 7.530155e-02 1.157213e-05 1.518322e-08 1.538893e-10 3.412469e-12 7.256007e-14 3.226125e-15 1.079815e-17 0.000000e+00 0.000000e+00 5.766673e-23 1.257937e-24 0.000000e+00 0.000000e+00 0.000000e+00 6.664292e-33
38329.2 9.550508e-01 9.051975e-02 5.345877e-04 2.537438e-04 6.396643e-05 0.000000e+00 3.775088e-05 5.106598e-05 0.000000e+00 7.834498e-05 1.175922e-05 0.000000e+00 0.000000e+00 0.000000e+00 0.000000e+00 0.000000e+00 9.912646e-05
38358.1 8.415860e-01 1.959831e-01 8.930010e-04 3.008581e-04 4.847880e-05 3.400022e-06 0.000000e+00 2.164680e-05 0.000000e+00 0.000000e+00 0.000000e+00 0.000000e+00 0.000000e+00 0.000000e+00 0.000000e+00 0.000000e+00 0.000000e+00
38389.9 7.297281e-01 2.984942e-01 1.470601e-03 2.728760e-04 3.485465e-05 3.436010e-05 1.352503e-04 0.000000e+00 5.210559e-05 0.000000e+00 0.000000e+00 0.000000e+00 0.000000e+00 6.289111e-06 0.000000e+00 0.000000e+00 0.000000e+00
38418.8 6.401497e-01 3.854258e-01 1.912345e-03 3.336588e-04 1.136519e-04 0.000000e+00 1.315535e-04 0.000000e+00 0.000000e+00 2.296605e-05 0.000000e+00 2.567254e-05 0.000000e+00 0.000000e+00 4.019719e-06 2.393376e-05 0.000000e+00
38447.8 4.741076e-01 5.492668e-01 2.978687e-03 3.638365e-04 7.107567e-05 1.315193e-04 1.717022e-04 1.034031e-04 1.675686e-04 4.820490e-05 8.707999e-05 7.458820e-05 3.998377e-06 9.481911e-05 1.274168e-04 8.890303e-05 1.171954e-04
38479.6 3.465580e-01 6.795264e-01 3.266625e-03 4.112965e-04 1.658221e-04 4.872460e-05 9.004241e-06 0.000000e+00 1.517114e-04 0.000000e+00 0.000000e+00 5.260528e-05 4.966867e-05 2.076717e-05 0.000000e+00 6.228339e-05 0.000000e+00
38508.5 2.572230e-01 7.744353e-01 3.090148e-03 4.795552e-04 5.524056e-05 5.527050e-06 3.883504e-05 7.449878e-06 1.290988e-05 0.000000e+00 0.000000e+00 0.000000e+00 0.000000e+00 0.000000e+00 0.000000e+00 2.419836e-06 0.000000e+00
38540.3 1.527338e-01 8.857814e-01 3.415876e-03 3.856573e-04 1.051956e-04 0.000000e+00 8.656168e-06 0.000000e+00 0.000000e+00 0.000000e+00 0.000000e+00 0.000000e+00 0.000000e+00 0.000000e+00 0.000000e+00 0.000000e+00 0.000000e+00
38569.2 8.026509e-02 9.650182e-01 9.596356e-03 5.907705e-04 2.429433e-04 8.105564e-05 1.508662e-04 1.795668e-04 1.354696e-05 0.000000e+00 3.943696e-05 0.000000e+00 0.000000e+00 9.091998e-05 7.450947e-05 1.842207e-04 0.000000e+00
38598.1 4.120717e-02 9.992249e-01 1.923477e-02 6.169608e-04 2.541681e-04 1.044803e-04 8.858440e-05 8.031037e-05 0.000000e+00 0.000000e+00 5.306807e-06 0.000000e+00 6.282891e-06 5.325818e-07 4.984769e-06 4.099018e-05 0.000000e+00
38629.9 1.905962e-02 1.000000e+00 4.199616e-02 5.864950e-04 1.831736e-04 4.098212e-05 8.904686e-06 0.000000e+00 0.000000e+00 0.000000e+00 0.000000e+00 0.000000e+00 0.000000e+00 0.000000e+00 0.000000e+00 0.000000e+00 0.000000e+00
38658.8 6.927564e-03 9.612902e-01 9.108607e-02 5.406345e-04 2.911043e-04 6.248655e-05 4.652831e-05 3.079659e-06 0.000000e+00 0.000000e+00 0.000000e+00 0.000000e+00 0.000000e+00 0.000000e+00 0.000000e+00 0.000000e+00 0.000000e+00
38687.7 3.112435e-03 8.887739e-01 1.625233e-01 6.297302e-04 2.894736e-04 6.340843e-05 6.847734e-05 6.629862e-05 0.000000e+00 1.027676e-05 0.000000e+00 0.000000e+00 6.672116e-06 0.000000e+00 3.272583e-05 1.271316e-05 2.743564e-07
38719.5 2.651186e-03 8.069172e-01 2.397599e-01 9.109300e-04 3.519704e-04 1.708207e-04 1.578498e-04 6.039189e-05 8.623986e-05 6.166247e-05 1.267524e-04 1.151923e-04 1.002676e-04 1.204368e-04 9.572944e-05 1.713921e-04 2.365486e-04
38748.3 2.831591e-03 6.435757e-01 3.961178e-01 1.626257e-03 3.625894e-04 7.113086e-05 7.052414e-05 1.900407e-05 1.217536e-06 6.165416e-06 0.000000e+00 0.000000e+00 0.000000e+00 5.389482e-06 1.013403e-04 4.917398e-05 6.391019e-06
38780.1 2.264915e-03 5.104254e-01 5.280699e-01 2.288407e-03 3.982416e-04 2.129968e-06 9.126316e-06 1.140869e-05 4.786445e-05 1.959361e-05 3.074739e-06 0.000000e+00 0.000000e+00 0.000000e+00 0.000000e+00 0.000000e+00 0.000000e+00
38809.0 1.794931e-03 4.170651e-01 6.208163e-01 3.062217e-03 4.292164e-04 1.405775e-04 1.053946e-05 6.263401e-06 1.009531e-04 5.219888e-05 0.000000e+00 0.000000e+00 0.000000e+00 2.141077e-05 0.000000e+00 0.000000e+00 0.000000e+00
38837.9 1.181689e-03 2.730135e-01 7.697788e-01 3.455535e-03 5.330743e-04 1.623638e-04 8.469344e-05 1.030177e-04 1.306708e-04 1.325198e-04 7.167017e-05 1.782680e-05 2.526143e-05 0.000000e+00 1.606972e-05 2.743030e-05 1.278971e-04
38869.7 6.182144e-04 1.689627e-01 8.786251e-01 3.551882e-03 6.285171e-04 8.734284e-05 1.429592e-04 1.518520e-04 7.818595e-05 6.078211e-05 4.034485e-05 0.000000e+00 3.820350e-06 0.000000e+00 0.000000e+00 3.022997e-06 1.293628e-04
38898.6 4.676662e-04 1.018272e-01 9.469386e-01 5.292452e-03 6.707671e-04 2.035834e-04 2.405288e-04 1.424153e-04 1.212604e-04 1.461431e-04 3.221708e-05 1.805544e-05 2.215689e-05 4.622451e-05 1.004835e-04 2.533327e-04 1.036741e-04
38930.3 3.812638e-04 5.853994e-02 9.894785e-01 1.161465e-02 7.064886e-04 1.267627e-04 1.609918e-04 9.373597e-05 1.075321e-04 2.147612e-04 7.608503e-05 5.598401e-06 7.544544e-06 0.000000e+00 0.000000e+00 1.328925e-04 2.250685e-04
38959.2 4.266807e-04 2.244911e-02 1.000000e+00 3.744184e-02 7.300106e-04 2.392339e-04 1.911371e-04 7.250730e-05 6.400885e-05 2.042937e-04 1.477127e-05 2.908372e-06 2.744843e-05 0.000000e+00 1.598518e-04 2.260243e-04 1.696870e-05
38988.0 4.137302e-04 8.675218e-03 9.742989e-01 7.306547e-02 6.321582e-04 3.169218e-04 8.794576e-05 1.456153e-04 7.213999e-05 1.275102e-04 6.352065e-05 5.699881e-05 9.622874e-05 0.000000e+00 1.500098e-05 1.074355e-04 1.325674e-04
39019.8 3.512325e-04 3.661101e-03 9.222758e-01 1.230644e-01 6.629166e-04 2.790693e-04 7.444296e-05 1.318055e-04 2.801202e-05 7.729947e-05 3.337537e-05 6.458534e-05 8.773687e-05 1.289426e-05 0.000000e+00 6.186359e-05 1.845145e-04
39048.7 3.407569e-04 2.665027e-03 8.172355e-01 2.189780e-01 1.047500e-03 4.063568e-04 1.989996e-04 1.524079e-04 1.552148e-04 1.880063e-04 7.520701e-05 5.794810e-05 1.505712e-04 2.729557e-06 1.612724e-04 2.879817e-04 1.635455e-04
39080.4 2.599832e-04 2.815667e-03 6.825274e-01 3.422833e-01 1.789062e-03 4.006843e-04 2.558940e-04 9.808917e-05 1.249752e-04 1.252116e-04 1.100791e-04 8.372505e-05 1.894486e-04 3.877827e-05 9.423537e-05 1.957529e-04 1.875731e-04
39109.3 2.726293e-04 2.748880e-03 5.980532e-01 4.245977e-01 2.215869e-03 4.156351e-04 1.123052e-04 1.592995e-04 5.652524e-05 1.224499e-04 1.228736e-04 1.142080e-04 1.254256e-04 0.000000e+00 8.800169e-05 1.186437e-05 3.517692e-05
39138.2 1.439538e-04 1.710579e-03 4.168518e-01 6.047420e-01 3.399435e-03 3.855437e-04 1.063396e-04 1.441902e-06 1.091587e-04 7.850189e-05 7.798055e-05 0.000000e+00 8.685168e-05 1.682314e-05 6.902743e-05 3.082230e-06 5.742638e-06
39169.9 2.144280e-04 1.086198e-03 3.000764e-01 7.251886e-01 3.822721e-03 5.547271e-04 1.295211e-04 7.554095e-05 4.134202e-05 1.803869e-04 2.246014e-04 4.833112e-05 1.260017e-04 0.000000e+00 5.534924e-05 1.211371e-04 1.419427e-04
39198.8 9.704988e-05 6.279306e-04 2.214786e-01 8.094999e-01 3.947608e-03 4.250588e-04 7.039070e-05 0.000000e+00 1.049348e-06 3.469201e-05 0.000000e+00 0.000000e+00 0.000000e+00 3.379313e-06 0.000000e+00 0.000000e+00 0.000000e+00
39227.6 2.128476e-04 3.844624e-04 1.228983e-01 9.180734e-01 5.638221e-03 5.868503e-04 2.099871e-04 5.448602e-05 1.378894e-04 1.247499e-04 1.591433e-04 1.376536e-04 1.664091e-04 7.067642e-05 1.146020e-04 1.096369e-04 2.409833e-04
39259.4 1.343966e-04 3.190413e-04 6.486098e-02 9.787578e-01 1.370359e-02 5.136063e-04 7.517519e-05 1.072763e-05 2.005644e-05 1.635242e-05 0.000000e+00 0.000000e+00 0.000000e+00 0.000000e+00 0.000000e+00 0.000000e+00 0.000000e+00
39288.2 1.662382e-04 3.585862e-04 3.635463e-02 1.000000e+00 2.144598e-02 6.275998e-04 1.047877e-04 1.193507e-04 1.410028e-05 0.000000e+00 0.000000e+00 4.718466e-06 0.000000e+00 0.000000e+00 8.855334e-05 0.000000e+00 0.000000e+00
39320.0 1.488250e-04 2.898587e-04 1.074546e-02 9.929673e-01 5.179520e-02 6.772785e-04 1.974312e-04 1.605356e-04 1.155007e-04 4.048200e-05 0.000000e+00 0.000000e+00 8.293414e-06 0.000000e+00 1.764652e-05 2.523098e-05 0.000000e+00
39348.8 1.385353e-04 2.388974e-04 3.681308e-03 9.446070e-01 1.053054e-01 5.015113e-04 2.644837e-04 5.486493e-05 5.269786e-05 4.127746e-05 0.000000e+00 0.000000e+00 0.000000e+00 0.000000e+00 6.100085e-06 0.000000e+00 0.000000e+00
39377.7 9.167006e-05 2.460522e-04 2.650434e-03 8.719527e-01 1.740267e-01 6.557468e-04 2.323662e-04 6.022201e-05 3.994564e-05 0.000000e+00 0.000000e+00 2.454909e-05 0.000000e+00 0.000000e+00 0.000000e+00 0.000000e+00 0.000000e+00
39409.4 4.746117e-05 2.424936e-04 2.603793e-03 7.864075e-01 2.540253e-01 9.458511e-04 3.635163e-04 8.177206e-05 1.331128e-04 5.545692e-05 0.000000e+00 9.411180e-06 0.000000e+00 0.000000e+00 4.259071e-05 0.000000e+00 0.000000e+00
39438.2 0.000000e+00 0.000000e+00 2.082845e-03 6.511180e-01 3.814553e-01 1.225570e-03 0.000000e+00 0.000000e+00 0.000000e+00 2.500619e-05 0.000000e+00 5.031131e-05 7.300826e-06 0.000000e+00 5.642702e-04 2.823994e-04 7.440013e-04
39470.0 7.248192e-05 2.313830e-04 2.064725e-03 5.041984e-01 5.265514e-01 2.547705e-03 4.153734e-04 8.953497e-05 1.680943e-04 1.598162e-04 0.000000e+00 1.668024e-04 6.109145e-05 8.548630e-05 1.289813e-04 7.629293e-05 1.297921e-04
39498.8 6.936269e-05 1.786932e-04 1.548546e-03 4.146036e-01 6.174630e-01 3.173012e-03 4.791752e-04 1.158527e-04 1.271172e-04 1.568732e-04 5.682029e-05 1.966884e-04 1.243610e-04 1.163869e-04 7.587638e-06 6.980683e-06 3.492000e-06
39527.6 1.263577e-04 2.002177e-04 8.075909e-04 2.584142e-01 7.784197e-01 3.824452e-03 5.817266e-04 1.983736e-04 2.743421e-04 1.894810e-04 1.506810e-04 1.126827e-04 1.632580e-04 1.243928e-04 1.829865e-04 9.437985e-05 9.511959e-05
39559.3 1.006206e-04 1.844109e-04 4.845137e-04 1.651533e-01 8.747820e-01 4.097114e-03 6.348640e-04 2.459958e-04 1.578577e-04 2.469572e-04 8.247281e-05 1.040580e-04 1.215915e-04 1.769009e-05 6.999571e-05 1.166014e-05 2.177137e-04
39588.2 0.000000e+00 1.524786e-04 3.522240e-04 1.115528e-01 9.311405e-01 4.968552e-03 4.512636e-04 1.037943e-04 2.989328e-05 5.410287e-05 0.000000e+00 8.181955e-05 0.000000e+00 0.000000e+00 1.323528e-05 2.353773e-07 7.220139e-06
39619.8 1.377272e-04 1.996027e-04 4.088157e-04 5.162337e-02 9.907989e-01 1.332290e-02 7.970922e-04 3.181548e-04 2.718825e-04 2.383479e-04 2.717399e-04 2.666849e-04 1.638358e-04 1.929651e-04 2.833295e-04 2.777646e-04 4.131555e-04
39648.7 5.458828e-05 1.444103e-04 3.925725e-04 2.219464e-02 1.000000e+00 3.115162e-02 7.556704e-04 1.846820e-04 9.859563e-05 1.585254e-04 7.980235e-05 1.789480e-04 3.705495e-05 1.722851e-05 0.000000e+00 1.240155e-04 2.795616e-04
39680.4 9.066993e-05 1.631173e-04 4.140997e-04 9.471328e-03 9.744880e-01 6.511301e-02 6.894869e-04 1.850468e-04 1.481824e-04 1.365804e-04 1.516363e-04 2.196467e-04 1.720742e-04 2.063109e-04 1.941825e-04 2.938248e-04 2.407415e-04
39709.2 0.000000e+00 1.698321e-04 3.534195e-04 4.459503e-03 9.323394e-01 1.056398e-01 5.988061e-04 3.387934e-04 9.289788e-05 1.005746e-04 1.247695e-04 1.207193e-04 4.774682e-05 1.657726e-04 1.877437e-05 1.363833e-04 4.956470e-05
39738.0 7.690903e-05 4.001756e-05 2.949294e-04 2.859904e-03 8.330337e-01 1.942768e-01 8.942400e-04 2.288521e-04 1.447237e-04 9.200754e-05 0.000000e+00 0.000000e+00 2.521784e-06 2.672829e-06 0.000000e+00 0.000000e+00 2.591206e-05
39769.7 9.675023e-05 6.632486e-05 1.963375e-04 2.830859e-03 7.153889e-01 2.992007e-01 1.361286e-03 3.022487e-04 1.574069e-04 1.921071e-04 5.400601e-05 0.000000e+00 9.610129e-05 9.466481e-06 8.672844e-06 0.000000e+00 2.345568e-05
39798.5 1.014514e-04 7.965196e-05 2.648182e-04 2.791930e-03 6.268387e-01 3.835270e-01 1.790746e-03 4.151252e-04 7.038185e-05 1.523640e-04 1.420885e-04 1.342829e-04 1.194603e-04 5.670433e-05 6.070782e-05 0.000000e+00 1.728101e-05
39830.2 7.110289e-05 4.667190e-05 1.648738e-04 1.914571e-03 4.346503e-01 5.730080e-01 2.977664e-03 3.955114e-04 1.269715e-04 9.541863e-05 1.751862e-04 1.397319e-04 1.541023e-04 1.066479e-04 1.549876e-05 0.000000e+00 3.034723e-05
39859.0 1.328724e-04 7.245450e-05 1.930902e-04 1.279855e-03 3.256939e-01 6.847100e-01 3.758317e-03 4.728038e-04 1.609355e-04 7.729239e-05 1.151298e-04 0.000000e+00 1.082160e-05 2.892564e-06 1.396147e-05 1.184527e-05 1.185521e-05
39887.8 1.051277e-04 1.274910e-04 7.707405e-05 8.064459e-04 2.541886e-01 7.625321e-01 3.836823e-03 5.642419e-04 1.630630e-04 6.723277e-05 1.294775e-04 7.615782e-07 7.379542e-06 8.442658e-05 2.903039e-05 9.690034e-05 6.853171e-05
39919.5 7.516762e-05 1.036473e-04 8.881531e-05 3.778746e-04 1.317909e-01 8.975050e-01 4.548273e-03 5.291524e-04 7.211464e-05 8.342759e-06 3.041971e-05 0.000000e+00 1.065785e-04 6.605346e-05 0.000000e+00 6.108760e-06 0.000000e+00
39948.3 5.994946e-05 8.171062e-05 5.730619e-05 3.012547e-04 7.490935e-02 9.621094e-01 7.768817e-03 6.163809e-04 8.849636e-05 1.074831e-04 1.142993e-04 9.386387e-05 5.000961e-05 1.360718e-05 3.350106e-05 2.477713e-05 0.000000e+00
39980.0 1.971668e-06 1.149161e-04 8.501619e-05 3.660126e-04 3.951277e-02 9.948911e-01 1.748246e-02 6.831324e-04 1.401274e-04 1.221283e-04 8.390208e-05 7.931270e-05 0.000000e+00 6.572644e-05 1.471283e-06 0.000000e+00 0.000000e+00
40008.8 7.025694e-06 8.203314e-05 3.083911e-05 3.052527e-04 1.169583e-02 1.000000e+00 3.495981e-02 6.798068e-04 6.177256e-06 8.345777e-05 7.518872e-05 1.375050e-05 0.000000e+00 3.128106e-05 0.000000e+00 1.806998e-07 0.000000e+00
40037.6 5.780847e-06 4.733532e-07 7.736465e-05 3.161634e-04 4.511139e-03 9.688944e-01 7.402426e-02 6.074838e-04 8.545379e-05 0.000000e+00 0.000000e+00 0.000000e+00 0.000000e+00 0.000000e+00 0.000000e+00 0.000000e+00 0.000000e+00
40069.3 3.400384e-05 1.586082e-05 1.388555e-04 2.878475e-04 3.054016e-03 9.009588e-01 1.377724e-01 6.503367e-04 1.531108e-04 4.030641e-05 1.094921e-05 0.000000e+00 0.000000e+00 0.000000e+00 0.000000e+00 0.000000e+00 0.000000e+00
40098.1 1.541181e-05 7.374523e-06 1.073081e-04 2.602502e-04 2.921447e-03 8.301021e-01 2.009868e-01 7.385111e-04 1.195218e-04 0.000000e+00 2.243922e-06 0.000000e+00 0.000000e+00 0.000000e+00 0.000000e+00 0.000000e+00 0.000000e+00
40129.7 3.261216e-05 2.536918e-06 1.390538e-05 1.303066e-04 2.825193e-03 6.938281e-01 3.245289e-01 1.065495e-03 1.697915e-04 5.897111e-06 0.000000e+00 0.000000e+00 0.000000e+00 0.000000e+00 0.000000e+00 0.000000e+00 0.000000e+00
40158.5 0.000000e+00 9.457353e-07 1.410710e-04 1.640531e-04 2.102870e-03 5.583563e-01 4.551875e-01 1.907768e-03 2.499701e-04 0.000000e+00 0.000000e+00 0.000000e+00 0.000000e+00 0.000000e+00 0.000000e+00 0.000000e+00 0.000000e+00
40190.2 0.000000e+00 2.139961e-05 8.623661e-05 2.073458e-04 1.656500e-03 4.562457e-01 5.560577e-01 2.552675e-03 3.572583e-04 1.461737e-04 1.200978e-04 9.251515e-05 4.598839e-05 8.866384e-05 5.076695e-05 7.178675e-05 2.243416e-05
40219.0 3.161319e-06 3.194785e-06 9.322309e-05 1.824359e-04 7.938068e-04 2.919195e-01 7.231530e-01 3.763455e-03 5.028078e-04 1.117826e-04 1.409606e-04 1.062973e-04 3.327719e-05 8.864116e-05 3.477804e-05 7.035849e-05 7.063497e-05
40247.7 6.555371e-06 0.000000e+00 1.803839e-06 1.703797e-04 4.852579e-04 2.010268e-01 8.210105e-01 3.947576e-03 4.116386e-04 1.276169e-04 1.157564e-04 2.421889e-05 9.943814e-05 2.981320e-06 2.417763e-06 0.000000e+00 1.700747e-05
40279.4 1.752417e-05 1.007049e-04 1.146917e-04 1.670164e-04 3.985435e-04 1.291319e-01 8.988099e-01 4.294290e-03 5.658883e-04 1.774338e-04 3.025806e-04 8.898683e-05 1.749444e-04 1.516272e-04 2.865048e-04 1.801503e-04 1.045347e-04
40308.2 5.247647e-05 2.832658e-05 1.023782e-04 1.557380e-04 4.974698e-04 6.540140e-02 9.714425e-01 7.008668e-03 6.364639e-04 2.268325e-04 8.657180e-05 2.006042e-04 1.050208e-04 1.444107e-04 1.217420e-04 1.048932e-04 1.461179e-04
40339.8 4.494969e-06 4.264834e-05 7.944502e-05 1.565895e-04 4.136795e-04 2.866705e-02 1.000000e+00 1.748639e-02 5.348520e-04 2.088766e-04 1.403486e-04 2.501814e-05 1.090308e-04 1.004901e-04 8.970286e-05 2.498247e-05 8.081725e-05
40368.6 6.696421e-05 4.652807e-05 1.234024e-04 1.027222e-04 4.532302e-04 1.112281e-02 9.935950e-01 4.168652e-02 6.882867e-04 2.106619e-04 1.897594e-04 9.463480e-05 2.874654e-04 1.171549e-04 2.540362e-04 1.330212e-04 3.791482e-04
40400.2 3.831741e-05 7.343815e-05 7.528623e-05 8.848717e-05 2.536853e-04 5.249417e-03 9.635645e-01 7.269767e-02 6.089887e-04 2.828117e-04 2.091417e-04 1.248940e-04 2.378417e-04 1.893239e-04 1.713942e-04 0.000000e+00 1.845824e-05
40429.0 4.217365e-06 3.526503e-05 7.094963e-05 1.503853e-04 3.470445e-04 3.109245e-03 8.812684e-01 1.453047e-01 6.874733e-04 2.515150e-04 9.557688e-05 0.000000e+00 6.465081e-05 4.035974e-05 2.613368e-05 0.000000e+00 7.709901e-06
40457.8 3.979914e-05 5.393901e-05 1.302324e-04 1.257340e-04 2.520248e-04 2.971341e-03 7.879683e-01 2.282722e-01 9.113844e-04 3.874779e-04 2.412900e-04 2.325689e-04 3.060994e-04 2.538755e-04 2.574664e-04 1.885634e-04 2.386768e-04
40489.4 6.240236e-05 3.381059e-05 8.650340e-05 7.889104e-05 2.275272e-04 2.942358e-03 6.953445e-01 3.118201e-01 1.009545e-03 3.301880e-04 1.711996e-04 1.593775e-04 1.179421e-05 2.871911e-04 1.031314e-04 1.172250e-04 2.086226e-04
40518.2 7.075206e-05 2.416923e-06 3.974819e-05 3.190242e-05 1.570331e-04 2.342312e-03 5.434361e-01 4.568790e-01 1.873461e-03 2.674953e-04 5.039168e-05 8.969201e-05 1.468326e-05 0.000000e+00 7.401039e-05 1.382185e-04 0.000000e+00
40549.8 4.835431e-05 1.093704e-04 5.455861e-07 1.698305e-04 2.467795e-04 1.523350e-03 3.940760e-01 6.028018e-01 3.015594e-03 4.823301e-04 2.822191e-04 1.845604e-04 3.202043e-04 3.474632e-04 3.942746e-04 3.786433e-04 2.038816e-04
40578.6 0.000000e+00 4.683032e-05 6.174289e-05 6.142097e-05 1.532664e-04 9.588478e-04 3.172226e-01 6.825808e-01 3.446260e-03 3.016551e-04 1.005955e-05 0.000000e+00 1.156350e-05 0.000000e+00 0.000000e+00 0.000000e+00 0.000000e+00
40610.2 6.219629e-05 8.879034e-05 1.130341e-04 9.347315e-05 2.603526e-04 5.437892e-04 1.762720e-01 8.354828e-01 4.096827e-03 6.746316e-04 1.692143e-04 2.905108e-04 2.428010e-04 4.494555e-04 2.503576e-04 2.661408e-04 2.203000e-04
40639.0 1.195172e-06 1.197302e-05 1.371939e-04 7.124157e-06 9.865915e-05 3.933644e-04 1.057816e-01 9.173864e-01 4.822959e-03 5.394860e-04 0.000000e+00 8.065263e-07 9.643812e-05 1.953819e-05 2.468656e-05 3.690748e-05 1.534027e-05
40667.7 3.088697e-05 6.386465e-05 3.623890e-05 1.030320e-04 1.259897e-04 4.312469e-04 6.735492e-02 9.627494e-01 6.819388e-03 5.410135e-04 2.531353e-04 4.125043e-05 0.000000e+00 1.660785e-04 1.552578e-04 8.290896e-05 2.703176e-06
40699.3 1.987093e-05 2.255128e-05 1.341032e-05 1.057022e-05 7.747062e-05 3.441154e-04 2.716034e-02 1.000000e+00 1.918186e-02 6.201115e-04 1.318836e-04 0.000000e+00 7.855202e-05 2.514167e-05 9.236790e-05 1.761068e-04 0.000000e+00
40728.0 1.060687e-06 4.249520e-05 7.996965e-05 1.256681e-04 1.244391e-04 2.992442e-04 8.562557e-03 9.940309e-01 4.205269e-02 5.219054e-04 1.023769e-04 2.175369e-05 0.000000e+00 1.557741e-05 8.686332e-06 1.760932e-04 0.000000e+00
40759.7 2.702048e-05 8.606582e-06 1.053699e-04 3.094424e-05 1.222933e-04 3.664788e-04 3.840680e-03 9.488785e-01 8.656574e-02 8.288518e-04 1.867084e-04 1.321358e-04 4.859659e-05 1.545753e-04 1.232392e-04 1.585231e-04 0.000000e+00
40788.4 0.000000e+00 1.389755e-05 2.497438e-07 0.000000e+00 0.000000e+00 1.533563e-04 3.115680e-03 8.946977e-01 1.333852e-01 5.814820e-04 4.911530e-05 0.000000e+00 4.740722e-05 3.106175e-05 0.000000e+00 0.000000e+00 0.000000e+00
40820.0 0.000000e+00 0.000000e+00 0.000000e+00 0.000000e+00 0.000000e+00 5.484080e-05 2.872026e-03 7.776909e-01 2.344458e-01 6.415678e-04 1.786145e-04 0.000000e+00 3.883886e-05 0.000000e+00 0.000000e+00 0.000000e+00 0.000000e+00
40848.7 2.687486e-06 1.928957e-05 5.777987e-05 2.663995e-05 4.359846e-05 1.020233e-04 2.589157e-03 6.548791e-01 3.471720e-01 1.296935e-03 3.259368e-04 1.105708e-04 1.728508e-04 2.112746e-04 2.235407e-04 7.313472e-05 5.221080e-05
40880.3 0.000000e+00 0.000000e+00 0.000000e+00 0.000000e+00 2.643675e-06 0.000000e+00 1.912231e-03 5.533960e-01 4.432387e-01 1.654338e-03 1.599461e-04 0.000000e+00 0.000000e+00 0.000000e+00 0.000000e+00 0.000000e+00 0.000000e+00
40909.1 0.000000e+00 0.000000e+00 3.646139e-05 1.214199e-05 0.000000e+00 1.693317e-05 1.034366e-03 3.798694e-01 6.164162e-01 2.855959e-03 3.410335e-04 0.000000e+00 1.870801e-05 7.255914e-05 3.464479e-05 0.000000e+00 0.000000e+00
40937.8 0.000000e+00 0.000000e+00 0.000000e+00 0.000000e+00 2.362768e-06 8.781384e-06 4.414458e-04 2.726627e-01 7.297727e-01 3.645999e-03 2.982114e-04 1.949789e-05 0.000000e+00 0.000000e+00 1.201691e-05 0.000000e+00 0.000000e+00
40969.4 0.000000e+00 0.000000e+00 1.278556e-05 0.000000e+00 0.000000e+00 1.229177e-04 3.374952e-04 1.869991e-01 8.221410e-01 4.090120e-03 3.436389e-04 0.000000e+00 0.000000e+00 8.757993e-05 3.639358e-07 2.685306e-05 4.600813e-06
40998.1 0.000000e+00 0.000000e+00 0.000000e+00 0.000000e+00 0.000000e+00 1.742749e-05 1.573976e-04 1.026381e-01 9.176118e-01 4.332238e-03 5.009620e-04 0.000000e+00 2.663976e-05 1.078188e-05 1.302813e-04 1.801894e-05 2.639869e-05
41029.7 0.000000e+00 0.000000e+00 0.000000e+00 0.000000e+00 2.239822e-05 4.587574e-06 1.966135e-04 4.948029e-02 9.793371e-01 7.128754e-03 4.379006e-04 0.000000e+00 0.000000e+00 5.100449e-07 0.000000e+00 3.954454e-06 0.000000e+00
41058.4 0.000000e+00 0.000000e+00 1.085568e-05 0.000000e+00 0.000000e+00 6.664488e-06 2.131773e-04 2.234262e-02 1.000000e+00 1.688419e-02 5.775938e-04 9.742275e-05 1.515805e-05 1.693514e-05 9.359892e-05 2.145067e-05 0.000000e+00
41090.1 0.000000e+00 0.000000e+00 0.000000e+00 0.000000e+00 4.330850e-06 0.000000e+00 5.621564e-05 1.203657e-02 9.941568e-01 3.635124e-02 5.228988e-04 9.231954e-05 0.000000e+00 0.000000e+00 0.000000e+00 4.745976e-05 0.000000e+00
41118.8 0.000000e+00 0.000000e+00 0.000000e+00 0.000000e+00 0.000000e+00 0.000000e+00 3.000795e-05 4.059240e-03 9.448321e-01 8.511191e-02 4.885775e-04 4.392017e-05 0.000000e+00 0.000000e+00 0.000000e+00 0.000000e+00 0.000000e+00
41150.3 0.000000e+00 0.000000e+00 0.000000e+00 0.000000e+00 0.000000e+00 0.000000e+00 1.909044e-06 2.978146e-03 8.676201e-01 1.534802e-01 6.498146e-04 1.172766e-05 0.000000e+00 0.000000e+00 0.000000e+00 0.000000e+00 0.000000e+00
41179.1 0.000000e+00 0.000000e+00 0.000000e+00 0.000000e+00 0.000000e+00 0.000000e+00 0.000000e+00 2.843861e-03 8.004853e-01 2.122364e-01 6.525360e-04 1.420422e-04 0.000000e+00 0.000000e+00 0.000000e+00 0.000000e+00 0.000000e+00
41207.8 0.000000e+00 0.000000e+00 0.000000e+00 0.000000e+00 0.000000e+00 0.000000e+00 0.000000e+00 2.743616e-03 6.603926e-01 3.421876e-01 1.355246e-03 3.003007e-04 2.085487e-05 0.000000e+00 3.354185e-05 2.227528e-05 0.000000e+00
41239.3 0.000000e+00 0.000000e+00 0.000000e+00 0.000000e+00 0.000000e+00 3.169286e-05 3.938007e-05 1.874993e-03 5.106374e-01 4.865409e-01 1.935508e-03 5.144522e-05 0.000000e+00 0.000000e+00 0.000000e+00 0.000000e+00 0.000000e+00
41268.0 0.000000e+00 0.000000e+00 0.000000e+00 0.000000e+00 0.000000e+00 0.000000e+00 5.494424e-05 1.380765e-03 4.330647e-01 5.641711e-01 2.492704e-03 2.041687e-04 9.018515e-06 1.555036e-04 7.657608e-05 2.215812e-04 1.105694e-04
41299.6 0.000000e+00 0.000000e+00 0.000000e+00 0.000000e+00 0.000000e+00 0.000000e+00 0.000000e+00 2.930737e-04 2.629023e-01 7.387511e-01 3.395776e-03 1.442846e-04 0.000000e+00 0.000000e+00 3.087367e-06 0.000000e+00 0.000000e+00
41328.3 0.000000e+00 0.000000e+00 0.000000e+00 0.000000e+00 0.000000e+00 0.000000e+00 1.851259e-05 2.956434e-04 1.694041e-01 8.410635e-01 3.869202e-03 2.188364e-04 0.000000e+00 0.000000e+00 0.000000e+00 0.000000e+00 0.000000e+00
41359.8 0.000000e+00 0.000000e+00 0.000000e+00 0.000000e+00 0.000000e+00 0.000000e+00 0.000000e+00 9.919022e-05 1.042950e-01 9.139830e-01 4.439010e-03 3.044550e-04 0.000000e+00 0.000000e+00 0.000000e+00 1.615517e-05 0.000000e+00
41388.5 0.000000e+00 0.000000e+00 0.000000e+00 0.000000e+00 0.000000e+00 0.000000e+00 0.000000e+00 4.629089e-06 5.423764e-02 9.754704e-01 7.144992e-03 2.107923e-04 0.000000e+00 0.000000e+00 0.000000e+00 0.000000e+00 0.000000e+00
41420.1 0.000000e+00 0.000000e+00 0.000000e+00 0.000000e+00 0.000000e+00 0.000000e+00 0.000000e+00 4.485745e-05 2.156582e-02 1.000000e+00 1.533204e-02 2.032270e-04 0.000000e+00 0.000000e+00 0.000000e+00 0.000000e+00 0.000000e+00
41448.8 0.000000e+00 0.000000e+00 0.000000e+00 0.000000e+00 0.000000e+00 0.000000e+00 0.000000e+00 1.173833e-04 7.854407e-03 9.866086e-01 3.712864e-02 4.248858e-04 0.000000e+00 0.000000e+00 0.000000e+00 0.000000e+00 0.000000e+00
41480.3 0.000000e+00 0.000000e+00 0.000000e+00 0.000000e+00 0.000000e+00 0.000000e+00 0.000000e+00 9.836942e-06 3.517851e-03 9.537228e-01 6.706843e-02 2.989999e-04 0.000000e+00 0.000000e+00 0.000000e+00 0.000000e+00 0.000000e+00
41509.0 0.000000e+00 0.000000e+00 0.000000e+00 0.000000e+00 0.000000e+00 0.000000e+00 0.000000e+00 1.771651e-05 2.736590e-03 8.702247e-01 1.342822e-01 4.158990e-04 1.644875e-05 0.000000e+00 0.000000e+00 0.000000e+00 6.717974e-06
41537.7 0.000000e+00 0.000000e+00 0.000000e+00 0.000000e+00 0.000000e+00 0.000000e+00 0.000000e+00 1.057299e-05 2.948261e-03 7.681515e-01 2.213352e-01 5.338639e-04 3.610584e-04 7.421551e-06 3.457645e-05 2.986895e-05 5.550181e-05
41569.3 0.000000e+00 0.000000e+00 0.000000e+00 0.000000e+00 0.000000e+00 0.000000e+00 0.000000e+00 0.000000e+00 2.751407e-03 6.752480e-01 3.035170e-01 9.164906e-04 7.557487e-05 0.000000e+00 0.000000e+00 7.101609e-06 0.000000e+00
41597.9 0.000000e+00 0.000000e+00 0.000000e+00 0.000000e+00 0.000000e+00 0.000000e+00 3.205808e-05 1.149548e-04 1.808861e-03 5.049414e-01 4.658458e-01 1.858690e-03 1.608537e-04 7.737464e-05 1.675359e-04 6.624243e-05 2.193513e-05
41629.5 0.000000e+00 0.000000e+00 0.000000e+00 2.572579e-05 0.000000e+00 0.000000e+00 0.000000e+00 1.483593e-06 7.867272e-04 3.708765e-01 6.044132e-01 2.466063e-03 9.565428e-05 2.698967e-05 1.704352e-04 3.523928e-05 1.694040e-06
41658.2 0.000000e+00 0.000000e+00 0.000000e+00 2.222582e-05 2.665341e-06 6.622543e-06 2.294998e-05 7.553893e-05 6.687805e-04 2.877882e-01 6.939971e-01 3.465377e-03 3.100313e-04 2.252816e-04 2.934693e-05 2.060452e-04 7.110081e-05
41689.6 0.000000e+00 0.000000e+00 0.000000e+00 0.000000e+00 0.000000e+00 0.000000e+00 0.000000e+00 2.860648e-06 4.061176e-04 1.706645e-01 8.278837e-01 4.024710e-03 1.906693e-04 2.617272e-06 0.000000e+00 1.601999e-04 7.920807e-05
41718.3 0.000000e+00 0.000000e+00 0.000000e+00 5.517034e-06 0.000000e+00 0.000000e+00 0.000000e+00 1.198978e-06 3.141623e-04 9.598946e-02 9.160535e-01 4.394708e-03 2.622317e-04 8.831171e-05 0.000000e+00 0.000000e+00 5.280764e-05
41749.8 0.000000e+00 0.000000e+00 4.446539e-07 0.000000e+00 3.976878e-05 0.000000e+00 2.548451e-05 6.901696e-07 3.902537e-04 4.778800e-02 9.778322e-01 7.262929e-03 3.863878e-04 5.944335e-05 9.287693e-05 3.365224e-04 1.242757e-04
41778.5 1.905805e-06 1.491208e-05 0.000000e+00 3.454320e-05 9.061209e-06 3.962547e-06 5.478131e-06 0.000000e+00 3.019418e-04 2.778530e-02 1.000000e+00 1.273723e-02 2.629972e-04 0.000000e+00 0.000000e+00 0.000000e+00 1.804564e-04
41810.0 3.975085e-06 0.000000e+00 0.000000e+00 0.000000e+00 1.591849e-05 4.244553e-06 3.681578e-05 2.563433e-05 3.302298e-04 9.866322e-03 9.974312e-01 3.450218e-02 5.789733e-04 2.075715e-05 1.257894e-04 7.999986e-05 4.444985e-04
41838.7 0.000000e+00 0.000000e+00 0.000000e+00 0.000000e+00 0.000000e+00 0.000000e+00 0.000000e+00 4.395283e-05 1.786577e-04 4.357967e-03 9.600237e-01 7.068129e-02 2.690944e-04 0.000000e+00 0.000000e+00 0.000000e+00 7.589317e-05
41870.2 0.000000e+00 8.186188e-06 2.274034e-05 9.728760e-06 0.000000e+00 0.000000e+00 4.010779e-05 1.544062e-05 1.641400e-04 3.416074e-03 9.082709e-01 1.133561e-01 5.233420e-04 1.640323e-04 0.000000e+00 1.410875e-06 0.000000e+00
41898.9 0.000000e+00 0.000000e+00 0.000000e+00 0.000000e+00 0.000000e+00 0.000000e+00 2.010812e-05 7.130827e-05 1.405091e-04 3.287472e-03 7.822860e-01 2.227686e-01 7.234037e-04 1.479904e-04 4.368516e-05 1.095394e-05 2.395687e-04
41930.4 0.000000e+00 1.155420e-05 9.901740e-06 1.878308e-05 0.000000e+00 0.000000e+00 1.272114e-05 4.439208e-06 6.542407e-05 2.848377e-03 6.646882e-01 3.295910e-01 9.154254e-04 2.707781e-04 1.124825e-04 2.956815e-05 7.270315e-05
41959.1 0.000000e+00 2.949885e-05 4.718853e-05 3.645094e-06 0.000000e+00 0.000000e+00 4.503799e-05 1.275045e-05 8.877741e-06 2.477119e-03 5.813338e-01 4.093241e-01 1.431726e-03 5.472358e-04 9.697531e-05 9.964324e-05 2.824551e-04
41987.7 0.000000e+00 0.000000e+00 0.000000e+00 0.000000e+00 0.000000e+00 0.000000e+00 0.000000e+00 0.000000e+00 0.000000e+00 9.567110e-04 4.199803e-01 5.700907e-01 2.171455e-03 1.719572e-04 0.000000e+00 0.000000e+00 0.000000e+00
42019.2 0.000000e+00 0.000000e+00 0.000000e+00 0.000000e+00 3.629208e-06 1.675400e-05 4.375895e-06 0.000000e+00 3.236770e-06 6.791268e-04 2.960045e-01 6.992500e-01 3.360556e-03 4.369854e-04 4.371098e-05 6.084617e-07 1.235722e-04
42047.8 0.000000e+00 0.000000e+00 3.751800e-06 0.000000e+00 0.000000e+00 0.000000e+00 0.000000e+00 0.000000e+00 6.408100e-05 2.407949e-04 2.119497e-01 7.902489e-01 3.699584e-03 2.428051e-04 4.423220e-05 0.000000e+00 1.333962e-04
42079.3 0.000000e+00 0.000000e+00 0.000000e+00 0.000000e+00 0.000000e+00 6.765573e-06 0.000000e+00 0.000000e+00 0.000000e+00 8.220718e-05 1.267233e-01 8.869246e-01 3.795783e-03 6.252914e-05 0.000000e+00 0.000000e+00 0.000000e+00
42108.0 4.457128e-05 0.000000e+00 2.383735e-05 5.027065e-06 1.943740e-06 1.284111e-04 1.261297e-04 0.000000e+00 1.018747e-07 3.735608e-04 6.542429e-02 9.596142e-01 5.546730e-03 4.719504e-04 1.050471e-04 8.525598e-05 2.916225e-04
42139.5 0.000000e+00 0.000000e+00 0.000000e+00 0.000000e+00 0.000000e+00 0.000000e+00 3.069189e-05 0.000000e+00 0.000000e+00 8.384066e-05 2.785510e-02 9.970314e-01 1.234360e-02 3.568296e-04 0.000000e+00 0.000000e+00 0.000000e+00
42168.1 0.000000e+00 0.000000e+00 0.000000e+00 6.782066e-06 3.972452e-05 7.441050e-06 5.895686e-05 6.885629e-07 7.190970e-05 3.626440e-04 1.272551e-02 1.000000e+00 2.077607e-02 6.354076e-04 4.316749e-04 7.062971e-06 1.742968e-04
42199.6 2.689780e-06 1.351935e-05 0.000000e+00 0.000000e+00 0.000000e+00 0.000000e+00 0.000000e+00 0.000000e+00 0.000000e+00 1.320959e-05 3.955820e-03 9.567274e-01 6.482501e-02 3.853303e-04 0.000000e+00 0.000000e+00 0.000000e+00
42228.2 0.000000e+00 0.000000e+00 0.000000e+00 0.000000e+00 6.208396e-06 0.000000e+00 0.000000e+00 0.000000e+00 0.000000e+00 4.792169e-05 3.072242e-03 8.963245e-01 1.126272e-01 1.027642e-04 0.000000e+00 0.000000e+00 0.000000e+00
42259.7 1.527384e-05 4.169024e-06 3.908704e-05 0.000000e+00 0.000000e+00 0.000000e+00 0.000000e+00 0.000000e+00 1.415896e-05 0.000000e+00 3.002946e-03 8.180041e-01 1.776951e-01 3.066126e-04 8.254719e-05 0.000000e+00 0.000000e+00
42288.3 0.000000e+00 0.000000e+00 0.000000e+00 0.000000e+00 0.000000e+00 0.000000e+00 0.000000e+00 0.000000e+00 0.000000e+00 2.267452e-06 2.565429e-03 6.834152e-01 2.961557e-01 6.377223e-04 1.235169e-04 0.000000e+00 0.000000e+00
42319.8 0.000000e+00 2.242043e-05 0.000000e+00 0.000000e+00 1.092595e-04 1.345722e-04 3.589526e-05 5.632320e-05 1.030861e-04 0.000000e+00 2.147070e-03 5.343943e-01 4.354421e-01 1.660169e-03 1.402911e-04 1.620286e-04 2.682986e-04
42348.4 1.990968e-06 0.000000e+00 0.000000e+00 0.000000e+00 3.560987e-05 0.000000e+00 2.248938e-05 2.190541e-05 1.393478e-05 4.012499e-06 1.132889e-03 4.101067e-01 5.615298e-01 2.351121e-03 9.194609e-06 1.890322e-05 0.000000e+00
42379.9 3.042311e-05 0.000000e+00 9.356460e-05 0.000000e+00 1.065722e-04 1.256765e-04 8.226378e-05 2.202603e-04 1.309394e-04 1.401105e-04 8.792512e-04 3.144740e-01 6.614133e-01 3.220907e-03 7.309600e-04 3.646023e-04 3.609547e-04
42408.5 0.000000e+00 0.000000e+00 1.573487e-05 0.000000e+00 0.000000e+00 0.000000e+00 0.000000e+00 0.000000e+00 0.000000e+00 0.000000e+00 9.539789e-06 1.899611e-01 7.968199e-01 3.741844e-03 2.851683e-05 0.000000e+00 0.000000e+00
42440.0 0.000000e+00 0.000000e+00 0.000000e+00 0.000000e+00 9.481185e-06 0.000000e+00 0.000000e+00 0.000000e+00 0.000000e+00 0.000000e+00 2.733906e-05 1.103678e-01 8.918141e-01 4.129622e-03 8.409385e-06 0.000000e+00 0.000000e+00
42468.6 0.000000e+00 0.000000e+00 0.000000e+00 0.000000e+00 5.539101e-05 0.000000e+00 2.769288e-07 0.000000e+00 0.000000e+00 0.000000e+00 0.000000e+00 7.433136e-02 9.376400e-01 4.842343e-03 3.301045e-04 0.000000e+00 0.000000e+00
42500.1 0.000000e+00 0.000000e+00 0.000000e+00 0.000000e+00 1.688386e-05 0.000000e+00 1.149398e-05 6.695985e-06 0.000000e+00 0.000000e+00 0.000000e+00 2.395924e-02 9.970632e-01 1.107841e-02 9.948169e-05 0.000000e+00 0.000000e+00
42528.7 0.000000e+00 0.000000e+00 0.000000e+00 0.000000e+00 0.000000e+00 0.000000e+00 0.000000e+00 0.000000e+00 0.000000e+00 0.000000e+00 0.000000e+00 9.055449e-03 1.000000e+00 2.228262e-02 9.034713e-05 0.000000e+00 0.000000e+00
42560.1 0.000000e+00 0.000000e+00 0.000000e+00 0.000000e+00 0.000000e+00 0.000000e+00 0.000000e+00 0.000000e+00 0.000000e+00 0.000000e+00 0.000000e+00 4.425972e-03 9.820677e-01 4.191378e-02 0.000000e+00 0.000000e+00 0.000000e+00
42588.7 0.000000e+00 1.013770e-05 0.000000e+00 6.892614e-06 1.322976e-05 1.169497e-04 5.380828e-05 4.119699e-05 2.905340e-05 0.000000e+00 5.023520e-06 3.557888e-03 9.201722e-01 9.678438e-02 6.856859e-04 2.495207e-04 4.959700e-06
42620.1 2.506938e-05 3.924852e-05 1.479644e-05 1.189259e-04 8.039678e-05 1.785009e-04 1.333023e-04 7.958880e-05 1.150047e-04 8.987345e-05 1.921767e-04 3.578189e-03 8.329504e-01 1.695394e-01 8.487892e-04 6.157798e-04 1.717722e-04
42648.7 3.688303e-06 2.639342e-05 3.105037e-06 0.000000e+00 1.827622e-05 1.375219e-04 1.105948e-04 6.968707e-05 4.746091e-05 2.198627e-04 0.000000e+00 3.110960e-03 7.442923e-01 2.460505e-01 6.658502e-04 0.000000e+00 1.701416e-04
42680.2 5.490180e-07 1.007547e-05 0.000000e+00 0.000000e+00 8.833649e-06 3.146839e-05 0.000000e+00 1.162657e-05 9.260862e-06 1.300423e-07 0.000000e+00 2.245660e-03 6.123702e-01 3.670859e-01 1.176740e-03 1.569642e-04 0.000000e+00
42708.8 0.000000e+00 7.706756e-05 6.368537e-05 1.305927e-04 8.937389e-05 1.594584e-04 1.050088e-04 1.848829e-04 1.084253e-04 6.192482e-05 1.689732e-04 1.852583e-03 4.646766e-01 5.102813e-01 2.364336e-03 5.739670e-04 4.475683e-04
42740.2 1.404156e-04 0.000000e+00 1.322391e-04 2.352935e-04 0.000000e+00 2.248999e-04 0.000000e+00 1.797489e-04 9.386306e-05 1.545161e-06 2.817509e-04 6.513174e-04 3.327449e-01 6.471222e-01 3.086731e-03 2.226827e-05 2.904029e-04
42768.8 0.000000e+00 0.000000e+00 1.320227e-04 2.270780e-04 1.158886e-04 1.305668e-04 0.000000e+00 1.159658e-04 6.596875e-05 5.040506e-05 2.522133e-04 5.999506e-04 2.539203e-01 7.339252e-01 4.040924e-03 4.023458e-04 6.832300e-04
42800.2 1.510939e-06 3.400550e-05 6.517145e-05 1.518514e-04 0.000000e+00 9.761723e-05 0.000000e+00 0.000000e+00 9.728063e-05 0.000000e+00 0.000000e+00 3.132609e-04 1.293200e-01 8.751556e-01 4.353344e-03 6.323534e-05 2.457707e-04
42828.8 1.215812e-05 5.185460e-05 4.228917e-05 1.183359e-04 0.000000e+00 9.927403e-05 8.402512e-06 1.739864e-04 3.122460e-05 1.714654e-04 4.269671e-06 5.278316e-04 7.510138e-02 9.429876e-01 5.266089e-03 2.270466e-04 2.321645e-04
42860.3 7.153298e-06 0.000000e+00 6.020578e-06 6.621979e-06 0.000000e+00 8.263354e-05 0.000000e+00 0.000000e+00 7.031044e-07 3.589488e-07 0.000000e+00 1.203674e-04 4.263557e-02 9.801848e-01 7.179141e-03 0.000000e+00 1.243472e-04
42888.8 0.000000e+00 0.000000e+00 0.000000e+00 3.261334e-06 2.503525e-05 1.841293e-04 2.428922e-05 0.000000e+00 6.842645e-05 8.512861e-06 0.000000e+00 2.314281e-04 1.595014e-02 1.000000e+00 1.761315e-02 2.043043e-04 3.701119e-04
42920.3 0.000000e+00 1.347639e-04 5.955043e-05 7.513539e-05 1.267642e-05 5.520487e-05 1.603716e-04 1.762231e-04 1.096800e-04 2.602337e-04 5.056194e-05 3.153080e-04 5.522968e-03 9.792510e-01 4.275862e-02 6.047466e-04 2.154116e-04
42948.8 0.000000e+00 8.654115e-06 7.085040e-06 1.665585e-05 2.689500e-06 9.017864e-05 4.710049e-05 5.959212e-05 3.470276e-05 0.000000e+00 0.000000e+00 1.233327e-04 3.546659e-03 9.323601e-01 8.223133e-02 5.825370e-04 1.016638e-04
42980.3 2.941725e-05 0.000000e+00 2.372863e-05 1.508504e-04 3.804539e-06 1.642736e-04 3.586631e-05 5.297430e-05 3.044498e-05 0.000000e+00 1.194371e-04 2.060462e-04 3.192894e-03 8.759608e-01 1.282942e-01 2.628154e-04 3.083824e-04
43008.8 0.000000e+00 1.289502e-05 0.000000e+00 0.000000e+00 0.000000e+00 1.473823e-04 3.510979e-05 2.656185e-05 3.425688e-05 0.000000e+00 0.000000e+00 4.605686e-05 2.681663e-03 7.583282e-01 2.292641e-01 3.175601e-04 0.000000e+00
43040.2 4.522220e-05 5.070378e-05 0.000000e+00 9.390768e-06 0.000000e+00 0.000000e+00 0.000000e+00 1.133398e-05 4.318957e-05 1.749677e-05 0.000000e+00 0.000000e+00 2.410141e-03 6.306389e-01 3.447562e-01 1.288866e-03 3.335549e-05
43068.8 7.275298e-05 0.000000e+00 9.040503e-05 0.000000e+00 4.091690e-06 6.004505e-05 0.000000e+00 0.000000e+00 1.129145e-05 0.000000e+00 0.000000e+00 5.788932e-05 1.562530e-03 5.458124e-01 4.258861e-01 1.518438e-03 0.000000e+00
43100.2 5.180880e-05 0.000000e+00 1.813204e-05 0.000000e+00 6.960681e-07 0.000000e+00 6.573847e-05 0.000000e+00 0.000000e+00 2.911932e-05 0.000000e+00 5.816538e-05 3.270117e-04 3.565240e-01 6.171766e-01 2.639363e-03 4.593187e-05
43128.7 0.000000e+00 0.000000e+00 0.000000e+00 1.340002e-05 0.000000e+00 0.000000e+00 0.000000e+00 1.108029e-05 1.830766e-05 2.394274e-05 0.000000e+00 1.932117e-05 9.763229e-05 2.564882e-01 7.260870e-01 3.285647e-03 5.608881e-05
43160.2 1.143054e-04 1.182687e-04 1.353340e-04 7.876341e-05 1.551274e-04 3.602398e-05 6.348372e-05 1.176073e-04 7.248477e-05 1.667871e-04 0.000000e+00 5.267903e-04 5.789581e-04 1.833092e-01 8.104718e-01 4.464970e-03 6.180866e-04
43188.7 3.899224e-05 1.698519e-05 0.000000e+00 0.000000e+00 0.000000e+00 0.000000e+00 0.000000e+00 1.657444e-05 0.000000e+00 0.000000e+00 0.000000e+00 0.000000e+00 1.019714e-04 9.347915e-02 9.181911e-01 4.254942e-03 1.325475e-05
43220.1 1.818188e-05 0.000000e+00 1.455667e-04 2.176236e-05 0.000000e+00 6.011613e-05 6.413338e-05 2.298525e-05 6.054430e-05 1.447493e-04 1.851868e-04 2.580964e-05 4.576665e-04 4.720996e-02 9.783686e-01 7.272362e-03 6.568045e-04
43248.6 0.000000e+00 0.000000e+00 0.000000e+00 0.000000e+00 0.000000e+00 0.000000e+00 0.000000e+00 0.000000e+00 0.000000e+00 5.264011e-05 0.000000e+00 0.000000e+00 2.412910e-04 2.487673e-02 1.000000e+00 1.233377e-02 7.417827e-04
43280.1 7.318707e-05 0.000000e+00 0.000000e+00 0.000000e+00 1.045253e-04 0.000000e+00 0.000000e+00 0.000000e+00 0.000000e+00 0.000000e+00 7.028266e-05 0.000000e+00 0.000000e+00 8.430213e-03 9.998174e-01 2.729310e-02 4.273995e-04
43308.6 6.738627e-06 0.000000e+00 7.282258e-05 6.732951e-05 0.000000e+00 2.157649e-06 0.000000e+00 1.349694e-04 1.442963e-06 1.096593e-04 2.445987e-04 0.000000e+00 1.389088e-04 3.884984e-03 9.611114e-01 6.238881e-02 5.564701e-04
43340.0 1.775229e-05 5.743275e-05 2.487814e-05 9.082831e-05 5.008487e-06 0.000000e+00 4.263439e-05 1.292210e-04 6.603916e-05 0.000000e+00 0.000000e+00 0.000000e+00 2.349068e-04 3.298084e-03 8.875811e-01 1.222063e-01 5.785296e-04
43368.5 0.000000e+00 1.796012e-04 0.000000e+00 2.608098e-05 0.000000e+00 2.101023e-05 0.000000e+00 8.262013e-05 3.038450e-05 8.003708e-06 1.478302e-04 0.000000e+00 6.784847e-05 3.268379e-03 8.323753e-01 1.698275e-01 9.029577e-04
43399.9 0.000000e+00 2.262116e-04 1.196847e-04 1.757723e-04 5.264689e-05 9.121661e-05 3.638263e-05 1.734112e-04 7.222098e-05 2.418807e-04 2.113559e-04 1.871071e-04 4.231607e-04 2.792669e-03 6.653018e-01 3.173609e-01 7.358247e-04
43428.4 0.000000e+00 1.033318e-04 4.309152e-06 1.196894e-04 9.144099e-07 0.000000e+00 2.194161e-05 0.000000e+00 1.919027e-06 0.000000e+00 0.000000e+00 1.506840e-05 6.186638e-06 1.738481e-03 5.547455e-01 4.230446e-01 9.027571e-04
43459.8 0.000000e+00 2.144146e-05 3.289545e-06 1.514193e-04 3.027458e-05 3.879071e-05 4.383186e-05 5.483987e-05 3.236479e-05 4.163437e-06 2.132161e-06 6.680353e-05 5.239790e-05 1.461827e-03 4.513185e-01 5.257090e-01 2.303895e-03
43488.3 7.661227e-05 4.200457e-05 2.284487e-05 0.000000e+00 1.526758e-05 0.000000e+00 0.000000e+00 9.074748e-05 0.000000e+00 8.980449e-05 0.000000e+00 6.274591e-05 0.000000e+00 3.715672e-04 2.972745e-01 6.858828e-01 3.124977e-03
43519.7 7.268728e-05 4.777744e-05 3.684239e-05 0.000000e+00 9.407523e-05 0.000000e+00 1.726777e-06 2.879180e-05 3.436735e-06 2.810938e-05 1.450834e-05 5.112263e-05 5.461530e-05 7.064425e-07 1.907734e-01 8.033753e-01 3.771031e-03
43548.2 0.000000e+00 0.000000e+00 5.177349e-06 0.000000e+00 6.330317e-06 0.000000e+00 0.000000e+00 2.590422e-05 3.461856e-06 1.269477e-05 7.371232e-05 0.000000e+00 0.000000e+00 3.978880e-05 1.173358e-01 8.900226e-01 3.866561e-03
43579.6 6.915930e-05 0.000000e+00 9.312819e-06 0.000000e+00 2.429020e-06 1.961037e-05 5.368525e-06 1.176911e-05 1.521481e-04 1.190171e-04 5.750799e-06 2.940072e-06 6.952432e-05 1.154832e-04 7.457913e-02 9.438047e-01 5.148876e-03
43608.1 0.000000e+00 0.000000e+00 3.555134e-05 0.000000e+00 0.000000e+00 0.000000e+00 0.000000e+00 0.000000e+00 0.000000e+00 0.000000e+00 0.000000e+00 0.000000e+00 0.000000e+00 0.000000e+00 3.157998e-02 9.925342e-01 7.888811e-03
43639.4 0.000000e+00 0.000000e+00 0.000000e+00 8.609751e-06 0.000000e+00 1.328209e-05 0.000000e+00 0.000000e+00 0.000000e+00 0.000000e+00 0.000000e+00 0.000000e+00 0.000000e+00 0.000000e+00 1.149506e-02 1.000000e+00 1.749850e-02
43668.0 2.089508e-05 5.143210e-06 1.272289e-05 1.398532e-04 8.950511e-05 2.863217e-04 0.000000e+00 3.280383e-04 0.000000e+00 8.187097e-05 2.531845e-05 2.341057e-05 1.472227e-05 1.814649e-04 7.526322e-03 9.878665e-01 3.307019e-02
43699.3 0.000000e+00 0.000000e+00 0.000000e+00 0.000000e+00 0.000000e+00 0.000000e+00 0.000000e+00 0.000000e+00 0.000000e+00 0.000000e+00 0.000000e+00 0.000000e+00 0.000000e+00 0.000000e+00 3.082004e-03 9.137644e-01 9.258496e-02
43727.8 0.000000e+00 0.000000e+00 0.000000e+00 0.000000e+00 0.000000e+00 6.812879e-08 0.000000e+00 3.621834e-05 0.000000e+00 0.000000e+00 0.000000e+00 3.916497e-05 0.000000e+00 0.000000e+00 3.105136e-03 8.390243e-01 1.514532e-01
43759.2 1.775428e-04 0.000000e+00 6.908800e-06 5.383599e-05 1.093250e-04 2.134355e-04 0.000000e+00 1.915317e-04 4.998948e-05 1.206676e-05 1.794864e-04 1.859651e-04 8.804431e-06 7.960533e-05 3.860918e-03 7.654596e-01 2.140133e-01
43787.7 2.109266e-04 1.763021e-04 2.234057e-04 3.139035e-04 3.178795e-04 1.938007e-04 2.347018e-04 1.765675e-04 5.555717e-04 5.238778e-04 5.304509e-04 3.629591e-04 3.032122e-04 5.636021e-04 2.814273e-03 6.106898e-01 3.572080e-01
43819.0 3.023541e-05 3.189088e-06 1.638454e-04 5.175071e-05 8.419017e-05 1.442703e-04 0.000000e+00 9.296842e-05 2.224332e-04 8.061634e-05 3.201322e-04 2.466553e-04 0.000000e+00 9.821935e-05 1.152143e-03 4.795490e-01 4.848122e-01
43850.3 2.244611e-04 2.895974e-05 1.514504e-04 1.641695e-04 5.276435e-05 2.741405e-04 1.004955e-04 1.009685e-04 4.411819e-04 5.848423e-04 5.690934e-04 5.071541e-04 3.067730e-04 4.717971e-04 1.272314e-03 3.480732e-01 6.202590e-01
43878.9 8.157987e-05 7.543295e-06 1.144894e-04 6.637245e-05 1.102163e-04 9.712629e-05 2.049723e-05 1.286270e-04 4.082015e-04 3.257712e-04 1.258415e-04 1.052910e-04 0.000000e+00 0.000000e+00 5.230459e-04 2.615850e-01 7.093327e-01
43910.2 1.021350e-05 1.040053e-06 8.996137e-05 1.121595e-05 1.425579e-04 2.304445e-04 0.000000e+00 8.734330e-05 1.923556e-04 3.460889e-04 3.625196e-04 8.314465e-05 0.000000e+00 0.000000e+00 3.857599e-04 1.530770e-01 8.336936e-01
43938.7 0.000000e+00 1.834232e-31 0.000000e+00 0.000000e+00 0.000000e+00 0.000000e+00 1.118511e-22 0.000000e+00 4.862508e-18 0.000000e+00 2.187302e-15 0.000000e+00 0.000000e+00 0.000000e+00 0.000000e+00 1.050774e-01 9.017039e-01
43970.0 0.000000e+00 0.000000e+00 0.000000e+00 0.000000e+00 0.000000e+00 0.000000e+00 3.822720e-23 0.000000e+00 0.000000e+00 0.000000e+00 3.770920e-16 0.000000e+00 0.000000e+00 0.000000e+00 0.000000e+00 7.852220e-02 9.489207e-01
43998.5 8.481349e-34 4.288582e-33 0.000000e+00 4.723842e-29 4.479890e-26 6.492442e-24 3.665052e-22 9.175362e-21 4.720852e-19 1.354655e-16 1.315800e-14 4.944721e-14 0.000000e+00 0.000000e+00 1.067704e-07 3.497236e-02 1.000000e+00
44029.8 0.000000e+00 0.000000e+00 0.000000e+00 0.000000e+00 1.872508e-26 0.000000e+00 0.000000e+00 0.000000e+00 0.000000e+00 0.000000e+00 0.000000e+00 0.000000e+00 0.000000e+00 0.000000e+00 0.000000e+00 1.775044e-02 9.866292e-01
44058.3 0.000000e+00 0.000000e+00 0.000000e+00 0.000000e+00 1.313962e-26 0.000000e+00 0.000000e+00 0.000000e+00 0.000000e+00 7.656295e-19 0.000000e+00 0.000000e+00 0.000000e+00 0.000000e+00 0.000000e+00 1.094673e-02 9.571137e-01
44089.6 0.000000e+00 0.000000e+00 0.000000e+00 6.556966e-28 1.891939e-26 0.000000e+00 0.000000e+00 0.000000e+00 0.000000e+00 0.000000e+00 0.000000e+00 0.000000e+00 0.000000e+00 0.000000e+00 0.000000e+00 5.882739e-03 8.650657e-01
44118.1 3.387258e-34 7.206909e-33 1.839806e-31 1.945031e-28 2.155830e-26 0.000000e+00 1.121607e-22 0.000000e+00 0.000000e+00 2.865450e-17 2.393728e-15 0.000000e+00 0.000000e+00 0.000000e+00 3.176666e-08 3.318800e-03 7.553549e-01
44149.4 7.620532e-35 6.648359e-33 1.279873e-30 3.082895e-29 3.520016e-27 0.000000e+00 0.000000e+00 0.000000e+00 1.825643e-19 5.545431e-18 2.508251e-16 0.000000e+00 0.000000e+00 0.000000e+00 0.000000e+00 1.479722e-03 6.396503e-01
44177.9 1.440391e-33 1.109323e-31 0.000000e+00 1.963574e-28 0.000000e+00 0.000000e+00 6.374498e-24 0.000000e+00 4.432151e-19 6.412785e-18 4.728163e-16 0.000000e+00 0.000000e+00 0.000000e+00 0.000000e+00 8.506221e-04 5.478845e-01
44209.2 5.984229e-34 0.000000e+00 0.000000e+00 0.000000e+00 6.593133e-27 0.000000e+00 0.000000e+00 9.914238e-22 0.000000e+00 3.241375e-17 1.880831e-15 0.000000e+00 1.947897e-12 9.890516e-10 2.144519e-08 2.678732e-04 4.113570e-01
44237.7 0.000000e+00 0.000000e+00 0.000000e+00 0.000000e+00 1.765263e-27 0.000000e+00 0.000000e+00 2.826902e-21 0.000000e+00 0.000000e+00 0.000000e+00 0.000000e+00 2.718363e-12 0.000000e+00 0.000000e+00 6.062878e-05 3.043266e-01
44269.0 0.000000e+00 0.000000e+00 4.076157e-31 2.833122e-30 0.000000e+00 4.105660e-28 9.590876e-24 5.779722e-21 0.000000e+00 0.000000e+00 0.000000e+00 0.000000e+00 0.000000e+00 0.000000e+00 0.000000e+00 2.411051e-05 2.364723e-01
44300.2 0.000000e+00 0.000000e+00 0.000000e+00 0.000000e+00 0.000000e+00 0.000000e+00 1.926950e-23 0.000000e+00 4.847143e-21 0.000000e+00 1.526056e-15 0.000000e+00 5.776680e-13 0.000000e+00 0.000000e+00 2.018171e-06 1.248859e-01
44328.7 0.000000e+00 0.000000e+00 0.000000e+00 0.000000e+00 0.000000e+00 0.000000e+00 0.000000e+00 0.000000e+00 0.000000e+00 0.000000e+00 0.000000e+00 0.000000e+00 0.000000e+00 0.000000e+00 0.000000e+00 0.000000e+00 9.384735e-02
44360.0 0.000000e+00 0.000000e+00 0.000000e+00 0.000000e+00 5.525444e-05 0.000000e+00 0.000000e+00 1.679579e-04 0.000000e+00 1.469531e-04 0.000000e+00 4.551850e-04 0.000000e+00 0.000000e+00 0.000000e+00 5.509470e-04 6.097780e-02
44388.4 1.156122e-04 1.589132e-04 3.727360e-05 2.936675e-04 0.000000e+00 5.128948e-05 3.040428e-04 2.959541e-04 0.000000e+00 2.544975e-04 1.309268e-04 1.163586e-04 6.134802e-04 7.602219e-04 5.171520e-04 7.768936e-05 3.197731e-02
44419.7 1.804790e-04 1.170626e-04 3.287100e-04 2.173312e-04 0.000000e+00 0.000000e+00 3.227149e-05 2.051616e-04 2.345947e-04 2.659074e-04 4.991245e-04 1.983275e-04 1.939692e-04 3.860384e-04 0.000000e+00 2.171526e-04 1.748623e-02
44448.2 3.851584e-04 3.006860e-04 6.309502e-05 4.035765e-04 0.000000e+00 1.062579e-04 5.587070e-04 3.103381e-04 1.197540e-04 4.494909e-04 3.566374e-04 1.505595e-04 7.493234e-04 2.718004e-04 6.232358e-04 3.736642e-04 1.106322e-02
44479.5 1.025688e-04 1.390152e-04 0.000000e+00 0.000000e+00 0.000000e+00 0.000000e+00 3.437616e-05 2.886539e-04 0.000000e+00 2.619153e-04 0.000000e+00 0.000000e+00 0.000000e+00 3.298893e-04 0.000000e+00 0.000000e+00 6.166333e-03
44507.9 2.410878e-04 0.000000e+00 4.343185e-05 5.298124e-06 0.000000e+00 0.000000e+00 2.021556e-04 4.958704e-04 2.027395e-04 5.535017e-05 9.594800e-05 1.245043e-04 2.930316e-04 0.000000e+00 0.000000e+00 0.000000e+00 4.121264e-03
44539.2 2.265352e-04 0.000000e+00 2.333652e-05 8.331031e-05 0.000000e+00 5.253384e-05 3.944354e-04 1.640644e-04 1.107914e-04 2.977904e-05 2.361339e-04 3.636948e-04 3.297044e-04 0.000000e+00 2.400560e-04 0.000000e+00 2.258369e-03
44570.5 8.014701e-05 2.059004e-04 0.000000e+00 2.370640e-04 0.000000e+00 2.552571e-04 4.752220e-04 4.063758e-04 5.033663e-04 3.109536e-04 0.000000e+00 6.803769e-04 7.572030e-04 4.120114e-04 6.715936e-04 6.786490e-04 2.183493e-03
44598.9 0.000000e+00 0.000000e+00 0.000000e+00 3.746531e-05 0.000000e+00 0.000000e+00 0.000000e+00 0.000000e+00 0.000000e+00 0.000000e+00 0.000000e+00 0.000000e+00 0.000000e+00 0.000000e+00 0.000000e+00 0.000000e+00 0.000000e+00
44630.1 4.155032e-04 1.593998e-04 0.000000e+00 4.562875e-04 6.529090e-05 3.708207e-04 3.835883e-04 2.795152e-04 5.310642e-04 5.668268e-04 5.615016e-04 1.014375e-03 2.870140e-04 8.071026e-04 3.642808e-04 8.689339e-04 1.215875e-03
44658.6 3.702824e-05 0.000000e+00 0.000000e+00 0.000000e+00 0.000000e+00 0.000000e+00 1.179151e-04 0.000000e+00 3.262730e-04 1.866045e-04 0.000000e+00 3.321911e-04 0.000000e+00 0.000000e+00 0.000000e+00 0.000000e+00 0.000000e+00
44689.8 2.475556e-04 0.000000e+00 0.000000e+00 3.751937e-05 0.000000e+00 2.983230e-04 0.000000e+00 0.000000e+00 0.000000e+00 0.000000e+00 0.000000e+00 3.660144e-05 1.571075e-04 0.000000e+00 0.000000e+00 0.000000e+00 8.199696e-05
44718.2 1.748466e-04 0.000000e+00 4.948206e-05 0.000000e+00 0.000000e+00 1.307665e-04 1.550435e-04 1.390276e-04 0.000000e+00 0.000000e+00 1.740546e-04 1.538501e-04 0.000000e+00 0.000000e+00 5.322604e-04 0.000000e+00 3.881369e-04
44749.5 2.014724e-04 4.244533e-05 0.000000e+00 2.224131e-04 0.000000e+00 2.607756e-04 0.000000e+00 2.379313e-05 1.773633e-05 1.577426e-04 5.176968e-04 1.321644e-04 6.517991e-04 6.937806e-04 1.015892e-04 5.624926e-04 5.020696e-04
44777.9 2.916446e-04 0.000000e+00 1.972800e-04 0.000000e+00 0.000000e+00 2.307485e-04 1.429012e-04 0.000000e+00 0.000000e+00 4.101092e-04 5.075714e-04 1.857314e-04 4.289558e-04 1.906482e-04 2.784498e-04 0.000000e+00 1.529351e-04
44809.2 2.384468e-04 0.000000e+00 0.000000e+00 0.000000e+00 0.000000e+00 4.944998e-05 0.000000e+00 0.000000e+00 0.000000e+00 0.000000e+00 0.000000e+00 0.000000e+00 4.017817e-04 0.000000e+00 0.000000e+00 0.000000e+00 0.000000e+00
44837.6 0.000000e+00 0.000000e+00 0.000000e+00 0.000000e+00 1.634970e-04 1.174031e-05 0.000000e+00 0.000000e+00 0.000000e+00 0.000000e+00 0.000000e+00 0.000000e+00 0.000000e+00 0.000000e+00 0.000000e+00 0.000000e+00 0.000000e+00
44868.9 0.000000e+00 7.780743e-05 0.000000e+00 6.125281e-05 5.266439e-05 0.000000e+00 2.248751e-04 1.546013e-04 0.000000e+00 0.000000e+00 0.000000e+00 9.138224e-05 0.000000e+00 0.000000e+00 5.214841e-05 0.000000e+00 0.000000e+00
44900.1 0.000000e+00 0.000000e+00 0.000000e+00 0.000000e+00 7.532734e-05 0.000000e+00 0.000000e+00 0.000000e+00 0.000000e+00 0.000000e+00 0.000000e+00 0.000000e+00 0.000000e+00 0.000000e+00 0.000000e+00 0.000000e+00 0.000000e+00
44928.5 2.570956e-05 0.000000e+00 0.000000e+00 0.000000e+00 3.064895e-04 3.711454e-05 6.691748e-05 0.000000e+00 2.856711e-04 0.000000e+00 0.000000e+00 0.000000e+00 4.845452e-04 2.113943e-04 1.221670e-04 2.427793e-05 0.000000e+00
44959.8 0.000000e+00 0.000000e+00 0.000000e+00 0.000000e+00 0.000000e+00 7.071239e-05 0.000000e+00 0.000000e+00 0.000000e+00 0.000000e+00 0.000000e+00 0.000000e+00 0.000000e+00 5.313147e-05 0.000000e+00 0.000000e+00 0.000000e+00
44988.2 0.000000e+00 0.000000e+00 0.000000e+00 0.000000e+00 1.066778e-04 0.000000e+00 0.000000e+00 0.000000e+00 0.000000e+00 0.000000e+00 0.000000e+00 0.000000e+00 0.000000e+00 0.000000e+00 0.000000e+00 0.000000e+00 0.000000e+00
45019.3 9.178907e-05 2.030347e-04 2.846299e-04 1.774331e-04 2.088229e-04 4.961229e-05 0.000000e+00 6.689113e-05 1.227236e-04 1.204649e-04 4.072375e-04 3.296018e-05 0.000000e+00 1.204888e-04 1.196760e-04 8.570107e-04 7.142367e-05
45047.8 0.000000e+00 1.849211e-05 2.360121e-04 0.000000e+00 4.988548e-05 2.257170e-04 6.027970e-05 0.000000e+00 0.000000e+00 0.000000e+00 1.766808e-04 2.121643e-04 4.364037e-04 4.524258e-04 1.477809e-04 0.000000e+00 0.000000e+00
45079.0 0.000000e+00 0.000000e+00 1.510661e-04 0.000000e+00 7.473379e-05 0.000000e+00 0.000000e+00 0.000000e+00 0.000000e+00 0.000000e+00 0.000000e+00 0.000000e+00 0.000000e+00 2.899060e-05 0.000000e+00 0.000000e+00 0.000000e+00
45110.2 1.683249e-04 4.844716e-05 1.553607e-04 1.811634e-04 1.420751e-04 0.000000e+00 0.000000e+00 0.000000e+00 0.000000e+00 1.143148e-04 0.000000e+00 0.000000e+00 0.000000e+00 0.000000e+00 0.000000e+00 0.000000e+00 0.000000e+00
45138.6 0.000000e+00 0.000000e+00 1.186813e-04 0.000000e+00 0.000000e+00 0.000000e+00 0.000000e+00 6.586371e-05 0.000000e+00 1.413965e-04 5.647504e-04 3.263651e-05 2.607304e-04 0.000000e+00 0.000000e+00 1.593171e-04 0.000000e+00
45169.8 7.114596e-05 0.000000e+00 1.743216e-04 1.706212e-04 0.000000e+00 1.722634e-04 1.558530e-04 0.000000e+00 0.000000e+00 5.950413e-05 4.407544e-05 4.385700e-05 2.637528e-04 6.430201e-04 8.947542e-04 2.726141e-04 0.000000e+00
45198.2 1.908006e-05 0.000000e+00 0.000000e+00 1.754328e-04 9.038202e-05 0.000000e+00 1.555292e-04 8.592564e-05 2.359445e-04 1.737650e-04 4.084829e-04 1.454887e-04 1.531137e-04 0.000000e+00 5.880370e-04 0.000000e+00 0.000000e+00
45229.4 3.082992e-05 7.948362e-05 1.281888e-04 1.208837e-04 0.000000e+00 5.480616e-05 0.000000e+00 2.441499e-04 4.627105e-05 1.217057e-04 2.311253e-04 2.083342e-04 2.379550e-04 8.201969e-04 5.163939e-04 0.000000e+00 0.000000e+00
45257.8 5.799474e-05 0.000000e+00 9.982843e-05 3.506493e-04 0.000000e+00 9.695226e-05 0.000000e+00 1.472470e-04 4.621705e-05 3.245484e-04 4.753541e-04 0.000000e+00 6.807271e-04 1.412349e-04 7.513596e-04 0.000000e+00 2.360110e-04
45289.0 2.125216e-04 0.000000e+00 1.295933e-04 0.000000e+00 1.000408e-04 0.000000e+00 0.000000e+00 2.077573e-04 1.225076e-04 2.088309e-04 2.152333e-04 4.715302e-04 0.000000e+00 1.443603e-04 1.443152e-04 3.995607e-04 0.000000e+00
45320.2 3.562688e-04 3.092832e-05 2.940293e-04 1.786225e-04 2.005132e-04 0.000000e+00 3.248196e-04 2.001327e-04 5.925609e-05 1.133438e-04 2.409529e-04 1.916114e-04 8.708105e-05 4.515636e-04 6.905468e-04 5.008266e-04 2.367123e-04
45348.6 2.534305e-04 0.000000e+00 1.157643e-04 0.000000e+00 0.000000e+00 0.000000e+00 4.430585e-05 0.000000e+00 3.644452e-05 3.716985e-05 0.000000e+00 0.000000e+00 0.000000e+00 4.501626e-04 0.000000e+00 0.000000e+00 0.000000e+00
45379.8 1.444479e-05 0.000000e+00 0.000000e+00 0.000000e+00 0.000000e+00 0.000000e+00 0.000000e+00 4.601807e-05 0.000000e+00 0.000000e+00 1.098096e-04 1.527712e-04 0.000000e+00 0.000000e+00 0.000000e+00 1.081716e-04 0.000000e+00
45408.1 1.657377e-04 3.000912e-05 2.003051e-04 0.000000e+00 1.191694e-04 0.000000e+00 1.889340e-04 1.687690e-04 4.115262e-04 1.942111e-04 2.699756e-04 5.836811e-04 0.000000e+00 1.870379e-04 5.676759e-04 9.913485e-04 4.004904e-04
45439.3 0.000000e+00 0.000000e+00 0.000000e+00 4.199034e-04 0.000000e+00 0.000000e+00 0.000000e+00 0.000000e+00 0.000000e+00 0.000000e+00 0.000000e+00 2.349829e-04 0.000000e+00 0.000000e+00 0.000000e+00 0.000000e+00 0.000000e+00
45467.7 1.052637e-04 0.000000e+00 0.000000e+00 0.000000e+00 0.000000e+00 1.552210e-04 0.000000e+00 0.000000e+00 0.000000e+00 0.000000e+00 0.000000e+00 0.000000e+00 0.000000e+00 0.000000e+00 2.466626e-05 0.000000e+00 0.000000e+00
45498.9 0.000000e+00 0.000000e+00 0.000000e+00 0.000000e+00 0.000000e+00 2.261498e-05 0.000000e+00 0.000000e+00 0.000000e+00 0.000000e+00 4.797400e-05 1.185434e-04 7.723148e-05 0.000000e+00 0.000000e+00 5.513786e-05 3.080281e-05
45530.1 1.819612e-04 0.000000e+00 0.000000e+00 2.848012e-04 5.250251e-05 2.810101e-04 0.000000e+00 0.000000e+00 1.608418e-04 4.747383e-06 4.360436e-04 1.852459e-04 5.133113e-04 2.457196e-04 7.237421e-04 2.216305e-04 6.620715e-04
45558.4 1.591621e-04 0.000000e+00 0.000000e+00 6.130686e-05 0.000000e+00 0.000000e+00 0.000000e+00 0.000000e+00 0.000000e+00 0.000000e+00 7.710494e-05 2.013754e-04 8.343806e-05 4.849728e-07 0.000000e+00 0.000000e+00 5.575794e-04
45589.6 0.000000e+00 0.000000e+00 1.988196e-04 3.735719e-05 3.561322e-05 1.073941e-04 0.000000e+00 0.000000e+00 0.000000e+00 0.000000e+00 0.000000e+00 0.000000e+00 4.284701e-04 2.463662e-04 0.000000e+00 1.400566e-04 0.000000e+00
45617.9 1.730140e-04 2.384509e-05 1.530919e-04 3.899528e-04 1.298803e-04 5.166820e-05 0.000000e+00 0.000000e+00 0.000000e+00 2.751324e-04 3.419907e-04 4.763313e-05 5.467729e-04 1.444141e-04 4.254997e-04 4.844795e-04 0.000000e+00
45649.1 8.230294e-05 0.000000e+00 2.762568e-04 4.233093e-04 0.000000e+00 1.769703e-04 2.799201e-04 0.000000e+00 0.000000e+00 4.453909e-04 1.020666e-04 0.000000e+00 3.574991e-04 9.521633e-05 0.000000e+00 4.250255e-04 0.000000e+00
45680.3 1.478435e-04 3.747085e-05 1.219225e-04 6.536155e-05 0.000000e+00 2.125700e-04 2.107901e-04 0.000000e+00 0.000000e+00 2.166533e-04 3.106939e-04 0.000000e+00 0.000000e+00 3.152323e-05 5.012854e-04 4.425056e-04 0.000000e+00
45708.6 0.000000e+00 7.888885e-05 1.803718e-04 4.439612e-04 3.634706e-04 2.495763e-04 2.236339e-04 6.872969e-05 1.944248e-04 2.616995e-04 1.994224e-04 1.177612e-04 1.014695e-03 2.617237e-04 4.136133e-04 2.194185e-04 2.285126e-04
45739.8 1.667079e-04 1.018147e-04 0.000000e+00 3.101565e-04 3.778238e-04 0.000000e+00 3.897943e-04 0.000000e+00 2.410468e-04 0.000000e+00 0.000000e+00 3.501007e-05 0.000000e+00 8.584019e-05 0.000000e+00 0.000000e+00 1.376686e-04
45768.1 3.432254e-04 2.423980e-04 4.570068e-05 3.650300e-04 3.751798e-04 2.091615e-04 0.000000e+00 1.119899e-04 4.318271e-04 1.389688e-04 1.878891e-04 0.000000e+00 0.000000e+00 7.600064e-04 5.852211e-04 9.603268e-06 4.134373e-04
45799.3 2.438905e-04 6.212699e-05 3.349222e-04 4.435287e-04 4.615149e-04 2.932914e-04 1.421997e-04 2.487463e-04 1.747987e-04 1.395083e-04 2.950184e-04 9.478075e-05 2.882013e-04 7.231484e-05 3.850210e-04 2.783869e-05 3.551763e-04
45827.6 1.122705e-04 0.000000e+00 0.000000e+00 2.459303e-04 3.519233e-04 3.925701e-04 9.314481e-05 0.000000e+00 4.600109e-05 1.799150e-04 1.637939e-04 0.000000e+00 3.907448e-04 1.314815e-04 1.654345e-04 3.496021e-05 6.006277e-04
45858.7 1.457414e-04 0.000000e+00 0.000000e+00 2.296034e-04 4.786740e-04 2.912896e-04 0.000000e+00 0.000000e+00 0.000000e+00 0.000000e+00 1.395361e-04 0.000000e+00 0.000000e+00 0.000000e+00 0.000000e+00 0.000000e+00 0.000000e+00
45889.9 0.000000e+00 0.000000e+00 0.000000e+00 0.000000e+00 0.000000e+00 0.000000e+00 0.000000e+00 0.000000e+00 0.000000e+00 0.000000e+00 0.000000e+00 0.000000e+00 0.000000e+00 0.000000e+00 0.000000e+00 0.000000e+00 0.000000e+00
45918.2 0.000000e+00 0.000000e+00 1.385606e-04 1.559703e-04 0.000000e+00 0.000000e+00 8.575152e-05 1.642266e-04 0.000000e+00 0.000000e+00 0.000000e+00 0.000000e+00 8.565084e-05 6.175321e-05 0.000000e+00 0.000000e+00 0.000000e+00
45949.4 0.000000e+00 0.000000e+00 0.000000e+00 0.000000e+00 0.000000e+00 0.000000e+00 1.680492e-04 0.000000e+00 0.000000e+00 0.000000e+00 8.203229e-05 0.000000e+00 0.000000e+00 0.000000e+00 0.000000e+00 0.000000e+00 0.000000e+00
45977.7 0.000000e+00 0.000000e+00 0.000000e+00 0.000000e+00 0.000000e+00 0.000000e+00 0.000000e+00 0.000000e+00 1.193221e-05 0.000000e+00 0.000000e+00 2.049897e-06 0.000000e+00 2.494916e-05 0.000000e+00 0.000000e+00 0.000000e+00
