# Units:
#   "lambda" is in Angstroms
#   "pass"   is  the contribution to the detector signal
#            per photon
# Bandpass Name:
#   ch24
# Instrument:
#   Spitzer MIPS
# Notes:
#   - Original data from
#     "http://ssc.spitzer.caltech.edu/mips/spectral_response.html"
#   - ".par" file built automatically by processspitzer.
#   - converted to detector signal per photon (by division by lambda)
#     by B. Johnson, 2008



180000.0  0
180050.0  0.000287
180680.0  0.000279
181310.0  0.000208
182580.0  0.000274
183230.0  0.000272
183880.0  0.000281
184530.0  0.000285
185190.0  0.000289
185860.0  0.000673
186520.0  0.000697
187200.0  0.000468
187880.0  0.000157
188560.0  0.000318
189250.0  0.00032
189940.0  0.000213
190640.0  0.000218
191340.0  0.000735
192050.0  0.000869
192770.0  0.000631
193480.0  0.000741
194210.0  0.000828
194940.0  0.001762
195670.0  0.002376
196420.0  0.004032
197160.0  0.005163
197920.0  0.007403
198670.0  0.009711
199440.0  0.014139
200210.0  0.015815
200980.0  0.021221
201770.0  0.02648
202550.0  0.034447
203350.0  0.054736
204150.0  0.081769
204960.0  0.128836
205770.0  0.188527
206590.0  0.266945
207420.0  0.397705
208250.0  0.554328
209090.0  0.768557
209930.0  0.846135
210790.0  0.88813
211650.0  0.910461
212520.0  0.932024
213390.0  0.954561
214270.0  0.975283
215160.0  0.988121
216060.0  0.995449
216960.0  0.998069
217870.0  1
219720.0  0.992348
220650.0  0.978311
221600.0  0.955882
222550.0  0.917604
223510.0  0.904922
224480.0  0.875271
225450.0  0.853104
226440.0  0.835032
227430.0  0.821978
228430.0  0.819894
229440.0  0.81541
230460.0  0.80586
231490.0  0.787192
232530.0  0.765785
233580.0  0.743645
234630.0  0.722078
235700.0  0.697389
236780.0  0.688716
237860.0  0.713905
238960.0  0.730074
240060.0  0.763963
241180.0  0.79336
242310.0  0.8217
243450.0  0.83365
244590.0  0.825697
245750.0  0.815671
246920.0  0.793967
248100.0  0.774473
249300.0  0.752481
250500.0  0.726594
251720.0  0.696772
252950.0  0.665478
254190.0  0.632783
255440.0  0.594719
256700.0  0.552478
257980.0  0.510109
259270.0  0.470118
260570.0  0.435075
261890.0  0.405397
263220.0  0.378266
264560.0  0.353833
265920.0  0.333529
267290.0  0.312062
268670.0  0.288021
270070.0  0.264134
271490.0  0.238749
272920.0  0.208967
274360.0  0.179775
275820.0  0.15473
277290.0  0.13405
278780.0  0.116273
280290.0  0.10171
281810.0  0.09139
283350.0  0.08298
284910.0  0.074977
286490.0  0.067736
288080.0  0.061027
289690.0  0.054365
291310.0  0.045722
292960.0  0.038078
294620.0  0.031518
296310.0  0.026076
298010.0  0.021809
299730.0  0.018647
301480.0  0.015795
303240.0  0.013819
305020.0  0.011888
306830.0  0.009806
308650.0  0.007784
310500.0  0.005961
312370.0  0.004461
314270.0  0.003306
316180.0  0.002397
318120.0  0.001643
320090.0  0.001011
322070.0  0.000493
323000.0  0
