# H_GOODSN
12960.0	0.0
13010.0	0.0
13060.0	0.00025608
13110.0	0.000237409
13160.0	0.000220183
13210.0	0.000224727
13260.0	0.00016984
13310.0	0.000383257
13360.0	0.000292991
13410.0	0.000262197
13460.0	0.000174161
13510.0	8.55063e-05
13560.0	4.24532e-05
13610.0	2.37698e-05
13660.0	4.19923e-05
13710.0	2.84249e-05
13760.0	6.31175e-05
13810.0	8.42333e-05
13860.0	3.81296e-05
13910.0	7.34865e-05
13960.0	7.76513e-05
14010.0	9.66653e-05
14060.0	8.58016e-05
14110.0	5.99397e-05
14160.0	9.95203e-05
14210.0	0.00011652
14260.0	9.79963e-05
14310.0	0.000160431
14360.0	0.00016258
14410.0	0.000188071
14460.0	0.000242593
14510.0	0.000228604
14560.0	0.000514867
14610.0	0.00122095
14660.0	0.00243508
14710.0	0.00494732
14760.0	0.0138909
14810.0	0.0299697
14860.0	0.0710645
14910.0	0.179435
14960.0	0.464665
15010.0	0.79103
15060.0	0.873998
15110.0	0.910245
15160.0	0.95356
15210.0	0.959689
15260.0	0.962414
15310.0	0.955471
15360.0	0.959369
15410.0	0.977109
15460.0	0.983768
15510.0	0.988426
15560.0	0.987905
15610.0	0.984083
15660.0	0.977833
15710.0	0.941866
15760.0	0.937139
15810.0	0.948932
15860.0	0.979773
15910.0	0.995425
15960.0	0.992226
16010.0	0.948813
16060.0	0.924724
16110.0	0.942779
16160.0	0.976024
16210.0	0.981852
16260.0	0.98105
16310.0	0.972238
16360.0	0.969551
16410.0	0.961997
16460.0	0.973225
16510.0	0.969088
16560.0	0.989592
16610.0	1.0
16660.0	0.977468
16710.0	0.99097
16760.0	0.999818
16810.0	0.986036
16860.0	0.995264
16910.0	0.991024
16960.0	0.990197
17010.0	0.984723
17060.0	0.975348
17110.0	0.97248
17160.0	0.976634
17210.0	0.98195
17260.0	0.965459
17310.0	0.966603
17360.0	0.954617
17410.0	0.970228
17460.0	0.942609
17510.0	0.935002
17560.0	0.943873
17610.0	0.966592
17660.0	0.89028
17710.0	0.797036
17760.0	0.503752
17810.0	0.256273
17860.0	0.116278
17910.0	0.0552493
17960.0	0.0222789
18010.0	0.0119915
18060.0	0.0
18110.0	0.0
