# V_COSMOS
4810.0	0.0
4825.0	0.0
4840.0	0.0136731
4855.0	0.0267979
4870.0	0.0551486
4885.0	0.0962869
4900.0	0.149469
4915.0	0.210612
4930.0	0.27711
4945.0	0.345366
4960.0	0.414515
4975.0	0.477409
4990.0	0.533397
5005.0	0.58162
5020.0	0.622504
5035.0	0.655153
5050.0	0.680499
5065.0	0.703618
5080.0	0.726771
5095.0	0.747713
5110.0	0.762031
5125.0	0.7821
5140.0	0.79965
5155.0	0.813233
5170.0	0.825238
5185.0	0.833747
5200.0	0.839275
5215.0	0.848244
5230.0	0.86138
5245.0	0.874455
5260.0	0.884697
5275.0	0.896636
5290.0	0.909529
5305.0	0.918505
5320.0	0.924127
5335.0	0.926397
5350.0	0.931677
5365.0	0.93587
5380.0	0.937519
5395.0	0.944125
5410.0	0.947902
5425.0	0.949584
5440.0	0.952731
5455.0	0.954316
5470.0	0.957659
5485.0	0.961709
5500.0	0.968098
5515.0	0.972423
5530.0	0.976808
5545.0	0.980744
5560.0	0.984868
5575.0	0.986206
5590.0	0.984301
5605.0	0.98101
5620.0	0.975207
5635.0	0.969549
5650.0	0.967554
5665.0	0.965708
5680.0	0.968848
5695.0	0.981828
5710.0	0.996236
5725.0	1.0
5740.0	0.999832
5755.0	0.995673
5770.0	0.988267
5785.0	0.97926
5800.0	0.971436
5815.0	0.965753
5830.0	0.958833
5845.0	0.945088
5860.0	0.91665
5875.0	0.867229
5890.0	0.794868
5905.0	0.704768
5920.0	0.603488
5935.0	0.501738
5950.0	0.406934
5965.0	0.324954
5980.0	0.256458
5995.0	0.20123
6010.0	0.157409
6025.0	0.122692
6040.0	0.0952525
6055.0	0.0735747
6070.0	0.0566259
6085.0	0.0434816
6100.0	0.0333796
6115.0	0.025716
6130.0	0.0199224
6145.0	0.0155577
6160.0	0.0122932
6175.0	0.00983313
6190.0	0.00795014
6205.0	0.00652238
6220.0	0.00538952
6235.0	0.00450509
6250.0	0.0038154
6265.0	0.00326515
6280.0	0.00284181
6295.0	0.00250169
6310.0	0.0022072
6325.0	0.00193615
6340.0	0.00170354
6355.0	0.00150256
6370.0	0.00135867
6385.0	0.0
6400.0	0.0
