# J_GOODSN
11345.0	0.0
11385.0	0.0
11425.0	0.00172087
11465.0	0.00182314
11505.0	0.00440722
11545.0	0.0128567
11585.0	0.0268013
11625.0	0.05124
11665.0	0.144891
11705.0	0.454278
11745.0	0.698131
11785.0	0.822683
11825.0	0.893676
11865.0	0.840444
11905.0	0.798283
11945.0	0.88559
11985.0	0.912207
12025.0	0.917432
12065.0	0.917187
12105.0	0.929145
12145.0	0.937141
12185.0	0.967334
12225.0	0.969854
12265.0	0.946847
12305.0	0.933772
12345.0	0.947949
12385.0	0.988282
12425.0	1.0
12465.0	0.965351
12505.0	0.933288
12545.0	0.938486
12585.0	0.966354
12625.0	0.943724
12665.0	0.923798
12705.0	0.851035
12745.0	0.902567
12785.0	0.94183
12825.0	0.958606
12865.0	0.930024
12905.0	0.890441
12945.0	0.873689
12985.0	0.876886
13025.0	0.884285
13065.0	0.872945
13105.0	0.880062
13145.0	0.906864
13185.0	0.934718
13225.0	0.903084
13265.0	0.879776
13305.0	0.729443
13345.0	0.384204
13385.0	0.185008
13425.0	0.072262
13465.0	0.034863
13505.0	0.0
13545.0	0.0
