# IA624_COSMOS
5900.0	0.0
5920.0	0.0
5940.0	0.00209717
5960.0	0.00421507
5980.0	0.00942496
6000.0	0.0196393
6020.0	0.0426614
6040.0	0.100154
6060.0	0.24014
6080.0	0.490083
6100.0	0.767005
6120.0	0.937282
6140.0	0.978003
6160.0	0.956906
6180.0	0.937189
6200.0	0.962028
6220.0	1.0
6240.0	0.985961
6260.0	0.94837
6280.0	0.911598
6300.0	0.923553
6320.0	0.942134
6340.0	0.903295
6360.0	0.764777
6380.0	0.523188
6400.0	0.283498
6420.0	0.136696
6440.0	0.0686567
6460.0	0.0364209
6480.0	0.0206275
6500.0	0.0107161
6520.0	0.0
6540.0	0.0
