# IA679_COSMOS
6430.0	0.0
6450.0	0.0
6470.0	0.00174612
6490.0	0.00464584
6510.0	0.00934753
6530.0	0.019578
6550.0	0.0452534
6570.0	0.10737
6590.0	0.243582
6610.0	0.471698
6630.0	0.724084
6650.0	0.89079
6670.0	0.965099
6690.0	0.948526
6710.0	0.927379
6730.0	0.931222
6750.0	0.974609
6770.0	0.994899
6790.0	1.0
6810.0	0.96964
6830.0	0.9516
6850.0	0.976986
6870.0	0.964503
6890.0	0.944675
6910.0	0.883613
6930.0	0.728407
6950.0	0.495989
6970.0	0.283778
6990.0	0.146124
7010.0	0.0709017
7030.0	0.0335746
7050.0	0.0187011
7070.0	0.00967964
7090.0	0.00490861
7110.0	0.00419747
7130.0	0.00189175
7150.0	0.00120042
7170.0	0.0
7190.0	0.0
