# IA484_COSMOS
4605.0	0.0
4620.0	0.0
4635.0	0.00166658
4650.0	0.00341114
4665.0	0.0082989
4680.0	0.022612
4695.0	0.0674816
4710.0	0.18359
4725.0	0.395887
4740.0	0.642087
4755.0	0.818815
4770.0	0.899063
4785.0	0.919379
4800.0	0.939821
4815.0	0.947944
4830.0	0.95473
4845.0	0.964919
4860.0	0.982156
4875.0	0.99545
4890.0	0.996151
4905.0	1.0
4920.0	0.990555
4935.0	0.907253
4950.0	0.710295
4965.0	0.440064
4980.0	0.202438
4995.0	0.0738883
5010.0	0.0269543
5025.0	0.0113207
5040.0	0.00611233
5055.0	0.0
5070.0	0.0
