# IA574_COSMOS
5440.0	0.0
5455.0	0.0
5470.0	0.000452476
5485.0	0.00070552
5500.0	0.00224821
5515.0	0.00137532
5530.0	0.00345718
5545.0	0.0100509
5560.0	0.023823
5575.0	0.0505518
5590.0	0.110002
5605.0	0.232827
5620.0	0.428156
5635.0	0.664796
5650.0	0.844008
5665.0	0.924856
5680.0	0.935029
5695.0	0.929937
5710.0	0.931282
5725.0	0.949328
5740.0	0.946323
5755.0	0.932458
5770.0	0.924591
5785.0	0.929027
5800.0	0.947563
5815.0	0.964431
5830.0	0.987883
5845.0	1.0
5860.0	0.951475
5875.0	0.832455
5890.0	0.637438
5905.0	0.407955
5920.0	0.230751
5935.0	0.127179
5950.0	0.068494
5965.0	0.0363461
5980.0	0.018399
5995.0	0.0113857
6010.0	0.00618958
6025.0	0.0048396
6040.0	0.0
6055.0	0.0
