# IA427_COSMOS
4065.0	0.0
4075.0	0.0
4085.0	0.00210861
4095.0	0.00364357
4105.0	0.00824982
4115.0	0.0219828
4125.0	0.0626865
4135.0	0.154222
4145.0	0.307824
4155.0	0.506603
4165.0	0.69921
4175.0	0.838932
4185.0	0.914922
4195.0	0.934761
4205.0	0.925454
4215.0	0.920016
4225.0	0.924332
4235.0	0.939198
4245.0	0.95503
4255.0	0.968794
4265.0	0.976843
4275.0	0.979817
4285.0	0.981677
4295.0	0.985378
4305.0	0.987734
4315.0	1.0
4325.0	0.985089
4335.0	0.9282
4345.0	0.825156
4355.0	0.67296
4365.0	0.486612
4375.0	0.300695
4385.0	0.153193
4395.0	0.0646336
4405.0	0.0246474
4415.0	0.00977972
4425.0	0.00514881
4435.0	0.0
4445.0	0.0
