# IA856_GOODSS
7860.0	0.0
7885.0	0.0
7910.0	0.00494007
7935.0	0.00525858
7960.0	0.00664717
7985.0	0.00707197
8010.0	0.00638986
8035.0	0.00789716
8060.0	0.0073808
8085.0	0.00658019
8110.0	0.00598408
8135.0	0.00630074
8160.0	0.00763922
8185.0	0.0066953
8210.0	0.00564499
8235.0	0.00566054
8260.0	0.00773244
8285.0	0.00748117
8310.0	0.0131705
8335.0	0.0338642
8360.0	0.113922
8385.0	0.313137
8410.0	0.554329
8435.0	0.773244
8460.0	0.944904
8485.0	1.0
8510.0	0.996959
8535.0	0.995284
8560.0	0.996308
8585.0	0.99864
8610.0	0.999288
8635.0	0.996531
8660.0	0.963291
8685.0	0.851742
8710.0	0.665163
8735.0	0.465493
8760.0	0.248463
8785.0	0.0875133
8810.0	0.0284593
8835.0	0.0119949
8860.0	0.00688903
8885.0	0.00518763
8910.0	0.00460278
8935.0	0.00379949
8960.0	0.0031266
8985.0	0.00287248
9010.0	0.00278719
9035.0	0.00234333
9060.0	0.00230424
9085.0	0.0018713
9110.0	0.00168793
9135.0	0.00159767
9160.0	0.00142035
9185.0	0.00111257
9210.0	0.00104108
9235.0	0.000988459
9260.0	0.0
9285.0	0.0
