# IA505_COSMOS
4800.0	0.0
4815.0	0.0
4830.0	0.0013272
4845.0	0.00257197
4860.0	0.0053994
4875.0	0.0121566
4890.0	0.0276749
4905.0	0.0691015
4920.0	0.171393
4935.0	0.363545
4950.0	0.600625
4965.0	0.791823
4980.0	0.868084
4995.0	0.893014
5010.0	0.925589
5025.0	0.949468
5040.0	0.969786
5055.0	0.976703
5070.0	0.980631
5085.0	0.991249
5100.0	1.0
5115.0	0.998475
5130.0	0.968288
5145.0	0.890443
5160.0	0.73429
5175.0	0.519959
5190.0	0.301024
5205.0	0.139127
5220.0	0.0560855
5235.0	0.0229724
5250.0	0.0105344
5265.0	0.00619128
5280.0	0.0
5295.0	0.0
