# Ip_COSMOS
6720.0	0.0
6745.0	0.0
6770.0	0.013904
6795.0	0.0306047
6820.0	0.0695658
6845.0	0.130886
6870.0	0.211269
6895.0	0.310718
6920.0	0.422594
6945.0	0.5328
6970.0	0.635089
6995.0	0.718625
7020.0	0.781098
7045.0	0.826725
7070.0	0.861027
7095.0	0.883585
7120.0	0.899515
7145.0	0.904054
7170.0	0.879297
7195.0	0.883787
7220.0	0.911496
7245.0	0.926329
7270.0	0.936304
7295.0	0.944454
7320.0	0.963779
7345.0	0.980589
7370.0	0.979404
7395.0	0.974776
7420.0	0.974548
7445.0	0.971941
7470.0	0.972585
7495.0	0.977044
7520.0	0.982276
7545.0	0.984767
7570.0	0.980978
7595.0	0.769494
7620.0	0.653156
7645.0	0.729893
7670.0	0.905297
7695.0	0.978072
7720.0	0.972659
7745.0	0.97382
7770.0	0.981162
7795.0	0.980119
7820.0	0.983962
7845.0	0.993911
7870.0	1.0
7895.0	0.99553
7920.0	0.991227
7945.0	0.986764
7970.0	0.983162
7995.0	0.97937
8020.0	0.970187
8045.0	0.958414
8070.0	0.947319
8095.0	0.935708
8120.0	0.910488
8145.0	0.884641
8170.0	0.873511
8195.0	0.860555
8220.0	0.846101
8245.0	0.830386
8270.0	0.814203
8295.0	0.797643
8320.0	0.78787
8345.0	0.772851
8370.0	0.730515
8395.0	0.66057
8420.0	0.564501
8445.0	0.449411
8470.0	0.32972
8495.0	0.222504
8520.0	0.138912
8545.0	0.0814332
8570.0	0.0459043
8595.0	0.0258238
8620.0	0.0151244
8645.0	0.00968231
8670.0	0.00698078
8695.0	0.00548111
8720.0	0.0045858
8745.0	0.00402422
8770.0	0.00375567
8795.0	0.00359409
8820.0	0.00346458
8845.0	0.00321371
8870.0	0.00301427
8895.0	0.0029294
8920.0	0.00275205
8945.0	0.00256933
8970.0	0.00230192
8995.0	0.0020673
9020.0	0.0
9045.0	0.0
