# R_UDS
5725.0	0.0
5745.0	0.0
5765.0	0.0119077
5785.0	0.0252635
5805.0	0.0561693
5825.0	0.105856
5845.0	0.174838
5865.0	0.258527
5885.0	0.35024
5905.0	0.44104
5925.0	0.523801
5945.0	0.595334
5965.0	0.654696
5985.0	0.703354
6005.0	0.742793
6025.0	0.775372
6045.0	0.802341
6065.0	0.825907
6085.0	0.847713
6105.0	0.868333
6125.0	0.886956
6145.0	0.90248
6165.0	0.914372
6185.0	0.923926
6205.0	0.931808
6225.0	0.938243
6245.0	0.943416
6265.0	0.947404
6285.0	0.952217
6305.0	0.958524
6325.0	0.965242
6345.0	0.971134
6365.0	0.974941
6385.0	0.978656
6405.0	0.983044
6425.0	0.988856
6445.0	0.994401
6465.0	0.998206
6485.0	1.0
6505.0	0.998372
6525.0	0.99363
6545.0	0.987795
6565.0	0.981097
6585.0	0.974526
6605.0	0.969224
6625.0	0.967008
6645.0	0.96988
6665.0	0.976813
6685.0	0.98492
6705.0	0.991744
6725.0	0.994725
6745.0	0.992022
6765.0	0.984451
6785.0	0.973176
6805.0	0.961829
6825.0	0.954663
6845.0	0.952205
6865.0	0.955501
6885.0	0.963361
6905.0	0.972261
6925.0	0.975885
6945.0	0.967094
6965.0	0.941599
6985.0	0.897493
7005.0	0.837669
7025.0	0.76707
7045.0	0.687886
7065.0	0.601605
7085.0	0.511227
7105.0	0.418765
7125.0	0.328661
7145.0	0.248143
7165.0	0.181168
7185.0	0.12924
7205.0	0.0917342
7225.0	0.0652181
7245.0	0.0471261
7265.0	0.0347044
7285.0	0.0261287
7305.0	0.0201913
7325.0	0.0159655
7345.0	0.012809
7365.0	0.0104986
7385.0	0.00877619
7405.0	0.0073232
7425.0	0.00623032
7445.0	0.00534858
7465.0	0.00442895
7485.0	0.00368154
7505.0	0.00318411
7525.0	0.00276509
7545.0	0.0
7565.0	0.0
