# IA550_GOODSS
5200.0	0.0
5215.0	0.0
5230.0	0.00177642
5245.0	0.00291558
5260.0	0.00555038
5275.0	0.0106998
5290.0	0.0216168
5305.0	0.0472651
5320.0	0.101636
5335.0	0.206889
5350.0	0.377958
5365.0	0.591981
5380.0	0.78987
5395.0	0.91487
5410.0	0.975166
5425.0	0.994284
5440.0	1.0
5455.0	0.997525
5470.0	0.990866
5485.0	0.983088
5500.0	0.97533
5515.0	0.970288
5530.0	0.969811
5545.0	0.970628
5560.0	0.973989
5575.0	0.969195
5590.0	0.933233
5605.0	0.831912
5620.0	0.661642
5635.0	0.462045
5650.0	0.281982
5665.0	0.153408
5680.0	0.079163
5695.0	0.0406805
5710.0	0.0214851
5725.0	0.0117675
5740.0	0.00654145
5755.0	0.0042082
5770.0	0.0
5785.0	0.0
