# IA709_COSMOS
6760.0	0.0
6780.0	0.0
6800.0	0.00287212
6820.0	0.00656026
6840.0	0.0204968
6860.0	0.0650594
6880.0	0.173535
6900.0	0.365067
6920.0	0.598976
6940.0	0.789163
6960.0	0.891239
6980.0	0.926427
7000.0	0.945248
7020.0	0.971682
7040.0	0.985116
7060.0	0.987023
7080.0	0.983529
7100.0	0.985901
7120.0	0.99158
7140.0	1.0
7160.0	0.977783
7180.0	0.915296
7200.0	0.797346
7220.0	0.618189
7240.0	0.42059
7260.0	0.244483
7280.0	0.121441
7300.0	0.0539731
7320.0	0.0230246
7340.0	0.0103482
7360.0	0.00557386
7380.0	0.0
7400.0	0.0
