# B_COSMOS
3630.0	0.0
3640.0	0.0
3650.0	0.00519971
3660.0	0.00695818
3670.0	0.00982686
3680.0	0.0132456
3690.0	0.0173049
3700.0	0.0221525
3710.0	0.0280317
3720.0	0.0352749
3730.0	0.0443094
3740.0	0.0553524
3750.0	0.0676101
3760.0	0.0808139
3770.0	0.0947237
3780.0	0.108509
3790.0	0.122214
3800.0	0.135755
3810.0	0.148126
3820.0	0.160511
3830.0	0.174164
3840.0	0.188726
3850.0	0.205386
3860.0	0.223945
3870.0	0.243154
3880.0	0.263866
3890.0	0.284179
3900.0	0.303208
3910.0	0.321672
3920.0	0.340481
3930.0	0.359348
3940.0	0.377971
3950.0	0.395411
3960.0	0.412969
3970.0	0.431292
3980.0	0.448816
3990.0	0.466035
4000.0	0.480257
4010.0	0.49011
4020.0	0.50062
4030.0	0.511841
4040.0	0.521619
4050.0	0.528903
4060.0	0.536726
4070.0	0.545679
4080.0	0.555671
4090.0	0.565771
4100.0	0.5765
4110.0	0.588254
4120.0	0.599647
4130.0	0.610751
4140.0	0.624268
4150.0	0.637335
4160.0	0.648494
4170.0	0.65795
4180.0	0.667743
4190.0	0.67954
4200.0	0.690694
4210.0	0.698751
4220.0	0.702875
4230.0	0.705588
4240.0	0.707198
4250.0	0.710063
4260.0	0.716137
4270.0	0.722652
4280.0	0.728604
4290.0	0.73519
4300.0	0.743854
4310.0	0.753528
4320.0	0.76368
4330.0	0.774022
4340.0	0.781278
4350.0	0.788806
4360.0	0.80009
4370.0	0.811002
4380.0	0.820906
4390.0	0.829332
4400.0	0.837786
4410.0	0.847322
4420.0	0.853372
4430.0	0.857096
4440.0	0.860413
4450.0	0.863002
4460.0	0.865367
4470.0	0.869222
4480.0	0.875955
4490.0	0.883579
4500.0	0.891134
4510.0	0.896425
4520.0	0.901829
4530.0	0.907649
4540.0	0.914042
4550.0	0.9211
4560.0	0.928814
4570.0	0.933402
4580.0	0.937282
4590.0	0.941884
4600.0	0.943833
4610.0	0.944483
4620.0	0.941733
4630.0	0.936889
4640.0	0.932009
4650.0	0.927388
4660.0	0.923695
4670.0	0.922195
4680.0	0.923399
4690.0	0.926904
4700.0	0.933145
4710.0	0.939571
4720.0	0.945854
4730.0	0.953442
4740.0	0.961856
4750.0	0.971689
4760.0	0.988285
4770.0	0.994988
4780.0	0.998692
4790.0	1.0
4800.0	0.998898
4810.0	0.996052
4820.0	0.991389
4830.0	0.983585
4840.0	0.969705
4850.0	0.94572
4860.0	0.90769
4870.0	0.853846
4880.0	0.784575
4890.0	0.701983
4900.0	0.610988
4910.0	0.518475
4920.0	0.429112
4930.0	0.347005
4940.0	0.275052
4950.0	0.214409
4960.0	0.164668
4970.0	0.125041
4980.0	0.0944423
4990.0	0.0711207
5000.0	0.0536014
5010.0	0.0405642
5020.0	0.0309526
5030.0	0.0238679
5040.0	0.0186563
5050.0	0.0148431
5060.0	0.0120394
5070.0	0.00996546
5080.0	0.00843115
5090.0	0.00726792
5100.0	0.00633988
5110.0	0.00560135
5120.0	0.00500483
5130.0	0.004482
5140.0	0.00402101
5150.0	0.00362501
5160.0	0.00326703
5170.0	0.00290838
5180.0	0.00256035
5190.0	0.00223763
5200.0	0.00194718
5210.0	0.00175365
5220.0	0.0
5230.0	0.0
