# Rp_COSMOS
5400.0	0.0
5420.0	0.0
5440.0	0.0228037
5460.0	0.0479318
5480.0	0.101512
5500.0	0.176469
5520.0	0.263315
5540.0	0.351192
5560.0	0.432054
5580.0	0.505914
5600.0	0.569461
5620.0	0.625103
5640.0	0.667591
5660.0	0.700977
5680.0	0.730138
5700.0	0.752267
5720.0	0.771304
5740.0	0.795664
5760.0	0.817624
5780.0	0.832618
5800.0	0.846473
5820.0	0.856365
5840.0	0.860311
5860.0	0.862874
5880.0	0.868797
5900.0	0.877891
5920.0	0.885563
5940.0	0.893161
5960.0	0.899289
5980.0	0.903601
6000.0	0.904365
6020.0	0.90701
6040.0	0.909222
6060.0	0.90704
6080.0	0.899456
6100.0	0.888564
6120.0	0.877741
6140.0	0.871181
6160.0	0.870466
6180.0	0.876236
6200.0	0.889236
6220.0	0.906833
6240.0	0.926956
6260.0	0.945187
6280.0	0.958652
6300.0	0.968296
6320.0	0.975089
6340.0	0.98077
6360.0	0.985164
6380.0	0.987931
6400.0	0.989731
6420.0	0.989715
6440.0	0.989972
6460.0	0.99077
6480.0	0.993121
6500.0	0.995957
6520.0	0.996878
6540.0	0.998254
6560.0	0.99916
6580.0	0.999805
6600.0	1.0
6620.0	0.998637
6640.0	0.9973
6660.0	0.996209
6680.0	0.99491
6700.0	0.99306
6720.0	0.991118
6740.0	0.990233
6760.0	0.988942
6780.0	0.982829
6800.0	0.967097
6820.0	0.940912
6840.0	0.892251
6860.0	0.834506
6880.0	0.773447
6900.0	0.716127
6920.0	0.647979
6940.0	0.564413
6960.0	0.470693
6980.0	0.375704
7000.0	0.284529
7020.0	0.207933
7040.0	0.148945
7060.0	0.105847
7080.0	0.0754555
7100.0	0.0543336
7120.0	0.0396474
7140.0	0.0291778
7160.0	0.0212203
7180.0	0.0157475
7200.0	0.0
7220.0	0.0
