# Zp_COSMOS
7925.0	0.0
7955.0	0.0
7985.0	0.00314144
8015.0	0.00396825
8045.0	0.00511933
8075.0	0.00656349
8105.0	0.00858687
8135.0	0.0110409
8165.0	0.0146202
8195.0	0.0195608
8225.0	0.0263118
8255.0	0.0364105
8285.0	0.0506946
8315.0	0.0729505
8345.0	0.107359
8375.0	0.156064
8405.0	0.223589
8435.0	0.313619
8465.0	0.42392
8495.0	0.546543
8525.0	0.67031
8555.0	0.789266
8585.0	0.878317
8615.0	0.946246
8645.0	0.978305
8675.0	0.997324
8705.0	1.0
8735.0	0.991354
8765.0	0.974701
8795.0	0.955361
8825.0	0.939262
8855.0	0.930329
8885.0	0.924186
8915.0	0.899689
8945.0	0.855102
8975.0	0.811348
9005.0	0.795382
9035.0	0.786087
9065.0	0.775059
9095.0	0.759708
9125.0	0.744235
9155.0	0.728966
9185.0	0.71226
9215.0	0.694786
9245.0	0.677114
9275.0	0.631434
9305.0	0.560415
9335.0	0.492915
9365.0	0.465604
9395.0	0.477666
9425.0	0.477141
9455.0	0.449754
9485.0	0.441369
9515.0	0.430302
9545.0	0.415584
9575.0	0.417458
9605.0	0.422582
9635.0	0.427269
9665.0	0.429969
9695.0	0.426897
9725.0	0.402108
9755.0	0.375779
9785.0	0.350585
9815.0	0.31256
9845.0	0.260866
9875.0	0.199854
9905.0	0.14024
9935.0	0.0927547
9965.0	0.0585334
9995.0	0.0361113
10025.0	0.0227561
10055.0	0.014713
10085.0	0.00996801
10115.0	0.00695122
10145.0	0.00489262
10175.0	0.00333933
10205.0	0.00230522
10235.0	0.00165976
10265.0	0.00133475
10295.0	0.0
10325.0	0.0
