# IA527_COSMOS
4995.0	0.0
5010.0	0.0
5025.0	0.0024565
5040.0	0.0051226
5055.0	0.0120836
5070.0	0.0266637
5085.0	0.0560942
5100.0	0.114501
5115.0	0.220654
5130.0	0.39099
5145.0	0.607107
5160.0	0.809375
5175.0	0.930959
5190.0	0.969443
5205.0	0.977584
5220.0	0.985822
5235.0	0.997098
5250.0	1.0
5265.0	0.988534
5280.0	0.981286
5295.0	0.97343
5310.0	0.983485
5325.0	0.98228
5340.0	0.932338
5355.0	0.822457
5370.0	0.644184
5385.0	0.442539
5400.0	0.27315
5415.0	0.1579
5430.0	0.0863803
5445.0	0.0439211
5460.0	0.021475
5475.0	0.0119237
5490.0	0.0
5505.0	0.0
