# IA445_GOODSS
4240.0	0.0
4250.0	0.0
4260.0	0.000934375
4270.0	0.00136401
4280.0	0.00294487
4290.0	0.00646799
4300.0	0.0183801
4310.0	0.0550017
4320.0	0.146271
4330.0	0.313543
4340.0	0.52746
4350.0	0.721796
4360.0	0.835389
4370.0	0.873446
4380.0	0.88654
4390.0	0.8831
4400.0	0.870816
4410.0	0.85411
4420.0	0.841276
4430.0	0.836453
4440.0	0.847956
4450.0	0.872443
4460.0	0.907669
4470.0	0.946318
4480.0	0.981673
4490.0	1.0
4500.0	0.999515
4510.0	0.960753
4520.0	0.878245
4530.0	0.741138
4540.0	0.557973
4550.0	0.360239
4560.0	0.1979
4570.0	0.0937213
4580.0	0.0413811
4590.0	0.0187024
4600.0	0.00917701
4610.0	0.00471606
4620.0	0.00275972
4630.0	0.00177855
4640.0	0.0
4650.0	0.0
