# Ks_GOODSN
18105.0	0.0
18175.0	0.0
18245.0	0.00107572
18315.0	0.000440773
18385.0	0.000225547
18455.0	0.000488582
18525.0	0.000467532
18595.0	0.000516726
18665.0	0.000796283
18735.0	6.79667e-05
18805.0	0.000646737
18875.0	0.000994404
18945.0	0.0008318
19015.0	0.000430708
19085.0	0.000668329
19155.0	0.000662577
19225.0	0.00119893
19295.0	0.00122612
19365.0	0.00174448
19435.0	0.00259551
19505.0	0.00480264
19575.0	0.00638071
19645.0	0.0190943
19715.0	0.0524626
19785.0	0.121971
19855.0	0.238826
19925.0	0.4318
19995.0	0.416284
20065.0	0.215419
20135.0	0.354968
20205.0	0.456748
20275.0	0.766387
20345.0	0.91488
20415.0	0.907448
20485.0	0.832199
20555.0	0.622382
20625.0	0.716155
20695.0	0.697923
20765.0	0.826721
20835.0	0.909993
20905.0	0.921809
20975.0	0.964697
21045.0	0.975887
21115.0	0.975563
21185.0	0.986886
21255.0	0.988354
21325.0	0.996133
21395.0	1.0
21465.0	0.997375
21535.0	0.979276
21605.0	0.977452
21675.0	0.974106
21745.0	0.984556
21815.0	0.985086
21885.0	0.984331
21955.0	0.985624
22025.0	0.926084
22095.0	0.972688
22165.0	0.983282
22235.0	0.97703
22305.0	0.957406
22375.0	0.942183
22445.0	0.938109
22515.0	0.941787
22585.0	0.920573
22655.0	0.942267
22725.0	0.928536
22795.0	0.91076
22865.0	0.90487
22935.0	0.814945
23005.0	0.651978
23075.0	0.405978
23145.0	0.233642
23215.0	0.102428
23285.0	0.0611076
23355.0	0.0334999
23425.0	0.0181123
23495.0	0.0104112
23565.0	0.00671893
23635.0	0.00525952
23705.0	0.00376179
23775.0	0.00325853
23845.0	0.00351373
23915.0	0.0
23985.0	0.0
