# IA598_GOODSS
5605.0	0.0
5625.0	0.0
5645.0	0.000883806
5665.0	0.000850786
5685.0	0.000953444
5705.0	0.00155407
5725.0	0.00294921
5745.0	0.0065908
5765.0	0.0149372
5785.0	0.0330674
5805.0	0.0702434
5825.0	0.151572
5845.0	0.321592
5865.0	0.574837
5885.0	0.813327
5905.0	0.948582
5925.0	0.982165
5945.0	0.997137
5965.0	0.995532
5985.0	1.0
6005.0	0.99761
6025.0	0.984508
6045.0	0.975164
6065.0	0.974017
6085.0	0.970207
6105.0	0.974402
6125.0	0.893906
6145.0	0.691849
6165.0	0.398021
6185.0	0.17413
6205.0	0.0722464
6225.0	0.0329417
6245.0	0.0165788
6265.0	0.0087849
6285.0	0.00404593
6305.0	0.00189496
6325.0	0.00139041
6345.0	0.0
6365.0	0.0
