# IA738_COSMOS
7040.0	0.0
7060.0	0.0
7080.0	0.00216895
7100.0	0.00457061
7120.0	0.0125949
7140.0	0.0376338
7160.0	0.110773
7180.0	0.277559
7200.0	0.528428
7220.0	0.778478
7240.0	0.919686
7260.0	0.971084
7280.0	0.986044
7300.0	0.965102
7320.0	0.972869
7340.0	0.979372
7360.0	0.998615
7380.0	1.0
7400.0	0.9783
7420.0	0.952462
7440.0	0.923093
7460.0	0.901838
7480.0	0.830577
7500.0	0.711866
7520.0	0.541503
7540.0	0.326175
7560.0	0.160324
7580.0	0.0669464
7600.0	0.026241
7620.0	0.0131272
7640.0	0.0
7660.0	0.0
