# J_UDS
11170.0	0.0
11210.0	0.0
11250.0	0.00123182
11290.0	0.00181841
11330.0	0.00269826
11370.0	0.00445798
11410.0	0.00774284
11450.0	0.0116436
11490.0	0.0215567
11530.0	0.0392715
11570.0	0.078367
11610.0	0.154828
11650.0	0.295166
11690.0	0.494164
11730.0	0.67175
11770.0	0.771439
11810.0	0.79898
11850.0	0.816313
11890.0	0.821269
11930.0	0.830948
11970.0	0.827546
12010.0	0.824672
12050.0	0.818571
12090.0	0.840392
12130.0	0.867609
12170.0	0.895296
12210.0	0.910576
12250.0	0.914506
12290.0	0.90647
12330.0	0.897056
12370.0	0.896117
12410.0	0.907614
12450.0	0.928144
12490.0	0.948029
12530.0	0.958148
12570.0	0.95146
12610.0	0.921809
12650.0	0.885734
12690.0	0.852034
12730.0	0.930285
12770.0	0.959995
12810.0	0.988679
12850.0	1.0
12890.0	0.995102
12930.0	0.97991
12970.0	0.962166
13010.0	0.94973
13050.0	0.943278
13090.0	0.949407
13130.0	0.952722
13170.0	0.918611
13210.0	0.80549
13250.0	0.647672
13290.0	0.452339
13330.0	0.28367
13370.0	0.183394
13410.0	0.119193
13450.0	0.070155
13490.0	0.0377173
13530.0	0.0190054
13570.0	0.0103532
13610.0	0.00369541
13650.0	0.00428195
13690.0	0.00208237
13730.0	0.00290354
13770.0	0.00278622
13810.0	0.00126118
13850.0	0.00099719
13890.0	0.00137845
13930.0	0.000967861
13970.0	0.000703901
14010.0	0.000557267
14050.0	0.000527921
14090.0	0.0
14130.0	0.0
