# K_UDS
19115.0	0.0
19185.0	0.0
19255.0	0.00296378
19325.0	0.00467482
19395.0	0.00641643
19465.0	0.0097163
19535.0	0.010969
19605.0	0.0147883
19675.0	0.0222894
19745.0	0.0343584
19815.0	0.0483829
19885.0	0.0657225
19955.0	0.0844829
20025.0	0.0549365
20095.0	0.106084
20165.0	0.162504
20235.0	0.345388
20305.0	0.539484
20375.0	0.673068
20445.0	0.753242
20515.0	0.645921
20585.0	0.679545
20655.0	0.691584
20725.0	0.788439
20795.0	0.889133
20865.0	0.908275
20935.0	0.934674
21005.0	0.945964
21075.0	0.951617
21145.0	0.955696
21215.0	0.956536
21285.0	0.965672
21355.0	0.97134
21425.0	0.975388
21495.0	0.973433
21565.0	0.976061
21635.0	0.971478
21705.0	0.973249
21775.0	0.970454
21845.0	0.966069
21915.0	0.970072
21985.0	0.947141
22055.0	0.962724
22125.0	0.976962
22195.0	0.972929
22265.0	0.984906
22335.0	0.98538
22405.0	0.995447
22475.0	1.0
22545.0	0.993156
22615.0	0.98263
22685.0	0.981727
22755.0	0.953358
22825.0	0.930795
22895.0	0.914127
22965.0	0.880013
23035.0	0.857996
23105.0	0.881235
23175.0	0.824723
23245.0	0.888904
23315.0	0.900713
23385.0	0.905769
23455.0	0.916555
23525.0	0.886783
23595.0	0.870235
23665.0	0.777596
23735.0	0.591162
23805.0	0.513025
23875.0	0.395451
23945.0	0.296684
24015.0	0.225461
24085.0	0.158501
24155.0	0.106192
24225.0	0.0754538
24295.0	0.0532259
24365.0	0.0310431
24435.0	0.0227477
24505.0	0.0139939
24575.0	0.0104955
24645.0	0.00685942
24715.0	0.00553038
24785.0	0.0
24855.0	0.0
