# H_UDS
14165.0	0.0
14215.0	0.0
14265.0	0.00248531
14315.0	0.00299367
14365.0	0.00442464
14415.0	0.00700405
14465.0	0.0108639
14515.0	0.0161545
14565.0	0.0274326
14615.0	0.0410265
14665.0	0.0601369
14715.0	0.08836
14765.0	0.151021
14815.0	0.227746
14865.0	0.337871
14915.0	0.483131
14965.0	0.614343
15015.0	0.733958
15065.0	0.805619
15115.0	0.856417
15165.0	0.881853
15215.0	0.897293
15265.0	0.904466
15315.0	0.910133
15365.0	0.914238
15415.0	0.921769
15465.0	0.932953
15515.0	0.9412
15565.0	0.948938
15615.0	0.956131
15665.0	0.960706
15715.0	0.921807
15765.0	0.941407
15815.0	0.94826
15865.0	0.975316
15915.0	0.978818
15965.0	0.978875
16015.0	0.937114
16065.0	0.95517
16115.0	0.956055
16165.0	0.990191
16215.0	0.997195
16265.0	1.0
16315.0	0.998776
16365.0	0.993429
16415.0	0.977971
16465.0	0.967747
16515.0	0.957335
16565.0	0.952403
16615.0	0.94312
16665.0	0.913296
16715.0	0.93043
16765.0	0.924236
16815.0	0.928811
16865.0	0.932727
16915.0	0.937246
16965.0	0.941727
17015.0	0.941106
17065.0	0.934534
17115.0	0.931767
17165.0	0.921543
17215.0	0.904447
17265.0	0.893395
17315.0	0.881213
17365.0	0.877994
17415.0	0.871178
17465.0	0.852406
17515.0	0.853668
17565.0	0.826518
17615.0	0.801495
17665.0	0.737329
17715.0	0.703758
17765.0	0.615134
17815.0	0.550403
17865.0	0.451292
17915.0	0.376224
17965.0	0.308932
18015.0	0.206676
18065.0	0.172974
18115.0	0.11536
18165.0	0.0901114
18215.0	0.0533966
18265.0	0.0455264
18315.0	0.0268113
18365.0	0.0103178
18415.0	0.00847266
18465.0	0.00980946
18515.0	0.00811493
18565.0	0.0061568
18615.0	0.00549782
18665.0	0.00438696
18715.0	0.00101672
18765.0	0.00218406
18815.0	0.00363383
18865.0	0.00321961
18915.0	0.00176984
18965.0	0.00231586
19015.0	0.000922579
19065.0	0.00116734
19115.0	0.0010732
19165.0	0.00105438
19215.0	0.0
19265.0	0.0
