# From Hoversten 2011 (priv. comm.) via FSPS
#


1600.0  0
1610.0  0.249
1620.0  0.499
1630.0  0.749
1640.0  0.998
1650.0  1.247
1660.0  1.497
1670.0  1.747
1680.0  1.917
1690.0  2.041
1700.0  2.142
1710.0  2.159
1720.0  2.196
1730.0  2.33
1740.0  2.46
1750.0  2.568
1760.0  2.673
1770.0  2.736
1780.0  2.798
1790.0  2.858
1800.0  2.915
1810.0  2.988
1820.0  3.058
1830.0  3.109
1840.0  3.191
1850.0  3.271
1860.0  3.348
1870.0  3.438
1880.0  3.542
1890.0  3.787
1900.0  3.881
1910.0  3.875
1920.0  3.962
1930.0  3.999
1940.0  4.064
1950.0  4.125
1960.0  4.212
1970.0  4.309
1980.0  4.43
1990.0  4.503
2000.0  4.614
2010.0  4.677
2020.0  4.737
2030.0  4.818
2040.0  4.894
2050.0  4.965
2060.0  5.056
2070.0  5.141
2080.0  5.244
2090.0  5.352
2100.0  5.475
2110.0  5.659
2120.0  5.844
2130.0  6.061
2140.0  6.265
2150.0  6.488
2160.0  6.727
2170.0  6.981
2180.0  7.219
2190.0  7.449
2200.0  7.708
2210.0  7.916
2220.0  8.265
2230.0  8.634
2240.0  9.004
2250.0  9.525
2260.0  10.086
2270.0  10.649
2280.0  11.25
2290.0  11.863
2300.0  12.478
2310.0  13.104
2320.0  13.761
2330.0  14.4
2340.0  14.994
2350.0  15.713
2360.0  16.454
2370.0  17.177
2380.0  17.874
2390.0  18.535
2400.0  19.188
2410.0  19.785
2420.0  20.364
2430.0  20.906
2440.0  21.401
2450.0  21.637
2460.0  21.833
2470.0  21.963
2480.0  22.083
2490.0  22.154
2500.0  22.187
2510.0  22.21
2520.0  22.203
2530.0  22.177
2540.0  22.111
2550.0  22.222
2560.0  22.269
2570.0  22.276
2580.0  22.253
2590.0  22.23
2600.0  22.178
2610.0  22.117
2620.0  22.026
2630.0  21.935
2640.0  21.815
2650.0  21.628
2660.0  21.412
2670.0  21.177
2680.0  20.981
2690.0  20.728
2700.0  20.476
2710.0  20.214
2720.0  19.944
2730.0  19.665
2740.0  19.377
2750.0  19.004
2760.0  18.603
2770.0  18.241
2780.0  17.852
2790.0  17.445
2800.0  17.049
2810.0  16.634
2820.0  16.212
2830.0  15.79
2840.0  15.351
2850.0  14.923
2860.0  14.486
2870.0  14.051
2880.0  13.645
2890.0  13.212
2900.0  12.781
2910.0  12.288
2920.0  11.73
2930.0  11.191
2940.0  10.662
2950.0  10.144
2960.0  9.644
2970.0  9.171
2980.0  8.715
2990.0  8.269
3000.0  7.841
3010.0  7.445
3020.0  7.058
3030.0  6.679
3040.0  6.331
3050.0  5.907
3060.0  5.5
3070.0  5.133
3080.0  4.782
3090.0  4.461
3100.0  4.148
3110.0  3.864
3120.0  3.601
3130.0  3.338
3140.0  3.101
3150.0  2.949
3160.0  2.801
3170.0  2.662
3180.0  2.526
3190.0  2.4
3200.0  2.229
3210.0  2.121
3220.0  2.01
3230.0  1.913
3240.0  1.813
3250.0  1.711
3260.0  1.611
3270.0  1.518
3280.0  1.434
3290.0  1.352
3300.0  1.267
3310.0  1.251
3320.0  1.235
3330.0  1.219
3340.0  1.203
3350.0  1.187
3360.0  1.171
3370.0  1.155
3380.0  1.139
3390.0  1.124
3400.0  1.108
3410.0  1.092
3420.0  1.077
3430.0  1.062
3440.0  1.047
3450.0  1.032
3460.0  1.017
3470.0  1.003
3480.0  0.989
3490.0  0.974
3500.0  0.961
3510.0  0.947
3520.0  0.934
3530.0  0.921
3540.0  0.908
3550.0  0.895
3560.0  0.883
3570.0  0.871
3580.0  0.859
3590.0  0.848
3600.0  0.837
3610.0  0.826
3620.0  0.816
3630.0  0.806
3640.0  0.797
3650.0  0.787
3660.0  0.778
3670.0  0.77
3680.0  0.761
3690.0  0.753
3700.0  0.745
3710.0  0.738
3720.0  0.731
3730.0  0.724
3740.0  0.717
3750.0  0.71
3760.0  0.704
3770.0  0.698
3780.0  0.692
3790.0  0.686
3800.0  0.68
3810.0  0.675
3820.0  0.67
3830.0  0.665
3840.0  0.66
3850.0  0.655
3860.0  0.65
3870.0  0.646
3880.0  0.641
3890.0  0.637
3900.0  0.633
3910.0  0.628
3920.0  0.624
3930.0  0.62
3940.0  0.616
3950.0  0.612
3960.0  0.608
3970.0  0.605
3980.0  0.601
3990.0  0.597
4000.0  0.593
4010.0  0.589
4020.0  0.585
4030.0  0.581
4040.0  0.577
4050.0  0.574
4060.0  0.569
4070.0  0.565
4080.0  0.561
4090.0  0.557
4100.0  0.553
4110.0  0.548
4120.0  0.544
4130.0  0.539
4140.0  0.534
4150.0  0.529
4160.0  0.524
4170.0  0.519
4180.0  0.514
4190.0  0.508
4200.0  0.502
4210.0  0.496
4220.0  0.49
4230.0  0.484
4240.0  0.478
4250.0  0.471
4260.0  0.464
4270.0  0.457
4280.0  0.45
4290.0  0.443
4300.0  0.436
4310.0  0.429
4320.0  0.421
4330.0  0.413
4340.0  0.406
4350.0  0.398
4360.0  0.39
4370.0  0.382
4380.0  0.374
4390.0  0.366
4400.0  0.358
4410.0  0.35
4420.0  0.342
4430.0  0.334
4440.0  0.326
4450.0  0.318
4460.0  0.31
4470.0  0.302
4480.0  0.294
4490.0  0.285
4500.0  0.277
4510.0  0.27
4520.0  0.262
4530.0  0.254
4540.0  0.246
4550.0  0.238
4560.0  0.231
4570.0  0.223
4580.0  0.216
4590.0  0.209
4600.0  0.201
4610.0  0.194
4620.0  0.187
4630.0  0.181
4640.0  0.174
4650.0  0.168
4660.0  0.161
4670.0  0.155
4680.0  0.149
4690.0  0.143
4700.0  0.138
4710.0  0.133
4720.0  0.127
4730.0  0.122
4740.0  0.118
4750.0  0.113
4760.0  0.109
4770.0  0.104
4780.0  0.1
4790.0  0.097
4800.0  0.093
4810.0  0.089
4820.0  0.086
4830.0  0.083
4840.0  0.08
4850.0  0.077
4860.0  0.074
4870.0  0.071
4880.0  0.069
4890.0  0.067
4900.0  0.064
4910.0  0.062
4920.0  0.06
4930.0  0.058
4940.0  0.057
4950.0  0.055
4960.0  0.053
4970.0  0.052
4980.0  0.051
4990.0  0.049
5000.0  0.048
5010.0  0.047
5020.0  0.046
5030.0  0.045
5040.0  0.044
5050.0  0.043
5060.0  0.043
5070.0  0.042
5080.0  0.041
5090.0  0.041
5100.0  0.04
5110.0  0.04
5120.0  0.039
5130.0  0.039
5140.0  0.038
5150.0  0.038
5160.0  0.038
5170.0  0.037
5180.0  0.037
5190.0  0.037
5200.0  0.036
5210.0  0.036
5220.0  0.036
5230.0  0.036
5240.0  0.035
5250.0  0.035
5260.0  0.035
5270.0  0.034
5280.0  0.034
5290.0  0.034
5300.0  0.034
5310.0  0.033
5320.0  0.033
5330.0  0.033
5340.0  0.033
5350.0  0.032
5360.0  0.032
5370.0  0.032
5380.0  0.031
5390.0  0.031
5400.0  0.031
5410.0  0.031
5420.0  0.03
5430.0  0.03
5440.0  0.03
5450.0  0.03
5460.0  0.029
5470.0  0.029
5480.0  0.029
5490.0  0.029
5500.0  0.028
5510.0  0.028
5520.0  0.028
5530.0  0.028
5540.0  0.027
5550.0  0.027
5560.0  0.027
5570.0  0.027
5580.0  0.026
5590.0  0.026
5600.0  0.026
5610.0  0.026
5620.0  0.025
5630.0  0.025
5640.0  0.025
5650.0  0.025
5660.0  0.024
5670.0  0.024
5680.0  0.024
5690.0  0.024
5700.0  0.024
5710.0  0.023
5720.0  0.023
5730.0  0.023
5740.0  0.023
5750.0  0.022
5760.0  0.022
5770.0  0.022
5780.0  0.022
5790.0  0.021
5800.0  0.021
5810.0  0.021
5820.0  0.021
5830.0  0.021
5840.0  0.02
5850.0  0.02
5860.0  0.02
5870.0  0.02
5880.0  0.02
5890.0  0.019
5900.0  0.019
5910.0  0.019
5920.0  0.019
5930.0  0.019
5940.0  0.018
5950.0  0.018
5960.0  0.018
5970.0  0.018
5980.0  0.018
5990.0  0.017
6000.0  0.017
6010.0  0.017
6020.0  0.017
6030.0  0.017
6040.0  0.016
6050.0  0.016
6060.0  0.016
6070.0  0.016
6080.0  0.016
6090.0  0.015
6100.0  0.015
6110.0  0.015
6120.0  0.015
6130.0  0.015
6140.0  0.014
6150.0  0.014
6160.0  0.014
6170.0  0.014
6180.0  0.014
6190.0  0.013
6200.0  0.013
6210.0  0.013
6220.0  0.013
6230.0  0.013
6240.0  0.013
6250.0  0.012
6260.0  0.012
6270.0  0.012
6280.0  0.012
6290.0  0.012
6300.0  0.011
6310.0  0.011
6320.0  0.011
6330.0  0.011
6340.0  0.011
6350.0  0.011
6360.0  0.01
6370.0  0.01
6380.0  0.01
6390.0  0.01
6400.0  0.01
6410.0  0.01
6420.0  0.009
6430.0  0.009
6440.0  0.009
6450.0  0.009
6460.0  0.009
6470.0  0.009
6480.0  0.008
6490.0  0.008
6500.0  0.008
6510.0  0.008
6520.0  0.008
6530.0  0.008
6540.0  0.007
6550.0  0.007
6560.0  0.007
6570.0  0.007
6580.0  0.007
6590.0  0.007
6600.0  0.006
6610.0  0.006
6620.0  0.006
6630.0  0.006
6640.0  0.006
6650.0  0.006
6660.0  0.005
6670.0  0.005
6680.0  0.005
6690.0  0.005
6700.0  0.005
6710.0  0.005
6720.0  0.004
6730.0  0.004
6740.0  0.004
6750.0  0.004
6760.0  0.004
6770.0  0.004
6780.0  0.003
6790.0  0.003
6800.0  0.003
6810.0  0.003
6820.0  0.003
6830.0  0.003
6840.0  0.003
6850.0  0.002
6860.0  0.002
6870.0  0.002
6880.0  0.002
6890.0  0.002
6900.0  0.002
6910.0  0.001
6920.0  0.001
6930.0  0.001
6940.0  0.001
6950.0  0.001
6960.0  0.001
6970.0  0
6980.0  0
6990.0  0
7000.0  0
