# From Hoversten 2011 (priv. comm.) via FSPS
#


1600.0  1.023
1610.0  2.564
1620.0  4.178
1630.0  6.43
1640.0  8.767
1650.0  10.941
1660.0  13.176
1670.0  14.641
1680.0  16.15
1690.0  17.129
1700.0  18.139
1710.0  18.37
1720.0  18.56
1730.0  19.71
1740.0  20.832
1750.0  21.652
1760.0  22.463
1770.0  22.797
1780.0  23.162
1790.0  23.495
1800.0  23.876
1810.0  24.209
1820.0  24.521
1830.0  24.888
1840.0  25.197
1850.0  25.472
1860.0  25.998
1870.0  26.346
1880.0  26.814
1890.0  26.93
1900.0  27.162
1910.0  26.842
1920.0  26.64
1930.0  26.396
1940.0  26.082
1950.0  25.819
1960.0  25.655
1970.0  25.455
1980.0  25.299
1990.0  25.073
2000.0  24.874
2010.0  24.366
2020.0  23.836
2030.0  23.322
2040.0  22.752
2050.0  22.224
2060.0  21.654
2070.0  21.051
2080.0  20.461
2090.0  19.844
2100.0  19.232
2110.0  18.847
2120.0  18.423
2130.0  18.011
2140.0  17.55
2150.0  17.13
2160.0  16.683
2170.0  16.249
2180.0  15.782
2190.0  15.383
2200.0  14.929
2210.0  14.241
2220.0  13.559
2230.0  12.907
2240.0  12.273
2250.0  11.837
2260.0  11.409
2270.0  10.989
2280.0  10.587
2290.0  10.181
2300.0  9.803
2310.0  9.437
2320.0  9.082
2330.0  8.732
2340.0  8.437
2350.0  8.161
2360.0  7.902
2370.0  7.644
2380.0  7.397
2390.0  7.15
2400.0  6.928
2410.0  6.698
2420.0  6.475
2430.0  6.26
2440.0  6.051
2450.0  5.795
2460.0  5.546
2470.0  5.309
2480.0  5.078
2490.0  4.866
2500.0  4.683
2510.0  4.492
2520.0  4.306
2530.0  4.133
2540.0  3.959
2550.0  3.828
2560.0  3.7
2570.0  3.582
2580.0  3.467
2590.0  3.357
2600.0  3.251
2610.0  3.221
2620.0  3.19
2630.0  3.158
2640.0  3.126
2650.0  3.094
2660.0  3.06
2670.0  3.026
2680.0  2.99
2690.0  2.954
2700.0  2.916
2710.0  2.877
2720.0  2.838
2730.0  2.797
2740.0  2.755
2750.0  2.712
2760.0  2.666
2770.0  2.62
2780.0  2.574
2790.0  2.525
2800.0  2.473
2810.0  2.422
2820.0  2.369
2830.0  2.312
2840.0  2.255
2850.0  2.199
2860.0  2.14
2870.0  2.081
2880.0  2.023
2890.0  1.963
2900.0  1.904
2910.0  1.845
2920.0  1.784
2930.0  1.727
2940.0  1.668
2950.0  1.61
2960.0  1.555
2970.0  1.498
2980.0  1.441
2990.0  1.389
3000.0  1.338
3010.0  1.288
3020.0  1.24
3030.0  1.194
3040.0  1.15
3050.0  1.105
3060.0  1.064
3070.0  1.023
3080.0  0.984
3090.0  0.946
3100.0  0.91
3110.0  0.874
3120.0  0.841
3130.0  0.807
3140.0  0.776
3150.0  0.745
3160.0  0.716
3170.0  0.687
3180.0  0.659
3190.0  0.632
3200.0  0.606
3210.0  0.581
3220.0  0.556
3230.0  0.532
3240.0  0.509
3250.0  0.487
3260.0  0.465
3270.0  0.444
3280.0  0.424
3290.0  0.404
3300.0  0.385
3310.0  0.367
3320.0  0.35
3330.0  0.333
3340.0  0.316
3350.0  0.301
3360.0  0.286
3370.0  0.271
3380.0  0.257
3390.0  0.244
3400.0  0.231
3410.0  0.219
3420.0  0.207
3430.0  0.196
3440.0  0.186
3450.0  0.175
3460.0  0.166
3470.0  0.157
3480.0  0.148
3490.0  0.14
3500.0  0.132
3510.0  0.125
3520.0  0.118
3530.0  0.112
3540.0  0.106
3550.0  0.1
3560.0  0.095
3570.0  0.09
3580.0  0.086
3590.0  0.081
3600.0  0.078
3610.0  0.074
3620.0  0.071
3630.0  0.068
3640.0  0.066
3650.0  0.064
3660.0  0.062
3670.0  0.06
3680.0  0.059
3690.0  0.058
3700.0  0.057
3710.0  0.056
3720.0  0.056
3730.0  0.055
3740.0  0.055
3750.0  0.055
3760.0  0.056
3770.0  0.056
3780.0  0.057
3790.0  0.057
3800.0  0.058
3810.0  0.059
3820.0  0.06
3830.0  0.062
3840.0  0.063
3850.0  0.064
3860.0  0.066
3870.0  0.067
3880.0  0.068
3890.0  0.07
3900.0  0.072
3910.0  0.073
3920.0  0.075
3930.0  0.076
3940.0  0.078
3950.0  0.079
3960.0  0.08
3970.0  0.082
3980.0  0.083
3990.0  0.084
4000.0  0.086
4010.0  0.087
4020.0  0.087
4030.0  0.088
4040.0  0.089
4050.0  0.09
4060.0  0.09
4070.0  0.091
4080.0  0.091
4090.0  0.091
4100.0  0.091
4110.0  0.092
4120.0  0.092
4130.0  0.092
4140.0  0.092
4150.0  0.091
4160.0  0.091
4170.0  0.091
4180.0  0.091
4190.0  0.09
4200.0  0.09
4210.0  0.089
4220.0  0.089
4230.0  0.088
4240.0  0.087
4250.0  0.087
4260.0  0.086
4270.0  0.085
4280.0  0.084
4290.0  0.083
4300.0  0.082
4310.0  0.081
4320.0  0.08
4330.0  0.079
4340.0  0.078
4350.0  0.077
4360.0  0.076
4370.0  0.075
4380.0  0.074
4390.0  0.073
4400.0  0.072
4410.0  0.071
4420.0  0.07
4430.0  0.069
4440.0  0.068
4450.0  0.066
4460.0  0.065
4470.0  0.064
4480.0  0.063
4490.0  0.062
4500.0  0.061
4510.0  0.06
4520.0  0.059
4530.0  0.058
4540.0  0.057
4550.0  0.056
4560.0  0.055
4570.0  0.054
4580.0  0.053
4590.0  0.052
4600.0  0.051
4610.0  0.051
4620.0  0.05
4630.0  0.049
4640.0  0.048
4650.0  0.047
4660.0  0.046
4670.0  0.046
4680.0  0.045
4690.0  0.044
4700.0  0.043
4710.0  0.043
4720.0  0.042
4730.0  0.041
4740.0  0.041
4750.0  0.04
4760.0  0.039
4770.0  0.039
4780.0  0.038
4790.0  0.037
4800.0  0.037
4810.0  0.036
4820.0  0.035
4830.0  0.035
4840.0  0.034
4850.0  0.034
4860.0  0.033
4870.0  0.033
4880.0  0.032
4890.0  0.032
4900.0  0.031
4910.0  0.031
4920.0  0.03
4930.0  0.03
4940.0  0.029
4950.0  0.029
4960.0  0.028
4970.0  0.028
4980.0  0.028
4990.0  0.027
5000.0  0.027
5010.0  0.026
5020.0  0.026
5030.0  0.026
5040.0  0.025
5050.0  0.025
5060.0  0.025
5070.0  0.024
5080.0  0.024
5090.0  0.024
5100.0  0.023
5110.0  0.023
5120.0  0.023
5130.0  0.023
5140.0  0.022
5150.0  0.022
5160.0  0.022
5170.0  0.021
5180.0  0.021
5190.0  0.021
5200.0  0.021
5210.0  0.02
5220.0  0.02
5230.0  0.02
5240.0  0.02
5250.0  0.02
5260.0  0.019
5270.0  0.019
5280.0  0.019
5290.0  0.019
5300.0  0.019
5310.0  0.018
5320.0  0.018
5330.0  0.018
5340.0  0.018
5350.0  0.018
5360.0  0.017
5370.0  0.017
5380.0  0.017
5390.0  0.017
5400.0  0.017
5410.0  0.017
5420.0  0.016
5430.0  0.016
5440.0  0.016
5450.0  0.016
5460.0  0.016
5470.0  0.016
5480.0  0.016
5490.0  0.015
5500.0  0.015
5510.0  0.015
5520.0  0.015
5530.0  0.015
5540.0  0.015
5550.0  0.015
5560.0  0.014
5570.0  0.014
5580.0  0.014
5590.0  0.014
5600.0  0.014
5610.0  0.014
5620.0  0.014
5630.0  0.013
5640.0  0.013
5650.0  0.013
5660.0  0.013
5670.0  0.013
5680.0  0.013
5690.0  0.013
5700.0  0.013
5710.0  0.012
5720.0  0.012
5730.0  0.012
5740.0  0.012
5750.0  0.012
5760.0  0.012
5770.0  0.012
5780.0  0.011
5790.0  0.011
5800.0  0.011
5810.0  0.011
5820.0  0.011
5830.0  0.011
5840.0  0.011
5850.0  0.011
5860.0  0.01
5870.0  0.01
5880.0  0.01
5890.0  0.01
5900.0  0.01
5910.0  0.01
5920.0  0.01
5930.0  0.01
5940.0  0.01
5950.0  0.009
5960.0  0.009
5970.0  0.009
5980.0  0.009
5990.0  0.009
6000.0  0.009
6010.0  0.009
6020.0  0.009
6030.0  0.009
6040.0  0.008
6050.0  0.008
6060.0  0.008
6070.0  0.008
6080.0  0.008
6090.0  0.008
6100.0  0.008
6110.0  0.008
6120.0  0.008
6130.0  0.007
6140.0  0.007
6150.0  0.007
6160.0  0.007
6170.0  0.007
6180.0  0.007
6190.0  0.007
6200.0  0.007
6210.0  0.007
6220.0  0.006
6230.0  0.006
6240.0  0.006
6250.0  0.006
6260.0  0.006
6270.0  0.006
6280.0  0.006
6290.0  0.006
6300.0  0.006
6310.0  0.006
6320.0  0.005
6330.0  0.005
6340.0  0.005
6350.0  0.005
6360.0  0.005
6370.0  0.005
6380.0  0.005
6390.0  0.005
6400.0  0.005
6410.0  0.005
6420.0  0.004
6430.0  0.004
6440.0  0.004
6450.0  0.004
6460.0  0.004
6470.0  0.004
6480.0  0.004
6490.0  0.004
6500.0  0.004
6510.0  0.004
6520.0  0.004
6530.0  0.003
6540.0  0.003
6550.0  0.003
6560.0  0.003
6570.0  0.003
6580.0  0.003
6590.0  0.003
6600.0  0.003
6610.0  0.003
6620.0  0.003
6630.0  0.003
6640.0  0.002
6650.0  0.002
6660.0  0.002
6670.0  0.002
6680.0  0.002
6690.0  0.002
6700.0  0.002
6710.0  0.002
6720.0  0.002
6730.0  0.002
6740.0  0.002
6750.0  0.002
6760.0  0.001
6770.0  0.001
6780.0  0.001
6790.0  0.001
6800.0  0.001
6810.0  0.001
6820.0  0.001
6830.0  0.001
6840.0  0.001
6850.0  0.001
6860.0  0.001
6870.0  0.001
6880.0  0.001
6890.0  0.001
6900.0  0.001
6910.0  0
6920.0  0
6930.0  0
6940.0  0
6950.0  0
6960.0  0
6970.0  0
6980.0  0
6990.0  0
7000.0  0
7010.0  0
7020.0  0
7030.0  0
7040.0  0
7050.0  0
7060.0  0
7070.0  0
7080.0  0
7090.0  0
7100.0  0
7110.0  0
7120.0  0
7130.0  0
7140.0  0
7150.0  0
7160.0  0
7170.0  0
7180.0  0
7190.0  0
7200.0  0
7210.0  0
7220.0  0
7230.0  0
7240.0  0
7250.0  0
7260.0  0
7270.0  0
7280.0  0
7290.0  0
7300.0  0
7310.0  0
7320.0  0
7330.0  0
7340.0  0
7350.0  0
7360.0  0
7370.0  0
7380.0  0
7390.0  0
7400.0  0
7410.0  0
7420.0  0
7430.0  0
7440.0  0
7450.0  0
7460.0  0
7470.0  0
7480.0  0
7490.0  0
7500.0  0
7510.0  0
7520.0  0.001
7530.0  0.001
7540.0  0.001
7550.0  0.001
7560.0  0.001
7570.0  0.001
7580.0  0.001
7590.0  0.001
7600.0  0.001
7610.0  0.001
7620.0  0.002
7630.0  0.002
7640.0  0.002
7650.0  0.002
7660.0  0.002
7670.0  0.002
7680.0  0.002
7690.0  0.002
7700.0  0.003
7710.0  0.003
7720.0  0.003
7730.0  0.003
7740.0  0.003
7750.0  0.003
7760.0  0.003
7770.0  0.004
7780.0  0.004
7790.0  0.004
7800.0  0.004
7810.0  0.004
7820.0  0.004
7830.0  0.005
7840.0  0.005
7850.0  0.005
7860.0  0.005
7870.0  0.005
7880.0  0.006
7890.0  0.006
7900.0  0.006
7910.0  0.006
7920.0  0.006
7930.0  0.007
7940.0  0.007
7950.0  0.007
7960.0  0.007
7970.0  0.008
7980.0  0.008
7990.0  0.008
8000.0  0.008
