# From Hoversten 2011 (priv. comm.) via FSPS
#


1600.0  0.00831
1610.0  0.0219
1620.0  0.0374
1630.0  0.0619
1640.0  0.0876
1650.0  0.116
1660.0  0.148
1670.0  0.178
1680.0  0.205
1690.0  0.232
1700.0  0.265
1710.0  0.288
1720.0  0.311
1730.0  0.355
1740.0  0.407
1750.0  0.46
1760.0  0.516
1770.0  0.574
1780.0  0.632
1790.0  0.703
1800.0  0.781
1810.0  0.87
1820.0  0.965
1830.0  1.08
1840.0  1.21
1850.0  1.34
1860.0  1.51
1870.0  1.7
1880.0  1.79
1890.0  2.07
1900.0  2.48
1910.0  2.85
1920.0  3.37
1930.0  3.93
1940.0  4.65
1950.0  5.5
1960.0  6.47
1970.0  7.6
1980.0  8.86
1990.0  10.2
2000.0  11.7
2010.0  13.1
2020.0  14.5
2030.0  15.8
2040.0  16.9
2050.0  17.8
2060.0  18.6
2070.0  19.1
2080.0  19.6
2090.0  19.8
2100.0  19.9
2110.0  20.1
2120.0  20.3
2130.0  20.3
2140.0  20.3
2150.0  20.3
2160.0  20.3
2170.0  20.3
2180.0  20.2
2190.0  20.2
2200.0  20.2
2210.0  19.7
2220.0  19.4
2230.0  19
2240.0  18.5
2250.0  18.4
2260.0  18.2
2270.0  18.1
2280.0  17.8
2290.0  17.6
2300.0  17.4
2310.0  17.2
2320.0  16.9
2330.0  16.7
2340.0  16.4
2350.0  16.2
2360.0  16
2370.0  15.8
2380.0  15.5
2390.0  15.3
2400.0  15
2410.0  14.8
2420.0  14.4
2430.0  14
2440.0  13.7
2450.0  13.2
2460.0  12.6
2470.0  12
2480.0  11.4
2490.0  10.8
2500.0  10.3
2510.0  9.67
2520.0  9.03
2530.0  8.4
2540.0  7.79
2550.0  7.25
2560.0  6.71
2570.0  6.18
2580.0  5.68
2590.0  5.2
2600.0  4.75
2610.0  4.32
2620.0  3.93
2630.0  3.56
2640.0  3.21
2650.0  2.9
2660.0  2.61
2670.0  2.35
2680.0  2.13
2690.0  1.92
2700.0  1.73
2710.0  1.55
2720.0  1.4
2730.0  1.27
2740.0  1.14
2750.0  1.03
2760.0  0.93
2770.0  0.838
2780.0  0.759
2790.0  0.685
2800.0  0.624
2810.0  0.564
2820.0  0.515
2830.0  0.467
2840.0  0.424
2850.0  0.388
2860.0  0.358
2870.0  0.328
2880.0  0.298
2890.0  0.274
2900.0  0.256
2910.0  0.232
2920.0  0.215
2930.0  0.197
2940.0  0.185
2950.0  0.167
2960.0  0.155
2970.0  0.144
2980.0  0.137
2990.0  0.126
3000.0  0.114
3010.0  0.108
3020.0  0.102
3030.0  0.0965
3040.0  0.0907
3050.0  0.0838
3060.0  0.077
3070.0  0.0704
3080.0  0.064
3090.0  0.0577
3100.0  0.0568
3110.0  0.0508
3120.0  0.0499
3130.0  0.0441
3140.0  0.0433
3150.0  0.0387
3160.0  0.0389
3170.0  0.0342
3180.0  0.0344
3190.0  0.0297
3200.0  0.0298
3210.0  0.0283
3220.0  0.0268
3230.0  0.0253
3240.0  0.0244
3250.0  0.0234
3260.0  0.0223
3270.0  0.0213
3280.0  0.0203
3290.0  0.0192
3300.0  0.0182
3310.0  0.0172
3320.0  0.0161
3330.0  0.0151
3340.0  0.0151
3350.0  0.015
3360.0  0.0149
3370.0  0.0149
3380.0  0.0148
3390.0  0.0137
3400.0  0.0127
3410.0  0.0117
3420.0  0.0106
3430.0  0.0096
3440.0  0.00955
3450.0  0.00957
3460.0  0.00958
3470.0  0.00959
3480.0  0.00961
3490.0  0.00962
3500.0  0.00963
3510.0  0.00965
3520.0  0.00966
3530.0  0.00968
3540.0  0.0087
3550.0  0.00776
3560.0  0.00683
3570.0  0.00584
3580.0  0.00489
3590.0  0.00491
3600.0  0.00492
3610.0  0.00493
3620.0  0.00494
3630.0  0.00496
3640.0  0.00497
3650.0  0.00498
3660.0  0.00499
3670.0  0.005
3680.0  0.00501
3690.0  0.00502
3700.0  0.00503
3710.0  0.00504
3720.0  0.00505
3730.0  0.00506
3740.0  0.00507
3750.0  0.00504
3760.0  0.00502
3770.0  0.00499
3780.0  0.00497
3790.0  0.00495
3800.0  0.00492
3810.0  0.0049
3820.0  0.00487
3830.0  0.00485
3840.0  0.00483
3850.0  0.00481
3860.0  0.00478
3870.0  0.00476
3880.0  0.00474
3890.0  0.00472
3900.0  0.0047
3910.0  0.00468
3920.0  0.00466
3930.0  0.00463
3940.0  0.0046
3950.0  0.00451
3960.0  0.00442
3970.0  0.00433
3980.0  0.00424
3990.0  0.00415
4000.0  0.00407
4010.0  0.00398
4020.0  0.0039
4030.0  0.00381
4040.0  0.00373
4050.0  0.00365
4060.0  0.00358
4070.0  0.00351
4080.0  0.00344
4090.0  0.00337
4100.0  0.0033
4110.0  0.00322
4120.0  0.00315
4130.0  0.00308
4140.0  0.00301
4150.0  0.00293
4160.0  0.00284
4170.0  0.00276
4180.0  0.00268
4190.0  0.0026
4200.0  0.00252
4210.0  0.00244
4220.0  0.00236
4230.0  0.00228
4240.0  0.00221
4250.0  0.00214
4260.0  0.00207
4270.0  0.002
4280.0  0.00193
4290.0  0.00187
4300.0  0.0018
4310.0  0.00173
4320.0  0.00166
4330.0  0.00159
4340.0  0.00153
4350.0  0.00145
4360.0  0.00137
4370.0  0.0013
4380.0  0.00122
4390.0  0.00115
4400.0  0.00108
4410.0  0.00101
4420.0  0.000935
4430.0  0.000866
4440.0  0.000797
4450.0  0.00073
4460.0  0.000664
4470.0  0.000598
4480.0  0.000534
4490.0  0.000471
4500.0  0.000409
4510.0  0.000347
4520.0  0.000287
4530.0  0.000228
4540.0  0.00017
4550.0  0.000114
4560.0  5.8e-05
4570.0  2e-06
4580.0  0
4590.0  0
4600.0  0
4610.0  0
4620.0  0
4630.0  0
4640.0  0
4650.0  0
4660.0  0
4670.0  0
4680.0  0
4690.0  0
4700.0  0
4710.0  0
4720.0  0
4730.0  0
4740.0  0
4750.0  0
