7170.000000000 -0.010000000
7180.000000000 -0.010000000
7190.000000000 -0.010000000
7200.000000000 -0.010000000
7210.000000000 -0.010000000
7220.000000000 -0.010000000
7230.000000000 -0.010000000
7240.000000000 -0.010000000
7250.000000000 -0.010000000
7260.000000000 -0.010000000
7270.000000000 -0.010000000
7280.000000000 -0.010000000
7290.000000000 -0.010000000
7300.000000000 -0.010000000
7310.000000000 -0.010000000
7320.000000000 -0.010000000
7330.000000000 -0.010000000
7340.000000000 -0.010000000
7350.000000000 -0.010000000
7360.000000000 -0.010000000
7370.000000000 -0.010000000
7380.000000000 -0.010000000
7390.000000000 -0.010000000
7400.000000000 -0.010000000
7410.000000000 0.000000000
7420.000000000 0.000000000
7430.000000000 -0.010000000
7440.000000000 -0.010000000
7450.000000000 -0.010000000
7460.000000000 0.000000000
7470.000000000 0.000000000
7480.000000000 0.000000000
7490.000000000 0.000000000
7500.000000000 0.000000000
7510.000000000 -0.010000000
7520.000000000 -0.010000000
7530.000000000 0.000000000
7540.000000000 0.000000000
7550.000000000 0.000000000
7560.000000000 0.000000000
7570.000000000 0.000000000
7580.000000000 -0.010000000
7590.000000000 0.000000000
7600.000000000 0.000000000
7610.000000000 0.000000000
7620.000000000 0.000000000
7630.000000000 0.000000000
7640.000000000 0.000000000
7650.000000000 0.000000000
7660.000000000 0.000000000
7670.000000000 0.000000000
7680.000000000 0.000000000
7690.000000000 0.000000000
7700.000000000 0.000000000
7710.000000000 0.000000000
7720.000000000 0.000000000
7730.000000000 0.000000000
7740.000000000 0.000000000
7750.000000000 0.000000000
7760.000000000 0.000000000
7770.000000000 0.000000000
7780.000000000 0.000000000
7790.000000000 0.000000000
7800.000000000 0.000000000
7810.000000000 0.000000000
7820.000000000 0.000000000
7830.000000000 0.000000000
7840.000000000 0.000000000
7850.000000000 0.000000000
7860.000000000 0.010000000
7870.000000000 0.010000000
7880.000000000 0.010000000
7890.000000000 0.010000000
7900.000000000 0.010000000
7910.000000000 0.010000000
7920.000000000 0.010000000
7930.000000000 0.010000000
7940.000000000 0.020000000
7950.000000000 0.020000000
7960.000000000 0.030000000
7970.000000000 0.030000000
7980.000000000 0.040000000
7990.000000000 0.060000000
8000.000000000 0.070000000
8010.000000000 0.080000000
8020.000000000 0.100000000
8030.000000000 0.110000000
8040.000000000 0.120000000
8050.000000000 0.140000000
8060.000000000 0.150000000
8070.000000000 0.170000000
8080.000000000 0.190000000
8090.000000000 0.210000000
8100.000000000 0.250000000
8110.000000000 0.290000000
8120.000000000 0.360000000
8130.000000000 0.430000000
8140.000000000 0.550000000
8150.000000000 0.780000000
8160.000000000 1.040000000
8170.000000000 1.400000000
8180.000000000 1.910000000
8190.000000000 2.650000000
8200.000000000 3.720000000
8210.000000000 5.240000000
8220.000000000 7.310000000
8230.000000000 11.200000000
8240.000000000 15.000000000
8250.000000000 19.600000000
8260.000000000 25.210000000
8270.000000000 31.780000000
8280.000000000 38.940000000
8290.000000000 46.720000000
8300.000000000 54.810000000
8310.000000000 65.560000000
8320.000000000 73.090000000
8330.000000000 79.540000000
8340.000000000 84.700000000
8350.000000000 88.340000000
8360.000000000 90.510000000
8370.000000000 91.490000000
8380.000000000 91.710000000
8390.000000000 91.350000000
8400.000000000 91.110000000
8410.000000000 90.920000000
8420.000000000 90.870000000
8430.000000000 91.010000000
8440.000000000 91.320000000
8450.000000000 91.800000000
8460.000000000 92.420000000
8470.000000000 93.310000000
8480.000000000 93.860000000
8490.000000000 94.000000000
8500.000000000 94.610000000
8510.000000000 94.590000000
8520.000000000 94.570000000
8530.000000000 94.530000000
8540.000000000 94.390000000
8550.000000000 94.290000000
8560.000000000 94.190000000
8570.000000000 94.080000000
8580.000000000 93.920000000
8590.000000000 93.870000000
8600.000000000 93.850000000
8610.000000000 93.890000000
8620.000000000 93.950000000
8630.000000000 94.030000000
8640.000000000 94.280000000
8650.000000000 94.410000000
8660.000000000 94.560000000
8670.000000000 94.690000000
8680.000000000 94.900000000
8690.000000000 94.960000000
8700.000000000 94.980000000
8710.000000000 94.930000000
8720.000000000 94.870000000
8730.000000000 94.790000000
8740.000000000 94.600000000
8750.000000000 94.510000000
8760.000000000 94.440000000
8770.000000000 94.360000000
8780.000000000 94.350000000
8790.000000000 94.370000000
8800.000000000 94.380000000
8810.000000000 94.400000000
8820.000000000 94.400000000
8830.000000000 94.380000000
8840.000000000 94.350000000
8850.000000000 94.340000000
8860.000000000 94.340000000
8870.000000000 94.380000000
8880.000000000 94.430000000
8890.000000000 94.500000000
8900.000000000 94.580000000
8910.000000000 94.760000000
8920.000000000 94.850000000
8930.000000000 94.920000000
8940.000000000 95.010000000
8950.000000000 94.980000000
8960.000000000 94.910000000
8970.000000000 94.580000000
8980.000000000 94.360000000
8990.000000000 94.100000000
9000.000000000 93.830000000
9010.000000000 93.330000000
9020.000000000 93.160000000
9030.000000000 93.060000000
9040.000000000 93.070000000
9050.000000000 93.160000000
9060.000000000 93.260000000
9070.000000000 93.450000000
9080.000000000 93.490000000
9090.000000000 93.480000000
9100.000000000 93.420000000
9110.000000000 93.210000000
9120.000000000 93.100000000
9130.000000000 93.020000000
9140.000000000 92.950000000
9150.000000000 92.920000000
9160.000000000 92.880000000
9170.000000000 92.520000000
9180.000000000 92.090000000
9190.000000000 91.390000000
9200.000000000 90.300000000
9210.000000000 86.580000000
9220.000000000 83.820000000
9230.000000000 80.390000000
9240.000000000 71.470000000
9250.000000000 65.940000000
9260.000000000 59.880000000
9270.000000000 47.020000000
9280.000000000 40.680000000
9290.000000000 34.580000000
9300.000000000 23.560000000
9310.000000000 18.930000000
9320.000000000 15.020000000
9330.000000000 11.840000000
9340.000000000 7.240000000
9350.000000000 5.610000000
9360.000000000 4.330000000
9370.000000000 2.590000000
9380.000000000 2.020000000
9390.000000000 1.580000000
9400.000000000 0.960000000
9410.000000000 0.740000000
9420.000000000 0.570000000
9430.000000000 0.430000000
9440.000000000 0.240000000
9450.000000000 0.170000000
9460.000000000 0.110000000
9470.000000000 0.000000000
9480.000000000 -0.040000000
9490.000000000 -0.070000000
9500.000000000 -0.120000000
9510.000000000 -0.140000000
9520.000000000 -0.170000000
9530.000000000 -0.180000000
9540.000000000 -0.200000000
9550.000000000 -0.200000000
9560.000000000 -0.210000000
9570.000000000 -0.230000000
9580.000000000 -0.240000000
9590.000000000 -0.250000000
9600.000000000 -0.280000000
9610.000000000 -0.290000000
9620.000000000 -0.290000000
9630.000000000 -0.290000000
9640.000000000 -0.290000000
9650.000000000 -0.290000000
9660.000000000 -0.290000000
9670.000000000 -0.300000000
9680.000000000 -0.310000000
9690.000000000 -0.310000000
9700.000000000 -0.310000000
9710.000000000 -0.310000000
9720.000000000 -0.320000000
9730.000000000 -0.320000000
9740.000000000 -0.320000000
9750.000000000 -0.320000000
9760.000000000 -0.320000000
9770.000000000 -0.320000000
9780.000000000 -0.330000000
9790.000000000 -0.340000000
9800.000000000 -0.340000000
9810.000000000 -0.340000000
9820.000000000 -0.330000000
9830.000000000 -0.310000000
9840.000000000 -0.300000000
9850.000000000 -0.300000000
9860.000000000 -0.290000000
9870.000000000 -0.290000000
9880.000000000 -0.290000000
9890.000000000 -0.300000000
9900.000000000 -0.320000000
9910.000000000 -0.320000000
9920.000000000 -0.320000000
9930.000000000 -0.310000000
9940.000000000 -0.320000000
9950.000000000 -0.320000000
9960.000000000 -0.330000000
9970.000000000 -0.340000000
9980.000000000 -0.340000000
9990.000000000 -0.340000000
10000.000000000 -0.340000000
10010.000000000 -0.330000000
10020.000000000 -0.330000000
10030.000000000 -0.330000000
10040.000000000 -0.330000000
10050.000000000 -0.330000000
10060.000000000 -0.330000000
10070.000000000 -0.330000000
10080.000000000 -0.330000000
10090.000000000 -0.320000000
10100.000000000 -0.320000000
10110.000000000 -0.320000000
10120.000000000 -0.320000000
10130.000000000 -0.320000000
10140.000000000 -0.320000000
10150.000000000 -0.320000000
10160.000000000 -0.330000000
10170.000000000 -0.330000000
10180.000000000 -0.340000000
10190.000000000 -0.340000000
10200.000000000 -0.340000000
10210.000000000 -0.340000000
10220.000000000 -0.330000000
10230.000000000 -0.330000000
10240.000000000 -0.330000000
10250.000000000 -0.330000000
10260.000000000 -0.320000000
10270.000000000 -0.320000000
10280.000000000 -0.300000000
10290.000000000 -0.290000000
10300.000000000 -0.290000000
10310.000000000 -0.290000000
10320.000000000 -0.300000000
10330.000000000 -0.320000000
10340.000000000 -0.330000000
10350.000000000 -0.340000000
10360.000000000 -0.350000000
10370.000000000 -0.340000000
10380.000000000 -0.330000000
10390.000000000 -0.320000000
10400.000000000 -0.320000000
10410.000000000 -0.330000000
10420.000000000 -0.330000000
10430.000000000 -0.330000000
10440.000000000 -0.320000000
10450.000000000 -0.320000000
10460.000000000 -0.320000000
10470.000000000 -0.320000000
10480.000000000 -0.320000000
10490.000000000 -0.320000000
10500.000000000 -0.310000000
10510.000000000 -0.300000000
10520.000000000 -0.300000000
10530.000000000 -0.300000000
10540.000000000 -0.310000000
10550.000000000 -0.310000000
10560.000000000 -0.320000000
10570.000000000 -0.330000000
10580.000000000 -0.330000000
10590.000000000 -0.330000000
10600.000000000 -0.340000000
10610.000000000 -0.350000000
10620.000000000 -0.350000000
10630.000000000 -0.350000000
10640.000000000 -0.340000000
10650.000000000 -0.330000000
10660.000000000 -0.330000000
10670.000000000 -0.330000000
10680.000000000 -0.330000000
10690.000000000 -0.320000000
10700.000000000 -0.310000000
10710.000000000 -0.300000000
10720.000000000 -0.300000000
10730.000000000 -0.300000000
10740.000000000 -0.310000000
10750.000000000 -0.320000000
10760.000000000 -0.340000000
10770.000000000 -0.350000000
10780.000000000 -0.360000000
10790.000000000 -0.350000000
10800.000000000 -0.350000000
10810.000000000 -0.350000000
10820.000000000 -0.350000000
10830.000000000 -0.330000000
10840.000000000 -0.330000000
10850.000000000 -0.340000000
10860.000000000 -0.340000000
10870.000000000 -0.340000000
10880.000000000 -0.330000000
10890.000000000 -0.320000000
10900.000000000 -0.310000000
10910.000000000 -0.320000000
10920.000000000 -0.320000000
10930.000000000 -0.330000000
10940.000000000 -0.320000000
10950.000000000 -0.320000000
10960.000000000 -0.310000000
10970.000000000 -0.310000000
10980.000000000 -0.300000000
10990.000000000 -0.290000000
11000.000000000 -0.290000000
11010.000000000 -0.290000000
11020.000000000 -0.300000000
11030.000000000 -0.320000000
11040.000000000 -0.320000000
11050.000000000 -0.320000000
11060.000000000 -0.320000000
11070.000000000 -0.320000000
11080.000000000 -0.320000000
11090.000000000 -0.310000000
11100.000000000 -0.310000000
11110.000000000 -0.310000000
11120.000000000 -0.300000000
11130.000000000 -0.290000000
11140.000000000 -0.290000000
11150.000000000 -0.300000000
11160.000000000 -0.330000000
11170.000000000 -0.330000000
11180.000000000 -0.320000000
11190.000000000 -0.310000000
11200.000000000 -0.320000000
11210.000000000 -0.330000000
11220.000000000 -0.360000000
11230.000000000 -0.350000000
11240.000000000 -0.340000000
11250.000000000 -0.330000000
11260.000000000 -0.330000000
11270.000000000 -0.340000000
11280.000000000 -0.340000000
11290.000000000 -0.340000000
11300.000000000 -0.340000000
11310.000000000 -0.330000000
11320.000000000 -0.320000000
11330.000000000 -0.310000000
11340.000000000 -0.310000000
11350.000000000 -0.300000000
11360.000000000 -0.320000000
11370.000000000 -0.320000000
11380.000000000 -0.320000000
11390.000000000 -0.310000000
11400.000000000 -0.310000000
11410.000000000 -0.320000000
11420.000000000 -0.320000000
11430.000000000 -0.320000000
11440.000000000 -0.330000000
11450.000000000 -0.340000000
11460.000000000 -0.340000000
11470.000000000 -0.340000000
11480.000000000 -0.330000000
11490.000000000 -0.320000000
11500.000000000 -0.330000000
11510.000000000 -0.330000000
11520.000000000 -0.330000000
11530.000000000 -0.320000000
11540.000000000 -0.320000000
11550.000000000 -0.310000000
11560.000000000 -0.310000000
11570.000000000 -0.310000000
11580.000000000 -0.320000000
11590.000000000 -0.330000000
11600.000000000 -0.320000000
11610.000000000 -0.310000000
11620.000000000 -0.300000000
11630.000000000 -0.310000000
11640.000000000 -0.310000000
11650.000000000 -0.320000000
11660.000000000 -0.320000000
11670.000000000 -0.310000000
11680.000000000 -0.310000000
11690.000000000 -0.310000000
11700.000000000 -0.310000000
11710.000000000 -0.310000000
11720.000000000 -0.300000000
11730.000000000 -0.310000000
11740.000000000 -0.310000000
11750.000000000 -0.310000000
11760.000000000 -0.320000000
11770.000000000 -0.320000000
11780.000000000 -0.330000000
11790.000000000 -0.340000000
11800.000000000 -0.340000000
11810.000000000 -0.340000000
11820.000000000 -0.340000000
11830.000000000 -0.330000000
11840.000000000 -0.330000000
11850.000000000 -0.330000000
11860.000000000 -0.330000000
11870.000000000 -0.330000000
11880.000000000 -0.320000000
11890.000000000 -0.320000000
11900.000000000 -0.310000000
11910.000000000 -0.300000000
11920.000000000 -0.310000000
11930.000000000 -0.310000000
11940.000000000 -0.320000000
11950.000000000 -0.320000000
11960.000000000 -0.330000000
11970.000000000 -0.340000000
11980.000000000 -0.340000000
11990.000000000 -0.340000000
12000.000000000 -0.330000000
12010.000000000 -0.330000000
12020.000000000 -0.320000000
12030.000000000 -0.310000000
12040.000000000 -0.310000000
12050.000000000 -0.310000000
12060.000000000 -0.310000000
12070.000000000 -0.320000000
12080.000000000 -0.320000000
12090.000000000 -0.310000000
12100.000000000 -0.310000000
12110.000000000 -0.310000000
12120.000000000 -0.320000000
12130.000000000 -0.320000000
12140.000000000 -0.320000000
12150.000000000 -0.320000000
12160.000000000 -0.320000000
12170.000000000 -0.320000000
12180.000000000 -0.320000000
12190.000000000 -0.320000000
12200.000000000 -0.330000000
12210.000000000 -0.340000000
12220.000000000 -0.340000000
12230.000000000 -0.330000000
12240.000000000 -0.320000000
12250.000000000 -0.300000000
12260.000000000 -0.300000000
12270.000000000 -0.310000000
12280.000000000 -0.330000000
12290.000000000 -0.330000000
12300.000000000 -0.330000000
12310.000000000 -0.330000000
12320.000000000 -0.320000000
12330.000000000 -0.320000000
12340.000000000 -0.320000000
12350.000000000 -0.330000000
12360.000000000 -0.330000000
12370.000000000 -0.340000000
12380.000000000 -0.340000000
12390.000000000 -0.340000000
12400.000000000 -0.330000000
12410.000000000 -0.330000000
12420.000000000 -0.330000000
12430.000000000 -0.320000000
12440.000000000 -0.320000000
12450.000000000 -0.320000000
12460.000000000 -0.330000000
12470.000000000 -0.330000000
12480.000000000 -0.310000000
12490.000000000 -0.310000000
12500.000000000 -0.310000000
12510.000000000 -0.300000000
12520.000000000 -0.300000000
12530.000000000 -0.300000000
12540.000000000 -0.310000000
12550.000000000 -0.330000000
12560.000000000 -0.330000000
12570.000000000 -0.340000000
12580.000000000 -0.340000000
12590.000000000 -0.340000000
12600.000000000 -0.330000000
12610.000000000 -0.320000000
12620.000000000 -0.310000000
12630.000000000 -0.310000000
12640.000000000 -0.310000000
12650.000000000 -0.310000000
12660.000000000 -0.320000000
12670.000000000 -0.320000000
12680.000000000 -0.330000000
12690.000000000 -0.330000000
12700.000000000 -0.330000000
12710.000000000 -0.330000000
12720.000000000 -0.330000000
12730.000000000 -0.330000000
12740.000000000 -0.330000000
12750.000000000 -0.320000000
12760.000000000 -0.320000000
12770.000000000 -0.310000000
12780.000000000 -0.320000000
12790.000000000 -0.320000000
12800.000000000 -0.330000000
12810.000000000 -0.330000000
12820.000000000 -0.320000000
12830.000000000 -0.310000000
12840.000000000 -0.320000000
12850.000000000 -0.320000000
12860.000000000 -0.330000000
12870.000000000 -0.320000000
12880.000000000 -0.320000000
12890.000000000 -0.310000000
12900.000000000 -0.310000000
12910.000000000 -0.310000000
12920.000000000 -0.320000000
12930.000000000 -0.330000000
12940.000000000 -0.330000000
12950.000000000 -0.330000000
12960.000000000 -0.330000000
12970.000000000 -0.330000000
12980.000000000 -0.330000000
12990.000000000 -0.320000000
13000.000000000 -0.310000000
13010.000000000 -0.320000000
13020.000000000 -0.320000000
13030.000000000 -0.320000000
13040.000000000 -0.310000000
13050.000000000 -0.300000000
13060.000000000 -0.300000000
13070.000000000 -0.310000000
13080.000000000 -0.320000000
13090.000000000 -0.330000000
13100.000000000 -0.330000000
13110.000000000 -0.320000000
13120.000000000 -0.320000000
13130.000000000 -0.310000000
13140.000000000 -0.310000000
13150.000000000 -0.310000000
13160.000000000 -0.320000000
13170.000000000 -0.330000000
13180.000000000 -0.330000000
13190.000000000 -0.330000000
13200.000000000 -0.330000000
13210.000000000 -0.310000000
13220.000000000 -0.310000000
13230.000000000 -0.310000000
13240.000000000 -0.310000000
13250.000000000 -0.300000000
13260.000000000 -0.310000000
13270.000000000 -0.310000000
13280.000000000 -0.330000000
13290.000000000 -0.340000000
13300.000000000 -0.340000000
13310.000000000 -0.330000000
13320.000000000 -0.320000000
13330.000000000 -0.310000000
13340.000000000 -0.310000000
13350.000000000 -0.320000000
13360.000000000 -0.330000000
13370.000000000 -0.340000000
13380.000000000 -0.330000000
13390.000000000 -0.320000000
13400.000000000 -0.310000000
13410.000000000 -0.310000000
13420.000000000 -0.310000000
13430.000000000 -0.310000000
13440.000000000 -0.300000000
13450.000000000 -0.310000000
13460.000000000 -0.320000000
13470.000000000 -0.330000000
13480.000000000 -0.310000000
13490.000000000 -0.300000000
13500.000000000 -0.300000000
13510.000000000 -0.300000000
13520.000000000 -0.310000000
13530.000000000 -0.310000000
13540.000000000 -0.320000000
13550.000000000 -0.320000000
13560.000000000 -0.310000000
13570.000000000 -0.290000000
13580.000000000 -0.280000000
13590.000000000 -0.270000000
13600.000000000 -0.260000000
13610.000000000 -0.260000000
13620.000000000 -0.270000000
13630.000000000 -0.260000000
13640.000000000 -0.290000000
13650.000000000 -0.290000000
13660.000000000 -0.310000000
13670.000000000 -0.310000000
13680.000000000 -0.320000000
13690.000000000 -0.320000000
13700.000000000 -0.320000000
13710.000000000 -0.310000000
13720.000000000 -0.310000000
13730.000000000 -0.310000000
13740.000000000 -0.310000000
13750.000000000 -0.320000000
13760.000000000 -0.330000000
13770.000000000 -0.330000000
13780.000000000 -0.320000000
13790.000000000 -0.320000000
13800.000000000 -0.320000000
