# UVISTA_H_COSMOS
14290.0	0.0
14340.0	0.0
14390.0	0.00243199
14440.0	0.00250503
14490.0	0.00353662
14540.0	0.00506597
14590.0	0.00821451
14640.0	0.0104412
14690.0	0.0157902
14740.0	0.0273108
14790.0	0.0453537
14840.0	0.0860469
14890.0	0.158005
14940.0	0.285525
14990.0	0.477777
15040.0	0.685626
15090.0	0.859348
15140.0	0.93727
15190.0	0.939109
15240.0	0.912667
15290.0	0.887407
15340.0	0.87827
15390.0	0.887582
15440.0	0.909455
15490.0	0.935208
15540.0	0.956643
15590.0	0.97007
15640.0	0.973924
15690.0	0.957474
15740.0	0.938769
15790.0	0.94226
15840.0	0.964377
15890.0	0.968406
15940.0	0.967381
15990.0	0.949977
16040.0	0.927921
16090.0	0.927796
16140.0	0.944909
16190.0	0.950939
16240.0	0.952004
16290.0	0.953192
16340.0	0.95393
16390.0	0.9524
16440.0	0.951162
16490.0	0.953974
16540.0	0.962231
16590.0	0.971287
16640.0	0.964006
16690.0	0.978679
16740.0	0.988278
16790.0	0.991943
16840.0	0.995905
16890.0	0.999088
16940.0	1.0
16990.0	0.998955
17040.0	0.998138
17090.0	0.995725
17140.0	0.998025
17190.0	0.998443
17240.0	0.990645
17290.0	0.991566
17340.0	0.981888
17390.0	0.97619
17440.0	0.967421
17490.0	0.951482
17540.0	0.94445
17590.0	0.931755
17640.0	0.893995
17690.0	0.888038
17740.0	0.83757
17790.0	0.754501
17840.0	0.643613
17890.0	0.53308
17940.0	0.375611
17990.0	0.244288
18040.0	0.151395
18090.0	0.0960892
18140.0	0.0553071
18190.0	0.0329898
18240.0	0.0225049
18290.0	0.0113881
18340.0	0.0072817
18390.0	0.00313871
18440.0	0.00393882
18490.0	0.00160313
18540.0	0.00191339
18590.0	0.000932853
18640.0	0.00150861
18690.0	0.0
18740.0	0.0
