# UVISTA_Ks_COSMOS
11340.0	0.0
11410.0	0.0
11480.0	0.00373395
11550.0	0.00622769
11620.0	0.00816029
11690.0	0.00673223
11760.0	0.00530773
11830.0	0.00585955
11900.0	0.00830646
11970.0	0.00672408
12040.0	0.00205672
12110.0	0.000437372
12180.0	0.000114256
12250.0	5.12815e-05
12320.0	2.97248e-05
12390.0	1.14131e-05
12460.0	3.99958e-06
12530.0	3.91927e-06
12600.0	1.48697e-06
12670.0	1.03788e-05
12740.0	5.39355e-06
12810.0	3.71815e-08
12880.0	1.30269e-05
12950.0	1.86181e-07
13020.0	2.01782e-06
13090.0	6.07143e-06
13160.0	2.12707e-06
13230.0	7.30164e-06
13300.0	1.5531e-06
13370.0	4.85593e-06
13440.0	3.88755e-07
13510.0	1.07621e-07
13580.0	1.03105e-06
13650.0	2.57943e-07
13720.0	1.08791e-06
13790.0	2.01053e-08
13860.0	1.90477e-06
13930.0	2.19712e-06
14000.0	1.75239e-06
14070.0	1.37685e-06
14140.0	2.34029e-06
14210.0	4.73739e-07
14280.0	3.65712e-06
14350.0	9.92671e-06
14420.0	2.53727e-06
14490.0	2.63623e-06
14560.0	1.9029e-06
14630.0	1.07615e-06
14700.0	8.45825e-06
14770.0	2.80911e-06
14840.0	1.00959e-06
14910.0	2.59785e-06
14980.0	1.36531e-06
15050.0	1.88932e-08
15120.0	1.8153e-06
15190.0	0.0
15260.0	2.86478e-06
15330.0	5.84821e-06
15400.0	2.46589e-06
15470.0	8.3608e-07
15540.0	3.3134e-06
15610.0	1.33326e-07
15680.0	7.32931e-06
15750.0	5.99274e-07
15820.0	2.84937e-07
15890.0	8.58103e-07
15960.0	5.92512e-06
16030.0	4.93768e-06
16100.0	9.24509e-07
16170.0	3.02544e-06
16240.0	5.34368e-06
16310.0	2.57399e-06
16380.0	1.516e-06
16450.0	1.61631e-06
16520.0	2.91328e-06
16590.0	1.83138e-06
16660.0	1.50457e-07
16730.0	5.36273e-06
16800.0	5.30197e-06
16870.0	7.83238e-07
16940.0	1.7957e-06
17010.0	2.76143e-06
17080.0	3.57634e-06
17150.0	3.93177e-06
17220.0	5.92446e-07
17290.0	0.0
17360.0	1.97327e-06
17430.0	2.1226e-06
17500.0	8.91121e-06
17570.0	1.21472e-05
17640.0	9.85678e-06
17710.0	1.66468e-05
17780.0	1.30927e-05
17850.0	1.15415e-05
17920.0	2.30507e-05
17990.0	0.000123815
18060.0	9.46828e-05
18130.0	0.000138706
18200.0	0.000203933
18270.0	9.80748e-05
18340.0	3.74155e-05
18410.0	0.000130026
18480.0	0.000332416
18550.0	0.000216651
18620.0	0.000149219
18690.0	0.000184154
18760.0	0.000224092
18830.0	0.000237558
18900.0	0.000450139
18970.0	0.00060605
19040.0	0.000599774
19110.0	0.000749705
19180.0	0.00170206
19250.0	0.00368852
19320.0	0.00657443
19390.0	0.0109278
19460.0	0.0180372
19530.0	0.024744
19600.0	0.040906
19670.0	0.0739276
19740.0	0.143711
19810.0	0.249326
19880.0	0.388146
19950.0	0.53591
20020.0	0.387234
20090.0	0.484969
20160.0	0.539088
20230.0	0.758324
20300.0	0.886706
20370.0	0.896121
20440.0	0.887502
20510.0	0.758106
20580.0	0.751943
20650.0	0.762278
20720.0	0.846608
20790.0	0.937266
20860.0	0.951095
20930.0	0.971179
21000.0	0.978905
21070.0	0.98548
21140.0	0.985033
21210.0	0.986197
21280.0	0.989091
21350.0	0.993427
21420.0	0.991202
21490.0	0.9874
21560.0	0.986398
21630.0	0.982651
21700.0	0.985161
21770.0	0.987285
21840.0	0.987556
21910.0	0.996103
21980.0	0.980445
22050.0	0.990331
22120.0	1.0
22190.0	0.99095
22260.0	0.988575
22330.0	0.97837
22400.0	0.972923
22470.0	0.965919
22540.0	0.961262
22610.0	0.958628
22680.0	0.964648
22750.0	0.945045
22820.0	0.893709
22890.0	0.787687
22960.0	0.613697
23030.0	0.435261
23100.0	0.295555
23170.0	0.176715
23240.0	0.116366
23310.0	0.0743372
23380.0	0.0458211
23450.0	0.0313142
23520.0	0.0211666
23590.0	0.0143863
23660.0	0.0101709
23730.0	0.00710747
23800.0	0.00431654
23870.0	0.00399439
23940.0	0.00228114
24010.0	0.00199572
24080.0	0.00202893
24150.0	0.000779089
24220.0	0.0
24290.0	0.0
