# Ks_GOODSS
19310.0	0.0
19380.0	0.0
19450.0	0.00111588
19520.0	0.000957996
19590.0	0.00153463
19660.0	0.00255577
19730.0	0.00548084
19800.0	0.00971742
19870.0	0.0194422
19940.0	0.0323464
20010.0	0.0275303
20080.0	0.0371369
20150.0	0.0859917
20220.0	0.225462
20290.0	0.517379
20360.0	0.730914
20430.0	0.790503
20500.0	0.710206
20570.0	0.592904
20640.0	0.667311
20710.0	0.698601
20780.0	0.83691
20850.0	0.897975
20920.0	0.929712
20990.0	0.968094
21060.0	0.977579
21130.0	0.973561
21200.0	0.978833
21270.0	0.980847
21340.0	0.993233
21410.0	1.0
21480.0	0.999075
21550.0	0.991472
21620.0	0.991757
21690.0	0.995399
21760.0	0.996057
21830.0	0.987461
21900.0	0.979798
21970.0	0.956809
22040.0	0.91056
22110.0	0.964533
22180.0	0.969301
22250.0	0.970946
22320.0	0.961321
22390.0	0.954263
22460.0	0.944906
22530.0	0.942195
22600.0	0.921591
22670.0	0.94359
22740.0	0.927651
22810.0	0.887745
22880.0	0.762978
22950.0	0.557999
23020.0	0.382391
23090.0	0.249642
23160.0	0.156096
23230.0	0.0858636
23300.0	0.052977
23370.0	0.0299839
23440.0	0.0160975
23510.0	0.00900274
23580.0	0.00564421
23650.0	0.00346641
23720.0	0.00250202
23790.0	0.0
23860.0	0.0
