# U_GOODSS
3090.0	0.0
3100.0	0.0
3110.0	0.00418958
3120.0	0.00495257
3130.0	0.00614517
3140.0	0.00758315
3150.0	0.00934905
3160.0	0.011666
3170.0	0.0142256
3180.0	0.0172071
3190.0	0.0207241
3200.0	0.0246106
3210.0	0.0274429
3220.0	0.0301869
3230.0	0.0330727
3240.0	0.036139
3250.0	0.0393927
3260.0	0.0425942
3270.0	0.0459229
3280.0	0.049545
3290.0	0.0534132
3300.0	0.0573556
3310.0	0.060641
3320.0	0.0639249
3330.0	0.0672859
3340.0	0.0707752
3350.0	0.0743343
3360.0	0.0780116
3370.0	0.0816997
3380.0	0.0855212
3390.0	0.0895145
3400.0	0.0935745
3410.0	0.0971542
3420.0	0.100748
3430.0	0.104461
3440.0	0.108299
3450.0	0.112346
3460.0	0.117023
3470.0	0.121954
3480.0	0.127068
3490.0	0.132367
3500.0	0.138223
3510.0	0.14771
3520.0	0.165169
3530.0	0.184863
3540.0	0.20852
3550.0	0.223315
3560.0	0.243224
3570.0	0.264764
3580.0	0.285478
3590.0	0.299463
3600.0	0.313061
3610.0	0.336084
3620.0	0.358098
3630.0	0.381242
3640.0	0.405241
3650.0	0.433168
3660.0	0.459168
3670.0	0.482373
3680.0	0.512224
3690.0	0.549776
3700.0	0.602441
3710.0	0.600039
3720.0	0.614398
3730.0	0.635208
3740.0	0.657691
3750.0	0.683236
3760.0	0.714584
3770.0	0.747597
3780.0	0.77582
3790.0	0.804393
3800.0	0.828324
3810.0	0.850125
3820.0	0.874053
3830.0	0.897055
3840.0	0.92068
3850.0	0.938383
3860.0	0.953028
3870.0	0.963273
3880.0	0.973134
3890.0	0.972789
3900.0	0.969263
3910.0	0.972835
3920.0	1.0
3930.0	0.986203
3940.0	0.741511
3950.0	0.360814
3960.0	0.133978
3970.0	0.0540788
3980.0	0.0263471
3990.0	0.0172096
4000.0	0.0129888
4010.0	0.0133742
4020.0	0.0121845
4030.0	0.0116009
4040.0	0.012762
4050.0	0.0106936
4060.0	0.0100781
4070.0	0.00963001
4080.0	0.00967264
4090.0	0.0
4100.0	0.0
