# J_GOODSS
9945.0	0.0
9985.0	0.0
10025.0	0.0596005
10065.0	0.0172547
10105.0	0.00234247
10145.0	0.00290527
10185.0	0.00469669
10225.0	0.0136864
10265.0	0.00116522
10305.0	0.00742562
10345.0	0.0102027
10385.0	0.00481493
10425.0	0.00252195
10465.0	0.00448283
10505.0	0.00803077
10545.0	0.00849004
10585.0	0.00496076
10625.0	0.00174446
10665.0	0.00573616
10705.0	0.0158051
10745.0	0.0128535
10785.0	0.0173227
10825.0	0.0399849
10865.0	0.0786783
10905.0	0.128139
10945.0	0.249193
10985.0	0.366709
11025.0	0.491566
11065.0	0.59423
11105.0	0.655269
11145.0	0.65807
11185.0	0.571819
11225.0	0.503477
11265.0	0.501406
11305.0	0.540147
11345.0	0.512937
11385.0	0.561979
11425.0	0.657139
11465.0	0.552607
11505.0	0.608763
11545.0	0.671915
11585.0	0.725218
11625.0	0.790087
11665.0	0.817
11705.0	0.825042
11745.0	0.860441
11785.0	0.851497
11825.0	0.822672
11865.0	0.835321
11905.0	0.842224
11945.0	0.875341
11985.0	0.877152
12025.0	0.880228
12065.0	0.876885
12105.0	0.898354
12145.0	0.902708
12185.0	0.913396
12225.0	0.911953
12265.0	0.910859
12305.0	0.925203
12345.0	0.926768
12385.0	0.936856
12425.0	0.939752
12465.0	0.939541
12505.0	0.953983
12545.0	0.95833
12585.0	0.950214
12625.0	0.910331
12665.0	0.889487
12705.0	0.847295
12745.0	0.898088
12785.0	0.941744
12825.0	0.97453
12865.0	0.985314
12905.0	0.991226
12945.0	1.0
12985.0	0.995844
13025.0	0.995676
13065.0	0.979597
13105.0	0.971208
13145.0	0.967785
13185.0	0.966665
13225.0	0.93877
13265.0	0.930746
13305.0	0.881645
13345.0	0.805921
13385.0	0.881053
13425.0	0.833372
13465.0	0.708063
13505.0	0.458552
13545.0	0.296271
13585.0	0.210424
13625.0	0.121136
13665.0	0.169897
13705.0	0.150367
13745.0	0.193911
13785.0	0.311564
13825.0	0.165114
13865.0	0.118095
13905.0	0.194169
13945.0	0.104978
13985.0	0.038055
14025.0	0.0203411
14065.0	0.0136721
14105.0	0.00820294
14145.0	0.00608767
14185.0	0.00425434
14225.0	0.00276794
14265.0	0.00157404
14305.0	0.0
14345.0	0.0
