# R_GOODSS
5190.0	0.0
5210.0	0.0
5230.0	0.000523993
5250.0	0.000589089
5270.0	0.000624688
5290.0	0.00061065
5310.0	0.000558031
5330.0	0.000461837
5350.0	0.000589484
5370.0	0.000544798
5390.0	0.000531389
5410.0	0.000600803
5430.0	0.000625243
5450.0	0.000592401
5470.0	0.000587658
5490.0	0.000490688
5510.0	0.000605887
5530.0	0.000668554
5550.0	0.000695251
5570.0	0.00146001
5590.0	0.00414976
5610.0	0.011436
5630.0	0.0274927
5650.0	0.0539636
5670.0	0.0943064
5690.0	0.150676
5710.0	0.219683
5730.0	0.29509
5750.0	0.372556
5770.0	0.448387
5790.0	0.520541
5810.0	0.587723
5830.0	0.64866
5850.0	0.703496
5870.0	0.751703
5890.0	0.793765
5910.0	0.830151
5930.0	0.861226
5950.0	0.887526
5970.0	0.909799
5990.0	0.928212
6010.0	0.943766
6030.0	0.956473
6050.0	0.966814
6070.0	0.975362
6090.0	0.982246
6110.0	0.98759
6130.0	0.991842
6150.0	0.995048
6170.0	0.997453
6190.0	0.999025
6210.0	0.999805
6230.0	1.0
6250.0	0.999815
6270.0	0.998904
6290.0	0.997811
6310.0	0.996136
6330.0	0.994465
6350.0	0.992338
6370.0	0.99031
6390.0	0.987914
6410.0	0.985799
6430.0	0.9837
6450.0	0.981421
6470.0	0.979313
6490.0	0.977455
6510.0	0.975833
6530.0	0.974098
6550.0	0.972504
6570.0	0.970947
6590.0	0.969593
6610.0	0.967722
6630.0	0.965732
6650.0	0.963913
6670.0	0.961521
6690.0	0.958754
6710.0	0.955856
6730.0	0.952669
6750.0	0.949
6770.0	0.945008
6790.0	0.940993
6810.0	0.93661
6830.0	0.932442
6850.0	0.928433
6870.0	0.924437
6890.0	0.920924
6910.0	0.917343
6930.0	0.9139
6950.0	0.909903
6970.0	0.904843
6990.0	0.897474
7010.0	0.885992
7030.0	0.868337
7050.0	0.840869
7070.0	0.799828
7090.0	0.738998
7110.0	0.651452
7130.0	0.527636
7150.0	0.358648
7170.0	0.188652
7190.0	0.0677731
7210.0	0.0245689
7230.0	0.0105444
7250.0	0.00498907
7270.0	0.00307118
7290.0	0.00185479
7310.0	0.00133746
7330.0	0.000867698
7350.0	0.000833565
7370.0	0.00085587
7390.0	0.000861624
7410.0	0.000855662
7430.0	0.00093113
7450.0	0.000706995
7470.0	0.000814783
7490.0	0.000791263
7510.0	0.000755557
7530.0	0.000724962
7550.0	0.000895141
7570.0	0.000970733
7590.0	0.00100371
7610.0	0.00116555
7630.0	0.0011092
7650.0	0.000939663
7670.0	0.00090821
7690.0	0.000923051
7710.0	0.00092359
7730.0	0.000819088
7750.0	0.000759104
7770.0	0.000855432
7790.0	0.00075968
7810.0	0.00073318
7830.0	0.000779291
7850.0	0.000903049
7870.0	0.00076337
7890.0	0.000817561
7910.0	0.000830745
7930.0	0.000698003
7950.0	0.000914316
7970.0	0.0007819
7990.0	0.000819573
8010.0	0.000866671
8030.0	0.000928306
8050.0	0.00105506
8070.0	0.000789226
8090.0	0.00076974
8110.0	0.000900326
8130.0	0.00091837
8150.0	0.000912907
8170.0	0.00112905
8190.0	0.00110454
8210.0	0.000826698
8230.0	0.000874433
8250.0	0.00100538
8270.0	0.000920786
8290.0	0.000873397
8310.0	0.000863232
8330.0	0.000937273
8350.0	0.000845699
8370.0	0.000764275
8390.0	0.000838854
8410.0	0.000802234
8430.0	0.00093165
8450.0	0.00102622
8470.0	0.000713225
8490.0	0.000749212
8510.0	0.000747533
8530.0	0.000918103
8550.0	0.00087619
8570.0	0.00104957
8590.0	0.00108136
8610.0	0.000854306
8630.0	0.000983113
8650.0	0.00090726
8670.0	0.000851063
8690.0	0.000937103
8710.0	0.000892224
8730.0	0.00105472
8750.0	0.0008658
8770.0	0.000848872
8790.0	0.000863397
8810.0	0.000870509
8830.0	0.00112817
8850.0	0.00120288
8870.0	0.00110314
8890.0	0.00112179
8910.0	0.00107364
8930.0	0.000996656
8950.0	0.00115966
8970.0	0.00107184
8990.0	0.00111692
9010.0	0.00151578
9030.0	0.00141405
9050.0	0.00123507
9070.0	0.0010599
9090.0	0.00119789
9110.0	0.00126644
9130.0	0.00106393
9150.0	0.00119373
9170.0	0.00129852
9190.0	0.00139343
9210.0	0.00123528
9230.0	0.00128161
9250.0	0.00124196
9270.0	0.0014482
9290.0	0.00150164
9310.0	0.00160066
9330.0	0.00168649
9350.0	0.00179392
9370.0	0.00175368
9390.0	0.00163281
9410.0	0.00168398
9430.0	0.00163078
9450.0	0.00164281
9470.0	0.00141605
9490.0	0.00153609
9510.0	0.00147208
9530.0	0.00160909
9550.0	0.00204481
9570.0	0.00201831
9590.0	0.00172463
9610.0	0.00182993
9630.0	0.00171327
9650.0	0.00165296
9670.0	0.00128798
9690.0	0.00144563
9710.0	0.0014136
9730.0	0.00145036
9750.0	0.00140576
9770.0	0.00161364
9790.0	0.00175069
9810.0	0.00171824
9830.0	0.00145695
9850.0	0.00155239
9870.0	0.00178927
9890.0	0.00157418
9910.0	0.00153214
9930.0	0.00134097
9950.0	0.00139373
9970.0	0.00159005
9990.0	0.0
10010.0	0.0
