# H_GOODSS
14500.0	0.0
14550.0	0.0
14600.0	0.00537551
14650.0	0.0105992
14700.0	0.00770884
14750.0	0.0147263
14800.0	0.0266364
14850.0	0.0546336
14900.0	0.0920133
14950.0	0.175689
15000.0	0.293778
15050.0	0.428416
15100.0	0.575912
15150.0	0.6974
15200.0	0.781917
15250.0	0.85094
15300.0	0.879172
15350.0	0.912028
15400.0	0.947189
15450.0	0.961544
15500.0	0.976494
15550.0	0.986828
15600.0	0.993503
15650.0	0.988729
15700.0	0.966637
15750.0	0.939961
15800.0	0.945721
15850.0	0.962479
15900.0	0.985755
15950.0	0.988375
16000.0	0.966018
16050.0	0.922819
16100.0	0.947239
16150.0	0.976612
16200.0	0.989628
16250.0	1.0
16300.0	0.996627
16350.0	0.990999
16400.0	0.98526
16450.0	0.987775
16500.0	0.980695
16550.0	0.985355
16600.0	0.983854
16650.0	0.956762
16700.0	0.948977
16750.0	0.961605
16800.0	0.957635
16850.0	0.967116
16900.0	0.966083
16950.0	0.969672
17000.0	0.962936
17050.0	0.951467
17100.0	0.950072
17150.0	0.955017
17200.0	0.9636
17250.0	0.942529
17300.0	0.946706
17350.0	0.918953
17400.0	0.929429
17450.0	0.914649
17500.0	0.897108
17550.0	0.931529
17600.0	0.950313
17650.0	0.920786
17700.0	0.911865
17750.0	0.883377
17800.0	0.844325
17850.0	0.825441
17900.0	0.819029
17950.0	0.644059
18000.0	0.425425
18050.0	0.216
18100.0	0.121222
18150.0	0.0641144
18200.0	0.0330039
18250.0	0.0205131
18300.0	0.0
18350.0	0.0
