#From Joel Leja's cosmos filter curves
# 04/2017

10740.0  0
10780.0  0
10820.0  0.007365
10860.0  0.01696
10900.0  0.05331
10940.0  0.168
10980.0  0.4215
11020.0  0.7172
11060.0  0.8732
11100.0  0.9155
11140.0  0.9278
11180.0  0.9326
11220.0  0.9356
11260.0  0.9381
11300.0  0.9362
11340.0  0.931
11380.0  0.9305
11420.0  0.9369
11460.0  0.9412
11500.0  0.9385
11540.0  0.9374
11580.0  0.9498
11620.0  0.9664
11660.0  0.9705
11700.0  0.9619
11740.0  0.9561
11780.0  0.9602
11820.0  0.9648
11860.0  0.9617
11900.0  0.9564
11940.0  0.9577
11980.0  0.9646
12020.0  0.9687
12060.0  0.9677
12100.0  0.9684
12140.0  0.9717
12180.0  0.9717
12220.0  0.9661
12260.0  0.9602
12300.0  0.9634
12340.0  0.9725
12380.0  0.9781
12420.0  0.9758
12460.0  0.9719
12500.0  0.9745
12540.0  0.9791
12580.0  0.9772
12620.0  0.9675
12660.0  0.9592
12700.0  0.9618
12740.0  0.973
12780.0  0.9841
12820.0  0.9902
12860.0  0.9898
12900.0  0.9846
12940.0  0.9734
12980.0  0.9584
13020.0  0.9469
13060.0  0.9475
13100.0  0.9613
13140.0  0.9802
13180.0  0.9941
13220.0  0.9996
13260.0  1
13300.0  0.9971
13340.0  0.9884
13380.0  0.9725
13420.0  0.9559
13460.0  0.947
13500.0  0.95
13540.0  0.9602
13580.0  0.9712
13620.0  0.9764
13660.0  0.9761
13700.0  0.9729
13740.0  0.9658
13780.0  0.9522
13820.0  0.9288
13860.0  0.9119
13900.0  0.9219
13940.0  0.9089
13980.0  0.6818
14020.0  0.3069
14060.0  0.09404
14100.0  0.03614
14140.0  0
14180.0  0
