#From Joel Leja's cosmos filter curves
# 04/2017

11535.0  0
11580.0  0
11625.0  0.0004962
11670.0  0.0005319
11715.0  0.0005795
11760.0  0.0008249
11805.0  0.003087
11850.0  0.009851
11895.0  0.02857
11940.0  0.09056
11985.0  0.3175
12030.0  0.7701
12075.0  0.9687
12120.0  0.9716
12165.0  0.9731
12210.0  0.9805
12255.0  0.9856
12300.0  0.9809
12345.0  0.9732
12390.0  0.9725
12435.0  0.9747
12480.0  0.9737
12525.0  0.9685
12570.0  0.9647
12615.0  0.9696
12660.0  0.9796
12705.0  0.9879
12750.0  0.9879
12795.0  0.9822
12840.0  0.9812
12885.0  0.9869
12930.0  0.9923
12975.0  0.9917
13020.0  0.9865
13065.0  0.9844
13110.0  0.9868
13155.0  0.9907
13200.0  0.993
13245.0  0.9951
13290.0  0.999
13335.0  1
13380.0  0.9978
13425.0  0.9903
13470.0  0.9837
13515.0  0.9839
13560.0  0.9899
13605.0  0.9909
13650.0  0.9899
13695.0  0.9812
13740.0  0.9713
13785.0  0.9601
13830.0  0.9515
13875.0  0.9553
13920.0  0.9624
13965.0  0.9713
14010.0  0.98
14055.0  0.9852
14100.0  0.9895
14145.0  0.9926
14190.0  0.9932
14235.0  0.9921
14280.0  0.9892
14325.0  0.9879
14370.0  0.9873
14415.0  0.9877
14460.0  0.9889
14505.0  0.9903
14550.0  0.9903
14595.0  0.9863
14640.0  0.9807
14685.0  0.9761
14730.0  0.9767
14775.0  0.9785
14820.0  0.982
14865.0  0.9845
14910.0  0.9862
14955.0  0.9896
15000.0  0.9927
15045.0  0.9936
15090.0  0.9892
15135.0  0.9807
15180.0  0.9684
15225.0  0.9583
15270.0  0.9539
15315.0  0.9538
15360.0  0.9572
15405.0  0.9619
15450.0  0.9659
15495.0  0.9689
15540.0  0.9696
15585.0  0.9663
15630.0  0.9591
15675.0  0.9476
15720.0  0.9352
15765.0  0.9279
15810.0  0.9377
15855.0  0.9588
15900.0  0.8754
15945.0  0.5416
15990.0  0.2191
16035.0  0.07664
16080.0  0.02846
16125.0  0.01419
16170.0  0
16215.0  0
