5.000000e+04  1.781000e-11
5.010000e+04  1.094000e-11
5.020000e+04  7.100000e-12
5.030000e+04  2.239000e-12
5.040000e+04  5.988000e-12
5.050000e+04  1.045000e-10
5.060000e+04  1.881000e-10
5.070000e+04  1.288000e-11
5.080000e+04  2.693000e-11
5.090000e+04  1.131000e-11
5.100000e+04  1.081000e-10
5.110000e+04  5.374000e-08
5.120000e+04  5.282000e-08
5.130000e+04  5.672000e-08
5.140000e+04  4.036000e-08
5.150000e+04  4.115000e-08
5.160000e+04  3.799000e-08
5.170000e+04  3.526000e-08
5.180000e+04  3.261000e-08
5.190000e+04  4.859000e-08
5.200000e+04  4.647000e-08
5.210000e+04  3.574000e-08
5.220000e+04  3.056000e-08
5.230000e+04  3.124000e-08
5.240000e+04  3.269000e-08
5.250000e+04  4.826000e-08
5.260000e+04  3.990000e-08
5.270000e+04  4.060000e-08
5.280000e+04  4.437000e-08
5.290000e+04  5.022000e-08
5.300000e+04  4.027000e-08
5.310000e+04  5.383000e-08
5.320000e+04  5.773000e-08
5.330000e+04  6.049000e-08
5.340000e+04  5.459000e-08
5.350000e+04  5.656000e-08
5.360000e+04  3.697000e-08
5.370000e+04  4.265000e-08
5.380000e+04  5.231000e-08
5.390000e+04  5.364000e-08
5.400000e+04  5.302000e-08
5.410000e+04  5.353000e-08
5.420000e+04  4.134000e-08
5.430000e+04  3.768000e-08
5.440000e+04  5.099000e-08
5.450000e+04  6.304000e-08
5.460000e+04  6.161000e-08
5.470000e+04  6.960000e-08
5.480000e+04  7.167000e-08
5.490000e+04  6.998000e-08
5.500000e+04  7.024000e-08
5.510000e+04  7.112000e-08
5.520000e+04  7.209000e-08
5.530000e+04  7.247000e-08
5.540000e+04  7.191000e-08
5.550000e+04  7.223000e-08
5.560000e+04  7.243000e-08
5.570000e+04  7.253000e-08
5.580000e+04  7.268000e-08
5.590000e+04  7.172000e-08
5.600000e+04  7.139000e-08
5.610000e+04  7.079000e-08
5.620000e+04  7.244000e-08
5.630000e+04  7.253000e-08
5.640000e+04  7.072000e-08
5.650000e+04  6.998000e-08
5.660000e+04  6.911000e-08
5.670000e+04  6.902000e-08
5.680000e+04  6.760000e-08
5.690000e+04  6.554000e-08
5.700000e+04  6.512000e-08
5.710000e+04  6.710000e-08
5.720000e+04  6.579000e-08
5.730000e+04  6.570000e-08
5.740000e+04  6.797000e-08
5.750000e+04  7.022000e-08
5.760000e+04  7.159000e-08
5.770000e+04  7.197000e-08
5.780000e+04  7.066000e-08
5.790000e+04  7.329000e-08
5.800000e+04  7.403000e-08
5.810000e+04  7.552000e-08
5.820000e+04  7.891000e-08
5.830000e+04  7.952000e-08
5.840000e+04  7.898000e-08
5.850000e+04  8.060000e-08
5.860000e+04  7.883000e-08
5.870000e+04  7.931000e-08
5.880000e+04  8.019000e-08
5.890000e+04  8.298000e-08
5.900000e+04  8.105000e-08
5.910000e+04  8.085000e-08
5.920000e+04  8.087000e-08
5.930000e+04  8.390000e-08
5.940000e+04  8.450000e-08
5.950000e+04  8.642000e-08
5.960000e+04  8.803000e-08
5.970000e+04  9.060000e-08
5.980000e+04  8.867000e-08
5.990000e+04  9.125000e-08
6.000000e+04  8.951000e-08
6.010000e+04  9.021000e-08
6.020000e+04  9.268000e-08
6.030000e+04  9.340000e-08
6.040000e+04  9.762000e-08
6.050000e+04  9.764000e-08
6.060000e+04  9.402000e-08
6.070000e+04  9.818000e-08
6.080000e+04  9.727000e-08
6.090000e+04  1.032000e-07
6.100000e+04  1.071000e-07
6.110000e+04  1.126000e-07
6.120000e+04  1.211000e-07
6.130000e+04  1.414000e-07
6.140000e+04  1.653000e-07
6.150000e+04  2.071000e-07
6.160000e+04  2.557000e-07
6.170000e+04  3.350000e-07
6.180000e+04  4.488000e-07
6.190000e+04  6.240000e-07
6.200000e+04  8.665000e-07
6.210000e+04  1.090000e-06
6.220000e+04  1.231000e-06
6.230000e+04  1.654000e-06
6.240000e+04  1.282000e-06
6.250000e+04  1.848000e-06
6.260000e+04  1.569000e-06
6.270000e+04  1.588000e-06
6.280000e+04  1.982000e-06
6.290000e+04  1.164000e-06
6.300000e+04  1.417000e-06
6.310000e+04  1.082000e-06
6.320000e+04  6.288000e-07
6.330000e+04  8.237000e-07
6.340000e+04  1.566000e-06
6.350000e+04  9.639000e-07
6.360000e+04  6.260000e-09
6.370000e+04  2.109000e-07
6.380000e+04  5.801000e-09
6.390000e+04  1.450000e-06
6.400000e+04  1.747000e-06
6.410000e+04  1.298000e-06
6.420000e+04  1.127000e-06
6.430000e+04  1.954000e-06
6.440000e+04  1.302000e-08
6.450000e+04  3.667000e-07
6.460000e+04  4.162000e-09
6.470000e+04  5.823000e-07
6.480000e+04  3.356000e-07
6.490000e+04  1.845000e-07
6.500000e+04  1.266000e-07
6.510000e+04  1.428000e-06
6.520000e+04  4.058000e-06
6.530000e+04  3.138000e-06
6.540000e+04  5.837000e-07
6.550000e+04  2.648000e-07
6.560000e+04  4.808000e-08
6.570000e+04  5.740000e-11
6.580000e+04  4.531000e-11
6.590000e+04  3.605000e-11
6.600000e+04  2.984000e-11
6.610000e+04  2.776000e-11
6.620000e+04  2.961000e-11
6.630000e+04  6.492000e-08
6.640000e+04  3.980000e-08
6.650000e+04  5.087000e-11
6.660000e+04  6.100000e-11
6.670000e+04  6.807000e-11
6.680000e+04  7.298000e-11
6.690000e+04  7.628000e-11
6.700000e+04  1.473000e-07
6.710000e+04  6.826000e-11
6.720000e+04  5.746000e-11
6.730000e+04  1.222000e-07
6.740000e+04  3.187000e-06
6.750000e+04  3.900000e-07
6.760000e+04  2.938000e-06
6.770000e+04  2.840000e-06
6.780000e+04  7.780000e-07
6.790000e+04  4.565000e-06
6.800000e+04  1.190000e-06
6.810000e+04  6.164000e-06
6.820000e+04  1.169000e-05
6.830000e+04  8.813000e-06
6.840000e+04  1.111000e-05
6.850000e+04  8.323000e-06
6.860000e+04  2.384000e-06
6.870000e+04  2.573000e-06
6.880000e+04  9.819000e-06
6.890000e+04  1.291000e-05
6.900000e+04  1.749000e-05
6.910000e+04  3.118000e-06
6.920000e+04  1.694000e-05
6.930000e+04  3.068000e-06
6.940000e+04  3.033000e-06
6.950000e+04  3.025000e-06
6.960000e+04  3.058000e-06
6.970000e+04  3.277000e-06
6.980000e+04  1.139000e-05
6.990000e+04  3.415000e-06
7.000000e+04  3.014000e-06
7.010000e+04  1.098000e-05
7.020000e+04  6.252000e-09
7.030000e+04  8.193000e-09
7.040000e+04  5.188000e-07
7.050000e+04  1.380000e-08
7.060000e+04  2.341000e-06
7.070000e+04  2.337000e-08
7.080000e+04  3.016000e-08
7.090000e+04  3.896000e-08
7.100000e+04  4.282000e-06
7.110000e+04  6.511000e-08
7.120000e+04  8.520000e-08
7.130000e+04  1.120000e-07
7.140000e+04  1.478000e-07
7.150000e+04  1.992000e-07
7.160000e+04  9.977000e-06
7.170000e+04  3.732000e-07
7.180000e+04  5.211000e-07
7.190000e+04  7.329000e-07
7.200000e+04  2.367000e-05
7.210000e+04  1.449000e-03
7.220000e+04  1.426000e-03
7.230000e+04  1.781000e-03
7.240000e+04  1.871000e-03
7.250000e+04  1.722000e-03
7.260000e+04  1.807000e-03
7.270000e+04  1.602000e-03
7.280000e+04  9.638000e-04
7.290000e+04  1.370000e-03
7.300000e+04  2.237000e-03
7.310000e+04  2.801000e-03
7.320000e+04  2.980000e-03
7.330000e+04  2.918000e-03
7.340000e+04  3.123000e-03
7.350000e+04  3.044000e-03
7.360000e+04  2.752000e-03
7.370000e+04  2.747000e-03
7.380000e+04  2.611000e-03
7.390000e+04  2.777000e-03
7.400000e+04  3.004000e-03
7.410000e+04  3.507000e-03
7.420000e+04  4.445000e-03
7.430000e+04  5.815000e-03
7.440000e+04  7.552000e-03
7.450000e+04  9.546000e-03
7.460000e+04  1.174000e-02
7.470000e+04  1.417000e-02
7.480000e+04  1.724000e-02
7.490000e+04  2.125000e-02
7.500000e+04  2.693000e-02
7.510000e+04  3.488000e-02
7.520000e+04  4.599000e-02
7.530000e+04  6.104000e-02
7.540000e+04  8.063000e-02
7.550000e+04  1.044000e-01
7.560000e+04  1.320000e-01
7.570000e+04  1.605000e-01
7.580000e+04  1.851000e-01
7.590000e+04  2.039000e-01
7.600000e+04  2.149000e-01
7.610000e+04  2.179000e-01
7.620000e+04  2.140000e-01
7.630000e+04  2.060000e-01
7.640000e+04  1.960000e-01
7.650000e+04  1.870000e-01
7.660000e+04  1.790000e-01
7.670000e+04  1.730000e-01
7.680000e+04  1.680000e-01
7.690000e+04  1.650000e-01
7.700000e+04  1.640000e-01
7.710000e+04  1.640000e-01
7.720000e+04  1.640000e-01
7.730000e+04  1.650000e-01
7.740000e+04  1.660000e-01
7.750000e+04  1.660000e-01
7.760000e+04  1.670000e-01
7.770000e+04  1.680000e-01
7.780000e+04  1.700000e-01
7.790000e+04  1.730000e-01
7.800000e+04  1.760000e-01
7.810000e+04  1.790000e-01
7.820000e+04  1.820000e-01
7.830000e+04  1.850000e-01
7.840000e+04  1.880000e-01
7.850000e+04  1.900000e-01
7.860000e+04  1.920000e-01
7.870000e+04  1.930000e-01
7.880000e+04  1.940000e-01
7.890000e+04  1.950000e-01
7.900000e+04  1.970000e-01
7.910000e+04  1.980000e-01
7.920000e+04  2.000000e-01
7.930000e+04  2.040000e-01
7.940000e+04  2.070000e-01
7.950000e+04  2.110000e-01
7.960000e+04  2.160000e-01
7.970000e+04  2.220000e-01
7.980000e+04  2.280000e-01
7.990000e+04  2.330000e-01
8.000000e+04  2.370000e-01
8.010000e+04  2.400000e-01
8.020000e+04  2.430000e-01
8.030000e+04  2.450000e-01
8.040000e+04  2.470000e-01
8.050000e+04  2.480000e-01
8.060000e+04  2.480000e-01
8.070000e+04  2.490000e-01
8.080000e+04  2.490000e-01
8.090000e+04  2.510000e-01
8.100000e+04  2.520000e-01
8.110000e+04  2.520000e-01
8.120000e+04  2.520000e-01
8.130000e+04  2.510000e-01
8.140000e+04  2.490000e-01
8.150000e+04  2.470000e-01
8.160000e+04  2.440000e-01
8.170000e+04  2.410000e-01
8.180000e+04  2.390000e-01
8.190000e+04  2.380000e-01
8.200000e+04  2.360000e-01
8.210000e+04  2.350000e-01
8.220000e+04  2.330000e-01
8.230000e+04  2.320000e-01
8.240000e+04  2.310000e-01
8.250000e+04  2.290000e-01
8.260000e+04  2.260000e-01
8.270000e+04  2.220000e-01
8.280000e+04  2.180000e-01
8.290000e+04  2.140000e-01
8.300000e+04  2.130000e-01
8.310000e+04  2.130000e-01
8.320000e+04  2.130000e-01
8.330000e+04  2.140000e-01
8.340000e+04  2.140000e-01
8.350000e+04  2.130000e-01
8.360000e+04  2.120000e-01
8.370000e+04  2.120000e-01
8.380000e+04  2.130000e-01
8.390000e+04  2.150000e-01
8.400000e+04  2.170000e-01
8.410000e+04  2.180000e-01
8.420000e+04  2.200000e-01
8.430000e+04  2.220000e-01
8.440000e+04  2.240000e-01
8.450000e+04  2.260000e-01
8.460000e+04  2.290000e-01
8.470000e+04  2.320000e-01
8.480000e+04  2.350000e-01
8.490000e+04  2.380000e-01
8.500000e+04  2.410000e-01
8.510000e+04  2.440000e-01
8.520000e+04  2.460000e-01
8.530000e+04  2.480000e-01
8.540000e+04  2.500000e-01
8.550000e+04  2.520000e-01
8.560000e+04  2.540000e-01
8.570000e+04  2.550000e-01
8.580000e+04  2.560000e-01
8.590000e+04  2.560000e-01
8.600000e+04  2.550000e-01
8.610000e+04  2.540000e-01
8.620000e+04  2.530000e-01
8.630000e+04  2.520000e-01
8.640000e+04  2.500000e-01
8.650000e+04  2.490000e-01
8.660000e+04  2.480000e-01
8.670000e+04  2.470000e-01
8.680000e+04  2.460000e-01
8.690000e+04  2.440000e-01
8.700000e+04  2.430000e-01
8.710000e+04  2.410000e-01
8.720000e+04  2.400000e-01
8.730000e+04  2.390000e-01
8.740000e+04  2.360000e-01
8.750000e+04  2.310000e-01
8.760000e+04  2.200000e-01
8.770000e+04  2.010000e-01
8.780000e+04  1.750000e-01
8.790000e+04  1.500000e-01
8.800000e+04  1.360000e-01
8.810000e+04  1.400000e-01
8.820000e+04  1.570000e-01
8.830000e+04  1.800000e-01
8.840000e+04  2.000000e-01
8.850000e+04  2.140000e-01
8.860000e+04  2.220000e-01
8.870000e+04  2.270000e-01
8.880000e+04  2.300000e-01
8.890000e+04  2.330000e-01
8.900000e+04  2.360000e-01
8.910000e+04  2.390000e-01
8.920000e+04  2.410000e-01
8.930000e+04  2.430000e-01
8.940000e+04  2.440000e-01
8.950000e+04  2.440000e-01
8.960000e+04  2.450000e-01
8.970000e+04  2.460000e-01
8.980000e+04  2.460000e-01
8.990000e+04  2.470000e-01
9.000000e+04  2.470000e-01
9.010000e+04  2.460000e-01
9.020000e+04  2.450000e-01
9.030000e+04  2.440000e-01
9.040000e+04  2.430000e-01
9.050000e+04  2.420000e-01
9.060000e+04  2.420000e-01
9.070000e+04  2.430000e-01
9.080000e+04  2.430000e-01
9.090000e+04  2.440000e-01
9.100000e+04  2.450000e-01
9.110000e+04  2.470000e-01
9.120000e+04  2.470000e-01
9.130000e+04  2.480000e-01
9.140000e+04  2.480000e-01
9.150000e+04  2.470000e-01
9.160000e+04  2.460000e-01
9.170000e+04  2.440000e-01
9.180000e+04  2.430000e-01
9.190000e+04  2.410000e-01
9.200000e+04  2.400000e-01
9.210000e+04  2.400000e-01
9.220000e+04  2.390000e-01
9.230000e+04  2.390000e-01
9.240000e+04  2.380000e-01
9.250000e+04  2.380000e-01
9.260000e+04  2.360000e-01
9.270000e+04  2.360000e-01
9.280000e+04  2.350000e-01
9.290000e+04  2.350000e-01
9.300000e+04  2.360000e-01
9.310000e+04  2.360000e-01
9.320000e+04  2.370000e-01
9.330000e+04  2.370000e-01
9.340000e+04  2.370000e-01
9.350000e+04  2.380000e-01
9.360000e+04  2.380000e-01
9.370000e+04  2.370000e-01
9.380000e+04  2.370000e-01
9.390000e+04  2.370000e-01
9.400000e+04  2.380000e-01
9.410000e+04  2.380000e-01
9.420000e+04  2.390000e-01
9.430000e+04  2.390000e-01
9.440000e+04  2.400000e-01
9.450000e+04  2.410000e-01
9.460000e+04  2.420000e-01
9.470000e+04  2.430000e-01
9.480000e+04  2.450000e-01
9.490000e+04  2.470000e-01
9.500000e+04  2.490000e-01
9.510000e+04  2.510000e-01
9.520000e+04  2.520000e-01
9.530000e+04  2.520000e-01
9.540000e+04  2.520000e-01
9.550000e+04  2.510000e-01
9.560000e+04  2.490000e-01
9.570000e+04  2.480000e-01
9.580000e+04  2.460000e-01
9.590000e+04  2.440000e-01
9.600000e+04  2.420000e-01
9.610000e+04  2.400000e-01
9.620000e+04  2.390000e-01
9.630000e+04  2.380000e-01
9.640000e+04  2.380000e-01
9.650000e+04  2.390000e-01
9.660000e+04  2.400000e-01
9.670000e+04  2.420000e-01
9.680000e+04  2.430000e-01
9.690000e+04  2.450000e-01
9.700000e+04  2.460000e-01
9.710000e+04  2.460000e-01
9.720000e+04  2.460000e-01
9.730000e+04  2.460000e-01
9.740000e+04  2.450000e-01
9.750000e+04  2.440000e-01
9.760000e+04  2.440000e-01
9.770000e+04  2.440000e-01
9.780000e+04  2.440000e-01
9.790000e+04  2.450000e-01
9.800000e+04  2.460000e-01
9.810000e+04  2.470000e-01
9.820000e+04  2.480000e-01
9.830000e+04  2.490000e-01
9.840000e+04  2.500000e-01
9.850000e+04  2.510000e-01
9.860000e+04  2.520000e-01
9.870000e+04  2.530000e-01
9.880000e+04  2.540000e-01
9.890000e+04  2.550000e-01
9.900000e+04  2.570000e-01
9.910000e+04  2.590000e-01
9.920000e+04  2.620000e-01
9.930000e+04  2.640000e-01
9.940000e+04  2.670000e-01
9.950000e+04  2.690000e-01
9.960000e+04  2.710000e-01
9.970000e+04  2.730000e-01
9.980000e+04  2.740000e-01
9.990000e+04  2.760000e-01
1.000000e+05  2.770000e-01
1.001000e+05  2.790000e-01
1.002000e+05  2.820000e-01
1.003000e+05  2.840000e-01
1.004000e+05  2.870000e-01
1.005000e+05  2.910000e-01
1.006000e+05  2.950000e-01
1.007000e+05  2.990000e-01
1.008000e+05  3.020000e-01
1.009000e+05  3.060000e-01
1.010000e+05  3.100000e-01
1.011000e+05  3.130000e-01
1.012000e+05  3.160000e-01
1.013000e+05  3.190000e-01
1.014000e+05  3.210000e-01
1.015000e+05  3.230000e-01
1.016000e+05  3.250000e-01
1.017000e+05  3.270000e-01
1.018000e+05  3.270000e-01
1.019000e+05  3.270000e-01
1.020000e+05  3.260000e-01
1.021000e+05  3.240000e-01
1.022000e+05  3.220000e-01
1.023000e+05  3.200000e-01
1.024000e+05  3.180000e-01
1.025000e+05  3.170000e-01
1.026000e+05  3.150000e-01
1.027000e+05  3.120000e-01
1.028000e+05  3.100000e-01
1.029000e+05  3.070000e-01
1.030000e+05  3.050000e-01
1.031000e+05  3.020000e-01
1.032000e+05  3.010000e-01
1.033000e+05  3.000000e-01
1.034000e+05  2.990000e-01
1.035000e+05  2.990000e-01
1.036000e+05  2.990000e-01
1.037000e+05  2.990000e-01
1.038000e+05  2.990000e-01
1.039000e+05  2.980000e-01
1.040000e+05  2.970000e-01
1.041000e+05  2.960000e-01
1.042000e+05  2.950000e-01
1.043000e+05  2.940000e-01
1.044000e+05  2.920000e-01
1.045000e+05  2.920000e-01
1.046000e+05  2.910000e-01
1.047000e+05  2.910000e-01
1.048000e+05  2.910000e-01
1.049000e+05  2.920000e-01
1.050000e+05  2.930000e-01
1.051000e+05  2.940000e-01
1.052000e+05  2.950000e-01
1.053000e+05  2.950000e-01
1.054000e+05  2.960000e-01
1.055000e+05  2.970000e-01
1.056000e+05  2.980000e-01
1.057000e+05  2.990000e-01
1.058000e+05  3.010000e-01
1.059000e+05  3.020000e-01
1.060000e+05  3.040000e-01
1.061000e+05  3.050000e-01
1.062000e+05  3.060000e-01
1.063000e+05  3.070000e-01
1.064000e+05  3.080000e-01
1.065000e+05  3.090000e-01
1.066000e+05  3.100000e-01
1.067000e+05  3.110000e-01
1.068000e+05  3.130000e-01
1.069000e+05  3.140000e-01
1.070000e+05  3.140000e-01
1.071000e+05  3.150000e-01
1.072000e+05  3.150000e-01
1.073000e+05  3.140000e-01
1.074000e+05  3.130000e-01
1.075000e+05  3.120000e-01
1.076000e+05  3.110000e-01
1.077000e+05  3.100000e-01
1.078000e+05  3.090000e-01
1.079000e+05  3.080000e-01
1.080000e+05  3.080000e-01
1.081000e+05  3.080000e-01
1.082000e+05  3.090000e-01
1.083000e+05  3.100000e-01
1.084000e+05  3.110000e-01
1.085000e+05  3.120000e-01
1.086000e+05  3.130000e-01
1.087000e+05  3.130000e-01
1.088000e+05  3.120000e-01
1.089000e+05  3.110000e-01
1.090000e+05  3.100000e-01
1.091000e+05  3.080000e-01
1.092000e+05  3.060000e-01
1.093000e+05  3.050000e-01
1.094000e+05  3.030000e-01
1.095000e+05  3.010000e-01
1.096000e+05  3.000000e-01
1.097000e+05  2.990000e-01
1.098000e+05  2.980000e-01
1.099000e+05  2.980000e-01
1.100000e+05  2.980000e-01
1.101000e+05  2.980000e-01
1.102000e+05  2.990000e-01
1.103000e+05  3.000000e-01
1.104000e+05  3.010000e-01
1.105000e+05  3.010000e-01
1.106000e+05  3.010000e-01
1.107000e+05  3.000000e-01
1.108000e+05  2.990000e-01
1.109000e+05  2.990000e-01
1.110000e+05  2.980000e-01
1.111000e+05  2.980000e-01
1.112000e+05  2.970000e-01
1.113000e+05  2.970000e-01
1.114000e+05  2.970000e-01
1.115000e+05  2.960000e-01
1.116000e+05  2.960000e-01
1.117000e+05  2.940000e-01
1.118000e+05  2.930000e-01
1.119000e+05  2.910000e-01
1.120000e+05  2.890000e-01
1.121000e+05  2.870000e-01
1.122000e+05  2.850000e-01
1.123000e+05  2.830000e-01
1.124000e+05  2.820000e-01
1.125000e+05  2.810000e-01
1.126000e+05  2.800000e-01
1.127000e+05  2.800000e-01
1.128000e+05  2.810000e-01
1.129000e+05  2.810000e-01
1.130000e+05  2.820000e-01
1.131000e+05  2.830000e-01
1.132000e+05  2.850000e-01
1.133000e+05  2.860000e-01
1.134000e+05  2.870000e-01
1.135000e+05  2.880000e-01
1.136000e+05  2.890000e-01
1.137000e+05  2.890000e-01
1.138000e+05  2.900000e-01
1.139000e+05  2.900000e-01
1.140000e+05  2.910000e-01
1.141000e+05  2.910000e-01
1.142000e+05  2.920000e-01
1.143000e+05  2.930000e-01
1.144000e+05  2.940000e-01
1.145000e+05  2.950000e-01
1.146000e+05  2.960000e-01
1.147000e+05  2.980000e-01
1.148000e+05  2.990000e-01
1.149000e+05  3.010000e-01
1.150000e+05  3.020000e-01
1.151000e+05  3.040000e-01
1.152000e+05  3.060000e-01
1.153000e+05  3.080000e-01
1.154000e+05  3.100000e-01
1.155000e+05  3.120000e-01
1.156000e+05  3.140000e-01
1.157000e+05  3.150000e-01
1.158000e+05  3.160000e-01
1.159000e+05  3.170000e-01
1.160000e+05  3.170000e-01
1.161000e+05  3.180000e-01
1.162000e+05  3.180000e-01
1.163000e+05  3.190000e-01
1.164000e+05  3.190000e-01
1.165000e+05  3.200000e-01
1.166000e+05  3.200000e-01
1.167000e+05  3.210000e-01
1.168000e+05  3.210000e-01
1.169000e+05  3.210000e-01
1.170000e+05  3.210000e-01
1.171000e+05  3.200000e-01
1.172000e+05  3.190000e-01
1.173000e+05  3.170000e-01
1.174000e+05  3.150000e-01
1.175000e+05  3.140000e-01
1.176000e+05  3.120000e-01
1.177000e+05  3.100000e-01
1.178000e+05  3.090000e-01
1.179000e+05  3.080000e-01
1.180000e+05  3.070000e-01
1.181000e+05  3.070000e-01
1.182000e+05  3.060000e-01
1.183000e+05  3.060000e-01
1.184000e+05  3.060000e-01
1.185000e+05  3.050000e-01
1.186000e+05  3.040000e-01
1.187000e+05  3.030000e-01
1.188000e+05  3.020000e-01
1.189000e+05  3.010000e-01
1.190000e+05  2.990000e-01
1.191000e+05  2.980000e-01
1.192000e+05  2.970000e-01
1.193000e+05  2.960000e-01
1.194000e+05  2.950000e-01
1.195000e+05  2.950000e-01
1.196000e+05  2.940000e-01
1.197000e+05  2.940000e-01
1.198000e+05  2.940000e-01
1.199000e+05  2.930000e-01
1.200000e+05  2.930000e-01
1.201000e+05  2.920000e-01
1.202000e+05  2.910000e-01
1.203000e+05  2.900000e-01
1.204000e+05  2.890000e-01
1.205000e+05  2.880000e-01
1.206000e+05  2.860000e-01
1.207000e+05  2.850000e-01
1.208000e+05  2.830000e-01
1.209000e+05  2.830000e-01
1.210000e+05  2.820000e-01
1.211000e+05  2.820000e-01
1.212000e+05  2.820000e-01
1.213000e+05  2.830000e-01
1.214000e+05  2.840000e-01
1.215000e+05  2.850000e-01
1.216000e+05  2.860000e-01
1.217000e+05  2.870000e-01
1.218000e+05  2.880000e-01
1.219000e+05  2.890000e-01
1.220000e+05  2.910000e-01
1.221000e+05  2.910000e-01
1.222000e+05  2.920000e-01
1.223000e+05  2.930000e-01
1.224000e+05  2.930000e-01
1.225000e+05  2.940000e-01
1.226000e+05  2.940000e-01
1.227000e+05  2.940000e-01
1.228000e+05  2.950000e-01
1.229000e+05  2.950000e-01
1.230000e+05  2.960000e-01
1.231000e+05  2.970000e-01
1.232000e+05  2.990000e-01
1.233000e+05  3.010000e-01
1.234000e+05  3.030000e-01
1.235000e+05  3.050000e-01
1.236000e+05  3.070000e-01
1.237000e+05  3.090000e-01
1.238000e+05  3.110000e-01
1.239000e+05  3.140000e-01
1.240000e+05  3.160000e-01
1.241000e+05  3.190000e-01
1.242000e+05  3.220000e-01
1.243000e+05  3.240000e-01
1.244000e+05  3.270000e-01
1.245000e+05  3.290000e-01
1.246000e+05  3.320000e-01
1.247000e+05  3.340000e-01
1.248000e+05  3.360000e-01
1.249000e+05  3.370000e-01
1.250000e+05  3.380000e-01
1.251000e+05  3.390000e-01
1.252000e+05  3.400000e-01
1.253000e+05  3.390000e-01
1.254000e+05  3.390000e-01
1.255000e+05  3.380000e-01
1.256000e+05  3.370000e-01
1.257000e+05  3.360000e-01
1.258000e+05  3.350000e-01
1.259000e+05  3.340000e-01
1.260000e+05  3.340000e-01
1.261000e+05  3.340000e-01
1.262000e+05  3.340000e-01
1.263000e+05  3.350000e-01
1.264000e+05  3.360000e-01
1.265000e+05  3.370000e-01
1.266000e+05  3.380000e-01
1.267000e+05  3.379000e-01
1.268000e+05  3.389000e-01
1.269000e+05  3.389000e-01
1.270000e+05  3.389000e-01
1.271000e+05  3.389000e-01
1.272000e+05  3.389000e-01
1.273000e+05  3.390000e-01
1.274000e+05  3.390000e-01
1.275000e+05  3.390000e-01
1.276000e+05  3.400000e-01
1.277000e+05  3.400000e-01
1.278000e+05  3.410000e-01
1.279000e+05  3.420000e-01
1.280000e+05  3.430000e-01
1.281000e+05  3.440000e-01
1.282000e+05  3.460000e-01
1.283000e+05  3.480000e-01
1.284000e+05  3.500000e-01
1.285000e+05  3.520000e-01
1.286000e+05  3.550000e-01
1.287000e+05  3.570000e-01
1.288000e+05  3.590000e-01
1.289000e+05  3.620000e-01
1.290000e+05  3.630000e-01
1.291000e+05  3.650000e-01
1.292000e+05  3.660000e-01
1.293000e+05  3.670000e-01
1.294000e+05  3.670000e-01
1.295000e+05  3.680000e-01
1.296000e+05  3.680000e-01
1.297000e+05  3.670000e-01
1.298000e+05  3.670000e-01
1.299000e+05  3.670000e-01
1.300000e+05  3.670000e-01
1.301000e+05  3.670000e-01
1.302000e+05  3.670000e-01
1.303000e+05  3.680000e-01
1.304000e+05  3.690000e-01
1.305000e+05  3.700000e-01
1.306000e+05  3.710000e-01
1.307000e+05  3.730000e-01
1.308000e+05  3.760000e-01
1.309000e+05  3.780000e-01
1.310000e+05  3.810000e-01
1.311000e+05  3.840000e-01
1.312000e+05  3.870000e-01
1.313000e+05  3.900000e-01
1.314000e+05  3.920000e-01
1.315000e+05  3.950000e-01
1.316000e+05  3.980000e-01
1.317000e+05  4.000000e-01
1.318000e+05  4.020000e-01
1.319000e+05  4.040000e-01
1.320000e+05  4.060000e-01
1.321000e+05  4.080000e-01
1.322000e+05  4.090000e-01
1.323000e+05  4.100000e-01
1.324000e+05  4.110000e-01
1.325000e+05  4.120000e-01
1.326000e+05  4.130000e-01
1.327000e+05  4.140000e-01
1.328000e+05  4.140000e-01
1.329000e+05  4.140000e-01
1.330000e+05  4.140000e-01
1.331000e+05  4.140000e-01
1.332000e+05  4.130000e-01
1.333000e+05  4.120000e-01
1.334000e+05  4.100000e-01
1.335000e+05  4.090000e-01
1.336000e+05  4.080000e-01
1.337000e+05  4.060000e-01
1.338000e+05  4.050000e-01
1.339000e+05  4.040000e-01
1.340000e+05  4.030000e-01
1.341000e+05  4.030000e-01
1.342000e+05  4.030000e-01
1.343000e+05  4.030000e-01
1.344000e+05  4.030000e-01
1.345000e+05  4.040000e-01
1.346000e+05  4.040000e-01
1.347000e+05  4.050000e-01
1.348000e+05  4.050000e-01
1.349000e+05  4.060000e-01
1.350000e+05  4.060000e-01
1.351000e+05  4.060000e-01
1.352000e+05  4.060000e-01
1.353000e+05  4.060000e-01
1.354000e+05  4.060000e-01
1.355000e+05  4.060000e-01
1.356000e+05  4.060000e-01
1.357000e+05  4.070000e-01
1.358000e+05  4.070000e-01
1.359000e+05  4.080000e-01
1.360000e+05  4.080000e-01
1.361000e+05  4.090000e-01
1.362000e+05  4.090000e-01
1.363000e+05  4.100000e-01
1.364000e+05  4.100000e-01
1.365000e+05  4.100000e-01
1.366000e+05  4.090000e-01
1.367000e+05  4.090000e-01
1.368000e+05  4.080000e-01
1.369000e+05  4.070000e-01
1.370000e+05  4.060000e-01
1.371000e+05  4.050000e-01
1.372000e+05  4.040000e-01
1.373000e+05  4.030000e-01
1.374000e+05  4.020000e-01
1.375000e+05  4.010000e-01
1.376000e+05  4.010000e-01
1.377000e+05  4.010000e-01
1.378000e+05  4.010000e-01
1.379000e+05  4.010000e-01
1.380000e+05  4.020000e-01
1.381000e+05  4.020000e-01
1.382000e+05  4.030000e-01
1.383000e+05  4.040000e-01
1.384000e+05  4.040000e-01
1.385000e+05  4.040000e-01
1.386000e+05  4.050000e-01
1.387000e+05  4.050000e-01
1.388000e+05  4.050000e-01
1.389000e+05  4.050000e-01
1.390000e+05  4.050000e-01
1.391000e+05  4.060000e-01
1.392000e+05  4.060000e-01
1.393000e+05  4.060000e-01
1.394000e+05  4.070000e-01
1.395000e+05  4.080000e-01
1.396000e+05  4.090000e-01
1.397000e+05  4.100000e-01
1.398000e+05  4.110000e-01
1.399000e+05  4.120000e-01
1.400000e+05  4.140000e-01
1.401000e+05  4.150000e-01
1.402000e+05  4.160000e-01
1.403000e+05  4.170000e-01
1.404000e+05  4.180000e-01
1.405000e+05  4.180000e-01
1.406000e+05  4.190000e-01
1.407000e+05  4.190000e-01
1.408000e+05  4.180000e-01
1.409000e+05  4.180000e-01
1.410000e+05  4.170000e-01
1.411000e+05  4.170000e-01
1.412000e+05  4.160000e-01
1.413000e+05  4.150000e-01
1.414000e+05  4.150000e-01
1.415000e+05  4.150000e-01
1.416000e+05  4.140000e-01
1.417000e+05  4.150000e-01
1.418000e+05  4.150000e-01
1.419000e+05  4.160000e-01
1.420000e+05  4.160000e-01
1.421000e+05  4.170000e-01
1.422000e+05  4.180000e-01
1.423000e+05  4.180000e-01
1.424000e+05  4.190000e-01
1.425000e+05  4.190000e-01
1.426000e+05  4.190000e-01
1.427000e+05  4.180000e-01
1.428000e+05  4.170000e-01
1.429000e+05  4.170000e-01
1.430000e+05  4.160000e-01
1.431000e+05  4.150000e-01
1.432000e+05  4.150000e-01
1.433000e+05  4.140000e-01
1.434000e+05  4.140000e-01
1.435000e+05  4.140000e-01
1.436000e+05  4.150000e-01
1.437000e+05  4.150000e-01
1.438000e+05  4.160000e-01
1.439000e+05  4.170000e-01
1.440000e+05  4.180000e-01
1.441000e+05  4.180000e-01
1.442000e+05  4.190000e-01
1.443000e+05  4.200000e-01
1.444000e+05  4.200000e-01
1.445000e+05  4.200000e-01
1.446000e+05  4.200000e-01
1.447000e+05  4.190000e-01
1.448000e+05  4.180000e-01
1.449000e+05  4.170000e-01
1.450000e+05  4.160000e-01
1.451000e+05  4.150000e-01
1.452000e+05  4.140000e-01
1.453000e+05  4.130000e-01
1.454000e+05  4.120000e-01
1.455000e+05  4.110000e-01
1.456000e+05  4.100000e-01
1.457000e+05  4.090000e-01
1.458000e+05  4.080000e-01
1.459000e+05  4.070000e-01
1.460000e+05  4.060000e-01
1.461000e+05  4.050000e-01
1.462000e+05  4.040000e-01
1.463000e+05  4.030000e-01
1.464000e+05  4.020000e-01
1.465000e+05  4.010000e-01
1.466000e+05  4.000000e-01
1.467000e+05  3.990000e-01
1.468000e+05  3.980000e-01
1.469000e+05  3.980000e-01
1.470000e+05  3.970000e-01
1.471000e+05  3.970000e-01
1.472000e+05  3.960000e-01
1.473000e+05  3.960000e-01
1.474000e+05  3.950000e-01
1.475000e+05  3.950000e-01
1.476000e+05  3.950000e-01
1.477000e+05  3.940000e-01
1.478000e+05  3.930000e-01
1.479000e+05  3.920000e-01
1.480000e+05  3.910000e-01
1.481000e+05  3.910000e-01
1.482000e+05  3.890000e-01
1.483000e+05  3.880000e-01
1.484000e+05  3.870000e-01
1.485000e+05  3.860000e-01
1.486000e+05  3.850000e-01
1.487000e+05  3.840000e-01
1.488000e+05  3.830000e-01
1.489000e+05  3.820000e-01
1.490000e+05  3.810000e-01
1.491000e+05  3.800000e-01
1.492000e+05  3.790000e-01
1.493000e+05  3.770000e-01
1.494000e+05  3.760000e-01
1.495000e+05  3.750000e-01
1.496000e+05  3.730000e-01
1.497000e+05  3.720000e-01
1.498000e+05  3.710000e-01
1.499000e+05  3.690000e-01
1.500000e+05  3.680000e-01
1.501000e+05  3.670000e-01
1.502000e+05  3.660000e-01
1.503000e+05  3.650000e-01
1.504000e+05  3.640000e-01
1.505000e+05  3.630000e-01
1.506000e+05  3.620000e-01
1.507000e+05  3.610000e-01
1.508000e+05  3.600000e-01
1.509000e+05  3.590000e-01
1.510000e+05  3.570000e-01
1.511000e+05  3.560000e-01
1.512000e+05  3.550000e-01
1.513000e+05  3.530000e-01
1.514000e+05  3.510000e-01
1.515000e+05  3.490000e-01
1.516000e+05  3.470000e-01
1.517000e+05  3.440000e-01
1.518000e+05  3.410000e-01
1.519000e+05  3.380000e-01
1.520000e+05  3.350000e-01
1.521000e+05  3.320000e-01
1.522000e+05  3.280000e-01
1.523000e+05  3.250000e-01
1.524000e+05  3.210000e-01
1.525000e+05  3.180000e-01
1.526000e+05  3.150000e-01
1.527000e+05  3.110000e-01
1.528000e+05  3.080000e-01
1.529000e+05  3.050000e-01
1.530000e+05  3.020000e-01
1.531000e+05  2.990000e-01
1.532000e+05  2.970000e-01
1.533000e+05  2.940000e-01
1.534000e+05  2.910000e-01
1.535000e+05  2.880000e-01
1.536000e+05  2.850000e-01
1.537000e+05  2.820000e-01
1.538000e+05  2.791000e-01
1.539000e+05  2.761000e-01
1.540000e+05  2.731000e-01
1.541000e+05  2.701000e-01
1.542000e+05  2.671000e-01
1.543000e+05  2.650000e-01
1.544000e+05  2.620000e-01
1.545000e+05  2.600000e-01
1.546000e+05  2.590000e-01
1.547000e+05  2.570000e-01
1.548000e+05  2.560000e-01
1.549000e+05  2.550000e-01
1.550000e+05  2.540000e-01
1.551000e+05  2.540000e-01
1.552000e+05  2.540000e-01
1.553000e+05  2.530000e-01
1.554000e+05  2.530000e-01
1.555000e+05  2.530000e-01
1.556000e+05  2.530000e-01
1.557000e+05  2.530000e-01
1.558000e+05  2.540000e-01
1.559000e+05  2.540000e-01
1.560000e+05  2.540000e-01
1.561000e+05  2.540000e-01
1.562000e+05  2.550000e-01
1.563000e+05  2.550000e-01
1.564000e+05  2.560000e-01
1.565000e+05  2.560000e-01
1.566000e+05  2.570000e-01
1.567000e+05  2.570000e-01
1.568000e+05  2.580000e-01
1.569000e+05  2.580000e-01
1.570000e+05  2.580000e-01
1.571000e+05  2.590000e-01
1.572000e+05  2.590000e-01
1.573000e+05  2.590000e-01
1.574000e+05  2.590000e-01
1.575000e+05  2.580000e-01
1.576000e+05  2.580000e-01
1.577000e+05  2.580000e-01
1.578000e+05  2.570000e-01
1.579000e+05  2.570000e-01
1.580000e+05  2.560000e-01
1.581000e+05  2.550000e-01
1.582000e+05  2.550000e-01
1.583000e+05  2.540000e-01
1.584000e+05  2.530000e-01
1.585000e+05  2.520000e-01
1.586000e+05  2.500000e-01
1.587000e+05  2.490000e-01
1.588000e+05  2.480000e-01
1.589000e+05  2.460000e-01
1.590000e+05  2.450000e-01
1.591000e+05  2.430000e-01
1.592000e+05  2.410000e-01
1.593000e+05  2.400000e-01
1.594000e+05  2.380000e-01
1.595000e+05  2.360000e-01
1.596000e+05  2.350000e-01
1.597000e+05  2.330000e-01
1.598000e+05  2.320000e-01
1.599000e+05  2.310000e-01
1.600000e+05  2.300000e-01
1.601000e+05  2.290000e-01
1.602000e+05  2.280000e-01
1.603000e+05  2.270000e-01
1.604000e+05  2.270000e-01
1.605000e+05  2.260000e-01
1.606000e+05  2.260000e-01
1.607000e+05  2.260000e-01
1.608000e+05  2.260000e-01
1.609000e+05  2.260000e-01
1.610000e+05  2.250000e-01
1.611000e+05  2.250000e-01
1.612000e+05  2.250000e-01
1.613000e+05  2.240000e-01
1.614000e+05  2.240000e-01
1.615000e+05  2.240000e-01
1.616000e+05  2.230000e-01
1.617000e+05  2.220000e-01
1.618000e+05  2.220000e-01
1.619000e+05  2.210000e-01
1.620000e+05  2.200000e-01
1.621000e+05  2.190000e-01
1.622000e+05  2.180000e-01
1.623000e+05  2.170000e-01
1.624000e+05  2.150000e-01
1.625000e+05  2.140000e-01
1.626000e+05  2.120000e-01
1.627000e+05  2.100000e-01
1.628000e+05  2.080000e-01
1.629000e+05  2.060000e-01
1.630000e+05  2.030000e-01
1.631000e+05  2.000000e-01
1.632000e+05  1.971000e-01
1.633000e+05  1.941000e-01
1.634000e+05  1.911000e-01
1.635000e+05  1.871000e-01
1.636000e+05  1.831000e-01
1.637000e+05  1.791000e-01
1.638000e+05  1.751000e-01
1.639000e+05  1.711000e-01
1.640000e+05  1.671000e-01
1.641000e+05  1.621000e-01
1.642000e+05  1.581000e-01
1.643000e+05  1.531000e-01
1.644000e+05  1.491000e-01
1.645000e+05  1.441000e-01
1.646000e+05  1.391000e-01
1.647000e+05  1.351000e-01
1.648000e+05  1.301000e-01
1.649000e+05  1.251000e-01
1.650000e+05  1.211000e-01
1.651000e+05  1.161000e-01
1.652000e+05  1.121000e-01
1.653000e+05  1.071000e-01
1.654000e+05  1.031000e-01
1.655000e+05  9.826000e-02
1.656000e+05  9.395000e-02
1.657000e+05  8.975000e-02
1.658000e+05  8.574000e-02
1.659000e+05  8.164000e-02
1.660000e+05  7.784000e-02
1.661000e+05  7.415000e-02
1.662000e+05  7.055000e-02
1.663000e+05  6.705000e-02
1.664000e+05  6.366000e-02
1.665000e+05  6.056000e-02
1.666000e+05  5.746000e-02
1.667000e+05  5.446000e-02
1.668000e+05  5.175000e-02
1.669000e+05  4.915000e-02
1.670000e+05  4.664000e-02
1.671000e+05  4.433000e-02
1.672000e+05  4.203000e-02
1.673000e+05  3.992000e-02
1.674000e+05  3.802000e-02
1.675000e+05  3.602000e-02
1.676000e+05  3.432000e-02
1.677000e+05  3.272000e-02
1.678000e+05  3.112000e-02
1.679000e+05  2.972000e-02
1.680000e+05  2.833000e-02
1.681000e+05  2.702000e-02
1.682000e+05  2.582000e-02
1.683000e+05  2.462000e-02
1.684000e+05  2.362000e-02
1.685000e+05  2.261000e-02
1.686000e+05  2.161000e-02
1.687000e+05  2.071000e-02
1.688000e+05  1.980000e-02
1.689000e+05  1.900000e-02
1.690000e+05  1.829000e-02
1.691000e+05  1.749000e-02
1.692000e+05  1.688000e-02
1.693000e+05  1.618000e-02
1.694000e+05  1.558000e-02
1.695000e+05  1.508000e-02
1.696000e+05  1.448000e-02
1.697000e+05  1.398000e-02
1.698000e+05  1.348000e-02
1.699000e+05  1.308000e-02
1.700000e+05  1.268000e-02
1.701000e+05  1.228000e-02
1.702000e+05  1.188000e-02
1.703000e+05  1.148000e-02
1.704000e+05  1.117000e-02
1.705000e+05  1.078000e-02
1.706000e+05  1.047000e-02
1.707000e+05  1.017000e-02
1.708000e+05  9.841000e-03
1.709000e+05  9.527000e-03
1.710000e+05  9.220000e-03
1.711000e+05  8.904000e-03
1.712000e+05  8.581000e-03
1.713000e+05  8.264000e-03
1.714000e+05  7.939000e-03
1.715000e+05  7.596000e-03
1.716000e+05  7.261000e-03
1.717000e+05  6.905000e-03
1.718000e+05  6.539000e-03
1.719000e+05  6.171000e-03
1.720000e+05  5.805000e-03
1.721000e+05  5.428000e-03
1.722000e+05  5.052000e-03
1.723000e+05  4.674000e-03
1.724000e+05  4.306000e-03
1.725000e+05  3.927000e-03
1.726000e+05  3.567000e-03
1.727000e+05  3.206000e-03
1.728000e+05  2.844000e-03
1.729000e+05  2.495000e-03
1.730000e+05  2.175000e-03
1.731000e+05  1.847000e-03
1.732000e+05  1.553000e-03
1.733000e+05  1.250000e-03
1.734000e+05  9.764000e-04
1.735000e+05  6.603000e-04
1.736000e+05  7.003000e-04
1.737000e+05  4.424000e-04
1.738000e+05  2.304000e-03
1.739000e+05  2.469000e-03
1.740000e+05  2.486000e-03
1.741000e+05  2.345000e-03
1.742000e+05  2.029000e-03
1.743000e+05  1.590000e-03
1.744000e+05  1.059000e-03
1.745000e+05  4.373000e-04
1.746000e+05  1.136000e-03
1.747000e+05  2.343000e-04
1.748000e+05  6.431000e-04
1.749000e+05  8.803000e-04
1.750000e+05  1.010000e-03
1.751000e+05  1.365000e-03
1.752000e+05  1.328000e-03
1.753000e+05  1.098000e-03
1.754000e+05  9.208000e-04
1.755000e+05  7.691000e-04
1.756000e+05  6.316000e-04
1.757000e+05  5.031000e-04
1.758000e+05  3.633000e-04
1.759000e+05  4.194000e-04
1.760000e+05  3.795000e-04
1.761000e+05  3.458000e-04
1.762000e+05  3.171000e-04
1.763000e+05  2.936000e-04
1.764000e+05  2.648000e-04
1.765000e+05  2.184000e-04
1.766000e+05  2.046000e-04
1.767000e+05  1.870000e-04
1.768000e+05  1.695000e-04
1.769000e+05  1.526000e-04
1.770000e+05  1.367000e-04
1.771000e+05  1.189000e-04
1.772000e+05  1.110000e-04
1.773000e+05  1.035000e-04
1.774000e+05  9.726000e-05
1.775000e+05  9.178000e-05
1.776000e+05  8.668000e-05
1.777000e+05  8.116000e-05
1.778000e+05  7.646000e-05
1.779000e+05  7.226000e-05
1.780000e+05  6.856000e-05
1.781000e+05  6.541000e-05
1.782000e+05  6.241000e-05
1.783000e+05  5.972000e-05
1.784000e+05  5.727000e-05
1.785000e+05  5.509000e-05
1.786000e+05  5.301000e-05
1.787000e+05  5.116000e-05
1.788000e+05  4.928000e-05
1.789000e+05  4.837000e-05
1.790000e+05  4.743000e-05
1.791000e+05  4.658000e-05
1.792000e+05  4.571000e-05
1.793000e+05  4.494000e-05
1.794000e+05  4.415000e-05
1.795000e+05  4.336000e-05
1.796000e+05  4.870000e-05
1.797000e+05  5.029000e-05
1.798000e+05  5.067000e-05
1.799000e+05  5.043000e-05
1.800000e+05  5.011000e-05
1.801000e+05  4.952000e-05
1.802000e+05  4.927000e-05
1.803000e+05  4.815000e-05
1.804000e+05  4.608000e-05
1.805000e+05  3.995000e-05
1.806000e+05  4.016000e-05
1.807000e+05  4.031000e-05
1.808000e+05  4.037000e-05
1.809000e+05  4.056000e-05
1.810000e+05  4.064000e-05
1.811000e+05  4.085000e-05
1.812000e+05  4.095000e-05
1.813000e+05  4.110000e-05
1.814000e+05  4.113000e-05
1.815000e+05  4.110000e-05
1.816000e+05  4.116000e-05
1.817000e+05  4.121000e-05
1.818000e+05  4.119000e-05
1.819000e+05  4.729000e-05
1.820000e+05  4.957000e-05
1.821000e+05  5.051000e-05
1.822000e+05  5.058000e-05
1.823000e+05  5.021000e-05
1.824000e+05  4.962000e-05
1.825000e+05  4.851000e-05
1.826000e+05  4.705000e-05
1.827000e+05  4.502000e-05
1.828000e+05  4.280000e-05
1.829000e+05  3.950000e-05
1.830000e+05  3.908000e-05
1.831000e+05  3.856000e-05
1.832000e+05  3.794000e-05
1.833000e+05  3.743000e-05
1.834000e+05  3.692000e-05
1.835000e+05  3.642000e-05
1.836000e+05  3.591000e-05
1.837000e+05  3.541000e-05
1.838000e+05  3.491000e-05
1.839000e+05  3.432000e-05
1.840000e+05  3.355000e-05
1.841000e+05  3.278000e-05
1.842000e+05  3.202000e-05
1.843000e+05  3.135000e-05
1.844000e+05  3.058000e-05
1.845000e+05  2.853000e-05
1.846000e+05  3.188000e-05
1.847000e+05  3.262000e-05
1.848000e+05  3.274000e-05
1.849000e+05  3.255000e-05
1.850000e+05  3.219000e-05
1.851000e+05  3.169000e-05
1.852000e+05  3.100000e-05
1.853000e+05  3.038000e-05
1.854000e+05  2.965000e-05
1.855000e+05  2.873000e-05
1.856000e+05  2.778000e-05
1.857000e+05  2.674000e-05
1.858000e+05  2.569000e-05
1.859000e+05  2.490000e-05
1.860000e+05  2.453000e-05
1.861000e+05  2.441000e-05
1.862000e+05  2.411000e-05
1.863000e+05  2.353000e-05
1.864000e+05  2.226000e-05
1.865000e+05  1.990000e-05
1.866000e+05  1.968000e-05
1.867000e+05  1.946000e-05
1.868000e+05  1.934000e-05
1.869000e+05  1.914000e-05
1.870000e+05  1.893000e-05
1.871000e+05  1.884000e-05
1.872000e+05  1.865000e-05
1.873000e+05  1.857000e-05
1.874000e+05  2.076000e-05
1.875000e+05  2.129000e-05
1.876000e+05  2.143000e-05
1.877000e+05  2.123000e-05
1.878000e+05  2.074000e-05
1.879000e+05  1.971000e-05
1.880000e+05  1.758000e-05
1.881000e+05  1.742000e-05
1.882000e+05  1.736000e-05
1.883000e+05  1.719000e-05
1.884000e+05  1.703000e-05
1.885000e+05  1.687000e-05
1.886000e+05  1.680000e-05
1.887000e+05  1.664000e-05
1.888000e+05  1.647000e-05
1.889000e+05  1.630000e-05
1.890000e+05  1.622000e-05
1.891000e+05  1.594000e-05
1.892000e+05  1.723000e-05
1.893000e+05  1.776000e-05
1.894000e+05  1.810000e-05
1.895000e+05  1.830000e-05
1.896000e+05  1.832000e-05
1.897000e+05  1.816000e-05
1.898000e+05  1.782000e-05
1.899000e+05  1.681000e-05
1.900000e+05  1.450000e-05
1.901000e+05  1.431000e-05
1.902000e+05  1.412000e-05
1.903000e+05  1.393000e-05
1.904000e+05  1.374000e-05
1.905000e+05  1.355000e-05
1.906000e+05  1.345000e-05
1.907000e+05  1.325000e-05
1.908000e+05  1.336000e-05
1.909000e+05  1.511000e-05
1.910000e+05  1.523000e-05
1.911000e+05  1.513000e-05
1.912000e+05  1.485000e-05
1.913000e+05  1.437000e-05
1.914000e+05  1.389000e-05
1.915000e+05  1.343000e-05
1.916000e+05  1.300000e-05
1.917000e+05  1.259000e-05
1.918000e+05  1.239000e-05
1.919000e+05  1.229000e-05
1.920000e+05  1.228000e-05
1.921000e+05  1.238000e-05
1.922000e+05  1.255000e-05
1.923000e+05  1.277000e-05
1.924000e+05  1.297000e-05
1.925000e+05  1.323000e-05
1.926000e+05  1.334000e-05
1.927000e+05  1.338000e-05
1.928000e+05  1.336000e-05
1.929000e+05  1.334000e-05
1.930000e+05  1.319000e-05
1.931000e+05  1.298000e-05
1.932000e+05  1.272000e-05
1.933000e+05  1.244000e-05
1.934000e+05  1.223000e-05
1.935000e+05  1.197000e-05
1.936000e+05  1.185000e-05
1.937000e+05  1.167000e-05
1.938000e+05  1.159000e-05
1.939000e+05  1.141000e-05
1.940000e+05  1.128000e-05
1.941000e+05  1.103000e-05
1.942000e+05  1.083000e-05
1.943000e+05  1.050000e-05
1.944000e+05  1.025000e-05
1.945000e+05  1.006000e-05
1.946000e+05  9.896000e-06
1.947000e+05  9.964000e-06
1.948000e+05  1.003000e-05
1.949000e+05  1.021000e-05
1.950000e+05  1.030000e-05
1.951000e+05  1.045000e-05
1.952000e+05  1.047000e-05
1.953000e+05  1.053000e-05
1.954000e+05  1.045000e-05
1.955000e+05  1.040000e-05
1.956000e+05  1.019000e-05
1.957000e+05  1.000000e-05
1.958000e+05  9.653000e-06
1.959000e+05  9.313000e-06
1.960000e+05  8.792000e-06
1.961000e+05  8.328000e-06
1.962000e+05  8.081000e-06
1.963000e+05  8.307000e-06
1.964000e+05  8.549000e-06
1.965000e+05  8.709000e-06
1.966000e+05  8.808000e-06
1.967000e+05  8.835000e-06
1.968000e+05  8.828000e-06
1.969000e+05  8.788000e-06
1.970000e+05  8.735000e-06
1.971000e+05  8.691000e-06
1.972000e+05  8.632000e-06
1.973000e+05  8.579000e-06
1.974000e+05  8.528000e-06
1.975000e+05  8.486000e-06
1.976000e+05  8.429000e-06
1.977000e+05  8.366000e-06
1.978000e+05  8.291000e-06
1.979000e+05  8.215000e-06
1.980000e+05  8.125000e-06
1.981000e+05  8.015000e-06
1.982000e+05  7.920000e-06
1.983000e+05  7.832000e-06
1.984000e+05  7.765000e-06
1.985000e+05  7.728000e-06
1.986000e+05  7.710000e-06
1.987000e+05  7.712000e-06
1.988000e+05  7.706000e-06
1.989000e+05  7.717000e-06
1.990000e+05  7.702000e-06
1.991000e+05  7.683000e-06
1.992000e+05  7.634000e-06
1.993000e+05  7.521000e-06
1.994000e+05  7.333000e-06
1.995000e+05  6.956000e-06
1.996000e+05  6.484000e-06
1.997000e+05  6.841000e-06
1.998000e+05  7.396000e-06
1.999000e+05  7.799000e-06
