1.600000e+05  8.893000e-07
1.601000e+05  8.943000e-07
1.602000e+05  8.981000e-07
1.603000e+05  9.022000e-07
1.604000e+05  9.061000e-07
1.605000e+05  9.103000e-07
1.606000e+05  9.144000e-07
1.607000e+05  9.186000e-07
1.608000e+05  9.230000e-07
1.609000e+05  9.142000e-07
1.610000e+05  9.249000e-07
1.611000e+05  9.293000e-07
1.612000e+05  9.420000e-07
1.613000e+05  9.431000e-07
1.614000e+05  9.438000e-07
1.615000e+05  9.544000e-07
1.616000e+05  9.539000e-07
1.617000e+05  9.529000e-07
1.618000e+05  9.619000e-07
1.619000e+05  9.605000e-07
1.620000e+05  9.613000e-07
1.621000e+05  9.644000e-07
1.622000e+05  9.785000e-07
1.623000e+05  9.818000e-07
1.624000e+05  9.845000e-07
1.625000e+05  9.862000e-07
1.626000e+05  9.871000e-07
1.627000e+05  9.971000e-07
1.628000e+05  9.959000e-07
1.629000e+05  9.933000e-07
1.630000e+05  9.887000e-07
1.631000e+05  9.758000e-07
1.632000e+05  9.896000e-07
1.633000e+05  9.895000e-07
1.634000e+05  9.894000e-07
1.635000e+05  9.832000e-07
1.636000e+05  9.900000e-07
1.637000e+05  9.914000e-07
1.638000e+05  9.870000e-07
1.639000e+05  9.900000e-07
1.640000e+05  9.905000e-07
1.641000e+05  9.909000e-07
1.642000e+05  9.913000e-07
1.643000e+05  1.002000e-06
1.644000e+05  1.003000e-06
1.645000e+05  1.003000e-06
1.646000e+05  1.004000e-06
1.647000e+05  1.004000e-06
1.648000e+05  1.005000e-06
1.649000e+05  1.005000e-06
1.650000e+05  1.016000e-06
1.651000e+05  1.016000e-06
1.652000e+05  1.016000e-06
1.653000e+05  1.016000e-06
1.654000e+05  1.027000e-06
1.655000e+05  1.027000e-06
1.656000e+05  1.037000e-06
1.657000e+05  1.037000e-06
1.658000e+05  1.036000e-06
1.659000e+05  1.050000e-06
1.660000e+05  1.055000e-06
1.661000e+05  1.064000e-06
1.662000e+05  1.060000e-06
1.663000e+05  1.057000e-06
1.664000e+05  1.072000e-06
1.665000e+05  1.081000e-06
1.666000e+05  1.075000e-06
1.667000e+05  1.088000e-06
1.668000e+05  1.090000e-06
1.669000e+05  1.107000e-06
1.670000e+05  1.116000e-06
1.671000e+05  1.124000e-06
1.672000e+05  1.133000e-06
1.673000e+05  1.142000e-06
1.674000e+05  1.150000e-06
1.675000e+05  1.159000e-06
1.676000e+05  1.168000e-06
1.677000e+05  1.177000e-06
1.678000e+05  1.186000e-06
1.679000e+05  1.194000e-06
1.680000e+05  1.210000e-06
1.681000e+05  1.220000e-06
1.682000e+05  1.217000e-06
1.683000e+05  1.240000e-06
1.684000e+05  1.260000e-06
1.685000e+05  1.269000e-06
1.686000e+05  1.277000e-06
1.687000e+05  1.297000e-06
1.688000e+05  1.305000e-06
1.689000e+05  1.314000e-06
1.690000e+05  1.340000e-06
1.691000e+05  1.358000e-06
1.692000e+05  1.379000e-06
1.693000e+05  1.388000e-06
1.694000e+05  1.396000e-06
1.695000e+05  1.413000e-06
1.696000e+05  1.420000e-06
1.697000e+05  1.441000e-06
1.698000e+05  1.463000e-06
1.699000e+05  1.475000e-06
1.700000e+05  1.497000e-06
1.701000e+05  1.508000e-06
1.702000e+05  1.528000e-06
1.703000e+05  1.547000e-06
1.704000e+05  1.554000e-06
1.705000e+05  1.571000e-06
1.706000e+05  1.586000e-06
1.707000e+05  1.602000e-06
1.708000e+05  1.613000e-06
1.709000e+05  1.639000e-06
1.710000e+05  1.665000e-06
1.711000e+05  1.688000e-06
1.712000e+05  1.705000e-06
1.713000e+05  1.710000e-06
1.714000e+05  1.714000e-06
1.715000e+05  1.724000e-06
1.716000e+05  1.744000e-06
1.717000e+05  1.763000e-06
1.718000e+05  1.822000e-06
1.719000e+05  1.848000e-06
1.720000e+05  1.877000e-06
1.721000e+05  1.891000e-06
1.722000e+05  1.902000e-06
1.723000e+05  1.921000e-06
1.724000e+05  1.922000e-06
1.725000e+05  1.887000e-06
1.726000e+05  1.898000e-06
1.727000e+05  1.908000e-06
1.728000e+05  1.929000e-06
1.729000e+05  1.940000e-06
1.730000e+05  1.951000e-06
1.731000e+05  2.006000e-06
1.732000e+05  2.055000e-06
1.733000e+05  2.073000e-06
1.734000e+05  2.078000e-06
1.735000e+05  2.065000e-06
1.736000e+05  2.038000e-06
1.737000e+05  2.049000e-06
1.738000e+05  2.060000e-06
1.739000e+05  2.081000e-06
1.740000e+05  2.147000e-06
1.741000e+05  2.185000e-06
1.742000e+05  2.201000e-06
1.743000e+05  2.177000e-06
1.744000e+05  2.164000e-06
1.745000e+05  2.185000e-06
1.746000e+05  2.251000e-06
1.747000e+05  2.316000e-06
1.748000e+05  2.353000e-06
1.749000e+05  2.383000e-06
1.750000e+05  2.407000e-06
1.751000e+05  2.426000e-06
1.752000e+05  2.452000e-06
1.753000e+05  2.485000e-06
1.754000e+05  2.511000e-06
1.755000e+05  2.536000e-06
1.756000e+05  2.495000e-06
1.757000e+05  2.533000e-06
1.758000e+05  2.580000e-06
1.759000e+05  2.628000e-06
1.760000e+05  2.702000e-06
1.761000e+05  2.804000e-06
1.762000e+05  2.867000e-06
1.763000e+05  2.929000e-06
1.764000e+05  2.974000e-06
1.765000e+05  3.034000e-06
1.766000e+05  3.088000e-06
1.767000e+05  3.140000e-06
1.768000e+05  3.210000e-06
1.769000e+05  3.275000e-06
1.770000e+05  3.349000e-06
1.771000e+05  3.404000e-06
1.772000e+05  3.433000e-06
1.773000e+05  3.517000e-06
1.774000e+05  3.602000e-06
1.775000e+05  3.695000e-06
1.776000e+05  3.789000e-06
1.777000e+05  3.911000e-06
1.778000e+05  4.110000e-06
1.779000e+05  4.283000e-06
1.780000e+05  4.443000e-06
1.781000e+05  4.588000e-06
1.782000e+05  4.735000e-06
1.783000e+05  4.873000e-06
1.784000e+05  5.029000e-06
1.785000e+05  5.200000e-06
1.786000e+05  5.382000e-06
1.787000e+05  5.589000e-06
1.788000e+05  5.812000e-06
1.789000e+05  6.073000e-06
1.790000e+05  6.358000e-06
1.791000e+05  6.650000e-06
1.792000e+05  6.916000e-06
1.793000e+05  7.275000e-06
1.794000e+05  7.701000e-06
1.795000e+05  8.134000e-06
1.796000e+05  8.779000e-06
1.797000e+05  9.430000e-06
1.798000e+05  1.011000e-05
1.799000e+05  1.095000e-05
1.800000e+05  1.177000e-05
1.801000e+05  1.265000e-05
1.802000e+05  1.338000e-05
1.803000e+05  1.408000e-05
1.804000e+05  1.529000e-05
1.805000e+05  1.649000e-05
1.806000e+05  1.785000e-05
1.807000e+05  1.945000e-05
1.808000e+05  2.127000e-05
1.809000e+05  2.360000e-05
1.810000e+05  2.601000e-05
1.811000e+05  2.983000e-05
1.812000e+05  3.436000e-05
1.813000e+05  4.017000e-05
1.814000e+05  4.016000e-05
1.815000e+05  4.141000e-05
1.816000e+05  4.061000e-05
1.817000e+05  3.966000e-05
1.818000e+05  3.841000e-05
1.819000e+05  3.708000e-05
1.820000e+05  3.547000e-05
1.821000e+05  3.404000e-05
1.822000e+05  2.441000e-05
1.823000e+05  2.955000e-05
1.824000e+05  3.169000e-05
1.825000e+05  3.265000e-05
1.826000e+05  3.249000e-05
1.827000e+05  2.369000e-05
1.828000e+05  1.165000e-05
1.829000e+05  1.430000e-05
1.830000e+05  1.122000e-05
1.831000e+05  8.964000e-06
1.832000e+05  7.249000e-06
1.833000e+05  5.916000e-06
1.834000e+05  4.949000e-06
1.835000e+05  4.201000e-06
1.836000e+05  3.617000e-06
1.837000e+05  3.174000e-06
1.838000e+05  2.233000e-06
1.839000e+05  2.671000e-06
1.840000e+05  1.955000e-06
1.841000e+05  2.225000e-06
1.842000e+05  2.554000e-06
1.843000e+05  2.774000e-06
1.844000e+05  2.849000e-06
1.845000e+05  2.705000e-06
1.846000e+05  2.323000e-06
1.847000e+05  1.770000e-06
1.848000e+05  1.198000e-06
1.849000e+05  1.283000e-06
1.850000e+05  2.265000e-06
1.851000e+05  3.362000e-06
1.852000e+05  4.284000e-06
1.853000e+05  4.884000e-06
1.854000e+05  4.898000e-06
1.855000e+05  4.002000e-06
1.856000e+05  8.544000e-07
1.857000e+05  4.137000e-07
1.858000e+05  4.415000e-07
1.859000e+05  4.735000e-07
1.860000e+05  5.061000e-07
1.861000e+05  5.440000e-07
1.862000e+05  4.724000e-06
1.863000e+05  7.168000e-06
1.864000e+05  8.232000e-06
1.865000e+05  7.953000e-06
1.866000e+05  6.348000e-06
1.867000e+05  2.625000e-06
1.868000e+05  8.805000e-07
1.869000e+05  9.245000e-07
1.870000e+05  9.588000e-07
1.871000e+05  2.220000e-06
1.872000e+05  7.044000e-06
1.873000e+05  1.023000e-05
1.874000e+05  1.267000e-05
1.875000e+05  1.451000e-05
1.876000e+05  1.591000e-05
1.877000e+05  1.695000e-05
1.878000e+05  1.761000e-05
1.879000e+05  1.794000e-05
1.880000e+05  1.795000e-05
1.881000e+05  1.773000e-05
1.882000e+05  1.735000e-05
1.883000e+05  1.695000e-05
1.884000e+05  1.690000e-05
1.885000e+05  1.731000e-05
1.886000e+05  1.810000e-05
1.887000e+05  1.927000e-05
1.888000e+05  2.076000e-05
1.889000e+05  2.221000e-05
1.890000e+05  2.389000e-05
1.891000e+05  2.564000e-05
1.892000e+05  2.752000e-05
1.893000e+05  2.925000e-05
1.894000e+05  3.092000e-05
1.895000e+05  3.242000e-05
1.896000e+05  3.345000e-05
1.897000e+05  3.398000e-05
1.898000e+05  3.323000e-05
1.899000e+05  3.075000e-05
1.900000e+05  2.578000e-05
1.901000e+05  1.673000e-05
1.902000e+05  8.603000e-06
1.903000e+05  9.360000e-06
1.904000e+05  1.019000e-05
1.905000e+05  1.842000e-05
1.906000e+05  3.458000e-05
1.907000e+05  1.154000e-04
1.908000e+05  2.706000e-04
1.909000e+05  5.038000e-04
1.910000e+05  6.935000e-04
1.911000e+05  8.426000e-04
1.912000e+05  8.877000e-04
1.913000e+05  9.056000e-04
1.914000e+05  8.691000e-04
1.915000e+05  8.133000e-04
1.916000e+05  7.175000e-04
1.917000e+05  5.891000e-04
1.918000e+05  4.340000e-04
1.919000e+05  2.360000e-04
1.920000e+05  1.031000e-04
1.921000e+05  5.896000e-05
1.922000e+05  2.267000e-05
1.923000e+05  5.489000e-05
1.924000e+05  6.015000e-05
1.925000e+05  5.460000e-05
1.926000e+05  1.003000e-04
1.927000e+05  1.423000e-04
1.928000e+05  1.819000e-04
1.929000e+05  2.180000e-04
1.930000e+05  5.022000e-05
1.931000e+05  2.479000e-04
1.932000e+05  2.711000e-04
1.933000e+05  3.065000e-04
1.934000e+05  3.496000e-04
1.935000e+05  4.070000e-04
1.936000e+05  4.653000e-04
1.937000e+05  5.888000e-04
1.938000e+05  7.319000e-04
1.939000e+05  9.816000e-04
1.940000e+05  1.280000e-03
1.941000e+05  1.585000e-03
1.942000e+05  1.863000e-03
1.943000e+05  2.095000e-03
1.944000e+05  2.263000e-03
1.945000e+05  2.415000e-03
1.946000e+05  2.524000e-03
1.947000e+05  2.631000e-03
1.948000e+05  2.714000e-03
1.949000e+05  2.796000e-03
1.950000e+05  2.916000e-03
1.951000e+05  3.063000e-03
1.952000e+05  3.287000e-03
1.953000e+05  3.589000e-03
1.954000e+05  3.970000e-03
1.955000e+05  4.483000e-03
1.956000e+05  5.060000e-03
1.957000e+05  5.869000e-03
1.958000e+05  6.723000e-03
1.959000e+05  7.881000e-03
1.960000e+05  9.100000e-03
1.961000e+05  1.064000e-02
1.962000e+05  1.223000e-02
1.963000e+05  1.402000e-02
1.964000e+05  1.601000e-02
1.965000e+05  1.830000e-02
1.966000e+05  2.079000e-02
1.967000e+05  2.348000e-02
1.968000e+05  2.657000e-02
1.969000e+05  2.986000e-02
1.970000e+05  3.394000e-02
1.971000e+05  3.812000e-02
1.972000e+05  4.318000e-02
1.973000e+05  4.845000e-02
1.974000e+05  5.460000e-02
1.975000e+05  6.084000e-02
1.976000e+05  6.778000e-02
1.977000e+05  7.513000e-02
1.978000e+05  8.297000e-02
1.979000e+05  9.151000e-02
1.980000e+05  1.003000e-01
1.981000e+05  1.113000e-01
1.982000e+05  1.222000e-01
1.983000e+05  1.342000e-01
1.984000e+05  1.461000e-01
1.985000e+05  1.581000e-01
1.986000e+05  1.701000e-01
1.987000e+05  1.801000e-01
1.988000e+05  1.901000e-01
1.989000e+05  1.992000e-01
1.990000e+05  2.073000e-01
1.991000e+05  2.144000e-01
1.992000e+05  2.215000e-01
1.993000e+05  2.275000e-01
1.994000e+05  2.336000e-01
1.995000e+05  2.386000e-01
1.996000e+05  2.427000e-01
1.997000e+05  2.447000e-01
1.998000e+05  2.468000e-01
1.999000e+05  2.468000e-01
2.000000e+05  2.469000e-01
2.001000e+05  2.459000e-01
2.002000e+05  2.459000e-01
2.003000e+05  2.460000e-01
2.004000e+05  2.460000e-01
2.005000e+05  2.470000e-01
2.006000e+05  2.481000e-01
2.007000e+05  2.491000e-01
2.008000e+05  2.501000e-01
2.009000e+05  2.511000e-01
2.010000e+05  2.511000e-01
2.011000e+05  2.512000e-01
2.012000e+05  2.522000e-01
2.013000e+05  2.542000e-01
2.014000e+05  2.572000e-01
2.015000e+05  2.602000e-01
2.016000e+05  2.642000e-01
2.017000e+05  2.672000e-01
2.018000e+05  2.701000e-01
2.019000e+05  2.721000e-01
2.020000e+05  2.721000e-01
2.021000e+05  2.731000e-01
2.022000e+05  2.721000e-01
2.023000e+05  2.721000e-01
2.024000e+05  2.711000e-01
2.025000e+05  2.701000e-01
2.026000e+05  2.692000e-01
2.027000e+05  2.692000e-01
2.028000e+05  2.672000e-01
2.029000e+05  2.652000e-01
2.030000e+05  2.632000e-01
2.031000e+05  2.612000e-01
2.032000e+05  2.592000e-01
2.033000e+05  2.582000e-01
2.034000e+05  2.582000e-01
2.035000e+05  2.582000e-01
2.036000e+05  2.601000e-01
2.037000e+05  2.621000e-01
2.038000e+05  2.651000e-01
2.039000e+05  2.671000e-01
2.040000e+05  2.691000e-01
2.041000e+05  2.701000e-01
2.042000e+05  2.711000e-01
2.043000e+05  2.721000e-01
2.044000e+05  2.731000e-01
2.045000e+05  2.751000e-01
2.046000e+05  2.771000e-01
2.047000e+05  2.801000e-01
2.048000e+05  2.821000e-01
2.049000e+05  2.851000e-01
2.050000e+05  2.851000e-01
2.051000e+05  2.861000e-01
2.052000e+05  2.851000e-01
2.053000e+05  2.841000e-01
2.054000e+05  2.821000e-01
2.055000e+05  2.811000e-01
2.056000e+05  2.801000e-01
2.057000e+05  2.791000e-01
2.058000e+05  2.791000e-01
2.059000e+05  2.791000e-01
2.060000e+05  2.781000e-01
2.061000e+05  2.771000e-01
2.062000e+05  2.761000e-01
2.063000e+05  2.741000e-01
2.064000e+05  2.731000e-01
2.065000e+05  2.711000e-01
2.066000e+05  2.711000e-01
2.067000e+05  2.721000e-01
2.068000e+05  2.741000e-01
2.069000e+05  2.771000e-01
2.070000e+05  2.791000e-01
2.071000e+05  2.811000e-01
2.072000e+05  2.821000e-01
2.073000e+05  2.821000e-01
2.074000e+05  2.811000e-01
2.075000e+05  2.791000e-01
2.076000e+05  2.771000e-01
2.077000e+05  2.751000e-01
2.078000e+05  2.731000e-01
2.079000e+05  2.731000e-01
2.080000e+05  2.731000e-01
2.081000e+05  2.741000e-01
2.082000e+05  2.741000e-01
2.083000e+05  2.751000e-01
2.084000e+05  2.761000e-01
2.085000e+05  2.761000e-01
2.086000e+05  2.751000e-01
2.087000e+05  2.751000e-01
2.088000e+05  2.751000e-01
2.089000e+05  2.751000e-01
2.090000e+05  2.761000e-01
2.091000e+05  2.761000e-01
2.092000e+05  2.771000e-01
2.093000e+05  2.771000e-01
2.094000e+05  2.771000e-01
2.095000e+05  2.751000e-01
2.096000e+05  2.731000e-01
2.097000e+05  2.711000e-01
2.098000e+05  2.681000e-01
2.099000e+05  2.651000e-01
2.100000e+05  2.641000e-01
2.101000e+05  2.621000e-01
2.102000e+05  2.631000e-01
2.103000e+05  2.631000e-01
2.104000e+05  2.651000e-01
2.105000e+05  2.671000e-01
2.106000e+05  2.681000e-01
2.107000e+05  2.701000e-01
2.108000e+05  2.721000e-01
2.109000e+05  2.731000e-01
2.110000e+05  2.751000e-01
2.111000e+05  2.771000e-01
2.112000e+05  2.791000e-01
2.113000e+05  2.821000e-01
2.114000e+05  2.851000e-01
2.115000e+05  2.880000e-01
2.116000e+05  2.910000e-01
2.117000e+05  2.930000e-01
2.118000e+05  2.950000e-01
2.119000e+05  2.950000e-01
2.120000e+05  2.950000e-01
2.121000e+05  2.950000e-01
2.122000e+05  2.950000e-01
2.123000e+05  2.960000e-01
2.124000e+05  2.960000e-01
2.125000e+05  2.970000e-01
2.126000e+05  2.990000e-01
2.127000e+05  3.000000e-01
2.128000e+05  3.000000e-01
2.129000e+05  3.000000e-01
2.130000e+05  2.980000e-01
2.131000e+05  2.960000e-01
2.132000e+05  2.930000e-01
2.133000e+05  2.890000e-01
2.134000e+05  2.870000e-01
2.135000e+05  2.840000e-01
2.136000e+05  2.820000e-01
2.137000e+05  2.810000e-01
2.138000e+05  2.800000e-01
2.139000e+05  2.790000e-01
2.140000e+05  2.780000e-01
2.141000e+05  2.770000e-01
2.142000e+05  2.760000e-01
2.143000e+05  2.740000e-01
2.144000e+05  2.730000e-01
2.145000e+05  2.720000e-01
2.146000e+05  2.720000e-01
2.147000e+05  2.740000e-01
2.148000e+05  2.760000e-01
2.149000e+05  2.790000e-01
2.150000e+05  2.830000e-01
2.151000e+05  2.870000e-01
2.152000e+05  2.900000e-01
2.153000e+05  2.930000e-01
2.154000e+05  2.950000e-01
2.155000e+05  2.960000e-01
2.156000e+05  2.970000e-01
2.157000e+05  2.970000e-01
2.158000e+05  2.970000e-01
2.159000e+05  2.970000e-01
2.160000e+05  2.970000e-01
2.161000e+05  2.970000e-01
2.162000e+05  2.970000e-01
2.163000e+05  2.950000e-01
2.164000e+05  2.940000e-01
2.165000e+05  2.910000e-01
2.166000e+05  2.870000e-01
2.167000e+05  2.830000e-01
2.168000e+05  2.780000e-01
2.169000e+05  2.730000e-01
2.170000e+05  2.690000e-01
2.171000e+05  2.660000e-01
2.172000e+05  2.640000e-01
2.173000e+05  2.620000e-01
2.174000e+05  2.620000e-01
2.175000e+05  2.620000e-01
2.176000e+05  2.620000e-01
2.177000e+05  2.630000e-01
2.178000e+05  2.630000e-01
2.179000e+05  2.630000e-01
2.180000e+05  2.630000e-01
2.181000e+05  2.640000e-01
2.182000e+05  2.660000e-01
2.183000e+05  2.680000e-01
2.184000e+05  2.720000e-01
2.185000e+05  2.750000e-01
2.186000e+05  2.799000e-01
2.187000e+05  2.849000e-01
2.188000e+05  2.879000e-01
2.189000e+05  2.909000e-01
2.190000e+05  2.929000e-01
2.191000e+05  2.919000e-01
2.192000e+05  2.909000e-01
2.193000e+05  2.889000e-01
2.194000e+05  2.859000e-01
2.195000e+05  2.839000e-01
2.196000e+05  2.819000e-01
2.197000e+05  2.799000e-01
2.198000e+05  2.789000e-01
2.199000e+05  2.779000e-01
2.200000e+05  2.769000e-01
2.201000e+05  2.769000e-01
2.202000e+05  2.759000e-01
2.203000e+05  2.749000e-01
2.204000e+05  2.729000e-01
2.205000e+05  2.719000e-01
2.206000e+05  2.699000e-01
2.207000e+05  2.679000e-01
2.208000e+05  2.670000e-01
2.209000e+05  2.660000e-01
2.210000e+05  2.650000e-01
2.211000e+05  2.650000e-01
2.212000e+05  2.640000e-01
2.213000e+05  2.640000e-01
2.214000e+05  2.630000e-01
2.215000e+05  2.610000e-01
2.216000e+05  2.600000e-01
2.217000e+05  2.580000e-01
2.218000e+05  2.560000e-01
2.219000e+05  2.550000e-01
2.220000e+05  2.530000e-01
2.221000e+05  2.520000e-01
2.222000e+05  2.520000e-01
2.223000e+05  2.520000e-01
2.224000e+05  2.520000e-01
2.225000e+05  2.520000e-01
2.226000e+05  2.510000e-01
2.227000e+05  2.500000e-01
2.228000e+05  2.490000e-01
2.229000e+05  2.470000e-01
2.230000e+05  2.450000e-01
2.231000e+05  2.430000e-01
2.232000e+05  2.400000e-01
2.233000e+05  2.390000e-01
2.234000e+05  2.370000e-01
2.235000e+05  2.360000e-01
2.236000e+05  2.360000e-01
2.237000e+05  2.350000e-01
2.238000e+05  2.340000e-01
2.239000e+05  2.330000e-01
2.240000e+05  2.310000e-01
2.241000e+05  2.290000e-01
2.242000e+05  2.260000e-01
2.243000e+05  2.220000e-01
2.244000e+05  2.180000e-01
2.245000e+05  2.140000e-01
2.246000e+05  2.100000e-01
2.247000e+05  2.070000e-01
2.248000e+05  2.050000e-01
2.249000e+05  2.030000e-01
2.250000e+05  2.020000e-01
2.251000e+05  2.020000e-01
2.252000e+05  2.010000e-01
2.253000e+05  2.000000e-01
2.254000e+05  1.990000e-01
2.255000e+05  1.980000e-01
2.256000e+05  1.960000e-01
2.257000e+05  1.950000e-01
2.258000e+05  1.940000e-01
2.259000e+05  1.930000e-01
2.260000e+05  1.930000e-01
2.261000e+05  1.930000e-01
2.262000e+05  1.950000e-01
2.263000e+05  1.960000e-01
2.264000e+05  1.980000e-01
2.265000e+05  1.990000e-01
2.266000e+05  2.010000e-01
2.267000e+05  2.010000e-01
2.268000e+05  2.010000e-01
2.269000e+05  2.010000e-01
2.270000e+05  2.000000e-01
2.271000e+05  1.990000e-01
2.272000e+05  1.990000e-01
2.273000e+05  1.990000e-01
2.274000e+05  1.990000e-01
2.275000e+05  2.000000e-01
2.276000e+05  2.010000e-01
2.277000e+05  2.020000e-01
2.278000e+05  2.030000e-01
2.279000e+05  2.030000e-01
2.280000e+05  2.020000e-01
2.281000e+05  2.020000e-01
2.282000e+05  2.000000e-01
2.283000e+05  1.980000e-01
2.284000e+05  1.950000e-01
2.285000e+05  1.930000e-01
2.286000e+05  1.910000e-01
2.287000e+05  1.900000e-01
2.288000e+05  1.890000e-01
2.289000e+05  1.890000e-01
2.290000e+05  1.890000e-01
2.291000e+05  1.900000e-01
2.292000e+05  1.900000e-01
2.293000e+05  1.910000e-01
2.294000e+05  1.920000e-01
2.295000e+05  1.919000e-01
2.296000e+05  1.919000e-01
2.297000e+05  1.919000e-01
2.298000e+05  1.929000e-01
2.299000e+05  1.929000e-01
2.300000e+05  1.949000e-01
2.301000e+05  1.959000e-01
2.302000e+05  1.979000e-01
2.303000e+05  1.999000e-01
2.304000e+05  2.019000e-01
2.305000e+05  2.029000e-01
2.306000e+05  2.039000e-01
2.307000e+05  2.039000e-01
2.308000e+05  2.029000e-01
2.309000e+05  2.029000e-01
2.310000e+05  2.019000e-01
2.311000e+05  1.999000e-01
2.312000e+05  1.989000e-01
2.313000e+05  1.979000e-01
2.314000e+05  1.970000e-01
2.315000e+05  1.960000e-01
2.316000e+05  1.960000e-01
2.317000e+05  1.950000e-01
2.318000e+05  1.930000e-01
2.319000e+05  1.920000e-01
2.320000e+05  1.900000e-01
2.321000e+05  1.870000e-01
2.322000e+05  1.850000e-01
2.323000e+05  1.810000e-01
2.324000e+05  1.770000e-01
2.325000e+05  1.740000e-01
2.326000e+05  1.700000e-01
2.327000e+05  1.670000e-01
2.328000e+05  1.640000e-01
2.329000e+05  1.620000e-01
2.330000e+05  1.600000e-01
2.331000e+05  1.590000e-01
2.332000e+05  1.570000e-01
2.333000e+05  1.550000e-01
2.334000e+05  1.540000e-01
2.335000e+05  1.520000e-01
2.336000e+05  1.500000e-01
2.337000e+05  1.480000e-01
2.338000e+05  1.460000e-01
2.339000e+05  1.440000e-01
2.340000e+05  1.420000e-01
2.341000e+05  1.410000e-01
2.342000e+05  1.400000e-01
2.343000e+05  1.390000e-01
2.344000e+05  1.380000e-01
2.345000e+05  1.380000e-01
2.346000e+05  1.370000e-01
2.347000e+05  1.360000e-01
2.348000e+05  1.350000e-01
2.349000e+05  1.330000e-01
2.350000e+05  1.310000e-01
2.351000e+05  1.290000e-01
2.352000e+05  1.270000e-01
2.353000e+05  1.240000e-01
2.354000e+05  1.220000e-01
2.355000e+05  1.210000e-01
2.356000e+05  1.190000e-01
2.357000e+05  1.180000e-01
2.358000e+05  1.180000e-01
2.359000e+05  1.170000e-01
2.360000e+05  1.170000e-01
2.361000e+05  1.180000e-01
2.362000e+05  1.180000e-01
2.363000e+05  1.180000e-01
2.364000e+05  1.180000e-01
2.365000e+05  1.180000e-01
2.366000e+05  1.180000e-01
2.367000e+05  1.180000e-01
2.368000e+05  1.180000e-01
2.369000e+05  1.180000e-01
2.370000e+05  1.190000e-01
2.371000e+05  1.190000e-01
2.372000e+05  1.200000e-01
2.373000e+05  1.210000e-01
2.374000e+05  1.220000e-01
2.375000e+05  1.220000e-01
2.376000e+05  1.220000e-01
2.377000e+05  1.220000e-01
2.378000e+05  1.220000e-01
2.379000e+05  1.210000e-01
2.380000e+05  1.210000e-01
2.381000e+05  1.200000e-01
2.382000e+05  1.200000e-01
2.383000e+05  1.190000e-01
2.384000e+05  1.190000e-01
2.385000e+05  1.200000e-01
2.386000e+05  1.200000e-01
2.387000e+05  1.210000e-01
2.388000e+05  1.230000e-01
2.389000e+05  1.240000e-01
2.390000e+05  1.260000e-01
2.391000e+05  1.270000e-01
2.392000e+05  1.280000e-01
2.393000e+05  1.290000e-01
2.394000e+05  1.300000e-01
2.395000e+05  1.310000e-01
2.396000e+05  1.320000e-01
2.397000e+05  1.320000e-01
2.398000e+05  1.330000e-01
2.399000e+05  1.340000e-01
2.400000e+05  1.350000e-01
2.401000e+05  1.360000e-01
2.402000e+05  1.380000e-01
2.403000e+05  1.390000e-01
2.404000e+05  1.410000e-01
2.405000e+05  1.430000e-01
2.406000e+05  1.440000e-01
2.407000e+05  1.450000e-01
2.408000e+05  1.450000e-01
2.409000e+05  1.460000e-01
2.410000e+05  1.460000e-01
2.411000e+05  1.460000e-01
2.412000e+05  1.460000e-01
2.413000e+05  1.460000e-01
2.414000e+05  1.460000e-01
2.415000e+05  1.460000e-01
2.416000e+05  1.470000e-01
2.417000e+05  1.480000e-01
2.418000e+05  1.490000e-01
2.419000e+05  1.500000e-01
2.420000e+05  1.510000e-01
2.421000e+05  1.510000e-01
2.422000e+05  1.510000e-01
2.423000e+05  1.510000e-01
2.424000e+05  1.500000e-01
2.425000e+05  1.500000e-01
2.426000e+05  1.490000e-01
2.427000e+05  1.480000e-01
2.428000e+05  1.470000e-01
2.429000e+05  1.470000e-01
2.430000e+05  1.460000e-01
2.431000e+05  1.460000e-01
2.432000e+05  1.470000e-01
2.433000e+05  1.480000e-01
2.434000e+05  1.480000e-01
2.435000e+05  1.490000e-01
2.436000e+05  1.490000e-01
2.437000e+05  1.500000e-01
2.438000e+05  1.500000e-01
2.439000e+05  1.500000e-01
2.440000e+05  1.500000e-01
2.441000e+05  1.490000e-01
2.442000e+05  1.490000e-01
2.443000e+05  1.480000e-01
2.444000e+05  1.480000e-01
2.445000e+05  1.480000e-01
2.446000e+05  1.470000e-01
2.447000e+05  1.470000e-01
2.448000e+05  1.470000e-01
2.449000e+05  1.460000e-01
2.450000e+05  1.460000e-01
2.451000e+05  1.450000e-01
2.452000e+05  1.440000e-01
2.453000e+05  1.421000e-01
2.454000e+05  1.411000e-01
2.455000e+05  1.391000e-01
2.456000e+05  1.371000e-01
2.457000e+05  1.351000e-01
2.458000e+05  1.331000e-01
2.459000e+05  1.311000e-01
2.460000e+05  1.291000e-01
2.461000e+05  1.281000e-01
2.462000e+05  1.271000e-01
2.463000e+05  1.261000e-01
2.464000e+05  1.261000e-01
2.465000e+05  1.261000e-01
2.466000e+05  1.251000e-01
2.467000e+05  1.251000e-01
2.468000e+05  1.251000e-01
2.469000e+05  1.241000e-01
2.470000e+05  1.231000e-01
2.471000e+05  1.231000e-01
2.472000e+05  1.221000e-01
2.473000e+05  1.201000e-01
2.474000e+05  1.191000e-01
2.475000e+05  1.181000e-01
2.476000e+05  1.171000e-01
2.477000e+05  1.171000e-01
2.478000e+05  1.161000e-01
2.479000e+05  1.161000e-01
2.480000e+05  1.161000e-01
2.481000e+05  1.161000e-01
2.482000e+05  1.161000e-01
2.483000e+05  1.151000e-01
2.484000e+05  1.151000e-01
2.485000e+05  1.141000e-01
2.486000e+05  1.131000e-01
2.487000e+05  1.121000e-01
2.488000e+05  1.101000e-01
2.489000e+05  1.091000e-01
2.490000e+05  1.081000e-01
2.491000e+05  1.071000e-01
2.492000e+05  1.061000e-01
2.493000e+05  1.051000e-01
2.494000e+05  1.051000e-01
2.495000e+05  1.041000e-01
2.496000e+05  1.031000e-01
2.497000e+05  1.031000e-01
2.498000e+05  1.021000e-01
2.499000e+05  1.011000e-01
2.500000e+05  1.000000e-01
2.501000e+05  9.892000e-02
2.502000e+05  9.732000e-02
2.503000e+05  9.563000e-02
2.504000e+05  9.393000e-02
2.505000e+05  9.214000e-02
2.506000e+05  9.035000e-02
2.507000e+05  8.855000e-02
2.508000e+05  8.706000e-02
2.509000e+05  8.577000e-02
2.510000e+05  8.448000e-02
2.511000e+05  8.348000e-02
2.512000e+05  8.268000e-02
2.513000e+05  8.188000e-02
2.514000e+05  8.117000e-02
2.515000e+05  8.056000e-02
2.516000e+05  7.995000e-02
2.517000e+05  7.934000e-02
2.518000e+05  7.884000e-02
2.519000e+05  7.824000e-02
2.520000e+05  7.774000e-02
2.521000e+05  7.725000e-02
2.522000e+05  7.686000e-02
2.523000e+05  7.647000e-02
2.524000e+05  7.628000e-02
2.525000e+05  7.609000e-02
2.526000e+05  7.600000e-02
2.527000e+05  7.610000e-02
2.528000e+05  7.620000e-02
2.529000e+05  7.620000e-02
2.530000e+05  7.620000e-02
2.531000e+05  7.620000e-02
2.532000e+05  7.610000e-02
2.533000e+05  7.560000e-02
2.534000e+05  7.519000e-02
2.535000e+05  7.459000e-02
2.536000e+05  7.379000e-02
2.537000e+05  7.298000e-02
2.538000e+05  7.218000e-02
2.539000e+05  7.138000e-02
2.540000e+05  7.057000e-02
2.541000e+05  6.987000e-02
2.542000e+05  6.927000e-02
2.543000e+05  6.867000e-02
2.544000e+05  6.807000e-02
2.545000e+05  6.747000e-02
2.546000e+05  6.668000e-02
2.547000e+05  6.598000e-02
2.548000e+05  6.489000e-02
2.549000e+05  6.360000e-02
2.550000e+05  6.240000e-02
2.551000e+05  6.091000e-02
2.552000e+05  5.922000e-02
2.553000e+05  5.763000e-02
2.554000e+05  5.604000e-02
2.555000e+05  5.465000e-02
2.556000e+05  5.326000e-02
2.557000e+05  5.206000e-02
2.558000e+05  5.127000e-02
2.559000e+05  5.057000e-02
2.560000e+05  4.988000e-02
2.561000e+05  4.938000e-02
2.562000e+05  4.888000e-02
2.563000e+05  4.839000e-02
2.564000e+05  4.759000e-02
2.565000e+05  4.660000e-02
2.566000e+05  4.571000e-02
2.567000e+05  4.442000e-02
2.568000e+05  4.294000e-02
2.569000e+05  4.136000e-02
2.570000e+05  3.977000e-02
2.571000e+05  3.808000e-02
2.572000e+05  3.640000e-02
2.573000e+05  3.481000e-02
2.574000e+05  3.361000e-02
2.575000e+05  3.231000e-02
2.576000e+05  3.121000e-02
2.577000e+05  3.073000e-02
2.578000e+05  3.024000e-02
2.579000e+05  2.976000e-02
2.580000e+05  2.978000e-02
2.581000e+05  2.981000e-02
2.582000e+05  2.993000e-02
2.583000e+05  3.015000e-02
2.584000e+05  3.046000e-02
2.585000e+05  3.088000e-02
2.586000e+05  3.119000e-02
2.587000e+05  3.168000e-02
2.588000e+05  3.208000e-02
2.589000e+05  3.257000e-02
2.590000e+05  3.305000e-02
2.591000e+05  3.353000e-02
2.592000e+05  3.402000e-02
2.593000e+05  3.431000e-02
2.594000e+05  3.470000e-02
2.595000e+05  3.500000e-02
2.596000e+05  3.510000e-02
2.597000e+05  3.519000e-02
2.598000e+05  3.520000e-02
2.599000e+05  3.510000e-02
2.600000e+05  3.481000e-02
2.601000e+05  3.442000e-02
2.602000e+05  3.404000e-02
2.603000e+05  3.345000e-02
2.604000e+05  3.287000e-02
2.605000e+05  3.229000e-02
2.606000e+05  3.162000e-02
2.607000e+05  3.094000e-02
2.608000e+05  3.027000e-02
2.609000e+05  2.970000e-02
2.610000e+05  2.913000e-02
2.611000e+05  2.857000e-02
2.612000e+05  2.801000e-02
2.613000e+05  2.746000e-02
2.614000e+05  2.699000e-02
2.615000e+05  2.642000e-02
2.616000e+05  2.585000e-02
2.617000e+05  2.527000e-02
2.618000e+05  2.461000e-02
2.619000e+05  2.383000e-02
2.620000e+05  2.303000e-02
2.621000e+05  2.225000e-02
2.622000e+05  2.145000e-02
2.623000e+05  2.073000e-02
2.624000e+05  2.001000e-02
2.625000e+05  1.938000e-02
2.626000e+05  1.904000e-02
2.627000e+05  1.878000e-02
2.628000e+05  1.844000e-02
2.629000e+05  1.860000e-02
2.630000e+05  1.868000e-02
2.631000e+05  1.885000e-02
2.632000e+05  1.905000e-02
2.633000e+05  1.926000e-02
2.634000e+05  1.947000e-02
2.635000e+05  1.958000e-02
2.636000e+05  1.968000e-02
2.637000e+05  1.969000e-02
2.638000e+05  1.970000e-02
2.639000e+05  1.970000e-02
2.640000e+05  1.961000e-02
2.641000e+05  1.951000e-02
2.642000e+05  1.952000e-02
2.643000e+05  1.952000e-02
2.644000e+05  1.952000e-02
2.645000e+05  1.953000e-02
2.646000e+05  1.955000e-02
2.647000e+05  1.957000e-02
2.648000e+05  1.958000e-02
2.649000e+05  1.931000e-02
2.650000e+05  1.905000e-02
2.651000e+05  1.878000e-02
2.652000e+05  1.834000e-02
2.653000e+05  1.769000e-02
2.654000e+05  1.704000e-02
2.655000e+05  1.640000e-02
2.656000e+05  1.574000e-02
2.657000e+05  1.499000e-02
2.658000e+05  1.432000e-02
2.659000e+05  1.356000e-02
2.660000e+05  1.295000e-02
2.661000e+05  1.227000e-02
2.662000e+05  1.160000e-02
2.663000e+05  1.092000e-02
2.664000e+05  1.025000e-02
2.665000e+05  9.570000e-03
2.666000e+05  8.922000e-03
2.667000e+05  8.275000e-03
2.668000e+05  7.610000e-03
2.669000e+05  7.119000e-03
2.670000e+05  7.046000e-03
2.671000e+05  6.893000e-03
2.672000e+05  6.626000e-03
2.673000e+05  2.397000e-02
2.674000e+05  2.668000e-02
2.675000e+05  2.662000e-02
2.676000e+05  2.690000e-02
2.677000e+05  2.601000e-02
2.678000e+05  2.512000e-02
2.679000e+05  2.432000e-02
2.680000e+05  2.352000e-02
2.681000e+05  2.272000e-02
2.682000e+05  2.194000e-02
2.683000e+05  2.105000e-02
2.684000e+05  2.012000e-02
2.685000e+05  1.923000e-02
2.686000e+05  1.838000e-02
2.687000e+05  1.756000e-02
2.688000e+05  1.680000e-02
2.689000e+05  1.606000e-02
2.690000e+05  1.535000e-02
2.691000e+05  1.469000e-02
2.692000e+05  1.405000e-02
2.693000e+05  1.344000e-02
2.694000e+05  1.286000e-02
2.695000e+05  1.228000e-02
2.696000e+05  1.173000e-02
2.697000e+05  1.121000e-02
2.698000e+05  1.070000e-02
2.699000e+05  1.020000e-02
2.700000e+05  9.597000e-03
2.701000e+05  8.902000e-03
2.702000e+05  8.212000e-03
2.703000e+05  7.197000e-03
2.704000e+05  4.399000e-03
2.705000e+05  4.714000e-03
2.706000e+05  5.076000e-03
2.707000e+05  5.503000e-03
2.708000e+05  5.816000e-03
2.709000e+05  6.134000e-03
2.710000e+05  6.456000e-03
2.711000e+05  6.676000e-03
2.712000e+05  6.791000e-03
2.713000e+05  6.884000e-03
2.714000e+05  6.983000e-03
2.715000e+05  6.949000e-03
2.716000e+05  6.919000e-03
2.717000e+05  6.884000e-03
2.718000e+05  6.815000e-03
2.719000e+05  6.726000e-03
2.720000e+05  6.648000e-03
2.721000e+05  6.575000e-03
2.722000e+05  6.435000e-03
2.723000e+05  6.261000e-03
2.724000e+05  6.106000e-03
2.725000e+05  5.894000e-03
2.726000e+05  5.476000e-03
2.727000e+05  5.061000e-03
2.728000e+05  4.671000e-03
2.729000e+05  4.110000e-03
2.730000e+05  3.495000e-03
2.731000e+05  2.938000e-03
2.732000e+05  2.394000e-03
2.733000e+05  1.428000e-03
2.734000e+05  8.487000e-04
2.735000e+05  5.143000e-04
2.736000e+05  3.977000e-04
2.737000e+05  6.263000e-05
2.738000e+05  1.042000e-04
2.739000e+05  8.780000e-05
2.740000e+05  7.378000e-05
2.741000e+05  6.233000e-05
2.742000e+05  5.235000e-05
2.743000e+05  4.419000e-05
2.744000e+05  3.732000e-05
2.745000e+05  3.132000e-05
2.746000e+05  2.633000e-05
2.747000e+05  2.214000e-05
2.748000e+05  1.861000e-05
2.749000e+05  1.562000e-05
2.750000e+05  1.315000e-05
2.751000e+05  1.105000e-05
2.752000e+05  9.278000e-06
2.753000e+05  7.795000e-06
2.754000e+05  7.077000e-06
2.755000e+05  6.625000e-06
2.756000e+05  6.192000e-06
2.757000e+05  5.796000e-06
2.758000e+05  5.401000e-06
2.759000e+05  5.060000e-06
2.760000e+05  4.737000e-06
2.761000e+05  4.432000e-06
2.762000e+05  4.146000e-06
2.763000e+05  3.878000e-06
2.764000e+05  3.628000e-06
2.765000e+05  3.378000e-06
2.766000e+05  3.159000e-06
2.767000e+05  2.953000e-06
2.768000e+05  2.763000e-06
2.769000e+05  2.577000e-06
2.770000e+05  2.404000e-06
2.771000e+05  2.249000e-06
2.772000e+05  4.774000e-06
2.773000e+05  7.185000e-06
2.774000e+05  1.730000e-05
2.775000e+05  8.755000e-05
2.776000e+05  8.030000e-04
2.777000e+05  1.069000e-03
2.778000e+05  1.401000e-03
2.779000e+05  1.799000e-03
2.780000e+05  2.105000e-03
2.781000e+05  2.185000e-03
2.782000e+05  2.243000e-03
2.783000e+05  2.323000e-03
2.784000e+05  2.347000e-03
2.785000e+05  2.352000e-03
2.786000e+05  2.359000e-03
2.787000e+05  2.369000e-03
2.788000e+05  2.355000e-03
2.789000e+05  2.352000e-03
2.790000e+05  2.351000e-03
2.791000e+05  2.314000e-03
2.792000e+05  2.129000e-03
2.793000e+05  1.970000e-03
2.794000e+05  1.816000e-03
2.795000e+05  1.518000e-03
2.796000e+05  1.113000e-03
2.797000e+05  8.091000e-04
2.798000e+05  5.917000e-04
2.799000e+05  1.311000e-04
2.800000e+05  3.660000e-05
2.805000e+05  8.797000e-06
2.810000e+05  1.064000e-05
2.815000e+05  1.148000e-05
2.820000e+05  1.242000e-05
2.825000e+05  1.351000e-05
2.830000e+05  1.417000e-05
2.835000e+05  1.390000e-05
2.840000e+05  1.378000e-05
2.845000e+05  1.371000e-05
2.850000e+05  1.266000e-05
2.855000e+05  1.089000e-05
