2.530000e+04  6.920000e-06
2.540000e+04  4.564000e-07
2.550000e+04  2.495000e-07
2.560000e+04  2.720000e-07
2.570000e+04  9.040000e-06
2.580000e+04  6.348000e-06
2.590000e+04  4.136000e-06
2.600000e+04  2.793000e-06
2.610000e+04  4.198000e-04
2.620000e+04  1.379000e-03
2.630000e+04  1.082000e-03
2.640000e+04  8.709000e-04
2.650000e+04  9.467000e-04
2.660000e+04  1.015000e-03
2.670000e+04  1.206000e-03
2.680000e+04  3.869000e-04
2.690000e+04  5.885000e-04
2.700000e+04  9.281000e-04
2.710000e+04  9.862000e-03
2.720000e+04  8.701000e-03
2.730000e+04  5.164000e-03
2.740000e+04  3.839000e-03
2.750000e+04  8.238000e-03
2.760000e+04  1.525000e-02
2.770000e+04  2.603000e-02
2.780000e+04  4.979000e-02
2.790000e+04  9.753000e-02
2.800000e+04  1.701000e-01
2.810000e+04  2.507000e-01
2.820000e+04  3.080000e-01
2.830000e+04  3.320000e-01
2.840000e+04  3.280000e-01
2.850000e+04  3.160000e-01
2.860000e+04  3.020000e-01
2.870000e+04  2.860000e-01
2.880000e+04  2.711000e-01
2.890000e+04  2.691000e-01
2.900000e+04  2.811000e-01
2.910000e+04  3.041000e-01
2.920000e+04  3.303000e-01
2.930000e+04  3.530000e-01
2.940000e+04  3.718000e-01
2.950000e+04  3.877000e-01
2.960000e+04  4.020000e-01
2.970000e+04  4.180000e-01
2.980000e+04  4.330000e-01
2.990000e+04  4.430000e-01
3.000000e+04  4.460000e-01
3.010000e+04  4.490000e-01
3.020000e+04  4.520000e-01
3.030000e+04  4.500000e-01
3.040000e+04  4.410000e-01
3.050000e+04  4.300000e-01
3.060000e+04  4.150000e-01
3.070000e+04  3.990000e-01
3.080000e+04  3.800000e-01
3.090000e+04  3.640000e-01
3.100000e+04  3.550000e-01
3.110000e+04  3.620000e-01
3.120000e+04  3.880000e-01
3.130000e+04  4.280000e-01
3.140000e+04  4.650000e-01
3.150000e+04  4.930000e-01
3.160000e+04  5.120000e-01
3.170000e+04  5.260000e-01
3.180000e+04  5.380000e-01
3.190000e+04  5.490000e-01
3.200000e+04  5.580000e-01
3.210000e+04  5.630000e-01
3.220000e+04  5.680000e-01
3.230000e+04  5.710000e-01
3.240000e+04  5.730000e-01
3.250000e+04  5.680000e-01
3.260000e+04  5.620000e-01
3.270000e+04  5.580000e-01
3.280000e+04  5.600000e-01
3.290000e+04  5.750000e-01
3.300000e+04  6.060000e-01
3.310000e+04  6.470000e-01
3.320000e+04  6.900000e-01
3.330000e+04  7.280000e-01
3.340000e+04  7.540000e-01
3.350000e+04  7.679000e-01
3.360000e+04  7.659000e-01
3.370000e+04  7.509000e-01
3.380000e+04  7.339000e-01
3.390000e+04  7.140000e-01
3.400000e+04  6.930000e-01
3.410000e+04  6.810000e-01
3.420000e+04  6.940000e-01
3.430000e+04  7.330000e-01
3.440000e+04  7.859000e-01
3.450000e+04  8.339000e-01
3.460000e+04  8.639000e-01
3.470000e+04  8.779000e-01
3.480000e+04  8.798000e-01
3.490000e+04  8.758000e-01
3.500000e+04  8.728000e-01
3.510000e+04  8.699000e-01
3.520000e+04  8.669000e-01
3.530000e+04  8.640000e-01
3.540000e+04  8.550000e-01
3.550000e+04  8.410000e-01
3.560000e+04  8.230000e-01
3.570000e+04  8.030000e-01
3.580000e+04  7.830000e-01
3.590000e+04  7.700000e-01
3.600000e+04  7.660000e-01
3.610000e+04  7.750000e-01
3.620000e+04  7.920000e-01
3.630000e+04  8.080000e-01
3.640000e+04  8.160000e-01
3.650000e+04  8.180000e-01
3.660000e+04  8.160000e-01
3.670000e+04  8.140000e-01
3.680000e+04  8.110000e-01
3.690000e+04  8.080000e-01
3.700000e+04  8.051000e-01
3.710000e+04  8.041000e-01
3.720000e+04  8.021000e-01
3.730000e+04  7.941000e-01
3.740000e+04  7.691000e-01
3.750000e+04  7.222000e-01
3.760000e+04  6.503000e-01
3.770000e+04  5.546000e-01
3.780000e+04  4.439000e-01
3.790000e+04  3.290000e-01
3.800000e+04  2.271000e-01
3.810000e+04  1.489000e-01
3.820000e+04  9.272000e-02
3.830000e+04  5.660000e-02
3.840000e+04  3.480000e-02
3.850000e+04  2.195000e-02
3.860000e+04  1.396000e-02
3.870000e+04  8.715000e-03
3.880000e+04  5.335000e-03
3.890000e+04  3.771000e-03
3.900000e+04  3.128000e-03
3.910000e+04  2.458000e-03
3.920000e+04  1.860000e-03
3.930000e+04  1.757000e-03
3.940000e+04  1.408000e-03
3.950000e+04  1.172000e-03
3.960000e+04  8.769000e-04
3.970000e+04  5.055000e-04
3.980000e+04  2.727000e-04
3.990000e+04  3.285000e-05
4.000000e+04  7.679000e-05
4.010000e+04  3.357000e-05
4.020000e+04  2.224000e-05
4.030000e+04  1.027000e-05
4.040000e+04  5.686000e-06
4.050000e+04  3.845000e-06
4.060000e+04  9.412000e-06
4.070000e+04  8.818000e-07
4.080000e+04  6.263000e-06
4.090000e+04  5.745000e-06
4.100000e+04  1.101000e-06
4.110000e+04  2.516000e-06
4.120000e+04  6.364000e-07
4.130000e+04  5.059000e-07
4.140000e+04  2.689000e-06
4.150000e+04  2.208000e-05
4.160000e+04  3.894000e-05
4.170000e+04  4.666000e-05
4.180000e+04  3.668000e-05
4.190000e+04  2.686000e-05
4.200000e+04  2.570000e-07
4.210000e+04  2.347000e-07
4.220000e+04  2.089000e-07
4.230000e+04  1.796000e-07
4.240000e+04  1.491000e-07
4.250000e+04  1.106000e-06
4.260000e+04  9.136000e-08
4.270000e+04  7.271000e-07
4.280000e+04  4.862000e-07
4.290000e+04  3.782000e-07
4.300000e+04  2.335000e-08
4.310000e+04  1.580000e-08
4.320000e+04  1.054000e-08
4.330000e+04  1.532000e-07
4.340000e+04  4.493000e-09
4.350000e+04  2.845000e-09
4.360000e+04  1.827000e-09
4.370000e+04  2.841000e-08
4.380000e+04  8.003000e-10
4.390000e+04  5.905000e-10
