3.500000e+04  1.070000e-07
3.510000e+04  1.388000e-07
3.520000e+04  1.248000e-07
3.530000e+04  1.356000e-07
3.540000e+04  1.176000e-07
3.550000e+04  2.025000e-07
3.560000e+04  3.213000e-07
3.570000e+04  2.010000e-06
3.580000e+04  5.583000e-07
3.590000e+04  8.224000e-07
3.600000e+04  6.562000e-07
3.610000e+04  1.133000e-06
3.620000e+04  1.170000e-06
3.630000e+04  1.371000e-06
3.640000e+04  1.067000e-06
3.650000e+04  1.070000e-06
3.660000e+04  6.888000e-07
3.670000e+04  1.192000e-06
3.680000e+04  4.198000e-10
3.690000e+04  1.148000e-08
3.700000e+04  1.137000e-08
3.710000e+04  1.438000e-08
3.720000e+04  2.673000e-08
3.730000e+04  3.369000e-08
3.740000e+04  4.709000e-08
3.750000e+04  1.170000e-07
3.760000e+04  8.649000e-08
3.770000e+04  1.240000e-07
3.780000e+04  3.030000e-07
3.790000e+04  3.583000e-07
3.800000e+04  1.299000e-06
3.810000e+04  2.109000e-06
3.820000e+04  3.557000e-06
3.830000e+04  4.670000e-06
3.840000e+04  6.963000e-06
3.850000e+04  1.160000e-05
3.860000e+04  1.833000e-05
3.870000e+04  2.130000e-05
3.880000e+04  4.559000e-05
3.890000e+04  9.741000e-05
3.900000e+04  1.387000e-04
3.910000e+04  2.000000e-04
3.920000e+04  3.728000e-04
3.930000e+04  5.062000e-04
3.940000e+04  3.919000e-04
3.950000e+04  1.163000e-03
3.960000e+04  8.188000e-03
3.970000e+04  1.012000e-02
3.980000e+04  1.276000e-02
3.990000e+04  1.638000e-02
4.000000e+04  2.137000e-02
4.010000e+04  3.005000e-02
4.020000e+04  4.402000e-02
4.030000e+04  6.517000e-02
4.040000e+04  9.531000e-02
4.050000e+04  1.357000e-01
4.060000e+04  1.937000e-01
4.070000e+04  2.636000e-01
4.080000e+04  3.407000e-01
4.090000e+04  4.227000e-01
4.100000e+04  5.028000e-01
4.110000e+04  5.729000e-01
4.120000e+04  6.300000e-01
4.130000e+04  6.760000e-01
4.140000e+04  7.090000e-01
4.150000e+04  7.280000e-01
4.160000e+04  7.410000e-01
4.170000e+04  7.480000e-01
4.180000e+04  7.500000e-01
4.190000e+04  7.480000e-01
4.200000e+04  7.450000e-01
4.210000e+04  7.390000e-01
4.220000e+04  7.320000e-01
4.230000e+04  7.250000e-01
4.240000e+04  7.240000e-01
4.250000e+04  7.250000e-01
4.260000e+04  7.240000e-01
4.270000e+04  7.200000e-01
4.280000e+04  7.180000e-01
4.290000e+04  7.190000e-01
4.300000e+04  7.230000e-01
4.310000e+04  7.270000e-01
4.320000e+04  7.310000e-01
4.330000e+04  7.330000e-01
4.340000e+04  7.340000e-01
4.350000e+04  7.330000e-01
4.360000e+04  7.290000e-01
4.370000e+04  7.250000e-01
4.380000e+04  7.190000e-01
4.390000e+04  7.110000e-01
4.400000e+04  7.040000e-01
4.410000e+04  6.980000e-01
4.420000e+04  6.920000e-01
4.430000e+04  6.880000e-01
4.440000e+04  6.830000e-01
4.450000e+04  6.800000e-01
4.460000e+04  6.790000e-01
4.470000e+04  6.810000e-01
4.480000e+04  6.860000e-01
4.490000e+04  6.930000e-01
4.500000e+04  7.010000e-01
4.510000e+04  7.110000e-01
4.520000e+04  7.190000e-01
4.530000e+04  7.280000e-01
4.540000e+04  7.350000e-01
4.550000e+04  7.400000e-01
4.560000e+04  7.440000e-01
4.570000e+04  7.460000e-01
4.580000e+04  7.470000e-01
4.590000e+04  7.450000e-01
4.600000e+04  7.420000e-01
4.610000e+04  7.380000e-01
4.620000e+04  7.320000e-01
4.630000e+04  7.260000e-01
4.640000e+04  7.190000e-01
4.650000e+04  7.120000e-01
4.660000e+04  7.050000e-01
4.670000e+04  7.010000e-01
4.680000e+04  6.970000e-01
4.690000e+04  6.950000e-01
4.700000e+04  6.930000e-01
4.710000e+04  6.940000e-01
4.720000e+04  6.960000e-01
4.730000e+04  6.990000e-01
4.740000e+04  7.050000e-01
4.750000e+04  7.090000e-01
4.760000e+04  7.150000e-01
4.770000e+04  7.190000e-01
4.780000e+04  7.220000e-01
4.790000e+04  7.220000e-01
4.800000e+04  7.220000e-01
4.810000e+04  7.200000e-01
4.820000e+04  7.180000e-01
4.830000e+04  7.170000e-01
4.840000e+04  7.150000e-01
4.850000e+04  7.140000e-01
4.860000e+04  7.130000e-01
4.870000e+04  7.120000e-01
4.880000e+04  7.120000e-01
4.890000e+04  7.120000e-01
4.900000e+04  7.120000e-01
4.910000e+04  7.110000e-01
4.920000e+04  7.110000e-01
4.930000e+04  7.100000e-01
4.940000e+04  7.080000e-01
4.950000e+04  7.050000e-01
4.960000e+04  7.020000e-01
4.970000e+04  6.980000e-01
4.980000e+04  6.930000e-01
4.990000e+04  6.880000e-01
5.000000e+04  6.800000e-01
5.010000e+04  6.730000e-01
5.020000e+04  6.640000e-01
5.030000e+04  6.550000e-01
5.040000e+04  6.460000e-01
5.050000e+04  6.370000e-01
5.060000e+04  6.280000e-01
5.070000e+04  6.190000e-01
5.080000e+04  6.110000e-01
5.090000e+04  6.030000e-01
5.100000e+04  5.950000e-01
5.110000e+04  5.850000e-01
5.120000e+04  5.750000e-01
5.130000e+04  5.600000e-01
5.140000e+04  5.440000e-01
5.150000e+04  5.190000e-01
5.160000e+04  4.930000e-01
5.170000e+04  4.580000e-01
5.180000e+04  4.190000e-01
5.190000e+04  3.750000e-01
5.200000e+04  3.269000e-01
5.210000e+04  2.799000e-01
5.220000e+04  2.328000e-01
5.230000e+04  1.898000e-01
5.240000e+04  1.507000e-01
5.250000e+04  1.167000e-01
5.260000e+04  9.014000e-02
5.270000e+04  6.592000e-02
5.280000e+04  5.034000e-02
5.290000e+04  3.521000e-02
5.300000e+04  2.691000e-02
5.310000e+04  1.866000e-02
5.320000e+04  1.387000e-02
5.330000e+04  9.652000e-03
5.340000e+04  6.840000e-03
5.350000e+04  4.735000e-03
5.360000e+04  2.642000e-03
5.370000e+04  1.987000e-03
5.380000e+04  1.481000e-03
5.390000e+04  1.126000e-03
5.400000e+04  8.357000e-04
5.410000e+04  6.295000e-04
5.420000e+04  4.771000e-04
5.430000e+04  3.538000e-04
5.440000e+04  2.516000e-04
5.450000e+04  1.988000e-04
5.460000e+04  1.381000e-04
5.470000e+04  1.783000e-04
5.480000e+04  2.014000e-04
5.490000e+04  1.999000e-04
5.500000e+04  1.650000e-04
5.510000e+04  1.430000e-04
5.520000e+04  1.239000e-04
5.530000e+04  9.502000e-05
5.540000e+04  8.424000e-05
5.550000e+04  6.574000e-05
5.560000e+04  3.810000e-05
5.570000e+04  3.605000e-05
5.580000e+04  2.997000e-05
5.590000e+04  2.235000e-05
5.600000e+04  1.743000e-05
5.610000e+04  8.032000e-06
5.620000e+04  1.144000e-05
5.630000e+04  1.104000e-05
5.640000e+04  7.084000e-06
5.650000e+04  5.876000e-06
5.660000e+04  4.446000e-06
5.670000e+04  1.853000e-06
5.680000e+04  5.072000e-08
5.690000e+04  1.168000e-07
5.700000e+04  1.016000e-07
5.710000e+04  1.630000e-05
5.720000e+04  3.000000e-05
5.730000e+04  1.986000e-08
5.740000e+04  2.196000e-08
5.750000e+04  8.401000e-08
5.760000e+04  1.195000e-07
5.770000e+04  2.680000e-05
5.780000e+04  9.123000e-09
5.790000e+04  3.670000e-05
5.800000e+04  3.170000e-05
5.810000e+04  2.850000e-05
5.820000e+04  1.733000e-08
5.830000e+04  2.670000e-05
5.840000e+04  3.260000e-05
5.850000e+04  1.691000e-08
5.860000e+04  3.220000e-05
5.870000e+04  2.450000e-05
5.880000e+04  1.720000e-05
5.890000e+04  7.730000e-06
5.900000e+04  5.870000e-06
5.910000e+04  4.460000e-06
5.920000e+04  3.190000e-06
5.930000e+04  2.540000e-06
5.940000e+04  2.270000e-06
5.950000e+04  2.090000e-06
5.960000e+04  1.900000e-06
5.970000e+04  9.702000e-07
5.980000e+04  7.500000e-07
5.990000e+04  6.644000e-07
